   0.174581981E-02   0.808960870E-01   0.000000000E+00   0.000000000E+00
   0.176044647E-02   0.799863189E-01   0.882798526E-02   0.547153395E-04
   0.180159800E-02   0.773717016E-01   0.170820095E-01   0.211435559E-03
   0.185728876E-02   0.732721239E-01   0.242340770E-01   0.449507002E-03
   0.191990251E-02   0.680070296E-01   0.299472231E-01   0.741074618E-03
   0.197579502E-02   0.619607456E-01   0.340663344E-01   0.104332925E-02
   0.201422255E-02   0.555424318E-01   0.365724154E-01   0.133819145E-02
   0.202631555E-02   0.490538999E-01   0.375911295E-01   0.160487986E-02
   0.200443342E-02   0.427495800E-01   0.373278186E-01   0.180195842E-02
   0.194095320E-02   0.367652476E-01   0.358991958E-01   0.194327149E-02
   0.184546551E-02   0.312748998E-01   0.337009765E-01   0.202254741E-02
   0.171718432E-02   0.263075214E-01   0.309017170E-01   0.201697531E-02
   0.156161771E-02   0.218505412E-01   0.276654623E-01   0.196852186E-02
   0.138757646E-02   0.179205071E-01   0.242227614E-01   0.185985607E-02
   0.120333477E-02   0.144973900E-01   0.207327958E-01   0.170237105E-02
   0.102513074E-02   0.116044218E-01   0.174563769E-01   0.152868684E-02
   0.844307942E-03   0.907084811E-02   0.142247844E-01   0.132073555E-02
   0.679331133E-03   0.697370712E-02   0.113417264E-01   0.111454970E-02
   0.531686645E-03   0.524293026E-02   0.880145840E-02   0.910580100E-03
   0.400429097E-03   0.382092851E-02   0.657505728E-02   0.709256798E-03
   0.291725068E-03   0.269338419E-02   0.474487757E-02   0.538135704E-03
   0.204105483E-03   0.183056097E-02   0.328618847E-02   0.388239772E-03
   0.138416872E-03   0.120050600E-02   0.219989312E-02   0.272028672E-03
   0.881470332E-04   0.741859258E-03   0.137763377E-02   0.175659108E-03
   0.528527999E-04   0.428669184E-03   0.805897871E-03   0.106092186E-03
   0.285142178E-04   0.220861664E-03   0.416855910E-03   0.565942682E-04
   0.139125195E-04   0.100709702E-03   0.188439182E-03   0.261788919E-04
   0.632286219E-05   0.427785199E-04   0.756390655E-04   0.101970800E-04
   0.253901271E-05   0.183990705E-04   0.244091170E-04   0.237911513E-05
   0.142041119E-05   0.155924681E-04   0.175487658E-04   0.157514364E-05
   0.158234491E-05   0.212222130E-04   0.252326954E-04   0.189076718E-05
   0.225801477E-05   0.299641706E-04   0.412289446E-04   0.418993932E-05
   0.294596862E-05   0.381410900E-04   0.570047014E-04   0.691609102E-05
   0.341801342E-05   0.426682382E-04   0.672947717E-04   0.894731966E-05
   0.389586558E-05   0.465510529E-04   0.735978247E-04   0.979745710E-05
   0.363041318E-05   0.425944127E-04   0.685049963E-04   0.954445113E-05
   0.308880726E-05   0.349768125E-04   0.567065727E-04   0.778846334E-05
   0.273721457E-05   0.310761643E-04   0.515486827E-04   0.751752896E-05
   0.225862686E-05   0.258593627E-04   0.418487289E-04   0.641328052E-05
   0.161804280E-05   0.186885281E-04   0.307043774E-04   0.490955017E-05
   0.107567780E-05   0.126778214E-04   0.213627300E-04   0.364032690E-05
   0.815450790E-06   0.103285529E-04   0.167411290E-04   0.324782013E-05
   0.377979603E-06   0.554386406E-05   0.865690708E-05   0.216291255E-05
   0.317249146E-06   0.529204272E-05   0.756897634E-05   0.244165199E-05
   0.160123747E-06   0.298899386E-05   0.228105023E-05   0.193322967E-05
   0.206665803E-06   0.246852733E-05  -0.122811548E-05   0.191657432E-05
   0.348104919E-06   0.274416948E-05  -0.456266162E-05   0.214125384E-05
   0.576424384E-06   0.336368521E-05  -0.809424546E-05   0.232256139E-05
   0.837123991E-06   0.410589018E-05  -0.111399477E-04   0.259092621E-05
   0.177599406E-05   0.794519656E-05  -0.227482469E-04   0.428089515E-05
   0.226135194E-05   0.973600254E-05  -0.282218025E-04   0.490400862E-05
   0.324107691E-05   0.135676846E-04  -0.391245958E-04   0.615516319E-05
   0.433015566E-05   0.173964017E-04  -0.514215717E-04   0.772102067E-05
   0.526174199E-05   0.213423027E-04  -0.620478895E-04   0.922038271E-05
   0.599499981E-05   0.242961814E-04  -0.695870622E-04   0.999097301E-05
   0.674169587E-05   0.267581163E-04  -0.769617473E-04   0.106392863E-04
   0.692215508E-05   0.274301856E-04  -0.783223004E-04   0.109123102E-04
   0.712178780E-05   0.281489974E-04  -0.783495634E-04   0.103591865E-04
   0.598821089E-05   0.235110710E-04  -0.626724504E-04   0.764031665E-05
   0.471189742E-05   0.181130054E-04  -0.454896253E-04   0.504155014E-05
   0.349399625E-05   0.128146830E-04  -0.284183807E-04   0.261099149E-05
   0.280366362E-05   0.901230669E-05  -0.184292512E-04   0.205921219E-05
   0.443103272E-05   0.122848587E-04  -0.316529258E-04   0.443882800E-05
   0.101610831E-04   0.291201923E-04  -0.884695037E-04   0.132838277E-04
   0.231572940E-04   0.681246675E-04  -0.217595094E-03   0.319388928E-04
   0.482113683E-04   0.144958176E-03  -0.467725389E-03   0.659930083E-04
   0.880719599E-04   0.268939271E-03  -0.859760097E-03   0.115911826E-03
   0.149949250E-03   0.457252172E-03  -0.145051372E-02   0.189928003E-03
   0.233721497E-03   0.711424917E-03  -0.222338410E-02   0.278931140E-03
   0.354864984E-03   0.107773277E-02  -0.331568066E-02   0.400362769E-03
   0.508763187E-03   0.154036388E-02  -0.464282604E-02   0.535269734E-03
   0.714827504E-03   0.216163672E-02  -0.636669667E-02   0.702057441E-03
   0.955944881E-03   0.289698108E-02  -0.827107392E-02   0.862583227E-03
   0.125199242E-02   0.380309485E-02  -0.104972720E-01   0.103977963E-02
   0.158769859E-02   0.485110143E-02  -0.128409201E-01   0.120307319E-02
   0.197231607E-02   0.608323934E-02  -0.153368004E-01   0.136275066E-02
   0.239204383E-02   0.749431178E-02  -0.178075004E-01   0.147330097E-02
   0.285842852E-02   0.913099945E-02  -0.202915184E-01   0.156098139E-02
   0.335745444E-02   0.109792221E-01  -0.225900598E-01   0.162385090E-02
   0.387754454E-02   0.130432807E-01  -0.245525073E-01   0.162704568E-02
   0.441432558E-02   0.153265707E-01  -0.260849297E-01   0.158121018E-02
   0.497265579E-02   0.178611558E-01  -0.271488968E-01   0.148441095E-02
   0.553734042E-02   0.205925107E-01  -0.275638923E-01   0.135690277E-02
   0.610207161E-02   0.234868135E-01  -0.272250883E-01   0.117581105E-02
   0.664825458E-02   0.264400896E-01  -0.259999018E-01   0.974650378E-03
   0.717230933E-02   0.293806177E-01  -0.238619093E-01   0.757872709E-03
   0.764719676E-02   0.321093053E-01  -0.207119137E-01   0.523679017E-03
   0.804928876E-02   0.344997421E-01  -0.165876821E-01   0.318874023E-03
   0.836338941E-02   0.363809243E-01  -0.116191059E-01   0.149771018E-03
   0.855791569E-02   0.375614427E-01  -0.598384161E-02   0.386473657E-04
   0.862454716E-02   0.379685275E-01  -0.123496768E-07   0.000000000E+00
