   0.793597719E-03   0.743170008E-01   0.000000000E+00   0.000000000E+00
   0.798048452E-03   0.729132742E-01   0.610120315E-02   0.419327553E-04
   0.809087418E-03   0.689052865E-01   0.115624703E-01   0.156361246E-03
   0.822019938E-03   0.628039241E-01   0.159091409E-01   0.315991783E-03
   0.828332908E-03   0.552909076E-01   0.187798422E-01   0.482200703E-03
   0.820775458E-03   0.471376292E-01   0.201580971E-01   0.625361863E-03
   0.794061867E-03   0.390016846E-01   0.202072691E-01   0.725736609E-03
   0.745068071E-03   0.313548222E-01   0.191463828E-01   0.769234728E-03
   0.674534647E-03   0.245178621E-01   0.172573980E-01   0.764579279E-03
   0.586519425E-03   0.186330657E-01   0.148285208E-01   0.715596252E-03
   0.488066784E-03   0.137479613E-01   0.121498080E-01   0.628604728E-03
   0.389044144E-03   0.985112321E-02   0.953614712E-02   0.526653836E-03
   0.293506717E-03   0.680466136E-02   0.705942791E-02   0.416963245E-03
   0.208146113E-03   0.450412417E-02   0.488096476E-02   0.304243207E-03
   0.138122283E-03   0.284598675E-02   0.313179404E-02   0.205810837E-03
   0.848956261E-04   0.170573266E-02   0.183141220E-02   0.125279053E-03
   0.476120549E-04   0.963811821E-03   0.945921114E-03   0.656561897E-04
   0.232879720E-04   0.508594734E-03   0.391635927E-03   0.265332728E-04
   0.106227562E-04   0.264185772E-03   0.135358001E-03   0.814361647E-05
   0.396079122E-05   0.137907264E-03   0.201861985E-04   0.264632490E-06
   0.195999701E-05   0.867265408E-04   0.150477799E-04   0.143387081E-05
   0.185750423E-05   0.681962920E-04   0.432405723E-04   0.513890154E-05
   0.229212105E-05   0.630167269E-04   0.756594382E-04   0.931715476E-05
   0.263966103E-05   0.588609255E-04   0.941411636E-04   0.117791305E-04
   0.268712142E-05   0.530551333E-04   0.990256958E-04   0.127070407E-04
   0.220565539E-05   0.407209773E-04   0.814584928E-04   0.106792231E-04
   0.161162268E-05   0.284750731E-04   0.596425853E-04   0.795103551E-05
   0.124659095E-05   0.216027602E-04   0.470108243E-04   0.654274982E-05
   0.838046390E-06   0.140899201E-04   0.308342132E-04   0.434910180E-05
   0.361144970E-06   0.611740734E-05   0.133845642E-04   0.195358439E-05
   0.143599237E-06   0.269320549E-05   0.589800811E-05   0.101484306E-05
   0.757535474E-07   0.137211259E-05   0.293841822E-05   0.492146626E-06
   0.110904521E-07   0.223170503E-06   0.424992834E-06   0.819206321E-07
   0.171882308E-08   0.335656232E-07  -0.780345388E-08   0.210602895E-07
   0.230758790E-07   0.284713849E-06   0.652233723E-06   0.926754922E-07
   0.359001717E-07   0.443941474E-06   0.100643956E-05   0.142623136E-06
   0.193853253E-07   0.214846040E-06   0.554991232E-06   0.573593901E-07
   0.230921149E-07   0.260820201E-06   0.640317751E-06   0.733294669E-07
   0.479014197E-07   0.656613963E-06   0.169311056E-05   0.227265616E-06
   0.241980818E-07   0.326150825E-06   0.866745779E-06   0.111903532E-06
   0.220755396E-07   0.249058701E-06   0.551640142E-06   0.744856195E-07
   0.934508737E-08   0.715987696E-07   0.844109849E-07   0.149841242E-07
   0.707187997E-08   0.100215310E-06   0.223690520E-06   0.438181296E-07
   0.559188207E-08   0.721505700E-07   0.186947162E-06   0.239213200E-07
   0.381021215E-08   0.789009107E-07   0.155457798E-06   0.391730453E-07
   0.581738213E-08   0.545058469E-07  -0.164884199E-06   0.415337631E-07
   0.989121940E-08   0.914887082E-07  -0.275410713E-06   0.694372417E-07
   0.320593796E-08   0.184442044E-07  -0.855665618E-07   0.114073080E-07
   0.268128471E-07   0.177583559E-06  -0.761510023E-06   0.117390805E-06
   0.248934136E-07   0.158171147E-06  -0.679399648E-06   0.999286485E-07
   0.936160376E-07   0.614926137E-06  -0.257273723E-05   0.392831765E-06
   0.467668571E-07   0.274550700E-06  -0.122530207E-05   0.165294765E-06
   0.471731418E-07   0.260012513E-06  -0.109198425E-05   0.133773199E-06
   0.742120534E-07   0.441268924E-06  -0.201311127E-05   0.282475213E-06
   0.535393809E-07   0.317821218E-06  -0.143659247E-05   0.199815432E-06
   0.179950632E-07   0.898932484E-07  -0.376456171E-06   0.387784098E-07
   0.184518745E-08   0.782965870E-08  -0.266522573E-07   0.259419330E-08
   0.243784304E-08   0.255893884E-07  -0.554079485E-07   0.176612733E-07
   0.167618754E-07   0.185634477E-06  -0.428980911E-06   0.145173800E-06
   0.107278744E-06   0.694839230E-06  -0.277212484E-05   0.431647550E-06
   0.445380721E-06   0.272631337E-05  -0.114513196E-04   0.169724535E-05
   0.945925194E-06   0.559168802E-05  -0.236854012E-04   0.336762014E-05
   0.174588831E-05   0.100416100E-04  -0.427548730E-04   0.597842700E-05
   0.276067863E-05   0.154396985E-04  -0.649669164E-04   0.866218579E-05
   0.421699269E-05   0.228959634E-04  -0.957786688E-04   0.124822936E-04
   0.593945924E-05   0.313342352E-04  -0.127815030E-03   0.159972442E-04
   0.701993304E-05   0.358238212E-04  -0.139266558E-03   0.169399700E-04
   0.762246191E-05   0.373622934E-04  -0.131434907E-03   0.156081769E-04
   0.826525775E-05   0.384948471E-04  -0.109644607E-03   0.125370188E-04
   0.841450310E-05   0.359681180E-04  -0.586221759E-04   0.667034647E-05
   0.109759676E-04   0.426708139E-04  -0.233391274E-04   0.270659825E-05
   0.188606591E-04   0.699003722E-04  -0.409051572E-04   0.454245901E-05
   0.371337665E-04   0.136899544E-03  -0.170845553E-03   0.169354862E-04
   0.760032199E-04   0.281618908E-03  -0.553821039E-03   0.514130297E-04
   0.145022845E-03   0.537224463E-03  -0.126097957E-02   0.110728019E-03
   0.253577280E-03   0.937563367E-03  -0.232181582E-02   0.193472355E-03
   0.421161181E-03   0.155237014E-02  -0.390845491E-02   0.307492417E-03
   0.656237360E-03   0.241487939E-02  -0.592220062E-02   0.440227916E-03
   0.971072121E-03   0.357692060E-02  -0.830167811E-02   0.580473687E-03
   0.138331507E-02   0.511080259E-02  -0.110510597E-01   0.725773163E-03
   0.189292338E-02   0.703551760E-02  -0.138583956E-01   0.849970966E-03
   0.249890401E-02   0.936697982E-02  -0.164318085E-01   0.938703015E-03
   0.321715325E-02   0.121711409E-01  -0.188040026E-01   0.989361783E-03
   0.402350584E-02   0.153666157E-01  -0.204712041E-01   0.980540528E-03
   0.490912097E-02   0.189075358E-01  -0.213119034E-01   0.914613192E-03
   0.583918719E-02   0.226411000E-01  -0.210338254E-01   0.782134361E-03
   0.676585268E-02   0.263526682E-01  -0.194720048E-01   0.600083789E-03
   0.761528453E-02   0.297399070E-01  -0.164174978E-01   0.390697067E-03
   0.830768887E-02   0.324875116E-01  -0.119292848E-01   0.193696571E-03
   0.876236148E-02   0.342804641E-01  -0.629562233E-02   0.518168054E-04
   0.892221369E-02   0.349071473E-01  -0.156249627E-07   0.000000000E+00
