   0.183435500E+00   0.723663211E+00   0.000000000E+00   0.000000000E+00
   0.179983079E+00   0.711362064E+00   0.431471020E-01   0.292172277E-03
   0.170739830E+00   0.678244472E+00   0.814694911E-01   0.110398815E-02
   0.156733856E+00   0.627650082E+00   0.111275747E+00   0.225674058E-02
   0.139877513E+00   0.566167176E+00   0.130930364E+00   0.352143147E-02
   0.121829636E+00   0.499876559E+00   0.140571535E+00   0.473691244E-02
   0.104137063E+00   0.433623999E+00   0.141764104E+00   0.569467153E-02
   0.878792703E-01   0.371766508E+00   0.136887506E+00   0.638720067E-02
   0.735196695E-01   0.316033006E+00   0.128074959E+00   0.681098597E-02
   0.612749234E-01   0.267399818E+00   0.117258750E+00   0.697999075E-02
   0.510560162E-01   0.225820512E+00   0.105805486E+00   0.696549332E-02
   0.426355377E-01   0.190687522E+00   0.945702866E-01   0.681995600E-02
   0.357187614E-01   0.161101818E+00   0.839718878E-01   0.659838552E-02
   0.300576128E-01   0.136263922E+00   0.742786676E-01   0.631291326E-02
   0.254188403E-01   0.115488835E+00   0.655455664E-01   0.594851281E-02
   0.215867870E-01   0.979983658E-01   0.577200539E-01   0.561027601E-02
   0.183942616E-01   0.832180157E-01   0.507162958E-01   0.522300089E-02
   0.157089755E-01   0.706659928E-01   0.444454886E-01   0.480908062E-02
   0.134341670E-01   0.599843077E-01   0.388207510E-01   0.443693716E-02
   0.114932368E-01   0.508670546E-01   0.338005610E-01   0.404854212E-02
   0.984157156E-02   0.430739373E-01   0.293583721E-01   0.366299064E-02
   0.839447230E-02   0.363577530E-01   0.252939221E-01   0.328631187E-02
   0.716321031E-02   0.306296907E-01   0.217554122E-01   0.289661181E-02
   0.608672760E-02   0.257061291E-01   0.185641404E-01   0.254457374E-02
   0.515033957E-02   0.214754213E-01   0.157266054E-01   0.221429649E-02
   0.434824498E-02   0.178808011E-01   0.132635478E-01   0.190887391E-02
   0.364933745E-02   0.147997774E-01   0.110753262E-01   0.161788554E-02
   0.304949190E-02   0.121911587E-01   0.918065943E-02   0.136046635E-02
   0.253633177E-02   0.999336597E-02   0.754995598E-02   0.112414558E-02
   0.209404295E-02   0.812814292E-02   0.612998707E-02   0.912276155E-03
   0.172708218E-02   0.657726265E-02   0.495649362E-02   0.743308163E-03
   0.140700070E-02   0.527345110E-02   0.392222451E-02   0.576761900E-03
   0.114219147E-02   0.419890741E-02   0.307554239E-02   0.448422739E-03
   0.923504413E-03   0.332690566E-02   0.238626846E-02   0.339652121E-03
   0.740876014E-03   0.260308105E-02   0.181368215E-02   0.255008839E-03
   0.590738491E-03   0.202308665E-02   0.135061599E-02   0.183293814E-03
   0.468461105E-03   0.155887019E-02   0.980427139E-03   0.126502535E-03
   0.371488743E-03   0.119319442E-02   0.702410995E-03   0.888090726E-04
   0.294572936E-03   0.907797308E-03   0.488884398E-03   0.596906903E-04
   0.231978105E-03   0.682367769E-03   0.319933170E-03   0.373490511E-04
   0.185901343E-03   0.517052424E-03   0.208086043E-03   0.240657773E-04
   0.149289262E-03   0.387110369E-03   0.122804762E-03   0.153722958E-04
   0.122726226E-03   0.294473837E-03   0.650298098E-04   0.876033118E-05
   0.105730491E-03   0.228153134E-03   0.309326169E-04   0.649113190E-05
   0.950475223E-04   0.184591132E-03   0.756780173E-05   0.382544476E-05
   0.904350163E-04   0.159035990E-03  -0.118538810E-04   0.107030849E-05
   0.939726888E-04   0.149076237E-03  -0.253286944E-04  -0.396689579E-07
   0.103702929E-03   0.154971072E-03  -0.458271315E-04  -0.198200337E-05
   0.120092569E-03   0.176343223E-03  -0.727374500E-04  -0.449671097E-05
   0.146066959E-03   0.212716463E-03  -0.116782569E-03  -0.480060407E-05
   0.179328606E-03   0.266761926E-03  -0.172034517E-03  -0.593168943E-05
   0.227745113E-03   0.348844973E-03  -0.265901792E-03  -0.291277934E-05
   0.289283402E-03   0.453823304E-03  -0.388611108E-03   0.403894910E-05
   0.365036976E-03   0.591087039E-03  -0.542791968E-03   0.137170091E-04
   0.463277800E-03   0.770551676E-03  -0.754438573E-03   0.325942128E-04
   0.582805427E-03   0.996670220E-03  -0.101417932E-02   0.565651062E-04
   0.731508539E-03   0.127969915E-02  -0.134350930E-02   0.923201296E-04
   0.907480135E-03   0.162720843E-02  -0.173030805E-02   0.132084708E-03
   0.112005323E-02   0.205855537E-02  -0.220419769E-02   0.184277742E-03
   0.137244863E-02   0.257234182E-02  -0.276373466E-02   0.254642509E-03
   0.167350844E-02   0.321143819E-02  -0.343382847E-02   0.325311034E-03
   0.202242145E-02   0.396119477E-02  -0.419932045E-02   0.414315495E-03
   0.243092305E-02   0.485673267E-02  -0.508829020E-02   0.518176123E-03
   0.289678969E-02   0.591718964E-02  -0.608579488E-02   0.619178696E-03
   0.343195186E-02   0.715910923E-02  -0.721729221E-02   0.743170734E-03
   0.403752364E-02   0.860571954E-02  -0.847464334E-02   0.890133611E-03
   0.473680161E-02   0.103247575E-01  -0.991344731E-02   0.103291380E-02
   0.551804760E-02   0.123229800E-01  -0.114766108E-01   0.116482866E-02
   0.639016088E-02   0.146316169E-01  -0.131820934E-01   0.132452836E-02
   0.737663312E-02   0.173226036E-01  -0.150673781E-01   0.147277256E-02
   0.848059542E-02   0.204650648E-01  -0.171232130E-01   0.162142294E-02
   0.973295420E-02   0.241318289E-01  -0.194090549E-01   0.177686510E-02
   0.111330254E-01   0.283995550E-01  -0.218702182E-01   0.192200486E-02
   0.127269179E-01   0.333930776E-01  -0.245995056E-01   0.205774000E-02
   0.145372804E-01   0.392634533E-01  -0.275915917E-01   0.222000829E-02
   0.166052058E-01   0.461549573E-01  -0.308672339E-01   0.235604844E-02
   0.190039352E-01   0.543391481E-01  -0.345031396E-01   0.247619767E-02
   0.217927098E-01   0.640769899E-01  -0.385166220E-01   0.260719610E-02
   0.250475518E-01   0.756647959E-01  -0.429058708E-01   0.271758391E-02
   0.288709868E-01   0.894899741E-01  -0.476377495E-01   0.278613390E-02
   0.333463550E-01   0.105955258E+00  -0.526265912E-01   0.283863978E-02
   0.385560431E-01   0.125375599E+00  -0.576058663E-01   0.279731490E-02
   0.444994830E-01   0.148065224E+00  -0.621869005E-01   0.275936583E-02
   0.512345992E-01   0.174068585E+00  -0.657584295E-01   0.257018558E-02
   0.585704148E-01   0.203019813E+00  -0.674747080E-01   0.230542524E-02
   0.662939399E-01   0.233899891E+00  -0.663408861E-01   0.190126698E-02
   0.738668442E-01   0.264857471E+00  -0.613324456E-01   0.142870168E-02
   0.808465108E-01   0.293723553E+00  -0.518657826E-01   0.913972734E-03
   0.865152031E-01   0.317243993E+00  -0.378015302E-01   0.444286357E-03
   0.901312828E-01   0.332732826E+00  -0.199690610E-01   0.118523014E-03
   0.914308652E-01   0.338113517E+00  -0.454359821E-07   0.000000000E+00
