   0.608370465E-03   0.653900728E-01   0.000000000E+00   0.000000000E+00
   0.616047124E-03   0.641945973E-01   0.554588437E-02   0.368808433E-04
   0.637998572E-03   0.607905723E-01   0.105342390E-01   0.139179741E-03
   0.666023931E-03   0.555387996E-01   0.144707449E-01   0.280216424E-03
   0.692854519E-03   0.491139553E-01   0.171803292E-01   0.432215718E-03
   0.707498053E-03   0.421114340E-01   0.185162965E-01   0.565177121E-03
   0.704331906E-03   0.350872017E-01   0.186795853E-01   0.660504506E-03
   0.677930424E-03   0.284421816E-01   0.178089123E-01   0.707847066E-03
   0.627513684E-03   0.224345177E-01   0.161393266E-01   0.712077017E-03
   0.560148444E-03   0.172773413E-01   0.140844751E-01   0.678418961E-03
   0.476171641E-03   0.129088070E-01   0.116683887E-01   0.607156020E-03
   0.388337066E-03   0.938981399E-02   0.929805636E-02   0.521015259E-03
   0.297940423E-03   0.657040812E-02   0.694431318E-02   0.414847105E-03
   0.218233719E-03   0.444942759E-02   0.495751388E-02   0.313056051E-03
   0.149475571E-03   0.287819118E-02   0.328904134E-02   0.219151756E-03
   0.963206912E-04   0.178196270E-02   0.203937059E-02   0.141578610E-03
   0.564700313E-04   0.103546749E-02   0.112320483E-02   0.807707111E-04
   0.305999929E-04   0.573437661E-03   0.555608829E-03   0.400943427E-04
   0.141279543E-04   0.295443519E-03   0.209686448E-03   0.143546868E-04
   0.547099853E-05   0.149615531E-03   0.486564531E-04   0.232834395E-05
   0.218280411E-05   0.854910832E-04   0.965362142E-05   0.208820637E-06
   0.147498702E-05   0.607041766E-04   0.215542532E-04   0.235994912E-05
   0.176777439E-05   0.566773815E-04   0.522176306E-04   0.670430245E-05
   0.237143740E-05   0.558543725E-04   0.777878886E-04   0.974828436E-05
   0.230811270E-05   0.471204403E-04   0.787273966E-04   0.102982794E-04
   0.230444380E-05   0.421147852E-04   0.782397256E-04   0.102926297E-04
   0.188060994E-05   0.326348090E-04   0.646426925E-04   0.879429990E-05
   0.150349467E-05   0.251050606E-04   0.517347107E-04   0.720630624E-05
   0.901703118E-06   0.149069920E-04   0.312493903E-04   0.451233291E-05
   0.524155325E-06   0.865083985E-05   0.182933891E-04   0.274403055E-05
   0.328501983E-06   0.527584234E-05   0.112746320E-04   0.168912868E-05
   0.139557301E-06   0.242775309E-05   0.523393737E-05   0.899545682E-06
   0.546006227E-07   0.985573706E-06   0.207920607E-05   0.390438942E-06
   0.431814184E-08   0.807544325E-07   0.143964527E-06   0.283603132E-07
   0.296209990E-08   0.339237118E-07   0.860441602E-07   0.112672742E-07
   0.135977345E-07   0.163552812E-06   0.380912240E-06   0.535768230E-07
   0.445264305E-07   0.469168185E-06   0.678583660E-06   0.150465127E-06
   0.438146515E-07   0.532106242E-06   0.128854447E-05   0.167255081E-06
   0.174030692E-07   0.196246219E-06   0.481060056E-06   0.565454030E-07
   0.232895090E-07   0.276056824E-06   0.555917893E-06   0.897062407E-07
   0.297366647E-07   0.392713702E-06   0.820880587E-06   0.140499452E-06
   0.316821946E-07   0.410615741E-06   0.719214540E-06   0.153744494E-06
   0.719551441E-08   0.100067744E-06   0.213273793E-06   0.375274141E-07
   0.385800636E-08   0.761639782E-07   0.133464781E-06   0.411144114E-07
   0.117883081E-07   0.141996324E-06  -0.111588612E-06   0.995176421E-07
   0.504016739E-08   0.614210762E-07  -0.111203697E-06   0.478673456E-07
   0.152452735E-07   0.108014461E-06  -0.418121459E-06   0.776505189E-07
   0.803736633E-08   0.659360353E-07  -0.109615478E-06   0.342195214E-07
   0.437586607E-07   0.274204638E-06  -0.113694045E-05   0.191401128E-06
   0.243661358E-07   0.129948575E-06  -0.582950918E-06   0.821590262E-07
   0.511419778E-07   0.298683716E-06  -0.126807549E-05   0.202905326E-06
   0.206711075E-07   0.108973730E-06  -0.481268501E-06   0.692198867E-07
   0.472035815E-07   0.265203767E-06  -0.110882866E-05   0.178268536E-06
   0.383368572E-07   0.217235950E-06  -0.926958535E-06   0.135391346E-06
   0.304950589E-07   0.164653542E-06  -0.717977002E-06   0.998256908E-07
   0.285328312E-07   0.139115855E-06  -0.583666463E-06   0.694485820E-07
   0.228119390E-08   0.300150340E-07   0.878024053E-08   0.183250144E-07
   0.122739747E-07   0.113328184E-06  -0.318737079E-06   0.841592112E-07
   0.107562748E-06   0.645518071E-06  -0.254952579E-05   0.427326881E-06
   0.260431790E-06   0.156671820E-05  -0.616194393E-05   0.103992033E-05
   0.624266477E-06   0.353770020E-05  -0.143452444E-04   0.224816631E-05
   0.139410793E-05   0.752993174E-05  -0.310271680E-04   0.450350990E-05
   0.235664174E-05   0.123588070E-04  -0.508163212E-04   0.708870903E-05
   0.349129277E-05   0.178615737E-04  -0.730599568E-04   0.100743273E-04
   0.483526674E-05   0.241199868E-04  -0.967444503E-04   0.129427499E-04
   0.550603500E-05   0.265929830E-04  -0.101822108E-03   0.128793818E-04
   0.698556460E-05   0.327797279E-04  -0.118012336E-03   0.145603371E-04
   0.715302303E-05   0.321639527E-04  -0.997672250E-04   0.120690665E-04
   0.736400398E-05   0.311223121E-04  -0.692426838E-04   0.822362017E-05
   0.815140538E-05   0.314149802E-04  -0.302221415E-04   0.366689164E-05
   0.119316701E-04   0.422593148E-04  -0.149918869E-04   0.191164440E-05
   0.230034402E-04   0.792452483E-04  -0.833252052E-04   0.890133560E-05
   0.460640113E-04   0.158915427E-03  -0.273657613E-03   0.268621843E-04
   0.915138371E-04   0.316292309E-03  -0.714186113E-03   0.664468826E-04
   0.168430139E-03   0.581499480E-03  -0.146639964E-02   0.129091713E-03
   0.287472008E-03   0.989172258E-03  -0.258128531E-02   0.215741806E-03
   0.461057381E-03   0.158238318E-02  -0.410168292E-02   0.323888700E-03
   0.698465388E-03   0.239606341E-02  -0.597785739E-02   0.444058969E-03
   0.101252331E-02   0.347849517E-02  -0.819210336E-02   0.573840865E-03
   0.140646240E-02   0.485758390E-02  -0.105524529E-01   0.691726920E-03
   0.189190591E-02   0.658386061E-02  -0.130020911E-01   0.798578258E-03
   0.247100438E-02   0.868373737E-02  -0.153547656E-01   0.873419107E-03
   0.313131837E-02   0.111278780E-01  -0.172619317E-01   0.904171902E-03
   0.387651124E-02   0.139294649E-01  -0.186729580E-01   0.890348339E-03
   0.468708528E-02   0.170099698E-01  -0.193291884E-01   0.818721310E-03
   0.552889798E-02   0.202280525E-01  -0.189612322E-01   0.694312854E-03
   0.636231387E-02   0.234154612E-01  -0.174447149E-01   0.529092329E-03
   0.712199137E-02   0.263103545E-01  -0.146364868E-01   0.342502928E-03
   0.774060516E-02   0.286559109E-01  -0.106074018E-01   0.168949540E-03
   0.814510603E-02   0.301847626E-01  -0.557904085E-02   0.451099804E-04
   0.828677230E-02   0.307125486E-01  -0.161951164E-07   0.000000000E+00
