   0.257765106E-02   0.790119767E-01   0.000000000E+00   0.000000000E+00
   0.258331117E-02   0.781570002E-01   0.865032803E-02   0.544395843E-04
   0.259558228E-02   0.756701976E-01   0.167207699E-01   0.210251921E-03
   0.261171442E-02   0.717414469E-01   0.237190630E-01   0.448695559E-03
   0.262221717E-02   0.667265803E-01   0.293068327E-01   0.737806782E-03
   0.261889747E-02   0.609428138E-01   0.333177522E-01   0.103769882E-02
   0.260048267E-02   0.548334531E-01   0.358015150E-01   0.133713102E-02
   0.255256193E-02   0.486016087E-01   0.367989726E-01   0.159645232E-02
   0.247461768E-02   0.425307900E-01   0.365364663E-01   0.181517540E-02
   0.236862781E-02   0.368159376E-01   0.353076831E-01   0.196413929E-02
   0.222999952E-02   0.315085687E-01   0.332593471E-01   0.204236526E-02
   0.206474238E-02   0.266969427E-01   0.306514930E-01   0.205902243E-02
   0.187961257E-02   0.224058274E-01   0.276944637E-01   0.201574131E-02
   0.167787168E-02   0.185895059E-01   0.245047119E-01   0.193461415E-02
   0.147125183E-02   0.152649293E-01   0.212999322E-01   0.179424207E-02
   0.125538127E-02   0.123234205E-01   0.180239081E-01   0.161867938E-02
   0.105239067E-02   0.982245896E-02   0.149871884E-01   0.142873311E-02
   0.865335111E-03   0.772244344E-02   0.122344550E-01   0.123696774E-02
   0.688765314E-03   0.592774665E-02   0.967578776E-02   0.102494610E-02
   0.541636138E-03   0.449975440E-02   0.756067829E-02   0.840818742E-03
   0.407858373E-03   0.328669581E-02   0.565177016E-02   0.658402510E-03
   0.297947612E-03   0.233577844E-02   0.409529172E-02   0.495245156E-03
   0.213481660E-03   0.162454357E-02   0.290846638E-02   0.367896690E-03
   0.143333586E-03   0.105797313E-02   0.192436809E-02   0.252130063E-03
   0.926110879E-04   0.660100777E-03   0.122032990E-02   0.165950856E-03
   0.573754260E-04   0.392820773E-03   0.737663649E-03   0.103540442E-03
   0.316279657E-04   0.204445445E-03   0.387862790E-03   0.564867951E-04
   0.174194738E-04   0.105893501E-03   0.202575568E-03   0.299882940E-04
   0.807031211E-05   0.433495625E-04   0.812939252E-04   0.120302248E-04
   0.322870574E-05   0.177294951E-04   0.268438362E-04   0.360923309E-05
   0.143075442E-05   0.116015181E-04   0.960052603E-05   0.117986524E-06
   0.124737949E-05   0.161354237E-04   0.158631083E-04   0.111427642E-05
   0.169257885E-05   0.230704845E-04   0.285468286E-04   0.329376167E-05
   0.237244763E-05   0.296859671E-04   0.393534428E-04   0.465948915E-05
   0.276816922E-05   0.331817537E-04   0.480642084E-04   0.647931893E-05
   0.328162264E-05   0.390848436E-04   0.574321421E-04   0.852604262E-05
   0.316431715E-05   0.363466606E-04   0.553727878E-04   0.848482523E-05
   0.301512114E-05   0.341800223E-04   0.539718749E-04   0.895837093E-05
   0.252713994E-05   0.293378653E-04   0.456713642E-04   0.808376262E-05
   0.225202302E-05   0.269524880E-04   0.422183548E-04   0.841282326E-05
   0.160580737E-05   0.199768165E-04   0.308806775E-04   0.674654757E-05
   0.126171403E-05   0.167840226E-04   0.251127713E-04   0.651038090E-05
   0.965525601E-06   0.136277404E-04   0.183454395E-04   0.646485751E-05
   0.664361210E-06   0.101748628E-04   0.112652051E-04   0.561810612E-05
   0.559888235E-06   0.766098401E-05   0.384652731E-05   0.517163471E-05
   0.481556526E-06   0.626482597E-05  -0.928025088E-06   0.474492163E-05
   0.750502068E-06   0.646874605E-05  -0.650679794E-05   0.510104701E-05
   0.112478585E-05   0.732174476E-05  -0.118265380E-04   0.561435127E-05
   0.184027658E-05   0.917365833E-05  -0.201412695E-04   0.643867679E-05
   0.271579074E-05   0.117695299E-04  -0.300297816E-04   0.724526262E-05
   0.343288002E-05   0.143162406E-04  -0.375969757E-04   0.815481599E-05
   0.425215558E-05   0.166486625E-04  -0.451289052E-04   0.868309598E-05
   0.566589824E-05   0.219947597E-04  -0.587963041E-04   0.100938223E-04
   0.592667038E-05   0.224735031E-04  -0.602966247E-04   0.995660685E-05
   0.628855560E-05   0.235839616E-04  -0.623963206E-04   0.969002303E-05
   0.659331226E-05   0.243489249E-04  -0.636037657E-04   0.930399074E-05
   0.630532304E-05   0.226477896E-04  -0.593674231E-04   0.884573547E-05
   0.554655981E-05   0.201163602E-04  -0.492058280E-04   0.649994263E-05
   0.381509108E-05   0.131803708E-04  -0.301854288E-04   0.362990318E-05
   0.286172303E-05   0.914829525E-05  -0.170210787E-04   0.130916771E-05
   0.286429054E-05   0.698842450E-05  -0.145723179E-04   0.154490317E-05
   0.537986216E-05   0.119883171E-04  -0.335732620E-04   0.492920117E-05
   0.122129250E-04   0.289017298E-04  -0.908487491E-04   0.143671386E-04
   0.257904740E-04   0.658714489E-04  -0.209955149E-03   0.323311579E-04
   0.508336962E-04   0.133311289E-03  -0.424451020E-03   0.634332246E-04
   0.899225779E-04   0.241173402E-03  -0.757288421E-03   0.108722372E-03
   0.151119064E-03   0.407559535E-03  -0.126594468E-02   0.174780565E-03
   0.235080253E-03   0.636548444E-03  -0.194619165E-02   0.257656793E-03
   0.350153015E-03   0.952691538E-03  -0.285705761E-02   0.361024169E-03
   0.496237888E-03   0.134649547E-02  -0.396233518E-02   0.480804272E-03
   0.682822778E-03   0.185257557E-02  -0.532793719E-02   0.618732767E-03
   0.922447303E-03   0.249664811E-02  -0.701766368E-02   0.784307951E-03
   0.119203294E-02   0.324187870E-02  -0.881281216E-02   0.930473208E-03
   0.150939473E-02   0.413083239E-02  -0.108145345E-01   0.108169834E-02
   0.187645899E-02   0.518660853E-02  -0.129971486E-01   0.122492819E-02
   0.227894844E-02   0.638346653E-02  -0.151952505E-01   0.135452964E-02
   0.271571474E-02   0.775286322E-02  -0.173657406E-01   0.144333160E-02
   0.319963973E-02   0.934367999E-02  -0.195599813E-01   0.151107158E-02
   0.370173226E-02   0.111106224E-01  -0.214934908E-01   0.154166995E-02
   0.423700083E-02   0.131203355E-01  -0.232480988E-01   0.152382965E-02
   0.477800192E-02   0.153226517E-01  -0.245371666E-01   0.146284467E-02
   0.533709815E-02   0.177507307E-01  -0.254152957E-01   0.137136690E-02
   0.589960907E-02   0.203797091E-01  -0.257016737E-01   0.123335165E-02
   0.645695487E-02   0.231460258E-01  -0.253068916E-01   0.107234193E-02
   0.700371200E-02   0.259925798E-01  -0.241782814E-01   0.883531000E-03
   0.752151664E-02   0.288114585E-01  -0.221581571E-01   0.672499533E-03
   0.799125340E-02   0.314433761E-01  -0.192447100E-01   0.466583675E-03
   0.838933419E-02   0.337516963E-01  -0.154146971E-01   0.282676512E-03
   0.869327132E-02   0.355581120E-01  -0.107895182E-01   0.133210648E-03
   0.888258312E-02   0.366903432E-01  -0.556007912E-02   0.343125575E-04
   0.894775428E-02   0.370780267E-01  -0.124337953E-07   0.000000000E+00
