   0.872335804E-03   0.251907617E+00   0.000000000E+00   0.000000000E+00
   0.905340537E-03   0.248787761E+00   0.226894300E-01   0.148520412E-03
   0.996078015E-03   0.239606723E+00   0.439226665E-01   0.570981123E-03
   0.113089301E-02   0.225105271E+00   0.623753443E-01   0.120159413E-02
   0.129447377E-02   0.206905708E+00   0.774799734E-01   0.197575893E-02
   0.145720597E-02   0.185948029E+00   0.883573443E-01   0.277515245E-02
   0.159753219E-02   0.163742155E+00   0.949137509E-01   0.352457375E-02
   0.169505575E-02   0.141427338E+00   0.972745791E-01   0.412408914E-02
   0.174067391E-02   0.120017633E+00   0.960031971E-01   0.458984589E-02
   0.172818312E-02   0.100193076E+00   0.916948542E-01   0.485027628E-02
   0.165736233E-02   0.822721124E-01   0.848711729E-01   0.492277974E-02
   0.153090584E-02   0.663319156E-01   0.759899691E-01   0.479823304E-02
   0.137523713E-02   0.527887568E-01   0.665380582E-01   0.453078793E-02
   0.118027069E-02   0.409064852E-01   0.558273196E-01   0.407305080E-02
   0.986854313E-03   0.312728062E-01   0.458733663E-01   0.356263923E-02
   0.790392514E-03   0.232342854E-01   0.362036265E-01   0.299257855E-02
   0.604983477E-03   0.167155117E-01   0.273582768E-01   0.239149132E-02
   0.446628343E-03   0.117013827E-01   0.199832115E-01   0.184093683E-02
   0.310216827E-03   0.779676251E-02   0.137254978E-01   0.132670836E-02
   0.205784396E-03   0.499165524E-02   0.900311861E-02   0.910457689E-03
   0.126211642E-03   0.298024248E-02   0.543476921E-02   0.571501674E-03
   0.721271135E-04   0.167256582E-02   0.304510095E-02   0.332681375E-03
   0.359085097E-04   0.834016246E-03   0.145817723E-02   0.162697936E-03
   0.165837100E-04   0.392995280E-03   0.637790363E-03   0.722746699E-04
   0.624532277E-05   0.171938154E-03   0.219742928E-03   0.248950291E-04
   0.270817759E-05   0.100407728E-03   0.993783906E-04   0.109813172E-04
   0.304350101E-05   0.104406281E-03   0.141872501E-03   0.173290227E-04
   0.461077570E-05   0.144152073E-03   0.242522074E-03   0.329080394E-04
   0.631803823E-05   0.180761534E-03   0.340260274E-03   0.489538761E-04
   0.748368529E-05   0.198355294E-03   0.392890157E-03   0.551943667E-04
   0.734528294E-05   0.188136502E-03   0.380052428E-03   0.541260924E-04
   0.693433822E-05   0.173092529E-03   0.359655882E-03   0.521288530E-04
   0.574468731E-05   0.139817712E-03   0.295202539E-03   0.426914885E-04
   0.543684428E-05   0.129898006E-03   0.273354934E-03   0.396358409E-04
   0.393490427E-05   0.932407638E-04   0.200597220E-03   0.295293285E-04
   0.305982439E-05   0.686355052E-04   0.147101237E-03   0.202076917E-04
   0.181471523E-05   0.386361680E-04   0.829570854E-04   0.106194439E-04
   0.121140158E-05   0.245969659E-04   0.537495725E-04   0.643025714E-05
   0.818290573E-06   0.155727903E-04   0.323897038E-04   0.363193385E-05
   0.528511805E-06   0.731258842E-05   0.881985034E-05   0.812439964E-06
   0.363450681E-06   0.435026641E-05   0.199979104E-05   0.378625458E-06
   0.214942759E-06   0.209787254E-05  -0.273785167E-05   0.260419199E-06
   0.846976675E-07   0.546595800E-06  -0.197314307E-05   0.541156950E-07
   0.900272070E-07   0.971390818E-06  -0.307238588E-05   0.629553938E-06
   0.117586318E-06   0.156655733E-05  -0.364826064E-05   0.112969542E-05
   0.792717714E-07   0.184074736E-05   0.201458465E-05   0.112401756E-05
   0.106503080E-06   0.179427502E-05  -0.416103973E-06   0.118088496E-05
   0.529291420E-07   0.105250808E-05   0.225164513E-05   0.425390198E-06
   0.867926175E-07   0.102316903E-05   0.171284694E-05   0.222209025E-07
   0.130237837E-06   0.121576284E-05   0.995329060E-06  -0.105769992E-06
   0.234868295E-06   0.158544981E-05  -0.283607847E-05  -0.212412886E-06
   0.632243825E-06   0.565081928E-05  -0.159412375E-04   0.136191591E-05
   0.113292367E-05   0.105090630E-04  -0.349473012E-04   0.375925606E-05
   0.226574889E-05   0.230210298E-04  -0.751874686E-04   0.979078595E-05
   0.282919586E-05   0.287187831E-04  -0.968726963E-04   0.128715501E-04
   0.416417470E-05   0.421186451E-04  -0.149064843E-03   0.210851049E-04
   0.651254004E-05   0.667966451E-04  -0.237026557E-03   0.356669916E-04
   0.798682140E-05   0.818060944E-04  -0.286606868E-03   0.420250908E-04
   0.955801988E-05   0.980972181E-04  -0.339437160E-03   0.494160304E-04
   0.109048669E-04   0.111089117E-03  -0.383107166E-03   0.556107771E-04
   0.121115918E-04   0.122535101E-03  -0.415735121E-03   0.584250811E-04
   0.121658886E-04   0.122301426E-03  -0.408833905E-03   0.573659454E-04
   0.107269670E-04   0.107916007E-03  -0.348523172E-03   0.498842819E-04
   0.901204112E-05   0.899632432E-04  -0.261976296E-03   0.332102863E-04
   0.632518095E-05   0.612005242E-04  -0.150011620E-03   0.190771971E-04
   0.613101474E-05   0.559541368E-04  -0.107330103E-03   0.146547491E-04
   0.123256605E-04   0.103982165E-03  -0.250215497E-03   0.330383955E-04
   0.297870392E-04   0.244004026E-03  -0.704177190E-03   0.875225305E-04
   0.626773835E-04   0.508290017E-03  -0.155969884E-02   0.187439175E-03
   0.122897269E-03   0.993388472E-03  -0.312547409E-02   0.359511556E-03
   0.223631592E-03   0.179873640E-02  -0.569740031E-02   0.628833543E-03
   0.359798403E-03   0.286405999E-02  -0.895598810E-02   0.953576178E-03
   0.556967163E-03   0.441719871E-02  -0.135117574E-01   0.137238612E-02
   0.828587217E-03   0.653894851E-02  -0.194809902E-01   0.189734716E-02
   0.116945279E-02   0.923456904E-02  -0.264468435E-01   0.244525704E-02
   0.158765307E-02   0.125755910E-01  -0.343029089E-01   0.300743827E-02
   0.207071472E-02   0.165351350E-01  -0.423760936E-01   0.351751316E-02
   0.263948226E-02   0.213438254E-01  -0.508624613E-01   0.396981370E-02
   0.328534772E-02   0.270057116E-01  -0.591529459E-01   0.433426909E-02
   0.400186516E-02   0.335641652E-01  -0.667229742E-01   0.456998684E-02
   0.477922382E-02   0.410216898E-01  -0.730117559E-01   0.464280089E-02
   0.561437197E-02   0.494038165E-01  -0.776647627E-01   0.454669073E-02
   0.649231113E-02   0.585876442E-01  -0.801677331E-01   0.429026876E-02
   0.739635341E-02   0.684013367E-01  -0.801075399E-01   0.384363881E-02
   0.830200035E-02   0.785102099E-01  -0.770958513E-01   0.325277867E-02
   0.919456501E-02   0.886372700E-01  -0.712196007E-01   0.257112738E-02
   0.100161545E-01   0.981071666E-01  -0.620476156E-01   0.183288008E-02
   0.107235396E-01   0.106298700E+00  -0.497340746E-01   0.111946545E-02
   0.112814242E-01   0.112784460E+00  -0.348679461E-01   0.532445614E-03
   0.116327051E-01   0.116840243E+00  -0.179575868E-01   0.137494702E-03
   0.117584532E-01   0.118313745E+00  -0.415438279E-07   0.000000000E+00
