   0.129961909E-02   0.138902232E+00   0.000000000E+00   0.000000000E+00
   0.132682512E-02   0.137385488E+00   0.136369728E-01   0.849832795E-04
   0.140534842E-02   0.133014828E+00   0.264569949E-01   0.328022114E-03
   0.152343756E-02   0.126169384E+00   0.377341770E-01   0.700906501E-03
   0.166172243E-02   0.117339209E+00   0.469378009E-01   0.115648354E-02
   0.180076424E-02   0.107096910E+00   0.537567474E-01   0.164117035E-02
   0.192594819E-02   0.961605087E-01   0.582321435E-01   0.211860449E-02
   0.202014903E-02   0.850112215E-01   0.604309589E-01   0.255295378E-02
   0.205863430E-02   0.739944875E-01   0.602915399E-01   0.288466830E-02
   0.204884261E-02   0.636005029E-01   0.584547147E-01   0.311823026E-02
   0.198438624E-02   0.539040528E-01   0.550887957E-01   0.323177408E-02
   0.187285023E-02   0.451297127E-01   0.506589785E-01   0.324952602E-02
   0.172165409E-02   0.372617915E-01   0.454594232E-01   0.317719323E-02
   0.153844885E-02   0.303295087E-01   0.397895277E-01   0.298998947E-02
   0.134258065E-02   0.243723225E-01   0.341130830E-01   0.275242049E-02
   0.112755864E-02   0.191343427E-01   0.282225031E-01   0.240657036E-02
   0.930356793E-03   0.148411719E-01   0.229909830E-01   0.208423682E-02
   0.740257383E-03   0.112255542E-01   0.180982649E-01   0.172880781E-02
   0.571928336E-03   0.829203241E-02   0.138457026E-01   0.139073923E-02
   0.422769925E-03   0.590555836E-02   0.101317493E-01   0.106318109E-02
   0.300648331E-03   0.406620745E-02   0.713496376E-02   0.783847237E-03
   0.207314602E-03   0.271202973E-02   0.486528175E-02   0.560389890E-03
   0.131636712E-03   0.168270001E-02   0.304123457E-02   0.361729471E-03
   0.809294143E-04   0.100296142E-02   0.183277403E-02   0.227735451E-03
   0.449519102E-04   0.545046176E-03   0.986702275E-03   0.126292187E-03
   0.222785475E-04   0.265566312E-03   0.462511904E-03   0.603429035E-04
   0.105493682E-04   0.126439816E-03   0.203408083E-03   0.263573238E-04
   0.429772354E-05   0.583086221E-04   0.736957300E-04   0.852424000E-05
   0.218595483E-05   0.399627497E-04   0.399016317E-04   0.331346087E-05
   0.226571046E-05   0.484494813E-04   0.578496802E-04   0.602160571E-05
   0.349288825E-05   0.656709672E-04   0.946202999E-04   0.105309709E-04
   0.452978384E-05   0.800891794E-04   0.130548608E-03   0.171625179E-04
   0.550870391E-05   0.915471610E-04   0.155790665E-03   0.209843929E-04
   0.551563789E-05   0.870826916E-04   0.150534528E-03   0.200719369E-04
   0.565344271E-05   0.870874792E-04   0.154308625E-03   0.213131807E-04
   0.517409353E-05   0.768251994E-04   0.137134251E-03   0.186116504E-04
   0.391082222E-05   0.572825338E-04   0.103441394E-03   0.142918498E-04
   0.315025500E-05   0.455539375E-04   0.842648224E-04   0.118322741E-04
   0.253732173E-05   0.362028113E-04   0.666210035E-04   0.937202367E-05
   0.203233367E-05   0.292774075E-04   0.529239696E-04   0.779825859E-05
   0.130678461E-05   0.186285815E-04   0.335854529E-04   0.495477207E-05
   0.895769006E-06   0.132461346E-04   0.229814086E-04   0.374706542E-05
   0.468789040E-06   0.766674111E-05   0.126411041E-04   0.250696917E-05
   0.212042892E-06   0.450395100E-05   0.663969377E-05   0.195002508E-05
   0.105988256E-06   0.276175524E-05   0.227548253E-05   0.184603118E-05
   0.108187727E-06   0.229505713E-05  -0.595981817E-06   0.180465599E-05
   0.144644659E-06   0.181203598E-05  -0.309847246E-05   0.144031560E-05
   0.479948255E-06   0.346258025E-05  -0.986335908E-05   0.222861149E-05
   0.998465794E-06   0.650947050E-05  -0.194216500E-04   0.347705122E-05
   0.158994817E-05   0.963246021E-05  -0.287848761E-04   0.431058243E-05
   0.234185859E-05   0.143181378E-04  -0.422675112E-04   0.634182379E-05
   0.339438429E-05   0.203745894E-04  -0.620727951E-04   0.940025348E-05
   0.458494014E-05   0.269239608E-04  -0.815953972E-04   0.115425109E-04
   0.590178070E-05   0.338016071E-04  -0.104348161E-03   0.143644884E-04
   0.759326349E-05   0.435832917E-04  -0.134461079E-03   0.187438927E-04
   0.834217644E-05   0.475809611E-04  -0.146405917E-03   0.201269322E-04
   0.106462157E-04   0.618254999E-04  -0.185779412E-03   0.256864223E-04
   0.102272779E-04   0.585673151E-04  -0.173852983E-03   0.227624823E-04
   0.972910311E-05   0.557781896E-04  -0.160691707E-03   0.202415958E-04
   0.896263009E-05   0.510839491E-04  -0.144587670E-03   0.185664921E-04
   0.669731071E-05   0.377367905E-04  -0.990572953E-04   0.119778442E-04
   0.521638003E-05   0.285297810E-04  -0.628854250E-04   0.628636417E-05
   0.460540650E-05   0.225672629E-04  -0.421785990E-04   0.437006474E-05
   0.699762950E-05   0.307428381E-04  -0.640144353E-04   0.827787608E-05
   0.161332700E-04   0.710123059E-04  -0.192110427E-03   0.272609632E-04
   0.379387347E-04   0.171190841E-03  -0.513725507E-03   0.711217072E-04
   0.731605905E-04   0.332619529E-03  -0.101847283E-02   0.136133502E-03
   0.133365058E-03   0.609462848E-03  -0.187753281E-02   0.241030415E-03
   0.221921131E-03   0.100756355E-02  -0.309477281E-02   0.384201645E-03
   0.344487315E-03   0.155845599E-02  -0.472381525E-02   0.565004768E-03
   0.521472597E-03   0.235729758E-02  -0.702753942E-02   0.798893452E-03
   0.736093265E-03   0.332118408E-02  -0.965546258E-02   0.105121091E-02
   0.102077937E-02   0.460179616E-02  -0.130166952E-01   0.135628437E-02
   0.135913189E-02   0.614760909E-02  -0.167691726E-01   0.165488396E-02
   0.175048597E-02   0.796523131E-02  -0.207883939E-01   0.195000297E-02
   0.219199387E-02   0.100834183E-01  -0.249333736E-01   0.221167994E-02
   0.269888970E-02   0.125944177E-01  -0.292981677E-01   0.245692767E-02
   0.325565808E-02   0.154978717E-01  -0.335600935E-01   0.262033753E-02
   0.386265223E-02   0.188105851E-01  -0.375885256E-01   0.275304471E-02
   0.448724255E-02   0.224628672E-01  -0.408582576E-01   0.278200000E-02
   0.514400657E-02   0.265417434E-01  -0.434687324E-01   0.272332877E-02
   0.582276238E-02   0.310251638E-01  -0.452010296E-01   0.256729196E-02
   0.649808394E-02   0.357848108E-01  -0.456460565E-01   0.233402243E-02
   0.717858179E-02   0.408009179E-01  -0.449003316E-01   0.206295727E-02
   0.784373097E-02   0.459273346E-01  -0.427609496E-01   0.171452959E-02
   0.846242066E-02   0.508767106E-01  -0.389431044E-01   0.130825245E-02
   0.902467128E-02   0.554809794E-01  -0.336061157E-01   0.918094884E-03
   0.950597040E-02   0.594880693E-01  -0.268091839E-01   0.557198771E-03
   0.987596251E-02   0.625997260E-01  -0.187042505E-01   0.262282469E-03
   0.101077789E-01   0.645464957E-01  -0.961491000E-02   0.673071772E-04
   0.101839835E-01   0.652095675E-01  -0.263123106E-07   0.000000000E+00
