   0.236475933E-02   0.673403814E-01   0.804773435E-11   0.000000000E+00
   0.236734888E-02   0.665252954E-01   0.751586026E-02   0.473291984E-04
   0.237073982E-02   0.643032268E-01   0.144926701E-01   0.181970070E-03
   0.237426301E-02   0.607496612E-01   0.204734225E-01   0.386377942E-03
   0.237204693E-02   0.562376864E-01   0.251767617E-01   0.632657844E-03
   0.235788431E-02   0.511202477E-01   0.284811165E-01   0.891296077E-03
   0.232669059E-02   0.456845835E-01   0.304040369E-01   0.113996468E-02
   0.226930366E-02   0.402619615E-01   0.310593341E-01   0.134655123E-02
   0.218854449E-02   0.350313708E-01   0.306685492E-01   0.151387439E-02
   0.207888498E-02   0.301181283E-01   0.293982644E-01   0.163448602E-02
   0.194464496E-02   0.256303530E-01   0.275089871E-01   0.168681971E-02
   0.179134740E-02   0.216004010E-01   0.252032708E-01   0.169900316E-02
   0.161617703E-02   0.179934166E-01   0.225618873E-01   0.164844759E-02
   0.143666507E-02   0.148617607E-01   0.198695716E-01   0.156991882E-02
   0.124839367E-02   0.121161127E-01   0.171101522E-01   0.144617003E-02
   0.105998828E-02   0.973479543E-02   0.144047057E-01   0.129470997E-02
   0.884188979E-03   0.773049332E-02   0.119210295E-01   0.113729958E-02
   0.718957162E-03   0.602565100E-02   0.962241367E-02   0.968014065E-03
   0.567031209E-03   0.458193198E-02   0.753395539E-02   0.796589360E-03
   0.437187060E-03   0.341357361E-02   0.576681970E-02   0.643034582E-03
   0.327755406E-03   0.248524407E-02   0.429292349E-02   0.497724919E-03
   0.236669133E-03   0.173850823E-02   0.307003548E-02   0.374585914E-03
   0.164291370E-03   0.117838010E-02   0.211147522E-02   0.264921895E-03
   0.109943321E-03   0.762735202E-03   0.139274669E-02   0.182199248E-03
   0.690696543E-04   0.462868949E-03   0.857474282E-03   0.115756637E-03
   0.419944299E-04   0.268814765E-03   0.507712422E-03   0.711279863E-04
   0.233584560E-04   0.139657976E-03   0.269347220E-03   0.389372290E-04
   0.118476728E-04   0.643857129E-04   0.126363186E-03   0.187689966E-04
   0.510944847E-05   0.247984844E-04   0.468833205E-04   0.685639043E-05
   0.232332241E-05   0.111798390E-04   0.177683505E-04   0.206071968E-05
   0.991230877E-06   0.904834815E-05   0.840336816E-05   0.461841154E-06
   0.116337480E-05   0.141099454E-04   0.154164936E-04   0.114508464E-05
   0.170287592E-05   0.206973036E-04   0.260243651E-04   0.276665537E-05
   0.223376946E-05   0.259211047E-04   0.356935670E-04   0.438490406E-05
   0.251209576E-05   0.275110506E-04   0.397721378E-04   0.509807660E-05
   0.287726471E-05   0.315821271E-04   0.473082546E-04   0.695521248E-05
   0.263387096E-05   0.282251276E-04   0.433830392E-04   0.666459664E-05
   0.235753487E-05   0.250671728E-04   0.392639413E-04   0.639427117E-05
   0.184852581E-05   0.196838373E-04   0.309279967E-04   0.524443021E-05
   0.154059887E-05   0.168328752E-04   0.265114431E-04   0.494834421E-05
   0.120633251E-05   0.141151777E-04   0.211236693E-04   0.434164485E-05
   0.855638632E-06   0.104230694E-04   0.157695722E-04   0.382754934E-05
   0.634732828E-06   0.854273821E-05   0.122021111E-04   0.347842047E-05
   0.360479788E-06   0.565782830E-05   0.621049412E-05   0.306641550E-05
   0.269826614E-06   0.419818252E-05   0.256350199E-05   0.274039962E-05
   0.316045828E-06   0.378317168E-05  -0.333754286E-06   0.281004804E-05
   0.464362699E-06   0.372133809E-05  -0.394299104E-05   0.292557206E-05
   0.836156573E-06   0.451659389E-05  -0.866717346E-05   0.334996571E-05
   0.150651897E-05   0.655969689E-05  -0.159886640E-04   0.426148199E-05
   0.176069670E-05   0.690860134E-05  -0.181072737E-04   0.412695317E-05
   0.249251320E-05   0.932793591E-05  -0.251077217E-04   0.498343934E-05
   0.328391707E-05   0.116909478E-04  -0.320420841E-04   0.569744088E-05
   0.420769766E-05   0.147068140E-04  -0.404673228E-04   0.698711074E-05
   0.531077603E-05   0.183987322E-04  -0.496083157E-04   0.772113799E-05
   0.571276269E-05   0.190895062E-04  -0.520720459E-04   0.764786910E-05
   0.539039092E-05   0.178346327E-04  -0.482973483E-04   0.701482577E-05
   0.540310930E-05   0.179519684E-04  -0.473072250E-04   0.668961002E-05
   0.478941274E-05   0.155674006E-04  -0.394297895E-04   0.483428630E-05
   0.396853284E-05   0.126846080E-04  -0.301355030E-04   0.328512579E-05
   0.267297969E-05   0.803189778E-05  -0.173814406E-04   0.181377823E-05
   0.219293861E-05   0.517293574E-05  -0.102649565E-04   0.738691767E-06
   0.315738225E-05   0.625084749E-05  -0.161507542E-04   0.213249086E-05
   0.838198957E-05   0.179541403E-04  -0.586594469E-04   0.908393395E-05
   0.181824744E-04   0.425152648E-04  -0.139515454E-03   0.214460979E-04
   0.355443408E-04   0.863698879E-04  -0.279582891E-03   0.413346170E-04
   0.681816746E-04   0.168078070E-03  -0.539882283E-03   0.773430656E-04
   0.115081319E-03   0.286195049E-03  -0.905163877E-03   0.124290949E-03
   0.186423742E-03   0.463449163E-03  -0.144717179E-02   0.191392362E-03
   0.282191962E-03   0.703984348E-03  -0.215652911E-02   0.272780890E-03
   0.409115542E-03   0.101716095E-02  -0.306159514E-02   0.371592061E-03
   0.572205347E-03   0.141839671E-02  -0.418226747E-02   0.487155514E-03
   0.774204847E-03   0.192057900E-02  -0.551681546E-02   0.611803611E-03
   0.100923085E-02   0.250889827E-02  -0.698246388E-02   0.732620247E-03
   0.129753712E-02   0.323872804E-02  -0.870512426E-02   0.865614100E-03
   0.162288407E-02   0.408187043E-02  -0.105162747E-01   0.991733628E-03
   0.199267082E-02   0.507156411E-02  -0.124373687E-01   0.110275997E-02
   0.239711464E-02   0.620554620E-02  -0.143549237E-01   0.118287350E-02
   0.283229607E-02   0.748882070E-02  -0.161853265E-01   0.124599109E-02
   0.330144051E-02   0.895784516E-02  -0.179183241E-01   0.127202051E-02
   0.379976793E-02   0.106214695E-01  -0.194644704E-01   0.126734027E-02
   0.432039192E-02   0.124885179E-01  -0.207077563E-01   0.121988135E-02
   0.485718669E-02   0.145449927E-01  -0.215707794E-01   0.115141622E-02
   0.540488027E-02   0.167870652E-01  -0.219511259E-01   0.105434796E-02
   0.595966540E-02   0.191887040E-01  -0.217629112E-01   0.914309174E-03
   0.651005749E-02   0.216780286E-01  -0.209197905E-01   0.748604827E-03
   0.703237159E-02   0.241560433E-01  -0.192750599E-01   0.581305590E-03
   0.751500437E-02   0.265105404E-01  -0.168189146E-01   0.406930427E-03
   0.792946387E-02   0.285732597E-01  -0.135325380E-01   0.245652423E-03
   0.825119391E-02   0.301946029E-01  -0.951206498E-02   0.114876668E-03
   0.845219102E-02   0.312262345E-01  -0.491253240E-02   0.296576000E-04
   0.852234662E-02   0.315924361E-01  -0.120342900E-07   0.000000000E+00
