   0.225083693E-02   0.361639559E+00   0.348460532E-07   0.000000000E+00
   0.225634314E-02   0.356408954E+00   0.224650074E-01   0.163540753E-03
   0.227138307E-02   0.341378808E+00   0.431785174E-01   0.623462081E-03
   0.228677830E-02   0.317880809E+00   0.605453476E-01   0.128903217E-02
   0.229044887E-02   0.288011909E+00   0.735276341E-01   0.203419779E-02
   0.227030390E-02   0.254237890E+00   0.817408785E-01   0.274107186E-02
   0.221842737E-02   0.219099268E+00   0.855575278E-01   0.333142979E-02
   0.211926107E-02   0.184250772E+00   0.846906006E-01   0.372976321E-02
   0.197781972E-02   0.151517063E+00   0.805381387E-01   0.391112547E-02
   0.179750274E-02   0.121907644E+00   0.738274306E-01   0.388246379E-02
   0.158156117E-02   0.958263651E-01   0.650017038E-01   0.368055957E-02
   0.134673202E-02   0.736036226E-01   0.551821925E-01   0.334768998E-02
   0.110409828E-02   0.551464222E-01   0.449501984E-01   0.289373030E-02
   0.869464304E-03   0.402106382E-01   0.350398645E-01   0.237746327E-02
   0.654959644E-03   0.284707732E-01   0.260183997E-01   0.186361757E-02
   0.469627732E-03   0.195052717E-01   0.182540305E-01   0.137050636E-02
   0.316250371E-03   0.128456820E-01   0.118478471E-01   0.921306084E-03
   0.204998825E-03   0.823349878E-02   0.735947862E-02   0.587334507E-03
   0.121415491E-03   0.501854159E-02   0.400481327E-02   0.326416426E-03
   0.674398179E-04   0.296919257E-02   0.195325934E-02   0.157138813E-03
   0.333849566E-04   0.169642898E-02   0.731872628E-03   0.547035197E-04
   0.151277281E-04   0.980450772E-03   0.181750642E-03   0.945434294E-05
   0.739461120E-05   0.619102735E-03   0.651003138E-04   0.537813366E-05
   0.569667964E-05   0.455440662E-03   0.165874953E-03   0.220729908E-04
   0.588315106E-05   0.366705586E-03   0.291520671E-03   0.400885328E-04
   0.692208141E-05   0.337716192E-03   0.428764644E-03   0.613851807E-04
   0.762087257E-05   0.308530842E-03   0.493042578E-03   0.701846293E-04
   0.745003081E-05   0.271670724E-03   0.500625058E-03   0.730513857E-04
   0.622752577E-05   0.211144987E-03   0.413081056E-03   0.602117107E-04
   0.534964920E-05   0.173046777E-03   0.359418482E-03   0.535011350E-04
   0.383837778E-05   0.122716185E-03   0.263363676E-03   0.408597152E-04
   0.278464290E-05   0.866800910E-04   0.191909625E-03   0.299328676E-04
   0.149370840E-05   0.464584627E-04   0.103675302E-03   0.165318397E-04
   0.874935267E-06   0.270084111E-04   0.600573949E-04   0.966841617E-05
   0.653951645E-06   0.195897537E-04   0.432546622E-04   0.699925567E-05
   0.252628325E-06   0.754698476E-05   0.164742414E-04   0.265982976E-05
   0.649891305E-07   0.156196586E-05   0.296998019E-05   0.372846102E-06
   0.136614764E-07   0.344664187E-06   0.764043023E-06   0.683450239E-07
   0.212081286E-07   0.373890174E-06  -0.849076329E-07   0.221984976E-06
   0.178287056E-07   0.624938480E-06   0.122350878E-05   0.351321688E-06
   0.549352919E-07   0.180408858E-05   0.253080316E-05   0.112118710E-05
   0.826362552E-07   0.296218741E-05   0.492624622E-05   0.177707500E-05
   0.152338018E-06   0.410709299E-05   0.789960552E-06   0.282928613E-05
   0.117461262E-06   0.324797702E-05  -0.272193438E-05   0.248818037E-05
   0.112189895E-06   0.328408032E-05  -0.137052621E-05   0.245619981E-05
   0.100643071E-06   0.362138712E-05   0.403410422E-05   0.237460495E-05
   0.135495952E-06   0.359984892E-05  -0.245752540E-05   0.268735039E-05
   0.146539250E-06   0.398477823E-05  -0.120605284E-05   0.289187892E-05
   0.104104060E-06   0.209388645E-05  -0.593927507E-05   0.162767060E-05
   0.397178148E-07   0.119920139E-05  -0.950854258E-06   0.937456548E-06
   0.106713266E-06   0.196805831E-05  -0.357701083E-05   0.143138618E-05
   0.416279633E-07   0.723300502E-06  -0.186892589E-05   0.539741620E-06
   0.314170840E-07   0.532286208E-06  -0.363574657E-06   0.333159818E-06
   0.209089048E-07   0.239093339E-06  -0.467850469E-06   0.535154712E-07
   0.118315178E-06   0.144719445E-05  -0.490335151E-05   0.651570247E-06
   0.431420347E-06   0.563439335E-05  -0.200206832E-04   0.299143539E-05
   0.102787635E-05   0.135694081E-04  -0.501271206E-04   0.783461383E-05
   0.171397426E-05   0.223634652E-04  -0.837024199E-04   0.132924870E-04
   0.267113114E-05   0.343452848E-04  -0.125661638E-03   0.189950533E-04
   0.397474469E-05   0.507178338E-04  -0.184146571E-03   0.278467505E-04
   0.703975638E-05   0.884911497E-04  -0.322822918E-03   0.489005324E-04
   0.997482948E-05   0.122109865E-03  -0.439180178E-03   0.635961187E-04
   0.124072094E-04   0.150043445E-03  -0.523667142E-03   0.757586677E-04
   0.144928526E-04   0.172311542E-03  -0.568047224E-03   0.803754883E-04
   0.153625388E-04   0.179008770E-03  -0.528700417E-03   0.738161325E-04
   0.177477687E-04   0.201025920E-03  -0.501710281E-03   0.670072259E-04
   0.190330611E-04   0.207977937E-03  -0.359014724E-03   0.471629501E-04
   0.217574798E-04   0.223867261E-03  -0.178225368E-03   0.240527697E-04
   0.306896291E-04   0.299413427E-03  -0.705805433E-04   0.937672849E-05
   0.515717657E-04   0.482239266E-03  -0.203262927E-03   0.240502068E-04
   0.931256654E-04   0.853816164E-03  -0.756304769E-03   0.821011636E-04
   0.171286665E-03   0.154842495E-02  -0.213266583E-02   0.223382027E-03
   0.293777353E-03   0.264174002E-02  -0.429976732E-02   0.430036162E-03
   0.485090393E-03   0.434451224E-02  -0.778496265E-02   0.747843296E-03
   0.760532566E-03   0.680500316E-02  -0.126104886E-01   0.115078385E-02
   0.113969611E-02   0.102075720E-01  -0.188357998E-01   0.163487776E-02
   0.163931982E-02   0.147211524E-01  -0.263171624E-01   0.219912571E-02
   0.227459893E-02   0.205627810E-01  -0.348284282E-01   0.274557178E-02
   0.305355969E-02   0.278545078E-01  -0.438213125E-01   0.329181924E-02
   0.399361923E-02   0.368398391E-01  -0.531703979E-01   0.374789350E-02
   0.507305469E-02   0.474227630E-01  -0.615019016E-01   0.408263737E-02
   0.631494680E-02   0.598299541E-01  -0.691406950E-01   0.427546818E-02
   0.768019352E-02   0.737575889E-01  -0.746511370E-01   0.428446988E-02
   0.915042497E-02   0.889796540E-01  -0.776734725E-01   0.403749989E-02
   0.106925350E-01   0.105074212E+00  -0.778459534E-01   0.361500704E-02
   0.122357504E-01   0.121268459E+00  -0.742304549E-01   0.296832458E-02
   0.136977779E-01   0.136618868E+00  -0.664523467E-01   0.219422672E-02
   0.149889607E-01   0.150135472E+00  -0.545841046E-01   0.138378353E-02
   0.160112958E-01   0.160792485E+00  -0.389104150E-01   0.669555739E-03
   0.166672636E-01   0.167616993E+00  -0.202830993E-01   0.176597940E-03
   0.168935079E-01   0.169956744E+00  -0.407779801E-07   0.000000000E+00
