   0.833037961E-02   0.355565250E+00   0.000000000E+00   0.000000000E+00
   0.834364817E-02   0.353376478E+00   0.299853813E-01   0.190999112E-03
   0.833516382E-02   0.346945226E+00   0.587315522E-01   0.749145634E-03
   0.832947530E-02   0.336535901E+00   0.852285624E-01   0.163440022E-02
   0.829759147E-02   0.322510928E+00   0.108483300E+00   0.274465000E-02
   0.825135503E-02   0.305827022E+00   0.127917528E+00   0.407277374E-02
   0.817169528E-02   0.286853105E+00   0.143199071E+00   0.545639684E-02
   0.803893991E-02   0.266127348E+00   0.153935686E+00   0.680846022E-02
   0.785039924E-02   0.244464189E+00   0.160312831E+00   0.808435678E-02
   0.763965445E-02   0.222658083E+00   0.163396761E+00   0.917270500E-02
   0.734277070E-02   0.200788692E+00   0.162244603E+00   0.101574725E-01
   0.700820144E-02   0.179620937E+00   0.158497691E+00   0.108100409E-01
   0.660852483E-02   0.159254387E+00   0.151879489E+00   0.112839229E-01
   0.616585789E-02   0.140076846E+00   0.143309161E+00   0.114576044E-01
   0.568376342E-02   0.122101597E+00   0.133065343E+00   0.113793919E-01
   0.519577181E-02   0.105673432E+00   0.122215763E+00   0.111328391E-01
   0.466471538E-02   0.904935822E-01   0.110089242E+00   0.105956960E-01
   0.413755095E-02   0.768209174E-01   0.978745446E-01   0.992443506E-02
   0.362581178E-02   0.646491647E-01   0.859045535E-01   0.910805445E-02
   0.312720891E-02   0.537151881E-01   0.740721971E-01   0.824215356E-02
   0.265950942E-02   0.441975892E-01   0.629967600E-01   0.730821071E-02
   0.221376191E-02   0.357791521E-01   0.523681231E-01   0.626641931E-02
   0.182985177E-02   0.287124217E-01   0.431881957E-01   0.537365442E-02
   0.148196553E-02   0.227001961E-01   0.348828807E-01   0.446576392E-02
   0.116221816E-02   0.174477771E-01   0.271721128E-01   0.358624617E-02
   0.898482511E-03   0.132482247E-01   0.208478849E-01   0.279429811E-02
   0.678588171E-03   0.983530097E-02   0.155713661E-01   0.212735054E-02
   0.512038649E-03   0.723778456E-02   0.115861772E-01   0.161818671E-02
   0.365574815E-03   0.510836253E-02   0.810100138E-02   0.113025960E-02
   0.259198394E-03   0.353472051E-02   0.556758512E-02   0.779459835E-03
   0.176221074E-03   0.236336468E-02   0.362680922E-02   0.502499053E-03
   0.108365639E-03   0.147379003E-02   0.206009205E-02   0.273822283E-03
   0.705286366E-04   0.940022408E-03   0.121925515E-02   0.159494928E-03
   0.400999925E-04   0.565460650E-03   0.567259733E-03   0.754656066E-04
   0.226884349E-04   0.361329905E-03   0.223505034E-03   0.440812728E-04
   0.118231592E-04   0.243299422E-03   0.400230419E-04   0.346385714E-04
   0.690102888E-05   0.208715574E-03  -0.320034414E-04   0.557382082E-04
   0.504420859E-05   0.207541510E-03  -0.231836530E-04   0.826189862E-04
   0.502498733E-05   0.233508603E-03   0.477114190E-05   0.119440418E-03
   0.624001450E-05   0.272091507E-03   0.596600257E-04   0.157751099E-03
   0.799142254E-05   0.304556044E-03   0.100291916E-03   0.192230364E-03
   0.102212298E-04   0.343181076E-03   0.129971770E-03   0.229675119E-03
   0.108275017E-04   0.354475429E-03   0.138793810E-03   0.247042364E-03
   0.130549852E-04   0.366059801E-03   0.885698028E-04   0.270860968E-03
   0.136329272E-04   0.372362265E-03   0.873207900E-04   0.280357315E-03
   0.144621890E-04   0.371237111E-03   0.695281487E-04   0.284243870E-03
   0.148334830E-04   0.360297912E-03   0.211145707E-04   0.281744404E-03
   0.135085156E-04   0.335804478E-03   0.149456337E-04   0.263787719E-03
   0.140462198E-04   0.316410442E-03  -0.329194481E-04   0.249594304E-03
   0.122857555E-04   0.286829512E-03  -0.137708539E-04   0.223783747E-03
   0.105068239E-04   0.253864942E-03   0.219690010E-04   0.193237182E-03
   0.916229692E-05   0.207186720E-03   0.399452983E-05   0.149939428E-03
   0.839322183E-05   0.182099888E-03   0.413608614E-04   0.121264493E-03
   0.846693547E-05   0.150791297E-03   0.447741586E-04   0.836808395E-04
   0.105058789E-04   0.144270292E-03   0.507239492E-04   0.591540047E-04
   0.162953947E-04   0.142638499E-03  -0.311814329E-04   0.322503329E-04
   0.301662240E-04   0.208302357E-03  -0.236519903E-03   0.394987728E-04
   0.485442361E-04   0.318617298E-03  -0.499624875E-03   0.610861171E-04
   0.815258827E-04   0.512508268E-03  -0.101550086E-02   0.119905890E-03
   0.129148932E-03   0.822694623E-03  -0.177684741E-02   0.217156368E-03
   0.205910546E-03   0.132689055E-02  -0.305374712E-02   0.391963375E-03
   0.302231405E-03   0.193731138E-02  -0.457678316E-02   0.610966585E-03
   0.426403596E-03   0.277774385E-02  -0.655782549E-02   0.882941822E-03
   0.595661986E-03   0.394287426E-02  -0.926552620E-02   0.122459338E-02
   0.799634319E-03   0.532420073E-02  -0.124017773E-01   0.164800021E-02
   0.105433248E-02   0.709170522E-02  -0.162720457E-01   0.211601914E-02
   0.135714770E-02   0.923317485E-02  -0.207585357E-01   0.263053272E-02
   0.171832030E-02   0.117846327E-01  -0.259251464E-01   0.321169128E-02
   0.212972937E-02   0.147877187E-01  -0.316327363E-01   0.380750746E-02
   0.260887085E-02   0.183743630E-01  -0.381046832E-01   0.442429446E-02
   0.311593805E-02   0.223450046E-01  -0.445287526E-01   0.496305106E-02
   0.368126435E-02   0.269145295E-01  -0.514048897E-01   0.551864132E-02
   0.429005828E-02   0.320919231E-01  -0.584239326E-01   0.600812351E-02
   0.492779957E-02   0.378653221E-01  -0.653069690E-01   0.634642411E-02
   0.558712380E-02   0.442630425E-01  -0.718627796E-01   0.662933709E-02
   0.624521030E-02   0.512299575E-01  -0.776848793E-01   0.675470801E-02
   0.692658732E-02   0.589829087E-01  -0.832274407E-01   0.678043161E-02
   0.757140713E-02   0.672022775E-01  -0.873939469E-01   0.666665519E-02
   0.819036644E-02   0.760231391E-01  -0.903884619E-01   0.639395323E-02
   0.878111552E-02   0.853660926E-01  -0.921541378E-01   0.601541810E-02
   0.934278406E-02   0.952385813E-01  -0.926658437E-01   0.553851342E-02
   0.984082092E-02   0.105276100E+00  -0.913053900E-01   0.493599009E-02
   0.102864364E-01   0.115447432E+00  -0.881332085E-01   0.426422572E-02
   0.106732603E-01   0.125466987E+00  -0.830329582E-01   0.353591191E-02
   0.110075017E-01   0.135049835E+00  -0.760194287E-01   0.278859329E-02
   0.112786507E-01   0.143961802E+00  -0.670029819E-01   0.206769700E-02
   0.114939874E-01   0.151712969E+00  -0.562141277E-01   0.137982843E-02
   0.116601456E-01   0.158263370E+00  -0.438330173E-01   0.813077495E-03
   0.117756873E-01   0.163116202E+00  -0.300086904E-01   0.369599118E-03
   0.118448613E-01   0.166086942E+00  -0.152562736E-01   0.936256401E-04
   0.118673733E-01   0.167152181E+00  -0.320624309E-07   0.000000000E+00
