   0.537357468E-03   0.800528675E-01   0.104915241E-07   0.000000000E+00
   0.553399441E-03   0.788021684E-01   0.675994996E-02   0.434167778E-04
   0.597760838E-03   0.752118975E-01   0.129301734E-01   0.163928693E-03
   0.661744445E-03   0.696804672E-01   0.179884955E-01   0.339823251E-03
   0.731619424E-03   0.627540499E-01   0.216781776E-01   0.534706458E-03
   0.794064894E-03   0.550568923E-01   0.238701254E-01   0.723067380E-03
   0.835838786E-03   0.471073389E-01   0.246091094E-01   0.872349425E-03
   0.851543446E-03   0.394056737E-01   0.241650604E-01   0.981318066E-03
   0.832679274E-03   0.322422162E-01   0.226657614E-01   0.102551933E-02
   0.784283737E-03   0.258179381E-01   0.204761010E-01   0.101857958E-02
   0.709961983E-03   0.202248693E-01   0.178276394E-01   0.964240928E-03
   0.615305209E-03   0.154730333E-01   0.149164861E-01   0.869431300E-03
   0.514475163E-03   0.115760984E-01   0.120954039E-01   0.757014437E-03
   0.407912972E-03   0.838732999E-02   0.930865668E-02   0.621614396E-03
   0.312689517E-03   0.593304308E-02   0.695396634E-02   0.491354847E-03
   0.225256954E-03   0.402731868E-02   0.486668386E-02   0.362938910E-03
   0.153821384E-03   0.262866635E-02   0.321776001E-02   0.252919301E-03
   0.977322707E-04   0.163175783E-02   0.195740256E-02   0.159137286E-03
   0.571176279E-04   0.958547054E-03   0.107282703E-02   0.890452648E-04
   0.300610882E-04   0.531612197E-03   0.507503049E-03   0.420503238E-04
   0.146026787E-04   0.286632683E-03   0.207549980E-03   0.165780693E-04
   0.530694660E-05   0.149943167E-03   0.442413511E-04   0.237829681E-05
   0.217809520E-05   0.910256567E-04   0.107971264E-04   0.394656240E-06
   0.136199480E-05   0.691461246E-04   0.214376996E-04   0.287616899E-05
   0.173939191E-05   0.632648371E-04   0.494628875E-04   0.673969362E-05
   0.250493940E-05   0.664350882E-04   0.817091786E-04   0.116350002E-04
   0.282169981E-05   0.612580334E-04   0.921789979E-04   0.130518138E-04
   0.283876375E-05   0.546385672E-04   0.916140052E-04   0.131130409E-04
   0.268341000E-05   0.482739670E-04   0.870452059E-04   0.129343889E-04
   0.219535104E-05   0.376444805E-04   0.709009473E-04   0.107227870E-04
   0.159427486E-05   0.267988435E-04   0.519037058E-04   0.812598046E-05
   0.117983689E-05   0.191866111E-04   0.374348529E-04   0.585158796E-05
   0.695862298E-06   0.112628859E-04   0.220849342E-04   0.354058375E-05
   0.293711821E-06   0.504227955E-05   0.996149629E-05   0.180415338E-05
   0.185929693E-06   0.300489683E-05   0.601692227E-05   0.990155627E-06
   0.620131146E-07   0.938749793E-06   0.167792211E-05   0.278658291E-06
   0.322265272E-07   0.464073366E-06   0.831275713E-06   0.129132943E-06
   0.138962220E-07   0.742168424E-07  -0.140242676E-06   0.119908785E-07
   0.258635913E-08   0.176658226E-07  -0.494815433E-08   0.875874662E-08
   0.216030447E-07   0.253967983E-06   0.412733897E-06   0.123849247E-06
   0.250693351E-07   0.405518620E-06   0.717356727E-06   0.206942076E-06
   0.537018607E-07   0.754259247E-06   0.109021983E-05   0.401269659E-06
   0.493392243E-07   0.789375179E-06   0.115288890E-05   0.431046630E-06
   0.494783485E-07   0.521403024E-06  -0.874896386E-06   0.401819790E-06
   0.417703525E-07   0.670970337E-06   0.611581015E-06   0.412493819E-06
   0.320072395E-07   0.581557970E-06   0.561733316E-06   0.361161227E-06
   0.587808557E-07   0.655353915E-06  -0.749925846E-06   0.488443959E-06
   0.622433376E-07   0.619092646E-06  -0.104396418E-05   0.469906240E-06
   0.712503692E-07   0.604843422E-06  -0.117095499E-05   0.445421762E-06
   0.237384103E-07   0.247881985E-06  -0.559048033E-06   0.198791966E-06
   0.367767505E-07   0.253359644E-06  -0.786231510E-06   0.186056241E-06
   0.871528094E-08   0.715930568E-07  -0.178179505E-06   0.548798553E-07
   0.151421187E-07   0.100225655E-06  -0.350561550E-06   0.674563978E-07
   0.420096180E-08   0.194767189E-07  -0.515120320E-07   0.489913576E-08
   0.436002381E-07   0.230853132E-06  -0.865596746E-06   0.127561208E-06
   0.124531653E-06   0.711012319E-06  -0.258777027E-05   0.428176804E-06
   0.339319399E-06   0.188894160E-05  -0.695930021E-05   0.110998280E-05
   0.666299456E-06   0.366663949E-05  -0.134679003E-04   0.210051553E-05
   0.151212851E-05   0.825313600E-05  -0.304466521E-04   0.478816128E-05
   0.225666076E-05   0.122330357E-04  -0.445115729E-04   0.688835689E-05
   0.331190290E-05   0.173796325E-04  -0.632300798E-04   0.935572461E-05
   0.472355987E-05   0.245344072E-04  -0.879583095E-04   0.130001627E-04
   0.609716926E-05   0.308353592E-04  -0.108309687E-03   0.153307938E-04
   0.722231016E-05   0.359813785E-04  -0.120974342E-03   0.169354153E-04
   0.813004954E-05   0.397001859E-04  -0.123434409E-03   0.167138460E-04
   0.836701111E-05   0.398153425E-04  -0.105950268E-03   0.138627993E-04
   0.771878149E-05   0.350136288E-04  -0.637750272E-04   0.836486652E-05
   0.830844965E-05   0.348799331E-04  -0.275349357E-04   0.393777009E-05
   0.116978199E-04   0.450158659E-04  -0.136024082E-04   0.216302601E-05
   0.216535882E-04   0.791611310E-04  -0.734908681E-04   0.880070547E-05
   0.433025743E-04   0.156489594E-03  -0.262751855E-03   0.287406219E-04
   0.841584697E-04   0.303335983E-03  -0.663122395E-03   0.691291061E-04
   0.148805833E-03   0.535815663E-03  -0.128233165E-02   0.127248699E-03
   0.255160121E-03   0.916337827E-03  -0.233082427E-02   0.220507092E-03
   0.404796476E-03   0.145090080E-02  -0.370677700E-02   0.333139411E-03
   0.613869051E-03   0.219948986E-02  -0.552978879E-02   0.470947765E-03
   0.884520530E-03   0.317685516E-02  -0.766691240E-02   0.616789272E-03
   0.122805883E-02   0.443448266E-02  -0.101145636E-01   0.766689773E-03
   0.165291072E-02   0.601683650E-02  -0.128137674E-01   0.916517922E-03
   0.214610179E-02   0.791039411E-02  -0.153993284E-01   0.102927629E-02
   0.272177067E-02   0.101822754E-01  -0.179066285E-01   0.111274875E-02
   0.337176886E-02   0.128217125E-01  -0.200869534E-01   0.115829962E-02
   0.409624167E-02   0.158410929E-01  -0.218322687E-01   0.115273509E-02
   0.487476774E-02   0.191633161E-01  -0.228471365E-01   0.109087932E-02
   0.568940444E-02   0.227014795E-01  -0.229361262E-01   0.966892927E-03
   0.651541632E-02   0.263256412E-01  -0.219653733E-01   0.795440981E-03
   0.730823074E-02   0.298236292E-01  -0.197844505E-01   0.591902237E-03
   0.801795255E-02   0.329461470E-01  -0.163431950E-01   0.373143703E-03
   0.858176779E-02   0.354300216E-01  -0.116938977E-01   0.181182186E-03
   0.894769747E-02   0.370324291E-01  -0.610501319E-02   0.476522109E-04
   0.907448400E-02   0.375928320E-01  -0.154861830E-07   0.000000000E+00
