   0.304615851E-01   0.225679398E+00   0.151329722E-07   0.000000000E+00
   0.302030854E-01   0.223849237E+00   0.189409032E-01   0.135324764E-03
   0.294419359E-01   0.218131229E+00   0.367208794E-01   0.524608186E-03
   0.282476339E-01   0.209316164E+00   0.523454770E-01   0.112447166E-02
   0.267134104E-01   0.197770655E+00   0.651225895E-01   0.186146598E-02
   0.249437634E-01   0.184244543E+00   0.747069418E-01   0.266791694E-02
   0.230428874E-01   0.169483542E+00   0.810778663E-01   0.347496988E-02
   0.211153608E-01   0.154263601E+00   0.845148042E-01   0.420496147E-02
   0.192088168E-01   0.138954535E+00   0.853450224E-01   0.484135933E-02
   0.173869450E-01   0.124131680E+00   0.841021538E-01   0.537484791E-02
   0.156778563E-01   0.110062733E+00   0.812574178E-01   0.574214896E-02
   0.140891606E-01   0.968817323E-01   0.772117898E-01   0.596420327E-02
   0.126276212E-01   0.848167986E-01   0.723730847E-01   0.607642857E-02
   0.112741385E-01   0.737783536E-01   0.669614747E-01   0.604739180E-02
   0.100253019E-01   0.638303980E-01   0.612255149E-01   0.588171976E-02
   0.889717415E-02   0.549429618E-01   0.555325523E-01   0.568812340E-02
   0.784625113E-02   0.470420718E-01   0.497873276E-01   0.538158137E-02
   0.689993706E-02   0.400471501E-01   0.443318337E-01   0.504404772E-02
   0.600968814E-02   0.338647626E-01   0.389494412E-01   0.465054298E-02
   0.521467021E-02   0.284794364E-01   0.340000950E-01   0.421421090E-02
   0.448999880E-02   0.237880182E-01   0.293775126E-01   0.380308484E-02
   0.383549812E-02   0.197391640E-01   0.251406115E-01   0.334623200E-02
   0.323480391E-02   0.162093062E-01   0.211822148E-01   0.290309801E-02
   0.271946401E-02   0.132427309E-01   0.177736711E-01   0.250553596E-02
   0.225549098E-02   0.106774326E-01   0.146613065E-01   0.211249967E-02
   0.185613858E-02   0.855339039E-02   0.119929211E-01   0.175675005E-02
   0.150431728E-02   0.674212398E-02   0.961892121E-02   0.142458314E-02
   0.120717450E-02   0.525689591E-02   0.761992997E-02   0.113663357E-02
   0.954538758E-03   0.403527496E-02   0.592056382E-02   0.881260610E-03
   0.745230878E-03   0.304250186E-02   0.451401249E-02   0.671054644E-03
   0.572672929E-03   0.225084135E-02   0.336267659E-02   0.494407839E-03
   0.434969814E-03   0.164187013E-02   0.245092483E-02   0.348201953E-03
   0.321916566E-03   0.115189364E-02   0.170944841E-02   0.235527477E-03
   0.235809712E-03   0.799326925E-03   0.115068909E-02   0.146292892E-03
   0.170361076E-03   0.539002067E-03   0.739359879E-03   0.868993011E-04
   0.119861841E-03   0.344825443E-03   0.438248157E-03   0.473440377E-04
   0.843597663E-04   0.222582908E-03   0.226673175E-03   0.220062611E-04
   0.572374192E-04   0.136573319E-03   0.830791105E-04   0.902240936E-05
   0.407236694E-04   0.924107444E-04   0.194697122E-05   0.726254029E-05
   0.283421869E-04   0.657726996E-04  -0.477269059E-04   0.995527080E-05
   0.201880284E-04   0.537066589E-04  -0.688463406E-04   0.158480379E-04
   0.151118793E-04   0.525645446E-04  -0.703169499E-04   0.239894016E-04
   0.125164679E-04   0.566532872E-04  -0.610688876E-04   0.323268760E-04
   0.106858652E-04   0.603447079E-04  -0.432316119E-04   0.383007173E-04
   0.103621505E-04   0.675282499E-04  -0.263054517E-04   0.444176512E-04
   0.940645805E-05   0.671907546E-04  -0.362394508E-05   0.443199133E-04
   0.889661897E-05   0.659621655E-04   0.198909929E-04   0.412812478E-04
   0.981610992E-05   0.672119932E-04   0.389327033E-04   0.394989402E-04
   0.111098234E-04   0.656049160E-04   0.554920371E-04   0.328681199E-04
   0.134637176E-04   0.601728389E-04   0.595376587E-04   0.237981803E-04
   0.184412875E-04   0.606280082E-04   0.528705277E-04   0.154691625E-04
   0.260335946E-04   0.630888680E-04   0.307277660E-04   0.691312516E-05
   0.384738232E-04   0.694576956E-04  -0.213301810E-04  -0.263586713E-06
   0.566853196E-04   0.967535452E-04  -0.942383340E-04  -0.174728996E-05
   0.853940073E-04   0.143538957E-03  -0.222761271E-03   0.347993591E-05
   0.124510829E-03   0.208311365E-03  -0.407463638E-03   0.181636569E-04
   0.173463312E-03   0.301864522E-03  -0.632279902E-03   0.394052768E-04
   0.247272401E-03   0.450604566E-03  -0.984647428E-03   0.793016588E-04
   0.342463434E-03   0.642416358E-03  -0.143997581E-02   0.138697244E-03
   0.455784699E-03   0.887617294E-03  -0.196871487E-02   0.204325523E-03
   0.603025022E-03   0.120287901E-02  -0.265432941E-02   0.298103812E-03
   0.788366422E-03   0.161304639E-02  -0.351119158E-02   0.410156208E-03
   0.100063393E-02   0.210161647E-02  -0.446818490E-02   0.530520047E-03
   0.127028895E-02   0.272614276E-02  -0.568593200E-02   0.689919048E-03
   0.158644037E-02   0.346088852E-02  -0.707203709E-02   0.870431657E-03
   0.194028136E-02   0.433700019E-02  -0.858383626E-02   0.102586229E-02
   0.236348691E-02   0.537803210E-02  -0.103643714E-01   0.123633933E-02
   0.282981899E-02   0.659319246E-02  -0.122634144E-01   0.142605754E-02
   0.335612660E-02   0.799436960E-02  -0.143472338E-01   0.164319412E-02
   0.394559279E-02   0.964611676E-02  -0.166157335E-01   0.182477187E-02
   0.458541233E-02   0.115264393E-01  -0.189811904E-01   0.200738199E-02
   0.529133063E-02   0.137043465E-01  -0.215069186E-01   0.217735674E-02
   0.604116451E-02   0.161686204E-01  -0.240490977E-01   0.229666405E-02
   0.684346259E-02   0.189798698E-01  -0.266368669E-01   0.243610609E-02
   0.770413177E-02   0.221951939E-01  -0.292649586E-01   0.247447635E-02
   0.860748533E-02   0.258028880E-01  -0.318463780E-01   0.253040786E-02
   0.954986922E-02   0.298689567E-01  -0.343140811E-01   0.257033575E-02
   0.105449967E-01   0.344599299E-01  -0.366537534E-01   0.247233361E-02
   0.115604838E-01   0.395113938E-01  -0.387213528E-01   0.238473946E-02
   0.126021812E-01   0.451339260E-01  -0.404228866E-01   0.228657294E-02
   0.136592463E-01   0.512152128E-01  -0.416926034E-01   0.213506422E-02
   0.147304637E-01   0.578199513E-01  -0.423469692E-01   0.193497655E-02
   0.157906450E-01   0.647256896E-01  -0.422066338E-01   0.167009386E-02
   0.168085415E-01   0.718720406E-01  -0.411040746E-01   0.142003864E-02
   0.178130809E-01   0.791851729E-01  -0.389394388E-01   0.113139115E-02
   0.187022015E-01   0.861200914E-01  -0.354314521E-01   0.856325380E-03
   0.195059646E-01   0.925632343E-01  -0.305836909E-01   0.586071925E-03
   0.201487709E-01   0.980193540E-01  -0.243822038E-01   0.349461567E-03
   0.206266716E-01   0.102207489E+00  -0.170054603E-01   0.161794800E-03
   0.209346320E-01   0.104942143E+00  -0.874335133E-02   0.419013231E-04
   0.210344680E-01   0.105865136E+00  -0.203619077E-07   0.000000000E+00
