   0.760270108E-03   0.104031421E+00  -0.339838130E-09   0.000000000E+00
   0.774111657E-03   0.102365792E+00   0.818686467E-02   0.545058829E-04
   0.813310617E-03   0.976105928E-01   0.156403575E-01   0.206571611E-03
   0.868331932E-03   0.903167427E-01   0.218149871E-01   0.423581019E-03
   0.925476139E-03   0.811594650E-01   0.262101684E-01   0.665113679E-03
   0.973221613E-03   0.709948540E-01   0.288510006E-01   0.893230259E-03
   0.996141462E-03   0.604887158E-01   0.296377279E-01   0.107099372E-02
   0.991630601E-03   0.503648706E-01   0.290484577E-01   0.118804222E-02
   0.951489026E-03   0.409324989E-01   0.271378811E-01   0.123944972E-02
   0.880727894E-03   0.325445868E-01   0.244123265E-01   0.121514685E-02
   0.784733042E-03   0.252887253E-01   0.211444758E-01   0.114229764E-02
   0.670248759E-03   0.191599838E-01   0.175739005E-01   0.102090102E-02
   0.548950571E-03   0.141476300E-01   0.140379285E-01   0.872970442E-03
   0.429433130E-03   0.101449657E-01   0.107183149E-01   0.705303624E-03
   0.320569787E-03   0.704551488E-02   0.780937867E-02   0.547827629E-03
   0.225611904E-03   0.470364746E-02   0.533904787E-02   0.392456248E-03
   0.150116641E-03   0.301707909E-02   0.343141821E-02   0.264395290E-03
   0.921418759E-04   0.183579512E-02   0.199787784E-02   0.158079856E-03
   0.514113308E-04   0.105533912E-02   0.102269044E-02   0.823722294E-04
   0.266652260E-04   0.586755748E-03   0.465927762E-03   0.370091693E-04
   0.115640150E-04   0.311305106E-03   0.147438681E-03   0.101166215E-04
   0.467032714E-05   0.174706991E-03   0.332107338E-04   0.139342706E-05
   0.212374221E-05   0.115122893E-03   0.182701660E-04   0.192141306E-05
   0.202661954E-05   0.952889604E-04   0.540887922E-04   0.757479938E-05
   0.268982217E-05   0.866658665E-04   0.886392008E-04   0.117000509E-04
   0.313651071E-05   0.805225282E-04   0.112386922E-03   0.154325717E-04
   0.361671869E-05   0.800554772E-04   0.133198861E-03   0.189363273E-04
   0.323993186E-05   0.657939963E-04   0.119370801E-03   0.172983982E-04
   0.272693114E-05   0.522705232E-04   0.100013029E-03   0.147079663E-04
   0.213831868E-05   0.395013049E-04   0.781131675E-04   0.117023601E-04
   0.147924777E-05   0.270166020E-04   0.547991840E-04   0.851817003E-05
   0.102122010E-05   0.181774558E-04   0.368058827E-04   0.576898310E-05
   0.500098054E-06   0.915588316E-05   0.189573057E-04   0.314716249E-05
   0.187305702E-06   0.363761660E-05   0.734771947E-05   0.134718709E-05
   0.116034286E-06   0.205342599E-05   0.430171849E-05   0.690699096E-06
   0.513915417E-07   0.910194103E-06   0.180048983E-05   0.301139323E-06
   0.101285753E-07   0.153862828E-06   0.176281418E-06   0.426734346E-07
   0.200581618E-08   0.279478769E-07   0.625598773E-07   0.100334159E-07
   0.191853822E-07   0.300278828E-06   0.707504228E-06   0.124218644E-06
   0.336895987E-07   0.546528327E-06   0.109399127E-05   0.263738059E-06
   0.206371293E-07   0.391022724E-06   0.707035326E-06   0.206970228E-06
   0.121405677E-07   0.327033803E-06   0.476114337E-06   0.195869163E-06
   0.621282368E-07   0.106652112E-05   0.167099461E-05   0.579072832E-06
   0.207183994E-07   0.519749619E-06   0.675281740E-06   0.320033791E-06
   0.442001316E-07   0.863241041E-06   0.956264103E-06   0.529577278E-06
   0.451367015E-07   0.679067455E-06  -0.481645486E-06   0.504193508E-06
   0.416608970E-07   0.707730237E-06   0.500561157E-06   0.449424789E-06
   0.267694347E-07   0.317622323E-06  -0.809059941E-06   0.254869775E-06
   0.710923942E-07   0.663699211E-06  -0.192498851E-05   0.506558024E-06
   0.836996605E-07   0.695430685E-06  -0.210207395E-05   0.514770363E-06
   0.263757070E-07   0.260567788E-06  -0.760521857E-06   0.203324561E-06
   0.542719967E-07   0.373776032E-06  -0.145668071E-05   0.248600600E-06
   0.708200831E-08   0.521428696E-07  -0.166521446E-06   0.379654921E-07
   0.174738819E-07   0.134058553E-06  -0.455083608E-06   0.857508127E-07
   0.112348157E-07   0.682131471E-07  -0.199998681E-06   0.268482410E-07
   0.100958516E-06   0.686589090E-06  -0.232023444E-05   0.364670228E-06
   0.169390901E-06   0.116285844E-05  -0.423448319E-05   0.721108393E-06
   0.588262594E-06   0.391308504E-05  -0.145666754E-04   0.239738301E-05
   0.958901978E-06   0.618340937E-05  -0.232650309E-04   0.377660604E-05
   0.211467227E-05   0.132792911E-04  -0.501779541E-04   0.771741270E-05
   0.310077644E-05   0.189425373E-04  -0.709829255E-04   0.103459834E-04
   0.454024939E-05   0.275418151E-04  -0.101665588E-03   0.148242734E-04
   0.667431186E-05   0.393795453E-04  -0.144458332E-03   0.205025008E-04
   0.757825546E-05   0.439833966E-04  -0.154909547E-03   0.215794371E-04
   0.872531291E-05   0.492389263E-04  -0.163279110E-03   0.217761699E-04
   0.914440170E-05   0.504923482E-04  -0.148416861E-03   0.197949212E-04
   0.948229172E-05   0.503600641E-04  -0.116341980E-03   0.152293724E-04
   0.984178951E-05   0.490757920E-04  -0.640762082E-04   0.826853011E-05
   0.123096188E-04   0.566197305E-04  -0.237612239E-04   0.350982168E-05
   0.199931928E-04   0.863275782E-04  -0.362012979E-04   0.465692165E-05
   0.382380604E-04   0.160934331E-03  -0.175635039E-03   0.195121356E-04
   0.762367708E-04   0.319363142E-03  -0.573607511E-03   0.595594793E-04
   0.140234682E-03   0.585202768E-03  -0.125338382E-02   0.124531274E-03
   0.243353192E-03   0.101315707E-02  -0.235991576E-02   0.223126757E-03
   0.399183889E-03   0.165781728E-02  -0.399080664E-02   0.359777070E-03
   0.614104327E-03   0.254991674E-02  -0.606697565E-02   0.515624648E-03
   0.901360356E-03   0.374788977E-02  -0.860223267E-02   0.695889990E-03
   0.128184329E-02   0.534890080E-02  -0.117249116E-01   0.893713790E-03
   0.174295087E-02   0.732864439E-02  -0.149415331E-01   0.107311888E-02
   0.229987944E-02   0.977209210E-02  -0.182610452E-01   0.123293907E-02
   0.295509887E-02   0.127197942E-01  -0.214859508E-01   0.135272730E-02
   0.370498374E-02   0.161771551E-01  -0.243635885E-01   0.142232224E-02
   0.453527318E-02   0.201045480E-01  -0.265265238E-01   0.142833637E-02
   0.544740353E-02   0.244945232E-01  -0.279587097E-01   0.135828799E-02
   0.640663784E-02   0.291766785E-01  -0.282410886E-01   0.122100511E-02
   0.737438863E-02   0.339443795E-01  -0.270869322E-01   0.100918557E-02
   0.831636414E-02   0.385843515E-01  -0.245215539E-01   0.750888896E-03
   0.915345270E-02   0.427160598E-01  -0.202719755E-01   0.478634029E-03
   0.982208084E-02   0.459927432E-01  -0.145372842E-01   0.232048842E-03
   0.102540804E-01   0.481134653E-01  -0.759170670E-02   0.614443779E-04
   0.104080252E-01   0.488631018E-01  -0.193872065E-07   0.000000000E+00
