   0.495690561E-03   0.908214003E-01  -0.184513516E-09   0.000000000E+00
   0.518508197E-03   0.895418450E-01   0.966982171E-02   0.606005633E-04
   0.585830829E-03   0.858653560E-01   0.186384972E-01   0.232126942E-03
   0.685111969E-03   0.801862702E-01   0.262882430E-01   0.488959427E-03
   0.799370464E-03   0.729784593E-01   0.322008952E-01   0.789267709E-03
   0.912049378E-03   0.649772584E-01   0.362604372E-01   0.109615119E-02
   0.100457959E-02   0.565765239E-01   0.383379273E-01   0.137123745E-02
   0.106510962E-02   0.483320504E-01   0.386470295E-01   0.160001847E-02
   0.108587171E-02   0.405610837E-01   0.374577008E-01   0.173675606E-02
   0.106869894E-02   0.335186496E-01   0.351549014E-01   0.182280038E-02
   0.100833713E-02   0.271858256E-01   0.318086967E-01   0.180435111E-02
   0.916566991E-03   0.216762740E-01   0.278944094E-01   0.171769434E-02
   0.800648122E-03   0.169263240E-01   0.236393567E-01   0.158283149E-02
   0.675178657E-03   0.129694203E-01   0.194456689E-01   0.140156003E-02
   0.547823613E-03   0.970421825E-02   0.154547505E-01   0.118736317E-02
   0.422912039E-03   0.701347692E-02   0.117223160E-01   0.954074378E-03
   0.312594348E-03   0.489912042E-02   0.853405427E-02   0.736517308E-03
   0.221908835E-03   0.331280660E-02   0.598009862E-02   0.545042974E-03
   0.148099978E-03   0.212335004E-02   0.393861346E-02   0.376602868E-03
   0.916320059E-04   0.126955996E-02   0.239902083E-02   0.239372312E-03
   0.513181840E-04   0.689340872E-03   0.131346041E-02   0.135908776E-03
   0.267331179E-04   0.348851958E-03   0.665432482E-03   0.713271147E-04
   0.120932036E-04   0.155645990E-03   0.287842995E-03   0.317635349E-04
   0.408751885E-05   0.560250082E-04   0.877440689E-04   0.976579759E-05
   0.156005194E-05   0.277722847E-04   0.337488418E-04   0.403248396E-05
   0.129019804E-05   0.284890648E-04   0.386451211E-04   0.592060951E-05
   0.226534485E-05   0.432941852E-04   0.702864636E-04   0.924025971E-05
   0.293793050E-05   0.517478293E-04   0.933542397E-04   0.130472317E-04
   0.358649845E-05   0.597178878E-04   0.112298869E-03   0.158752737E-04
   0.386356578E-05   0.615942554E-04   0.118539429E-03   0.167436392E-04
   0.394919653E-05   0.612421645E-04   0.119805729E-03   0.171361280E-04
   0.324617827E-05   0.501920040E-04   0.100760735E-03   0.151058848E-04
   0.252189398E-05   0.381306018E-04   0.770434053E-04   0.114587683E-04
   0.184885550E-05   0.279063661E-04   0.568017131E-04   0.867187373E-05
   0.138126882E-05   0.197869576E-04   0.397443473E-04   0.572853833E-05
   0.831278271E-06   0.113297356E-04   0.218523728E-04   0.307317919E-05
   0.501511863E-06   0.666506230E-05   0.135690589E-04   0.180824907E-05
   0.337744325E-06   0.409346876E-05   0.821366211E-05   0.980066375E-06
   0.937743465E-07   0.764632148E-06   0.168650661E-05   0.388678920E-07
   0.131286285E-06   0.106550340E-05   0.256229782E-06   0.200234737E-06
   0.394002093E-07   0.142372627E-06  -0.458262519E-06   0.479072426E-08
   0.702753411E-07   0.347957723E-06  -0.134710399E-05   0.178755556E-06
   0.609315762E-07   0.646134652E-06  -0.644057963E-07   0.415761292E-06
   0.630239754E-07   0.696758150E-06  -0.100088903E-05   0.537716630E-06
   0.197057926E-07   0.427896993E-06  -0.364105368E-07   0.324304068E-06
   0.519760803E-07   0.997115762E-06   0.133064793E-05   0.575625677E-06
   0.773707143E-07   0.101876242E-05   0.414986339E-07   0.696472171E-06
   0.387704411E-07   0.563713911E-06   0.486545346E-07   0.391574474E-06
   0.333354038E-07   0.462188922E-06  -0.185214120E-06   0.334362824E-06
   0.306828554E-07   0.431899679E-06   0.890946126E-06   0.139416954E-06
   0.286445534E-07   0.181958725E-06   0.310708515E-06  -0.960007895E-08
   0.100069805E-06   0.537932522E-06  -0.259640871E-06   0.417940127E-08
   0.160489833E-06   0.690920842E-06  -0.252322297E-05   0.177315556E-06
   0.488849480E-06   0.263317497E-05  -0.920125331E-05   0.115712533E-05
   0.721279775E-06   0.396342693E-05  -0.139862304E-04   0.184995497E-05
   0.144738931E-05   0.813662700E-05  -0.293124122E-04   0.423493793E-05
   0.265371136E-05   0.152314278E-04  -0.537474152E-04   0.791439288E-05
   0.323427025E-05   0.184490182E-04  -0.657600394E-04   0.987249041E-05
   0.457046417E-05   0.257783959E-04  -0.921934552E-04   0.138227360E-04
   0.567805318E-05   0.317650993E-04  -0.112080328E-03   0.161100434E-04
   0.763879780E-05   0.426236838E-04  -0.150463398E-03   0.223024399E-04
   0.785727207E-05   0.434193789E-04  -0.151259141E-03   0.217624911E-04
   0.777987498E-05   0.424952486E-04  -0.145888655E-03   0.206193145E-04
   0.724612664E-05   0.390235691E-04  -0.130205022E-03   0.177533402E-04
   0.509139454E-05   0.271175868E-04  -0.845192772E-04   0.114972809E-04
   0.344848854E-05   0.180224470E-04  -0.489858721E-04   0.745628085E-05
   0.395357711E-05   0.180162042E-04  -0.467541795E-04   0.628712269E-05
   0.846624243E-05   0.362578357E-04  -0.110055720E-03   0.137937586E-04
   0.229506222E-04   0.984937724E-04  -0.335341436E-03   0.399871569E-04
   0.513686355E-04   0.218955509E-03  -0.768084254E-03   0.884205510E-04
   0.101030098E-03   0.427850493E-03  -0.150505593E-02   0.165991820E-03
   0.181221592E-03   0.761850737E-03  -0.265655783E-02   0.280112319E-03
   0.298738130E-03   0.124463963E-02  -0.426776009E-02   0.429544074E-03
   0.466078112E-03   0.192885089E-02  -0.645632297E-02   0.617318961E-03
   0.678385783E-03   0.278611435E-02  -0.903192442E-02   0.822963892E-03
   0.955494936E-03   0.391473388E-02  -0.121869259E-01   0.105277484E-02
   0.128923741E-02   0.528659811E-02  -0.156454314E-01   0.127209921E-02
   0.167612452E-02   0.691558747E-02  -0.192080680E-01   0.146180438E-02
   0.212392211E-02   0.884619262E-02  -0.228137933E-01   0.163739617E-02
   0.263534696E-02   0.111437477E-01  -0.263472795E-01   0.174425344E-02
   0.319280056E-02   0.137500167E-01  -0.293779969E-01   0.180966477E-02
   0.378454570E-02   0.166649017E-01  -0.316223465E-01   0.178349996E-02
   0.442986377E-02   0.199658629E-01  -0.331974365E-01   0.169354246E-02
   0.509595964E-02   0.235154741E-01  -0.336007960E-01   0.153539563E-02
   0.577819580E-02   0.272609722E-01  -0.327955820E-01   0.132105500E-02
   0.645075087E-02   0.310419519E-01  -0.305791665E-01   0.105126190E-02
   0.709080696E-02   0.346748382E-01  -0.269466676E-01   0.752003747E-03
   0.765223522E-02   0.378967822E-01  -0.218354892E-01   0.467493490E-03
   0.809462089E-02   0.404386409E-01  -0.154045951E-01   0.222448129E-03
   0.837607030E-02   0.420717523E-01  -0.796949025E-02   0.583425535E-04
   0.847622007E-02   0.426371582E-01  -0.207987743E-07   0.000000000E+00
