   0.196279562E-02   0.646298304E-01  -0.264662532E-11   0.000000000E+00
   0.196977518E-02   0.638888031E-01   0.728565408E-02   0.454673464E-04
   0.198521069E-02   0.616724268E-01   0.140418690E-01   0.175198482E-03
   0.200688490E-02   0.582144298E-01   0.198390912E-01   0.371208735E-03
   0.202543684E-02   0.538241975E-01   0.243827328E-01   0.606164220E-03
   0.203457219E-02   0.488232449E-01   0.275583249E-01   0.848699885E-03
   0.202673534E-02   0.435633808E-01   0.293729603E-01   0.109197677E-02
   0.199287361E-02   0.382968895E-01   0.299512222E-01   0.128978083E-02
   0.193691114E-02   0.332346745E-01   0.295456648E-01   0.144836400E-02
   0.184813992E-02   0.284921955E-01   0.282630511E-01   0.154653995E-02
   0.173751893E-02   0.241871662E-01   0.264232066E-01   0.160183595E-02
   0.159889401E-02   0.202873256E-01   0.240843371E-01   0.160067459E-02
   0.144415116E-02   0.168423057E-01   0.215042084E-01   0.155688531E-02
   0.127668062E-02   0.138198761E-01   0.187932309E-01   0.145973638E-02
   0.110296614E-02   0.111871585E-01   0.160575714E-01   0.134263339E-02
   0.931594521E-03   0.892924797E-02   0.134271635E-01   0.119090872E-02
   0.768755795E-03   0.701186294E-02   0.109773949E-01   0.103368424E-02
   0.622342457E-03   0.543206139E-02   0.881460309E-02   0.877130427E-03
   0.486059696E-03   0.408855453E-02   0.683032442E-02   0.715600385E-03
   0.369654124E-03   0.301236333E-02   0.515828095E-02   0.565024849E-03
   0.270528544E-03   0.213826378E-02   0.374254864E-02   0.429401000E-03
   0.191650455E-03   0.146950583E-02   0.262467610E-02   0.314185192E-03
   0.129968495E-03   0.968883105E-03   0.175949559E-02   0.218538466E-03
   0.830998906E-04   0.597593084E-03   0.110436813E-02   0.142646371E-03
   0.517163571E-04   0.357116893E-03   0.672735507E-03   0.900947562E-04
   0.292768182E-04   0.191241241E-03   0.366883964E-03   0.507690347E-04
   0.160859636E-04   0.966197986E-04   0.190760591E-03   0.271917415E-04
   0.703858313E-05   0.387320360E-04   0.750550171E-04   0.107292108E-04
   0.279412643E-05   0.148461149E-04   0.251976508E-04   0.340485667E-05
   0.134700031E-05   0.878974879E-05   0.101416290E-04   0.449713241E-06
   0.993269964E-06   0.123456575E-04   0.136304297E-04   0.123824202E-05
   0.152664200E-05   0.185169192E-04   0.234407635E-04   0.222937479E-05
   0.216642661E-05   0.248524229E-04   0.338573300E-04   0.355196335E-05
   0.242425131E-05   0.269781904E-04   0.396478172E-04   0.483593931E-05
   0.250364792E-05   0.269635875E-04   0.420736287E-04   0.566148310E-05
   0.275876846E-05   0.290206826E-04   0.453703287E-04   0.619766115E-05
   0.254658926E-05   0.266084990E-04   0.417131778E-04   0.599593204E-05
   0.219451044E-05   0.223932457E-04   0.347620662E-04   0.498680220E-05
   0.168961571E-05   0.173995013E-04   0.282990677E-04   0.438681036E-05
   0.141602379E-05   0.146434204E-04   0.242305468E-04   0.399405872E-05
   0.894967741E-06   0.963472667E-05   0.156225906E-04   0.277287586E-05
   0.723401627E-06   0.833064951E-05   0.132563073E-04   0.269526595E-05
   0.456631909E-06   0.614761029E-05   0.903403452E-05   0.233629453E-05
   0.245663273E-06   0.378597247E-05   0.497289466E-05   0.180689767E-05
   0.157486923E-06   0.234645313E-05   0.131314391E-05   0.155309283E-05
   0.185109286E-06   0.216573903E-05  -0.669419705E-06   0.164866185E-05
   0.308396835E-06   0.252933546E-05  -0.192419066E-05   0.194398376E-05
   0.443155329E-06   0.242076703E-05  -0.532443028E-05   0.170133023E-05
   0.110941448E-05   0.455887266E-05  -0.121996782E-04   0.278947505E-05
   0.136079223E-05   0.535543995E-05  -0.146714628E-04   0.294411893E-05
   0.204779030E-05   0.739936786E-05  -0.211516290E-04   0.372377963E-05
   0.279128676E-05   0.993629874E-05  -0.281514076E-04   0.456885027E-05
   0.354438089E-05   0.123413483E-04  -0.352350835E-04   0.552516167E-05
   0.441199518E-05   0.152741268E-04  -0.428047279E-04   0.625823759E-05
   0.533618686E-05   0.181926152E-04  -0.512305451E-04   0.734405012E-05
   0.563356707E-05   0.192809875E-04  -0.535815743E-04   0.765894492E-05
   0.586455189E-05   0.200235590E-04  -0.538413806E-04   0.703737351E-05
   0.558551119E-05   0.187708956E-04  -0.501102986E-04   0.639949485E-05
   0.460023239E-05   0.151659888E-04  -0.393350747E-04   0.476047808E-05
   0.352335337E-05   0.112374637E-04  -0.267875894E-04   0.260571960E-05
   0.245324327E-05   0.702305670E-05  -0.145479908E-04   0.948989225E-06
   0.218082050E-05   0.509944084E-05  -0.104282835E-04   0.963428192E-06
   0.438142933E-05   0.983923928E-05  -0.294002839E-04   0.447964703E-05
   0.107406668E-04   0.246102718E-04  -0.811852806E-04   0.123457776E-04
   0.235948519E-04   0.571114069E-04  -0.189632396E-03   0.282755682E-04
   0.487643192E-04   0.123458973E-03  -0.404732622E-03   0.573322832E-04
   0.873377721E-04   0.223923664E-03  -0.723315519E-03   0.985298902E-04
   0.142610515E-03   0.365519110E-03  -0.116438745E-02   0.152953464E-03
   0.226205695E-03   0.579838990E-03  -0.181925227E-02   0.228995865E-03
   0.339143357E-03   0.866630522E-03  -0.267369673E-02   0.323381304E-03
   0.481862488E-03   0.122999225E-02  -0.371167297E-02   0.427834922E-03
   0.665851345E-03   0.169530523E-02  -0.499704387E-02   0.548711163E-03
   0.887653732E-03   0.225792057E-02  -0.646978198E-02   0.677744101E-03
   0.115368969E-02   0.294292648E-02  -0.814823806E-02   0.808074779E-03
   0.146287680E-02   0.375095219E-02  -0.997822918E-02   0.937007426E-03
   0.181330927E-02   0.469404878E-02  -0.119062802E-01   0.105166226E-02
   0.220644707E-02   0.579690048E-02  -0.138959689E-01   0.114690233E-02
   0.261819270E-02   0.701419916E-02  -0.157153197E-01   0.120800897E-02
   0.307469885E-02   0.843761023E-02  -0.175183751E-01   0.123951526E-02
   0.355790183E-02   0.100389924E-01  -0.191066191E-01   0.125123165E-02
   0.406221021E-02   0.118296407E-01  -0.203992967E-01   0.121419108E-02
   0.458067423E-02   0.138069307E-01  -0.212650131E-01   0.114505261E-02
   0.511644408E-02   0.159741379E-01  -0.216883849E-01   0.104037928E-02
   0.566133671E-02   0.183013510E-01  -0.215644874E-01   0.915818731E-03
   0.619653845E-02   0.207008664E-01  -0.207187068E-01   0.749007741E-03
   0.671158824E-02   0.231056176E-01  -0.191283375E-01   0.582387613E-03
   0.718983356E-02   0.254014209E-01  -0.167011153E-01   0.409434811E-03
   0.759667065E-02   0.273968372E-01  -0.134562189E-01   0.248151249E-03
   0.791272614E-02   0.289686415E-01  -0.944924541E-02   0.116292911E-03
   0.811377540E-02   0.299917832E-01  -0.487865601E-02   0.302546177E-04
   0.818148162E-02   0.303321332E-01  -0.120484707E-07   0.000000000E+00
