   0.171075061E+00   0.316989928E+00   0.530390176E-08   0.000000000E+00
   0.170452252E+00   0.315802902E+00   0.115189713E-02   0.330588591E-04
   0.168576017E+00   0.312135220E+00   0.226878165E-02   0.131055742E-03
   0.165294230E+00   0.305998117E+00   0.331246853E-02   0.291219767E-03
   0.160943955E+00   0.297627985E+00   0.425642543E-02   0.507515215E-03
   0.155616045E+00   0.287565917E+00   0.507674227E-02   0.774907938E-03
   0.149474055E+00   0.275952071E+00   0.575739983E-02   0.108485192E-02
   0.142615914E+00   0.262895435E+00   0.628168974E-02   0.142830738E-02
   0.135378644E+00   0.249131396E+00   0.665693544E-02   0.179778470E-02
   0.127794266E+00   0.234737158E+00   0.687691756E-02   0.218543760E-02
   0.120060354E+00   0.220099986E+00   0.695649395E-02   0.258213026E-02
   0.112240002E+00   0.205195785E+00   0.689506717E-02   0.297791744E-02
   0.104698747E+00   0.190904185E+00   0.673565222E-02   0.337218214E-02
   0.973436981E-01   0.176929355E+00   0.647432776E-02   0.375545910E-02
   0.902726576E-01   0.163580716E+00   0.613102177E-02   0.412921607E-02
   0.836255774E-01   0.150943980E+00   0.573689770E-02   0.447834376E-02
   0.773485824E-01   0.139096171E+00   0.529187173E-02   0.481370604E-02
   0.715613887E-01   0.128056988E+00   0.482197059E-02   0.512159942E-02
   0.661635101E-01   0.117971331E+00   0.433560414E-02   0.541809667E-02
   0.611762851E-01   0.108523346E+00   0.383061962E-02   0.568636414E-02
   0.566794574E-01   0.999788418E-01   0.334567693E-02   0.592414429E-02
   0.525410362E-01   0.922310725E-01   0.285932329E-02   0.615343032E-02
   0.488085337E-01   0.852432400E-01   0.239313231E-02   0.636029849E-02
   0.454532653E-01   0.789500922E-01   0.195138645E-02   0.654230034E-02
   0.423914269E-01   0.731922612E-01   0.151789258E-02   0.670723477E-02
   0.396332815E-01   0.680575967E-01   0.111172139E-02   0.685541658E-02
   0.371447913E-01   0.634272024E-01   0.726409606E-03   0.698662130E-02
   0.349024050E-01   0.592801906E-01   0.361475220E-03   0.710508833E-02
   0.328855328E-01   0.555682480E-01   0.171804732E-04   0.721075479E-02
   0.310619138E-01   0.522115603E-01  -0.307684008E-03   0.730063627E-02
   0.294057820E-01   0.491700917E-01  -0.616279489E-03   0.737530505E-02
   0.279210415E-01   0.465088561E-01  -0.910239643E-03   0.745421741E-02
   0.265670475E-01   0.440127738E-01  -0.118655176E-02   0.750240637E-02
   0.253456905E-01   0.418144837E-01  -0.145173981E-02   0.755359279E-02
   0.242394116E-01   0.398405977E-01  -0.170620915E-02   0.759845041E-02
   0.232230518E-01   0.380347371E-01  -0.194744510E-02   0.762932841E-02
   0.223032460E-01   0.364247076E-01  -0.218555727E-02   0.766081735E-02
   0.214639045E-01   0.349578373E-01  -0.241124211E-02   0.768073741E-02
   0.206836369E-01   0.335974172E-01  -0.263059372E-02   0.768883852E-02
   0.199977141E-01   0.324536003E-01  -0.284968456E-02   0.771081122E-02
   0.193522777E-01   0.313568152E-01  -0.305989920E-02   0.771265943E-02
   0.187730696E-01   0.304070879E-01  -0.326445862E-02   0.771579379E-02
   0.182345752E-01   0.295463931E-01  -0.347103830E-02   0.771559589E-02
   0.177398846E-01   0.287600812E-01  -0.366985449E-02   0.770517346E-02
   0.173056796E-01   0.281120483E-01  -0.386742922E-02   0.770011498E-02
   0.168932937E-01   0.275054965E-01  -0.406726217E-02   0.768581359E-02
   0.165342428E-01   0.270145983E-01  -0.426099915E-02   0.767160440E-02
   0.162221454E-01   0.266321022E-01  -0.445475848E-02   0.765933329E-02
   0.159195084E-01   0.262734760E-01  -0.464892108E-02   0.763410609E-02
   0.156650580E-01   0.260219313E-01  -0.484377239E-02   0.761141954E-02
   0.154338088E-01   0.258374698E-01  -0.503582787E-02   0.758080976E-02
   0.152460951E-01   0.257541444E-01  -0.523054786E-02   0.755178975E-02
   0.150698815E-01   0.257111713E-01  -0.542458519E-02   0.751021504E-02
   0.149404928E-01   0.257907584E-01  -0.561582204E-02   0.747037400E-02
   0.148417111E-01   0.259736385E-01  -0.580811407E-02   0.742661301E-02
   0.147599680E-01   0.261872169E-01  -0.600788277E-02   0.736952201E-02
   0.147363534E-01   0.265930574E-01  -0.620031124E-02   0.731973769E-02
   0.147190886E-01   0.270294677E-01  -0.639859866E-02   0.725023868E-02
   0.147454794E-01   0.276053492E-01  -0.659740111E-02   0.717701949E-02
   0.148036228E-01   0.282939542E-01  -0.679565733E-02   0.709277857E-02
   0.149073238E-01   0.291418601E-01  -0.699481508E-02   0.700373482E-02
   0.150461411E-01   0.301409755E-01  -0.719632767E-02   0.690231798E-02
   0.152363982E-01   0.312960520E-01  -0.739649916E-02   0.679108920E-02
   0.154733770E-01   0.326777548E-01  -0.759407459E-02   0.667208387E-02
   0.157493372E-01   0.341990925E-01  -0.779522955E-02   0.652641850E-02
   0.160960443E-01   0.360059552E-01  -0.799122080E-02   0.638001692E-02
   0.164964925E-01   0.380989388E-01  -0.817976333E-02   0.622010324E-02
   0.169677604E-01   0.404006504E-01  -0.836875010E-02   0.603916775E-02
   0.175048169E-01   0.430316888E-01  -0.854689721E-02   0.584207335E-02
   0.181191899E-01   0.459894016E-01  -0.871463213E-02   0.562860211E-02
   0.188146066E-01   0.493099205E-01  -0.887074042E-02   0.539353583E-02
   0.195937604E-01   0.529379584E-01  -0.900356565E-02   0.514099421E-02
   0.204533767E-01   0.570188053E-01  -0.911047030E-02   0.487320544E-02
   0.214185063E-01   0.615021288E-01  -0.919476710E-02   0.458884239E-02
   0.224711988E-01   0.663666800E-01  -0.923984405E-02   0.428309105E-02
   0.236140080E-01   0.717204884E-01  -0.924320519E-02   0.396606186E-02
   0.248221252E-01   0.774181858E-01  -0.918806065E-02   0.363621744E-02
   0.261318851E-01   0.834463611E-01  -0.907810684E-02   0.329017290E-02
   0.275086649E-01   0.897614807E-01  -0.889820419E-02   0.293569546E-02
   0.289224070E-01   0.963111371E-01  -0.863745809E-02   0.257848483E-02
   0.303784478E-01   0.103045456E+00  -0.829341263E-02   0.222093123E-02
   0.318190865E-01   0.109721720E+00  -0.785373803E-02   0.187098060E-02
   0.332704298E-01   0.116380692E+00  -0.732255634E-02   0.153157860E-02
   0.346240215E-01   0.122800283E+00  -0.668773567E-02   0.121229305E-02
   0.359058902E-01   0.128814697E+00  -0.595605932E-02   0.916772929E-03
   0.370671935E-01   0.134191960E+00  -0.513128424E-02   0.652912480E-03
   0.380823314E-01   0.138937384E+00  -0.422136951E-02   0.426651328E-03
   0.388859101E-01   0.142759338E+00  -0.323556247E-02   0.244025141E-03
   0.394957699E-01   0.145467982E+00  -0.219111564E-02   0.109677225E-03
   0.398709700E-01   0.147299454E+00  -0.110635953E-02   0.276199225E-04
   0.399840400E-01   0.147868097E+00  -0.274863532E-08   0.000000000E+00
