   0.282638334E-01   0.499593914E+00   0.310974606E-07   0.000000000E+00
   0.281753428E-01   0.497582108E+00   0.432117023E-01   0.284715992E-03
   0.279180165E-01   0.492496550E+00   0.851546302E-01   0.112032506E-02
   0.274716299E-01   0.483710796E+00   0.124523968E+00   0.245187990E-02
   0.268664416E-01   0.471697092E+00   0.160267353E+00   0.421627937E-02
   0.261113662E-01   0.456932038E+00   0.191463724E+00   0.630701613E-02
   0.252344459E-01   0.439246684E+00   0.217684716E+00   0.851517264E-02
   0.242655333E-01   0.419498950E+00   0.238625288E+00   0.108188828E-01
   0.232232548E-01   0.398072958E+00   0.254248142E+00   0.131879468E-01
   0.221010707E-01   0.375248969E+00   0.264457434E+00   0.153266732E-01
   0.209242869E-01   0.351621181E+00   0.269599617E+00   0.172212496E-01
   0.197462384E-01   0.327231526E+00   0.270632058E+00   0.189626794E-01
   0.185328256E-01   0.302517176E+00   0.267500699E+00   0.202090032E-01
   0.173019022E-01   0.278185606E+00   0.260778546E+00   0.211058985E-01
   0.160675608E-01   0.254055649E+00   0.251004547E+00   0.218068380E-01
   0.148648685E-01   0.230743974E+00   0.239353210E+00   0.220368095E-01
   0.136404196E-01   0.208261594E+00   0.225121185E+00   0.217367988E-01
   0.124853291E-01   0.186765000E+00   0.210339010E+00   0.214239303E-01
   0.113417553E-01   0.166508436E+00   0.194290966E+00   0.206486527E-01
   0.102451919E-01   0.147505909E+00   0.177945167E+00   0.196300186E-01
   0.918305479E-02   0.129739001E+00   0.161128789E+00   0.184781980E-01
   0.819362048E-02   0.113524400E+00   0.144935206E+00   0.170984361E-01
   0.725437282E-02   0.985740498E-01   0.129055172E+00   0.156105375E-01
   0.635284046E-02   0.849145278E-01   0.113334537E+00   0.139206331E-01
   0.555045251E-02   0.727216154E-01   0.990837589E-01   0.124467639E-01
   0.478985580E-02   0.616418235E-01   0.853628516E-01   0.109628337E-01
   0.412768032E-02   0.520202518E-01   0.732659698E-01   0.952933449E-02
   0.350265368E-02   0.434021838E-01   0.616910867E-01   0.801457930E-02
   0.295062619E-02   0.358429477E-01   0.513819195E-01   0.672124187E-02
   0.246370840E-02   0.293315239E-01   0.422755852E-01   0.551603641E-02
   0.203997525E-02   0.237863082E-01   0.343474001E-01   0.444677053E-02
   0.168569421E-02   0.191303100E-01   0.277659222E-01   0.358818052E-02
   0.135854201E-02   0.150769092E-01   0.216215160E-01   0.272553507E-02
   0.108513131E-02   0.117644854E-01   0.165199935E-01   0.199633488E-02
   0.856795232E-03   0.895907544E-02   0.123480689E-01   0.147467374E-02
   0.680670550E-03   0.688364450E-02   0.922807492E-02   0.104538572E-02
   0.526762218E-03   0.511114160E-02   0.651542004E-02   0.696825678E-03
   0.401438505E-03   0.375711010E-02   0.440298906E-02   0.430521352E-03
   0.311080570E-03   0.271551148E-02   0.300509902E-02   0.289256277E-03
   0.229772559E-03   0.186725089E-02   0.176117185E-02   0.157021044E-03
   0.169739171E-03   0.128764194E-02   0.923183281E-03   0.747207596E-04
   0.130154891E-03   0.868044794E-03   0.493634725E-03   0.475163288E-04
   0.979032193E-04   0.575070037E-03   0.157323710E-03   0.225174990E-04
   0.755648871E-04   0.372327253E-03  -0.276317714E-04   0.124306016E-04
   0.618844933E-04   0.242177106E-03  -0.113138834E-03   0.462982052E-05
   0.575820886E-04   0.181225318E-03  -0.122486919E-03  -0.219383946E-05
   0.610401185E-04   0.164657264E-03  -0.102804872E-03  -0.103753237E-04
   0.713333866E-04   0.217850960E-03  -0.160423588E-03  -0.245305309E-04
   0.871657467E-04   0.308993767E-03  -0.220934831E-03  -0.430434047E-04
   0.116112795E-03   0.437400537E-03  -0.461513526E-03  -0.587468312E-04
   0.149153726E-03   0.647940324E-03  -0.720221549E-03  -0.798278634E-04
   0.205547141E-03   0.948911184E-03  -0.140122499E-02  -0.662484672E-04
   0.265681476E-03   0.134681747E-02  -0.209472328E-02  -0.621417421E-04
   0.350167946E-03   0.187562557E-02  -0.322314794E-02  -0.678260812E-05
   0.448814390E-03   0.255347532E-02  -0.453980500E-02   0.597371836E-04
   0.571229320E-03   0.334757520E-02  -0.622997619E-02   0.178213872E-03
   0.734942325E-03   0.454904698E-02  -0.864908565E-02   0.367462315E-03
   0.909978000E-03   0.579949142E-02  -0.111487303E-01   0.583972083E-03
   0.112854096E-02   0.741115306E-02  -0.143444547E-01   0.882106542E-03
   0.138147222E-02   0.930871628E-02  -0.180410556E-01   0.126122800E-02
   0.166392815E-02   0.115421331E-01  -0.220791660E-01   0.163701177E-02
   0.198717066E-02   0.141211012E-01  -0.266833790E-01   0.212077168E-02
   0.235789130E-02   0.172496680E-01  -0.319233909E-01   0.256827148E-02
   0.278205308E-02   0.208875462E-01  -0.378701538E-01   0.305951037E-02
   0.323140598E-02   0.248350147E-01  -0.440085419E-01   0.364583638E-02
   0.372232241E-02   0.292927604E-01  -0.506138206E-01   0.432941178E-02
   0.423517823E-02   0.342499726E-01  -0.572428517E-01   0.483704964E-02
   0.479360856E-02   0.398793370E-01  -0.644046888E-01   0.535867130E-02
   0.537241809E-02   0.461299457E-01  -0.715925097E-01   0.574385282E-02
   0.596411573E-02   0.528508313E-01  -0.786907002E-01   0.617201300E-02
   0.657003885E-02   0.601891056E-01  -0.857518315E-01   0.654722052E-02
   0.717138918E-02   0.682095140E-01  -0.924560353E-01   0.675579067E-02
   0.774623128E-02   0.767377764E-01  -0.984704792E-01   0.690261833E-02
   0.830740482E-02   0.859313086E-01  -0.104025066E+00   0.684708543E-02
   0.883773621E-02   0.956562012E-01  -0.108931288E+00   0.688225403E-02
   0.931085553E-02   0.105861217E+00  -0.112686329E+00   0.661785668E-02
   0.973828975E-02   0.116611719E+00  -0.115534723E+00   0.623073569E-02
   0.100852726E-01   0.127678648E+00  -0.116913266E+00   0.587045960E-02
   0.103606218E-01   0.139018834E+00  -0.116908781E+00   0.536255166E-02
   0.105776219E-01   0.150478840E+00  -0.115745008E+00   0.480034063E-02
   0.107024154E-01   0.162077323E+00  -0.112685807E+00   0.412320439E-02
   0.107577359E-01   0.173348904E+00  -0.108173698E+00   0.361726922E-02
   0.107510556E-01   0.184252799E+00  -0.101944543E+00   0.290591037E-02
   0.106834499E-01   0.194771528E+00  -0.939482450E-01   0.234530168E-02
   0.105791306E-01   0.204348564E+00  -0.843761116E-01   0.177897292E-02
   0.104525583E-01   0.213134721E+00  -0.731108412E-01   0.125801796E-02
   0.103072375E-01   0.220336407E+00  -0.604210570E-01   0.823003007E-03
   0.101728858E-01   0.226604760E+00  -0.465284027E-01   0.483593263E-03
   0.100624906E-01   0.230846569E+00  -0.316103138E-01   0.215489257E-03
   0.998645369E-02   0.233591482E+00  -0.159837250E-01   0.554645485E-04
   0.996811967E-02   0.234552786E+00  -0.385060694E-07   0.000000000E+00
