   0.244020764E-02   0.139764261E+01  -0.176437132E-08   0.000000000E+00
   0.242076511E-02   0.137670290E+01   0.740436167E-01   0.615948171E-03
   0.236329855E-02   0.131622767E+01   0.141925961E+00   0.232659653E-02
   0.227102335E-02   0.122237587E+01   0.198771581E+00   0.479078060E-02
   0.214742939E-02   0.110314429E+01   0.240904644E+00   0.749407988E-02
   0.199804036E-02   0.968932033E+00   0.267554343E+00   0.998607464E-02
   0.182651833E-02   0.828715026E+00   0.278053105E+00   0.119245900E-01
   0.163886475E-02   0.691080868E+00   0.274821788E+00   0.130823134E-01
   0.143872132E-02   0.561981201E+00   0.259252369E+00   0.135204736E-01
   0.123227609E-02   0.445746988E+00   0.234343141E+00   0.131160254E-01
   0.102730840E-02   0.344920278E+00   0.203531682E+00   0.121279880E-01
   0.830853998E-03   0.260113865E+00   0.169596463E+00   0.107013257E-01
   0.651890703E-03   0.191388696E+00   0.136220858E+00   0.900027901E-02
   0.487596990E-03   0.136192307E+00   0.102190897E+00   0.707545690E-02
   0.351766503E-03   0.942650810E-01   0.734337196E-01   0.529000768E-02
   0.242511596E-03   0.631921217E-01   0.497040674E-01   0.373178744E-02
   0.157938353E-03   0.408082120E-01   0.308821797E-01   0.238481653E-02
   0.953788185E-04   0.252142902E-01   0.167740490E-01   0.132071378E-02
   0.545678813E-04   0.151346000E-01   0.808981620E-02   0.630343216E-03
   0.288673000E-04   0.882782415E-02   0.301729632E-02   0.214860615E-03
   0.146230514E-04   0.516354665E-02   0.736871560E-03   0.367804860E-04
   0.818162516E-05   0.320255151E-02   0.361148384E-03   0.292196219E-04
   0.575811373E-05   0.224320171E-02   0.812227721E-03   0.107126492E-03
   0.514820613E-05   0.170271797E-02   0.136009906E-02   0.180165036E-03
   0.517355329E-05   0.142246415E-02   0.184543978E-02   0.246178592E-03
   0.536634070E-05   0.128594495E-02   0.223996118E-02   0.311441574E-03
   0.490130515E-05   0.107669656E-02   0.218555541E-02   0.310373522E-03
   0.437219023E-05   0.887608214E-03   0.194764021E-02   0.273226295E-03
   0.330281205E-05   0.660924416E-03   0.153985724E-02   0.227196666E-03
   0.216404123E-05   0.421781209E-03   0.101352530E-02   0.149665109E-03
   0.173216222E-05   0.327821588E-03   0.811981154E-03   0.120731995E-03
   0.101667069E-05   0.196032648E-03   0.495270186E-03   0.772343410E-04
   0.457844976E-06   0.907787107E-04   0.222054790E-03   0.367493230E-04
   0.224446822E-06   0.430703840E-04   0.105408988E-03   0.169095656E-04
   0.665017339E-07   0.133514313E-04   0.311424810E-04   0.526221675E-05
   0.254241197E-07   0.418207128E-05   0.766517314E-05   0.128773434E-05
   0.374030229E-08   0.934779507E-06   0.165782035E-05   0.326907184E-06
   0.231602204E-07   0.319625451E-05   0.694560867E-05   0.155578198E-05
   0.226569306E-07   0.431272201E-05   0.977770742E-05   0.245574461E-05
   0.365502402E-07   0.649945468E-05   0.177973034E-04   0.297227120E-05
   0.354160115E-07   0.808054210E-05   0.191926702E-04   0.464426375E-05
   0.629599057E-07   0.137069128E-04   0.311158983E-04   0.797400844E-05
   0.280741990E-07   0.727052611E-05   0.579400921E-05   0.528924329E-05
   0.234536142E-07   0.672730903E-05   0.863515288E-05   0.473853061E-05
   0.230422117E-07   0.607902348E-05  -0.131430363E-05   0.479614300E-05
   0.728707192E-07   0.127810290E-04  -0.204745629E-04   0.100227999E-04
   0.420231139E-07   0.108898612E-04   0.189665971E-04   0.708867447E-05
   0.573947148E-07   0.898206054E-05  -0.240059690E-04   0.712142401E-05
   0.441046737E-07   0.740359474E-05  -0.179281960E-04   0.595157053E-05
   0.608324555E-07   0.811976497E-05  -0.248892011E-04   0.623149390E-05
   0.819804669E-07   0.101905207E-04  -0.317774502E-04   0.765012282E-05
   0.173297714E-07   0.213965427E-05  -0.755675410E-05   0.160191826E-05
   0.152248028E-07   0.159876470E-05  -0.629389797E-05   0.110477060E-05
   0.187338358E-07   0.189507546E-05  -0.733474690E-05   0.131721447E-05
   0.158510218E-07   0.141762314E-05  -0.563652293E-05   0.892566845E-06
   0.532859659E-07   0.521971697E-05  -0.163981258E-04   0.262460617E-05
   0.106725679E-06   0.111596037E-04  -0.408212254E-04   0.708230664E-05
   0.284078709E-06   0.286890172E-04  -0.106372499E-03   0.175243022E-04
   0.790869990E-06   0.765962541E-04  -0.291485339E-03   0.455674563E-04
   0.135571702E-05   0.127948806E-03  -0.488704944E-03   0.742814809E-04
   0.232795378E-05   0.215859531E-03  -0.827130454E-03   0.124488972E-03
   0.344553996E-05   0.314386416E-03  -0.119016715E-02   0.177083770E-03
   0.492234722E-05   0.433148147E-03  -0.161620684E-02   0.227992627E-03
   0.685209807E-05   0.590592274E-03  -0.213863095E-02   0.294500089E-03
   0.781500239E-05   0.659922953E-03  -0.223618932E-02   0.305862894E-03
   0.905914203E-05   0.741483003E-03  -0.223283959E-02   0.293417223E-03
   0.105268919E-04   0.837188971E-03  -0.204924936E-02   0.264869333E-03
   0.115857820E-04   0.879074913E-03  -0.135973049E-02   0.176618400E-03
   0.152783468E-04   0.110724615E-02  -0.817253895E-03   0.102593760E-03
   0.222906419E-04   0.154221756E-02  -0.376438053E-03   0.482744799E-04
   0.374331757E-04   0.251549948E-02  -0.846212904E-03   0.924416672E-04
   0.668677676E-04   0.442640670E-02  -0.330551923E-02   0.340776285E-03
   0.115583542E-03   0.759503199E-02  -0.779863074E-02   0.784170057E-03
   0.196266788E-03   0.128454231E-01  -0.164953079E-01   0.158178911E-02
   0.318601873E-03   0.207876824E-01  -0.297235362E-01   0.274096965E-02
   0.494312844E-03   0.322262421E-01  -0.479902588E-01   0.422317116E-02
   0.735875161E-03   0.480477773E-01  -0.713816509E-01   0.597896986E-02
   0.104657945E-02   0.686520338E-01  -0.971849710E-01   0.780595187E-02
   0.145080464E-02   0.957174301E-01  -0.128130183E+00   0.981665403E-02
   0.193728926E-02   0.128943667E+00  -0.157791093E+00   0.114617441E-01
   0.252576591E-02   0.169673860E+00  -0.188177571E+00   0.129546775E-01
   0.320357969E-02   0.217395797E+00  -0.214178339E+00   0.138086323E-01
   0.396939320E-02   0.271991283E+00  -0.234792292E+00   0.140960421E-01
   0.481159147E-02   0.332444310E+00  -0.248518690E+00   0.135776931E-01
   0.569764059E-02   0.396438122E+00  -0.251206160E+00   0.122803124E-01
   0.659426767E-02   0.461220473E+00  -0.241783604E+00   0.102686016E-01
   0.745066907E-02   0.522904634E+00  -0.218292430E+00   0.765468506E-02
   0.820976961E-02   0.577339113E+00  -0.180376291E+00   0.487232208E-02
   0.881023053E-02   0.620171189E+00  -0.129179031E+00   0.237100269E-02
   0.919230003E-02   0.647329926E+00  -0.672978908E-01   0.625827059E-03
   0.932720117E-02   0.656928360E+00  -0.192685448E-06   0.000000000E+00
