   0.161041552E-02   0.126519009E+00  -0.412975099E-09   0.000000000E+00
   0.160222489E-02   0.124091402E+00   0.945831928E-02   0.698900330E-04
   0.157708384E-02   0.117105171E+00   0.179235321E-01   0.260123867E-03
   0.153349305E-02   0.106428266E+00   0.245271064E-01   0.519566296E-03
   0.146957289E-02   0.933889896E-01   0.289278887E-01   0.788428064E-03
   0.138310040E-02   0.792280808E-01   0.310120378E-01   0.101156591E-02
   0.127207011E-02   0.650830567E-01   0.308967661E-01   0.115707959E-02
   0.114224269E-02   0.519449152E-01   0.292608943E-01   0.121730019E-02
   0.990397763E-03   0.401529558E-01   0.261023305E-01   0.118934247E-02
   0.829015800E-03   0.301340781E-01   0.222194083E-01   0.108868163E-02
   0.666989421E-03   0.219304450E-01   0.180367511E-01   0.946649117E-03
   0.511399645E-03   0.154135572E-01   0.138270473E-01   0.768833212E-03
   0.371315517E-03   0.104172481E-01   0.994549040E-02   0.587213959E-03
   0.255776686E-03   0.677397149E-02   0.674119452E-02   0.418897951E-03
   0.163050077E-03   0.417676754E-02   0.413357792E-02   0.267268973E-03
   0.956783042E-04   0.243851356E-02   0.226092292E-02   0.150132866E-03
   0.519079804E-04   0.135674211E-02   0.109460170E-02   0.732667322E-04
   0.244130460E-04   0.708873325E-03   0.390856643E-03   0.241915204E-04
   0.107512606E-04   0.371204427E-03   0.100916724E-03   0.457899387E-05
   0.478880065E-05   0.210498722E-03   0.237389231E-04   0.124119617E-05
   0.337751158E-05   0.145674043E-03   0.623575761E-04   0.712563224E-05
   0.362270816E-05   0.123224352E-03   0.126585554E-03   0.150098385E-04
   0.379320727E-05   0.105160419E-03   0.159451156E-03   0.192575117E-04
   0.398495195E-05   0.949868045E-04   0.177573937E-03   0.215519249E-04
   0.355161865E-05   0.779456095E-04   0.162684621E-03   0.201541043E-04
   0.266290272E-05   0.560968219E-04   0.124107391E-03   0.158843231E-04
   0.200429736E-05   0.408480992E-04   0.947099106E-04   0.123852660E-04
   0.125148119E-05   0.256246458E-04   0.610295901E-04   0.839791846E-05
   0.702776276E-06   0.142622966E-04   0.344116670E-04   0.483272197E-05
   0.299321471E-06   0.623928963E-05   0.149616999E-04   0.222668677E-05
   0.997090410E-07   0.215797104E-05   0.500994611E-05   0.794484265E-06
   0.229081234E-07   0.603588433E-06   0.129089290E-05   0.266009323E-06
   0.504823694E-08   0.131964867E-06   0.190541627E-06   0.521682715E-07
   0.416740669E-07   0.563318054E-06   0.916579722E-06   0.198125051E-06
   0.366431898E-07   0.453998013E-06   0.711050632E-06   0.142911432E-06
   0.390614403E-07   0.629613965E-06   0.182128770E-05   0.224242257E-06
   0.384835666E-07   0.478747211E-06   0.117637705E-05   0.129392689E-06
   0.473451287E-07   0.606017863E-06   0.126296709E-05   0.185479735E-06
   0.514821252E-07   0.776553975E-06   0.194491463E-05   0.268254013E-06
   0.394818436E-07   0.603847639E-06   0.177479183E-05   0.207054740E-06
   0.269515876E-07   0.366556748E-06   0.807765105E-06   0.121361381E-06
   0.136610643E-07   0.235473252E-06   0.600422140E-06   0.103496440E-06
   0.217015117E-08   0.129452475E-07   0.285662036E-07  -0.941723921E-09
   0.135594913E-07   0.235636477E-06   0.568448854E-06   0.107288841E-06
   0.856097304E-09   0.922038623E-08  -0.197078744E-07   0.590700555E-08
   0.105010933E-07   0.208079939E-06   0.564507843E-06   0.906169646E-07
   0.191651317E-08   0.204903721E-07  -0.652391066E-07   0.147072257E-07
   0.211266880E-07   0.191891999E-06  -0.646785509E-06   0.111008063E-06
   0.740094785E-08   0.449020163E-07  -0.136168822E-06   0.128781732E-07
   0.763215908E-07   0.674351895E-06  -0.303619572E-05   0.464721893E-06
   0.188487572E-07   0.142111404E-06  -0.685485190E-06   0.890622118E-07
   0.464415599E-07   0.366190733E-06  -0.172874468E-05   0.240043533E-06
   0.649196821E-07   0.503667422E-06  -0.232762727E-05   0.308689579E-06
   0.721369915E-07   0.561605987E-06  -0.264839855E-05   0.356203685E-06
   0.100004279E-06   0.801894146E-06  -0.350660162E-05   0.484354644E-06
   0.765289698E-07   0.583179201E-06  -0.265393805E-05   0.346633982E-06
   0.396530737E-07   0.274012052E-06  -0.115579712E-05   0.131411724E-06
   0.931220612E-08   0.518326075E-07  -0.244115967E-06   0.196699528E-07
   0.990848559E-08   0.957021982E-07  -0.286750691E-06   0.592582872E-07
   0.467198511E-07   0.420161541E-06  -0.166236214E-05   0.271641369E-06
   0.208164707E-06   0.175424464E-05  -0.741062195E-05   0.113048520E-05
   0.437111680E-06   0.345400667E-05  -0.148792233E-04   0.209044788E-05
   0.144067747E-05   0.111468426E-04  -0.490896564E-04   0.688435102E-05
   0.235466359E-05   0.177436159E-04  -0.776812085E-04   0.106123271E-04
   0.391736103E-05   0.282072615E-04  -0.123347068E-03   0.158594412E-04
   0.596171594E-05   0.418598611E-04  -0.179591982E-03   0.225440454E-04
   0.845875093E-05   0.574907353E-04  -0.240291483E-03   0.294014935E-04
   0.104963456E-04   0.686494968E-04  -0.267568743E-03   0.309578609E-04
   0.111794043E-04   0.695843701E-04  -0.234866282E-03   0.265730723E-04
   0.120475579E-04   0.701082681E-04  -0.169649298E-03   0.183427364E-04
   0.138939740E-04   0.736765433E-04  -0.798320325E-04   0.880691914E-05
   0.208013789E-04   0.102613230E-03  -0.354457807E-04   0.409216909E-05
   0.386457286E-04   0.186460806E-03  -0.133462017E-03   0.134025986E-04
   0.773001157E-04   0.373535557E-03  -0.526247721E-03   0.488266996E-04
   0.149279105E-03   0.723557372E-03  -0.136378547E-02   0.119406861E-03
   0.271934347E-03   0.131781481E-02  -0.283551053E-02   0.235031737E-03
   0.462504395E-03   0.223705848E-02  -0.501831062E-02   0.393895025E-03
   0.746089208E-03   0.359992217E-02  -0.808419008E-02   0.601809996E-03
   0.112617854E-02   0.543565163E-02  -0.115729328E-01   0.815682521E-03
   0.164231670E-02   0.794113986E-02  -0.158590488E-01   0.105079415E-02
   0.229465310E-02   0.111440066E-01  -0.203236379E-01   0.126736285E-02
   0.309031410E-02   0.151035171E-01  -0.246082712E-01   0.143150834E-02
   0.403418066E-02   0.198610444E-01  -0.283955224E-01   0.152867415E-02
   0.512459595E-02   0.254063215E-01  -0.314257927E-01   0.154586299E-02
   0.632011145E-02   0.315309800E-01  -0.329259150E-01   0.145661982E-02
   0.758957164E-02   0.380342118E-01  -0.327727608E-01   0.125687593E-02
   0.885671750E-02   0.445079803E-01  -0.304842368E-01   0.973505783E-03
   0.100206845E-01   0.504168123E-01  -0.257928818E-01   0.637753285E-03
   0.109672481E-01   0.551922023E-01  -0.187644027E-01   0.317321566E-03
   0.115954801E-01   0.583403707E-01  -0.992049836E-02   0.850865836E-04
   0.118173277E-01   0.594430789E-01  -0.192631813E-07   0.000000000E+00
