   0.927319692E-03   0.675866604E-01   0.000000000E+00   0.000000000E+00
   0.924432708E-03   0.661733225E-01   0.560690509E-02   0.396554897E-04
   0.915654527E-03   0.621406585E-01   0.105573609E-01   0.147163955E-03
   0.897971331E-03   0.560475290E-01   0.143549759E-01   0.291956007E-03
   0.868195551E-03   0.486648716E-01   0.167487953E-01   0.437367882E-03
   0.823367795E-03   0.407829136E-01   0.177265778E-01   0.553674647E-03
   0.762415759E-03   0.330706090E-01   0.174924918E-01   0.624228443E-03
   0.682449667E-03   0.259260945E-01   0.161408838E-01   0.641663733E-03
   0.591499615E-03   0.197386183E-01   0.142286625E-01   0.620012754E-03
   0.490243663E-03   0.145278284E-01   0.118334498E-01   0.555999926E-03
   0.387239386E-03   0.103246123E-01   0.930806622E-02   0.470028550E-03
   0.290409109E-03   0.706902100E-02   0.691266032E-02   0.371645699E-03
   0.205657983E-03   0.464387564E-02   0.481663505E-02   0.273459300E-03
   0.135482784E-03   0.289960462E-02   0.308201392E-02   0.184247590E-03
   0.825145398E-04   0.171264866E-02   0.178907765E-02   0.111613197E-03
   0.456057678E-04   0.949356006E-03   0.906534435E-03   0.574833030E-04
   0.223115330E-04   0.492741703E-03   0.373027084E-03   0.228949211E-04
   0.969494522E-05   0.246369105E-03   0.113250455E-03   0.593661707E-05
   0.385772364E-05   0.127261927E-03   0.196187611E-04   0.402072857E-06
   0.203681316E-05   0.794687221E-04   0.190922437E-04   0.183771067E-05
   0.196691690E-05   0.626980109E-04   0.500369715E-04   0.558417560E-05
   0.233078936E-05   0.575589038E-04   0.803002258E-04   0.924944834E-05
   0.238137432E-05   0.498657864E-04   0.883515168E-04   0.103518450E-04
   0.238795951E-05   0.449910985E-04   0.921997053E-04   0.110256678E-04
   0.169982138E-05   0.307480077E-04   0.666734486E-04   0.832679780E-05
   0.119884817E-05   0.206971272E-04   0.465183257E-04   0.584325699E-05
   0.773682075E-06   0.130000299E-04   0.299237181E-04   0.384011173E-05
   0.454213563E-06   0.778543017E-05   0.184962810E-04   0.251952520E-05
   0.193337286E-06   0.341227860E-05   0.807990455E-05   0.117249192E-05
   0.667593412E-07   0.126125099E-05   0.294596816E-05   0.473126676E-06
   0.188941716E-07   0.396147243E-06   0.833468675E-06   0.175501981E-06
   0.106533316E-08   0.247864822E-07  -0.648889342E-08   0.135810447E-07
   0.172276984E-07   0.220245880E-06   0.536398375E-06   0.739211785E-07
   0.275345045E-07   0.328618057E-06   0.649221363E-06   0.109636112E-06
   0.554941408E-07   0.733423519E-06   0.182437225E-05   0.248784573E-06
   0.366002730E-07   0.438610925E-06   0.102263118E-05   0.139305286E-06
   0.323455325E-07   0.409603928E-06   0.107833193E-05   0.133223153E-06
   0.151502473E-07   0.131655952E-06   0.239980750E-06   0.303695344E-07
   0.125574147E-07   0.125592123E-06   0.378899870E-06   0.293217148E-07
   0.184683095E-07   0.208805204E-06   0.477833566E-06   0.664890720E-07
   0.100550404E-07   0.101013541E-06   0.304961901E-06   0.256496104E-07
   0.147797223E-07   0.124135539E-06   0.911272764E-07   0.394341306E-07
   0.642650466E-08   0.390531341E-07  -0.114619901E-06   0.172582659E-07
   0.469279726E-08   0.524652464E-07   0.144395671E-06   0.169336616E-07
   0.209654538E-08   0.308605586E-07   0.733110213E-07   0.123830990E-07
   0.540960254E-08   0.521587005E-07  -0.925652799E-07   0.345691760E-07
   0.354494900E-08   0.194858440E-07  -0.896323726E-07   0.109884821E-07
   0.107098830E-08   0.822118995E-08   0.221503065E-07   0.113196830E-08
   0.757444052E-09   0.343176865E-08  -0.429316360E-08   0.452825194E-09
   0.149406425E-07   0.114119125E-06  -0.263294964E-06   0.587028168E-07
   0.109797380E-07   0.515444540E-07  -0.267512917E-06   0.254397161E-07
   0.581499648E-07   0.384582137E-06  -0.181867983E-05   0.260948610E-06
   0.238121078E-07   0.136676832E-06  -0.685939312E-06   0.849032844E-07
   0.979642678E-07   0.633797356E-06  -0.301641489E-05   0.424778648E-06
   0.812929031E-07   0.532145236E-06  -0.231901345E-05   0.329826662E-06
   0.517586081E-07   0.316191773E-06  -0.152626990E-05   0.202236947E-06
   0.655816308E-07   0.399017182E-06  -0.169920679E-05   0.222311428E-06
   0.130518094E-07   0.704475340E-07  -0.360026291E-06   0.417514201E-07
   0.381227814E-07   0.234247267E-06  -0.103320713E-05   0.138659658E-06
   0.703730718E-08   0.601267303E-07  -0.173452804E-06   0.394143100E-07
   0.157690447E-07   0.127437588E-06  -0.454600070E-06   0.927578370E-07
   0.112373826E-06   0.699355610E-06  -0.311596114E-05   0.439863584E-06
   0.550693301E-06   0.333041635E-05  -0.152147031E-04   0.207290145E-05
   0.104923072E-05   0.610003690E-05  -0.278558909E-04   0.359971636E-05
   0.197388613E-05   0.111553445E-04  -0.511126127E-04   0.647383240E-05
   0.285216470E-05   0.156405004E-04  -0.709458618E-04   0.879761865E-05
   0.448076798E-05   0.236233573E-04  -0.106003259E-03   0.126415098E-04
   0.603780063E-05   0.307378978E-04  -0.132391244E-03   0.151705508E-04
   0.715193391E-05   0.348476096E-04  -0.138118761E-03   0.151333561E-04
   0.740944824E-05   0.338177306E-04  -0.110473520E-03   0.117621157E-04
   0.801372607E-05   0.335013574E-04  -0.686964850E-04   0.727122233E-05
   0.104848323E-04   0.397537733E-04  -0.276749688E-04   0.286554041E-05
   0.174379329E-04   0.624270615E-04  -0.244426847E-04   0.264486152E-05
   0.359574187E-04   0.128900065E-03  -0.163811652E-03   0.152083394E-04
   0.732083063E-04   0.264381408E-03  -0.503781368E-03   0.438070347E-04
   0.143004625E-03   0.518144283E-03  -0.120971666E-02   0.990876579E-04
   0.258364453E-03   0.934719515E-03  -0.234997459E-02   0.181637850E-03
   0.432805595E-03   0.156107696E-02  -0.393776409E-02   0.286599185E-03
   0.686849176E-03   0.247089565E-02  -0.606230227E-02   0.415020157E-03
   0.103111402E-02   0.370705407E-02  -0.855750963E-02   0.551750301E-03
   0.147544325E-02   0.531600742E-02  -0.112287486E-01   0.677139498E-03
   0.203533773E-02   0.736398483E-02  -0.139866853E-01   0.785967160E-03
   0.270309858E-02   0.983985607E-02  -0.163895488E-01   0.850047567E-03
   0.348664518E-02   0.127704004E-01  -0.183670465E-01   0.872839009E-03
   0.436423253E-02   0.160750449E-01  -0.195290279E-01   0.832780323E-03
   0.531336712E-02   0.196499936E-01  -0.197161231E-01   0.732141722E-03
   0.626915321E-02   0.232413001E-01  -0.184994675E-01   0.572057907E-03
   0.716145523E-02   0.265699569E-01  -0.157813430E-01   0.378555909E-03
   0.790021755E-02   0.293047372E-01  -0.115876468E-01   0.189940911E-03
   0.839042943E-02   0.311064329E-01  -0.615006546E-02   0.511182334E-04
   0.856357068E-02   0.317438804E-01  -0.123047021E-07   0.000000000E+00
