   0.437978801E-03   0.629633442E-01  -0.122691829E-09   0.000000000E+00
   0.455042406E-03   0.620379820E-01   0.578937586E-02   0.359433070E-04
   0.501955918E-03   0.593138523E-01   0.110810874E-01   0.135963957E-03
   0.570051896E-03   0.551281199E-01   0.154519482E-01   0.281827408E-03
   0.646712957E-03   0.498797931E-01   0.186448358E-01   0.450924737E-03
   0.718759024E-03   0.440268219E-01   0.206215847E-01   0.613714743E-03
   0.772196858E-03   0.379857905E-01   0.213731434E-01   0.750318693E-03
   0.800818962E-03   0.320888311E-01   0.211058427E-01   0.848489348E-03
   0.797779125E-03   0.265591443E-01   0.199592616E-01   0.898748578E-03
   0.766197685E-03   0.215632338E-01   0.182222091E-01   0.909706112E-03
   0.707437866E-03   0.171716008E-01   0.160690602E-01   0.876281352E-03
   0.629380986E-03   0.133982338E-01   0.137173394E-01   0.813489372E-03
   0.535623985E-03   0.102109825E-01   0.112572685E-01   0.717720832E-03
   0.441729237E-03   0.762712350E-02   0.899643917E-02   0.610466523E-03
   0.347217428E-03   0.552509353E-02   0.686667580E-02   0.498285110E-03
   0.262561138E-03   0.389141985E-02   0.505173905E-02   0.389837136E-03
   0.185888435E-03   0.261751143E-02   0.346642779E-02   0.280882377E-03
   0.127051055E-03   0.171065552E-02   0.229606940E-02   0.193736007E-03
   0.798576220E-04   0.105067133E-02   0.137971889E-02   0.120552635E-03
   0.464756959E-04   0.610989460E-03   0.754189386E-03   0.678155484E-04
   0.247877542E-04   0.336841797E-03   0.365097600E-03   0.329287541E-04
   0.111995287E-04   0.173613938E-03   0.134417496E-03   0.115423409E-04
   0.487182342E-05   0.936570286E-04   0.426183324E-04   0.302869717E-05
   0.167052269E-05   0.559802647E-04   0.750795743E-05   0.291269998E-06
   0.921656181E-06   0.467522295E-04   0.144249971E-04   0.186723878E-05
   0.128621105E-05   0.453239118E-04   0.353546529E-04   0.523475819E-05
   0.191733056E-05   0.475697816E-04   0.556694140E-04   0.810934216E-05
   0.221516484E-05   0.448859319E-04   0.636355544E-04   0.937429741E-05
   0.242763463E-05   0.422421144E-04   0.662685707E-04   0.944249950E-05
   0.234864206E-05   0.383052102E-04   0.637980047E-04   0.953361268E-05
   0.172391969E-05   0.268109252E-04   0.465054181E-04   0.700218470E-05
   0.138963117E-05   0.205994329E-04   0.365990818E-04   0.551049743E-05
   0.112134569E-05   0.161151547E-04   0.294048295E-04   0.448969558E-05
   0.823705022E-06   0.116022766E-04   0.217459619E-04   0.336927201E-05
   0.436757631E-06   0.597499638E-05   0.109051462E-04   0.167528890E-05
   0.229590256E-06   0.306340098E-05   0.602148521E-05   0.891677360E-06
   0.181286012E-06   0.224152564E-05   0.399582768E-05   0.583940505E-06
   0.737533483E-07   0.726600092E-06   0.107531139E-05   0.136819637E-06
   0.426730118E-07   0.343285222E-06   0.220755126E-06   0.607273876E-07
   0.811706169E-08   0.230824888E-07  -0.771631576E-07   0.124573651E-08
   0.142987746E-07   0.997176457E-07  -0.603162107E-07   0.627406109E-07
   0.462722944E-07   0.299071303E-06  -0.588131002E-06   0.215129603E-06
   0.254904808E-07   0.280380078E-06  -0.447899708E-07   0.195042645E-06
   0.488054823E-07   0.392921635E-06  -0.805282468E-06   0.304045471E-06
   0.491086745E-07   0.527205316E-06  -0.165760511E-06   0.369949078E-06
   0.263842459E-07   0.374877089E-06  -0.404995646E-07   0.271004183E-06
   0.609755944E-07   0.530433226E-06  -0.829922556E-06   0.404165604E-06
   0.561522775E-07   0.492985407E-06  -0.517307114E-06   0.357300848E-06
   0.515619405E-07   0.500447754E-06  -0.318255644E-06   0.357001284E-06
   0.315861897E-07   0.236894635E-06  -0.550425511E-06   0.179648637E-06
   0.112824265E-07   0.864348735E-07   0.815303380E-07   0.384792536E-07
   0.858236682E-08   0.540930252E-07   0.107217154E-06   0.153308877E-08
   0.279062000E-07   0.998027687E-07  -0.230614233E-06   0.700907554E-08
   0.113285843E-06   0.494957646E-06  -0.162304798E-05   0.202969503E-06
   0.297463856E-06   0.136318749E-05  -0.461690661E-05   0.651517951E-06
   0.589720059E-06   0.268352073E-05  -0.949693367E-05   0.139885492E-05
   0.990249191E-06   0.451760707E-05  -0.158646617E-04   0.234718436E-05
   0.159299452E-05   0.724291613E-05  -0.257098836E-04   0.398099519E-05
   0.238960206E-05   0.109558850E-04  -0.381212521E-04   0.592156221E-05
   0.370970452E-05   0.166526697E-04  -0.578128711E-04   0.873322915E-05
   0.431819990E-05   0.190725150E-04  -0.649996800E-04   0.957143402E-05
   0.604682191E-05   0.264696537E-04  -0.882867680E-04   0.128495458E-04
   0.680005587E-05   0.293944977E-04  -0.937726072E-04   0.133149597E-04
   0.649262392E-05   0.276495448E-04  -0.805780801E-04   0.111967065E-04
   0.644640977E-05   0.268784552E-04  -0.673265022E-04   0.938558333E-05
   0.618661443E-05   0.248888518E-04  -0.441118209E-04   0.598204315E-05
   0.624795575E-05   0.233038772E-04  -0.182292879E-04   0.294432971E-05
   0.843272664E-05   0.279366031E-04  -0.828599059E-05   0.135469429E-05
   0.159868505E-04   0.497295805E-04  -0.553504215E-04   0.699524026E-05
   0.326911904E-04   0.100688630E-03  -0.192866559E-03   0.223274747E-04
   0.631170260E-04   0.194258944E-03  -0.458414172E-03   0.503530537E-04
   0.116855656E-03   0.359545025E-03  -0.950357353E-03   0.998488613E-04
   0.196899942E-03   0.605247216E-03  -0.165338418E-02   0.164979749E-03
   0.315968064E-03   0.970744120E-03  -0.267410418E-02   0.252919970E-03
   0.477082038E-03   0.146417820E-02  -0.396474591E-02   0.358121324E-03
   0.689102046E-03   0.211855769E-02  -0.554301962E-02   0.473305379E-03
   0.958270160E-03   0.296035456E-02  -0.738413492E-02   0.596790633E-03
   0.129022705E-02   0.401679426E-02  -0.944387633E-02   0.716631126E-03
   0.167569472E-02   0.528334267E-02  -0.114891129E-01   0.814287225E-03
   0.213146536E-02   0.682038767E-02  -0.136106163E-01   0.902430213E-03
   0.264678034E-02   0.862199906E-02  -0.155758662E-01   0.957385695E-03
   0.321817095E-02   0.106937308E-01  -0.172468815E-01   0.977625605E-03
   0.383920176E-02   0.130228922E-01  -0.184872542E-01   0.955030671E-03
   0.449565053E-02   0.155646196E-01  -0.190848783E-01   0.882065564E-03
   0.518529257E-02   0.182805359E-01  -0.190684218E-01   0.773405482E-03
   0.587272970E-02   0.210378971E-01  -0.181418993E-01   0.633340271E-03
   0.652861129E-02   0.236901548E-01  -0.162434932E-01   0.463551201E-03
   0.711134821E-02   0.260542091E-01  -0.133569073E-01   0.291151548E-03
   0.757398363E-02   0.279384069E-01  -0.952228438E-02   0.140926641E-03
   0.787393190E-02   0.291446857E-01  -0.496879593E-02   0.367793982E-04
   0.797831081E-02   0.295721795E-01  -0.113223662E-07   0.000000000E+00
