   0.164784813E+01   0.230079007E+01   0.125946812E-06   0.000000000E+00
   0.163754952E+01   0.228841662E+01   0.127467170E+00   0.620284642E-03
   0.160673082E+01   0.225462842E+01   0.249221638E+00   0.242069433E-02
   0.155833948E+01   0.220073748E+01   0.360424280E+00   0.521374121E-02
   0.149432802E+01   0.212925291E+01   0.457041800E+00   0.875462126E-02
   0.141744745E+01   0.204228044E+01   0.536112726E+00   0.126942908E-01
   0.133230174E+01   0.194451642E+01   0.596820474E+00   0.166699849E-01
   0.124121869E+01   0.183825362E+01   0.638771117E+00   0.204081424E-01
   0.114868116E+01   0.172922504E+01   0.663791120E+00   0.238541681E-01
   0.105751836E+01   0.161935854E+01   0.674029589E+00   0.265703723E-01
   0.968169093E+00   0.150990129E+01   0.670729578E+00   0.288945977E-01
   0.883356154E+00   0.140310049E+01   0.657265127E+00   0.303614549E-01
   0.804637611E+00   0.130184317E+01   0.636489987E+00   0.312821455E-01
   0.731063306E+00   0.120459330E+01   0.609380901E+00   0.316482894E-01
   0.664392710E+00   0.111421573E+01   0.579298556E+00   0.315730646E-01
   0.603786588E+00   0.102989721E+01   0.546871603E+00   0.311709438E-01
   0.548436642E+00   0.950568080E+00   0.513133526E+00   0.304922834E-01
   0.498598039E+00   0.877195716E+00   0.479187548E+00   0.296128150E-01
   0.453949839E+00   0.809688866E+00   0.446099758E+00   0.285948757E-01
   0.413394004E+00   0.746614039E+00   0.413601041E+00   0.273967125E-01
   0.377073497E+00   0.688748419E+00   0.382565975E+00   0.265079606E-01
   0.344232529E+00   0.635041773E+00   0.352848381E+00   0.253014229E-01
   0.314606369E+00   0.585492671E+00   0.324724257E+00   0.241893604E-01
   0.287742198E+00   0.539570749E+00   0.298178583E+00   0.230970252E-01
   0.263583273E+00   0.497465730E+00   0.273086399E+00   0.219179094E-01
   0.241581753E+00   0.458460003E+00   0.249756604E+00   0.209117513E-01
   0.221604019E+00   0.422484994E+00   0.227879435E+00   0.198130347E-01
   0.203427449E+00   0.389287531E+00   0.207513854E+00   0.188813712E-01
   0.186814234E+00   0.358578235E+00   0.188404039E+00   0.180864632E-01
   0.171800643E+00   0.330585808E+00   0.170784608E+00   0.168966129E-01
   0.157987550E+00   0.304578871E+00   0.154465765E+00   0.160574969E-01
   0.145458177E+00   0.280835599E+00   0.139461547E+00   0.152336797E-01
   0.133980498E+00   0.259016752E+00   0.125758812E+00   0.145810153E-01
   0.123528972E+00   0.239096552E+00   0.113050096E+00   0.137767494E-01
   0.113972925E+00   0.220940992E+00   0.101509318E+00   0.130317044E-01
   0.105301112E+00   0.204456717E+00   0.908842981E-01   0.122396983E-01
   0.973903164E-01   0.189493969E+00   0.812435746E-01   0.115025677E-01
   0.902057365E-01   0.175962657E+00   0.725723580E-01   0.109633822E-01
   0.837134421E-01   0.163860500E+00   0.646304637E-01   0.103421267E-01
   0.777811632E-01   0.152987570E+00   0.573107339E-01   0.962952338E-02
   0.724973902E-01   0.143493101E+00   0.509104878E-01   0.900829863E-02
   0.677178055E-01   0.135057941E+00   0.448861085E-01   0.838490482E-02
   0.634310991E-01   0.127704293E+00   0.394078381E-01   0.780599890E-02
   0.596367456E-01   0.121472046E+00   0.344589278E-01   0.716430275E-02
   0.562875122E-01   0.116217919E+00   0.299224649E-01   0.661231438E-02
   0.533515923E-01   0.111938469E+00   0.257630385E-01   0.603675749E-02
   0.508069508E-01   0.108573407E+00   0.218732990E-01   0.546630565E-02
   0.486281477E-01   0.106115021E+00   0.181474760E-01   0.484487973E-02
   0.468148664E-01   0.104580469E+00   0.146166300E-01   0.412380602E-02
   0.453282408E-01   0.103903092E+00   0.112142302E-01   0.349123287E-02
   0.441665612E-01   0.104118012E+00   0.789214764E-02   0.278329337E-02
   0.432936065E-01   0.105079100E+00   0.455384888E-02   0.208909949E-02
   0.427006744E-01   0.106918409E+00   0.126999395E-02   0.133933662E-02
   0.424185246E-01   0.109721348E+00  -0.212857802E-02   0.607305265E-03
   0.423708782E-01   0.113295287E+00  -0.561894383E-02  -0.190439590E-03
   0.425721593E-01   0.117694177E+00  -0.925680436E-02  -0.103459612E-02
   0.430345945E-01   0.123048440E+00  -0.130746262E-01  -0.188449805E-02
   0.437517241E-01   0.129355177E+00  -0.171750244E-01  -0.280584954E-02
   0.446346737E-01   0.136526123E+00  -0.213641860E-01  -0.364270271E-02
   0.457561202E-01   0.144715890E+00  -0.258910824E-01  -0.454223901E-02
   0.471056551E-01   0.153973088E+00  -0.306744128E-01  -0.557536585E-02
   0.486437120E-01   0.164251626E+00  -0.357804112E-01  -0.654085213E-02
   0.503468327E-01   0.175611675E+00  -0.411813483E-01  -0.742810266E-02
   0.523027256E-01   0.188218385E+00  -0.469986722E-01  -0.852118153E-02
   0.543869585E-01   0.202021509E+00  -0.530954450E-01  -0.944125280E-02
   0.567137152E-01   0.217243701E+00  -0.596134402E-01  -0.105591360E-01
   0.591677167E-01   0.233825862E+00  -0.664833784E-01  -0.114602428E-01
   0.617915206E-01   0.251791745E+00  -0.736926720E-01  -0.123661114E-01
   0.645472109E-01   0.271404684E+00  -0.813144371E-01  -0.130578019E-01
   0.674963221E-01   0.293044239E+00  -0.893394575E-01  -0.137086110E-01
   0.706730187E-01   0.316425383E+00  -0.976151377E-01  -0.145835765E-01
   0.739074871E-01   0.341853946E+00  -0.106248163E+00  -0.149622355E-01
   0.772891343E-01   0.369473368E+00  -0.115125656E+00  -0.152064972E-01
   0.808236822E-01   0.399570733E+00  -0.124208130E+00  -0.153074684E-01
   0.845248029E-01   0.432305902E+00  -0.133329242E+00  -0.153173069E-01
   0.881406963E-01   0.467375308E+00  -0.142208368E+00  -0.147747220E-01
   0.919401199E-01   0.505694091E+00  -0.150834724E+00  -0.141918240E-01
   0.958082154E-01   0.546664894E+00  -0.158608317E+00  -0.135204801E-01
   0.995985419E-01   0.590164840E+00  -0.165190980E+00  -0.125753451E-01
   0.103336409E+00   0.636824310E+00  -0.170504674E+00  -0.114016784E-01
   0.107042074E+00   0.685335279E+00  -0.173429430E+00  -0.102150701E-01
   0.110513009E+00   0.735928476E+00  -0.173839167E+00  -0.881708320E-02
   0.113589756E+00   0.786840022E+00  -0.170655921E+00  -0.726132654E-02
   0.116504125E+00   0.837427318E+00  -0.163674980E+00  -0.584890973E-02
   0.119169354E+00   0.886504769E+00  -0.152417779E+00  -0.451419270E-02
   0.121212333E+00   0.932404399E+00  -0.136573210E+00  -0.319592399E-02
   0.123024657E+00   0.973550022E+00  -0.116201185E+00  -0.209919992E-02
   0.124389365E+00   0.100685441E+01  -0.914109647E-01  -0.120858126E-02
   0.125438392E+00   0.103247654E+01  -0.631353855E-01  -0.547226868E-03
   0.126066327E+00   0.104862714E+01  -0.322650857E-01  -0.138446485E-03
   0.126220465E+00   0.105432892E+01  -0.789921728E-07   0.000000000E+00
