   0.318574882E+01   0.514039421E+01   0.273877561E-06   0.000000000E+00
   0.313556528E+01   0.506434536E+01   0.245104283E+00   0.159944291E-02
   0.299320102E+01   0.484962368E+01   0.466011375E+00   0.606198050E-02
   0.277350569E+01   0.451781893E+01   0.643183172E+00   0.125123309E-01
   0.250449586E+01   0.410811043E+01   0.766581178E+00   0.196663588E-01
   0.221119976E+01   0.366055417E+01   0.834954202E+00   0.265595913E-01
   0.191483307E+01   0.320448899E+01   0.853303552E+00   0.321377218E-01
   0.163520336E+01   0.277099538E+01   0.833157182E+00   0.360868983E-01
   0.138192689E+01   0.237459564E+01   0.785598576E+00   0.382345393E-01
   0.116002333E+01   0.202374649E+01   0.721433580E+00   0.388745107E-01
   0.972100616E+00   0.172266483E+01   0.650597453E+00   0.380959995E-01
   0.814853132E+00   0.146777618E+01   0.578718364E+00   0.366571918E-01
   0.685555995E+00   0.125488555E+01   0.510397553E+00   0.345135815E-01
   0.580104113E+00   0.107856643E+01   0.448002666E+00   0.321404226E-01
   0.494509071E+00   0.933240473E+00   0.392655700E+00   0.299663302E-01
   0.424760491E+00   0.812622309E+00   0.344056159E+00   0.277737286E-01
   0.367833495E+00   0.712308168E+00   0.301868528E+00   0.256579798E-01
   0.321316987E+00   0.628808379E+00   0.265747219E+00   0.237357691E-01
   0.282961488E+00   0.558736622E+00   0.234747946E+00   0.222395863E-01
   0.250880510E+00   0.498954773E+00   0.207932606E+00   0.208380576E-01
   0.223984450E+00   0.447943896E+00   0.184829846E+00   0.196380522E-01
   0.201102078E+00   0.403750390E+00   0.164700598E+00   0.185562484E-01
   0.181420460E+00   0.365096718E+00   0.147082344E+00   0.177420918E-01
   0.164397508E+00   0.331140876E+00   0.131525084E+00   0.168107934E-01
   0.149491385E+00   0.300981820E+00   0.117740288E+00   0.161134955E-01
   0.136341333E+00   0.273990482E+00   0.105403796E+00   0.153961908E-01
   0.124690183E+00   0.249806195E+00   0.943609029E-01   0.147520369E-01
   0.114270151E+00   0.227949187E+00   0.843836740E-01   0.141437883E-01
   0.104950182E+00   0.208189845E+00   0.754368752E-01   0.135330698E-01
   0.965464860E-01   0.190230876E+00   0.673038587E-01   0.130069749E-01
   0.889413506E-01   0.173895136E+00   0.598892309E-01   0.124175465E-01
   0.820709541E-01   0.159053162E+00   0.531821214E-01   0.118780201E-01
   0.758918002E-01   0.145638585E+00   0.472246818E-01   0.114550758E-01
   0.702724606E-01   0.133390903E+00   0.417791121E-01   0.110068908E-01
   0.651770011E-01   0.122307047E+00   0.368268490E-01   0.105100684E-01
   0.605446994E-01   0.112210825E+00   0.323026590E-01   0.100878701E-01
   0.563797317E-01   0.103157341E+00   0.282784831E-01   0.971019547E-02
   0.526122898E-01   0.949918106E-01   0.246219076E-01   0.936664827E-02
   0.492223278E-01   0.877307802E-01   0.213713814E-01   0.900620315E-02
   0.461811461E-01   0.812196136E-01   0.183942188E-01   0.867906306E-02
   0.434737913E-01   0.754914656E-01   0.157160759E-01   0.841827691E-02
   0.410790630E-01   0.705209821E-01   0.133479731E-01   0.817531347E-02
   0.389505997E-01   0.661884993E-01   0.111527964E-01   0.792931486E-02
   0.370885953E-01   0.625167489E-01   0.916893315E-02   0.769501086E-02
   0.354622863E-01   0.594575331E-01   0.732789235E-02   0.746470131E-02
   0.340753160E-01   0.569887161E-01   0.559172314E-02   0.726231374E-02
   0.329223201E-01   0.550935380E-01   0.396827515E-02   0.708532333E-02
   0.319811553E-01   0.537630618E-01   0.243537244E-02   0.692072138E-02
   0.312310327E-01   0.529570766E-01   0.956048490E-03   0.674317405E-02
   0.306707285E-01   0.526901633E-01  -0.509722042E-03   0.656701811E-02
   0.303139817E-01   0.529808886E-01  -0.197278243E-02   0.643605366E-02
   0.301407427E-01   0.537717231E-01  -0.343762431E-02   0.632058783E-02
   0.301193222E-01   0.550645851E-01  -0.496357772E-02   0.613235543E-02
   0.302962549E-01   0.569427051E-01  -0.656395918E-02   0.602249894E-02
   0.306242984E-01   0.593232997E-01  -0.822497252E-02   0.586855179E-02
   0.311232749E-01   0.622764304E-01  -0.999144837E-02   0.573469466E-02
   0.317888185E-01   0.657798126E-01  -0.118774362E-01   0.559341861E-02
   0.326283500E-01   0.699019879E-01  -0.139248380E-01   0.546834851E-02
   0.336113088E-01   0.746241286E-01  -0.160844382E-01   0.529943220E-02
   0.347759165E-01   0.800434425E-01  -0.184578039E-01   0.510261161E-02
   0.360984728E-01   0.861471668E-01  -0.209912192E-01   0.495761586E-02
   0.376016386E-01   0.929800868E-01  -0.237531271E-01   0.483261142E-02
   0.392791703E-01   0.100638688E+00  -0.267303698E-01   0.461941073E-02
   0.411628149E-01   0.109246552E+00  -0.300282948E-01   0.450693071E-02
   0.432572290E-01   0.118849501E+00  -0.336006097E-01   0.422423193E-02
   0.455873273E-01   0.129585907E+00  -0.375375859E-01   0.399068417E-02
   0.481432267E-01   0.141562968E+00  -0.418769531E-01   0.398501940E-02
   0.510305427E-01   0.155161038E+00  -0.466970466E-01   0.374412304E-02
   0.542635433E-01   0.170531735E+00  -0.520685054E-01   0.349956774E-02
   0.578948036E-01   0.188059956E+00  -0.581409894E-01   0.343201030E-02
   0.620161220E-01   0.208156019E+00  -0.650195703E-01   0.338889728E-02
   0.667650998E-01   0.231555462E+00  -0.729143918E-01   0.336937211E-02
   0.722609833E-01   0.258915067E+00  -0.820014700E-01   0.338965328E-02
   0.786231756E-01   0.291080981E+00  -0.924131721E-01   0.351282302E-02
   0.861346051E-01   0.329647005E+00  -0.104601964E+00   0.378673198E-02
   0.949352160E-01   0.375727385E+00  -0.118556499E+00   0.419289293E-02
   0.105304182E+00   0.431133747E+00  -0.134509146E+00   0.469101500E-02
   0.117733367E+00   0.498816401E+00  -0.152861029E+00   0.523169618E-02
   0.132248342E+00   0.580296755E+00  -0.173082858E+00   0.593515160E-02
   0.149385139E+00   0.678679466E+00  -0.194987953E+00   0.651540747E-02
   0.169212699E+00   0.796783626E+00  -0.217813805E+00   0.721664540E-02
   0.191956699E+00   0.936540782E+00  -0.240075275E+00   0.773158157E-02
   0.217773318E+00   0.109967542E+01  -0.259875208E+00   0.791189633E-02
   0.245839745E+00   0.128378129E+01  -0.273935407E+00   0.778428093E-02
   0.275872469E+00   0.148591626E+01  -0.279142201E+00   0.712991552E-02
   0.306356668E+00   0.169753051E+01  -0.271696061E+00   0.603351416E-02
   0.335978031E+00   0.190660024E+01  -0.248517886E+00   0.452471245E-02
   0.362377137E+00   0.209737563E+01  -0.207839042E+00   0.290293177E-02
   0.383149177E+00   0.225187087E+01  -0.150178537E+00   0.143219251E-02
   0.396806002E+00   0.235292482E+01  -0.789061785E-01   0.379579404E-03
   0.401321203E+00   0.238792706E+01  -0.207087623E-06   0.000000000E+00
