   0.210561440E-02   0.301221430E+00  -0.530323618E-09   0.000000000E+00
   0.214152061E-02   0.298724532E+00   0.252808779E-01   0.159440882E-03
   0.223045843E-02   0.290740341E+00   0.492270850E-01   0.616664940E-03
   0.237638410E-02   0.278228372E+00   0.708426014E-01   0.133157719E-02
   0.255575636E-02   0.262009501E+00   0.893730968E-01   0.222712918E-02
   0.273655565E-02   0.242670506E+00   0.103832446E+00   0.322549604E-02
   0.290797325E-02   0.221540198E+00   0.114398599E+00   0.423099613E-02
   0.303878286E-02   0.199291140E+00   0.120656639E+00   0.516828848E-02
   0.311522675E-02   0.176958203E+00   0.123004153E+00   0.594615238E-02
   0.313280127E-02   0.155149102E+00   0.121878579E+00   0.661105895E-02
   0.308978860E-02   0.134493887E+00   0.118000969E+00   0.706345867E-02
   0.297513651E-02   0.115236349E+00   0.111496791E+00   0.727058435E-02
   0.280507863E-02   0.975944772E-01   0.103181496E+00   0.729537755E-02
   0.257320423E-02   0.814939588E-01   0.930526704E-01   0.710187992E-02
   0.231420924E-02   0.673077628E-01   0.824380144E-01   0.670947507E-02
   0.203814800E-02   0.548994653E-01   0.716520101E-01   0.624937145E-02
   0.175025931E-02   0.441612974E-01   0.608893111E-01   0.560287619E-02
   0.146312732E-02   0.348793566E-01   0.504260398E-01   0.489855558E-02
   0.118800800E-02   0.269846246E-01   0.405969545E-01   0.413776049E-02
   0.944912143E-03   0.205676667E-01   0.320626572E-01   0.341553520E-02
   0.728950545E-03   0.152788032E-01   0.245535970E-01   0.275165820E-02
   0.535044062E-03   0.108997049E-01   0.178573877E-01   0.209169649E-02
   0.390240544E-03   0.773575995E-02   0.129309297E-01   0.156481005E-02
   0.268407486E-03   0.520017371E-02   0.878382660E-02   0.110812311E-02
   0.173929904E-03   0.332492264E-02   0.559518766E-02   0.726391852E-03
   0.106736690E-03   0.201009121E-02   0.333738886E-02   0.450988940E-03
   0.642574669E-04   0.120189961E-02   0.195180695E-02   0.270038989E-03
   0.317598424E-04   0.610688992E-03   0.887174858E-03   0.125327715E-03
   0.159485971E-04   0.328688388E-03   0.410921493E-03   0.564813927E-04
   0.709883489E-05   0.176746878E-03   0.158579875E-03   0.189652310E-04
   0.362200376E-05   0.122453333E-03   0.795985761E-04   0.490468756E-05
   0.351120593E-05   0.126163126E-03   0.110306733E-03   0.897526934E-05
   0.452443919E-05   0.154283858E-03   0.190495673E-03   0.252936552E-04
   0.625789107E-05   0.180862451E-03   0.262715854E-03   0.351368253E-04
   0.731369619E-05   0.199128030E-03   0.315490324E-03   0.478659531E-04
   0.866227674E-05   0.221600596E-03   0.370789872E-03   0.574850346E-04
   0.803559215E-05   0.199068192E-03   0.337491569E-03   0.532529011E-04
   0.733421439E-05   0.183797529E-03   0.323525805E-03   0.578578656E-04
   0.717908461E-05   0.178810238E-03   0.316600141E-03   0.582800458E-04
   0.552087295E-05   0.143927478E-03   0.251547579E-03   0.518500128E-04
   0.480015524E-05   0.129349486E-03   0.224981370E-03   0.524060015E-04
   0.377213223E-05   0.105128645E-03   0.174512417E-03   0.498728477E-04
   0.292844061E-05   0.865473557E-04   0.125284118E-03   0.478018155E-04
   0.232201160E-05   0.708485604E-04   0.829047494E-04   0.441128250E-04
   0.205862193E-05   0.648712812E-04   0.558069987E-04   0.442117198E-04
   0.208407937E-05   0.562063724E-04   0.365596520E-05   0.434645117E-04
   0.210771464E-05   0.502248367E-04  -0.316633304E-04   0.408029773E-04
   0.291434071E-05   0.522803603E-04  -0.756986774E-04   0.418918862E-04
   0.393756636E-05   0.571810742E-04  -0.121446188E-03   0.418920063E-04
   0.644893635E-05   0.785078009E-04  -0.191215193E-03   0.538090826E-04
   0.820025798E-05   0.926229986E-04  -0.244200346E-03   0.573492325E-04
   0.982356596E-05   0.104276885E-03  -0.285874557E-03   0.584718509E-04
   0.113783690E-04   0.115950592E-03  -0.323076849E-03   0.607697912E-04
   0.115386738E-04   0.115941883E-03  -0.320499414E-03   0.565544615E-04
   0.135924711E-04   0.133200796E-03  -0.366833759E-03   0.597864164E-04
   0.143631614E-04   0.139956886E-03  -0.374204013E-03   0.562388050E-04
   0.135055425E-04   0.131288616E-03  -0.342307321E-03   0.514785679E-04
   0.105714407E-04   0.102979342E-03  -0.246051815E-03   0.338985046E-04
   0.927890324E-05   0.890306110E-04  -0.187790036E-03   0.218129207E-04
   0.731906403E-05   0.667210697E-04  -0.106425243E-03   0.967751748E-05
   0.775743956E-05   0.648337664E-04  -0.751822372E-04   0.580167216E-05
   0.126362265E-04   0.960391990E-04  -0.151658300E-03   0.205943397E-04
   0.272422658E-04   0.202669602E-03  -0.454119086E-03   0.686622225E-04
   0.505577082E-04   0.369233312E-03  -0.906875939E-03   0.137103969E-03
   0.936717843E-04   0.692772213E-03  -0.181469310E-02   0.264755974E-03
   0.163109755E-03   0.121460191E-02  -0.327350781E-02   0.457781251E-03
   0.260678440E-03   0.193572044E-02  -0.524947327E-02   0.715979491E-03
   0.392889458E-03   0.292212446E-02  -0.786406919E-02   0.103044289E-02
   0.572751218E-03   0.426611397E-02  -0.113301203E-01   0.142786361E-02
   0.810668222E-03   0.604082504E-02  -0.157774854E-01   0.191284297E-02
   0.111744390E-02   0.835288223E-02  -0.213417839E-01   0.247727009E-02
   0.146974844E-02   0.110759744E-01  -0.273468737E-01   0.301191187E-02
   0.189129903E-02   0.143589899E-01  -0.341354087E-01   0.360375526E-02
   0.236847438E-02   0.181964841E-01  -0.412834026E-01   0.417010533E-02
   0.291868183E-02   0.227695629E-01  -0.490213111E-01   0.470641721E-02
   0.352279004E-02   0.280625802E-01  -0.567900911E-01   0.510405190E-02
   0.416732766E-02   0.339942090E-01  -0.641011298E-01   0.545195909E-02
   0.485194707E-02   0.406977274E-01  -0.708635226E-01   0.565579953E-02
   0.556427008E-02   0.481576696E-01  -0.766650066E-01   0.575354649E-02
   0.629899930E-02   0.564210601E-01  -0.813665912E-01   0.561657269E-02
   0.703723589E-02   0.653255135E-01  -0.844200626E-01   0.540888589E-02
   0.778187392E-02   0.749272555E-01  -0.858571678E-01   0.502827577E-02
   0.850096066E-02   0.848774463E-01  -0.850512534E-01   0.450446457E-02
   0.920242630E-02   0.951137394E-01  -0.821457282E-01   0.385012943E-02
   0.986617152E-02   0.105260983E+00  -0.768232420E-01   0.313498545E-02
   0.104750209E-01   0.114949755E+00  -0.690979958E-01   0.238295342E-02
   0.110088065E-01   0.123716235E+00  -0.588988140E-01   0.165137253E-02
   0.114503568E-01   0.131143957E+00  -0.464365445E-01   0.987567357E-03
   0.117853545E-01   0.136850536E+00  -0.321293883E-01   0.460508949E-03
   0.119899791E-01   0.140385136E+00  -0.164342429E-01   0.118376185E-03
   0.120606488E-01   0.141558871E+00  -0.424569642E-07   0.000000000E+00
