   0.723066973E-03   0.921957269E-01  -0.131054639E-09   0.000000000E+00
   0.735032256E-03   0.906699821E-01   0.739981094E-02   0.492859253E-04
   0.768545840E-03   0.863050744E-01   0.141159305E-01   0.185952595E-03
   0.815473904E-03   0.796024054E-01   0.196033474E-01   0.381872698E-03
   0.862729619E-03   0.711946264E-01   0.234598331E-01   0.595836085E-03
   0.900615414E-03   0.619823672E-01   0.257511493E-01   0.794024672E-03
   0.915016106E-03   0.524951443E-01   0.263282806E-01   0.948266592E-03
   0.900531246E-03   0.433846228E-01   0.255466718E-01   0.104039989E-02
   0.857463630E-03   0.350135155E-01   0.237543136E-01   0.107650005E-02
   0.783934025E-03   0.275741238E-01   0.211229399E-01   0.104344438E-02
   0.689861889E-03   0.212038979E-01   0.180869680E-01   0.970462337E-03
   0.584351830E-03   0.159267578E-01   0.149493841E-01   0.861445675E-03
   0.470345403E-03   0.115944445E-01   0.117300684E-01   0.719831150E-03
   0.360420876E-03   0.817458145E-02   0.876339618E-02   0.573378347E-03
   0.263516180E-03   0.557945529E-02   0.624702591E-02   0.432592962E-03
   0.179530500E-03   0.363313104E-02   0.411424180E-02   0.298666535E-03
   0.116347888E-03   0.228010537E-02   0.256508891E-02   0.193608488E-03
   0.689080553E-04   0.135040109E-02   0.142766861E-02   0.110517023E-03
   0.374200827E-04   0.760632800E-03   0.703331199E-03   0.549481192E-04
   0.171825450E-04   0.401405094E-03   0.259046967E-03   0.188193189E-04
   0.768636619E-05   0.217597611E-03   0.833485610E-04   0.510882046E-05
   0.280495829E-05   0.125572071E-03   0.131732595E-04   0.438404385E-06
   0.181674795E-05   0.905075722E-04   0.272269390E-04   0.328120859E-05
   0.202682327E-05   0.771757768E-04   0.601804823E-04   0.826234646E-05
   0.294615688E-05   0.797443354E-04   0.101468780E-03   0.134676829E-04
   0.319672540E-05   0.723675839E-04   0.113633731E-03   0.154023746E-04
   0.297373026E-05   0.605281748E-04   0.105735468E-03   0.146367947E-04
   0.302791955E-05   0.568933647E-04   0.108064516E-03   0.152770353E-04
   0.197936515E-05   0.364752741E-04   0.716863069E-04   0.105632516E-04
   0.159152330E-05   0.281611610E-04   0.572379831E-04   0.848112813E-05
   0.101169837E-05   0.177906277E-04   0.365653650E-04   0.563208960E-05
   0.555742645E-06   0.968899076E-05   0.199368860E-04   0.312508041E-05
   0.290202905E-06   0.517222134E-05   0.107309543E-04   0.177092477E-05
   0.142365565E-06   0.264521009E-05   0.532482272E-05   0.954344046E-06
   0.508029459E-07   0.938663504E-06   0.186478394E-05   0.331945131E-06
   0.536825784E-08   0.122726846E-06   0.209665075E-06   0.462061678E-07
   0.587284776E-09   0.101259454E-07   0.883013218E-08   0.253542765E-08
   0.746662643E-08   0.920933232E-07   0.233657815E-06   0.302377394E-07
   0.163246199E-07   0.247998344E-06   0.437771604E-06   0.127753566E-06
   0.382219447E-07   0.580778021E-06   0.124836959E-05   0.218016154E-06
   0.779232252E-07   0.120862103E-05   0.282908286E-05   0.500051215E-06
   0.344987683E-07   0.643090175E-06   0.130497244E-05   0.313902689E-06
   0.323711973E-07   0.590962088E-06   0.126032000E-05   0.259960188E-06
   0.483867844E-07   0.595806455E-06  -0.873028000E-06   0.450461926E-06
   0.150258597E-07   0.355056443E-06   0.468237687E-06   0.216169454E-06
   0.789035948E-08   0.243041683E-06   0.190755074E-06   0.165013631E-06
   0.231426025E-07   0.329438478E-06  -0.416028655E-06   0.254573877E-06
   0.639314166E-07   0.550542211E-06  -0.179653659E-05   0.415593462E-06
   0.432334808E-07   0.342945640E-06  -0.123101995E-05   0.247175961E-06
   0.366051935E-07   0.365500426E-06  -0.845865372E-06   0.279732944E-06
   0.568239287E-07   0.409698316E-06  -0.144174919E-05   0.294336616E-06
   0.647930634E-07   0.419116049E-06  -0.169419945E-05   0.274139126E-06
   0.779708955E-07   0.502475984E-06  -0.202920091E-05   0.325954176E-06
   0.324591589E-07   0.220649724E-06  -0.791773004E-06   0.131295948E-06
   0.525677413E-08   0.536394822E-07  -0.536622871E-07   0.254486352E-07
   0.287590041E-07   0.208825924E-06  -0.728123496E-06   0.134940123E-06
   0.771668596E-07   0.586846113E-06  -0.200731256E-05   0.403909780E-06
   0.344721940E-06   0.224521659E-05  -0.849232038E-05   0.139457120E-05
   0.863242803E-06   0.547887157E-05  -0.207506837E-04   0.324332723E-05
   0.132410764E-05   0.812376584E-05  -0.312135962E-04   0.476948435E-05
   0.209306927E-05   0.125514725E-04  -0.484114425E-04   0.734557216E-05
   0.341248551E-05   0.199864789E-04  -0.763870703E-04   0.110622977E-04
   0.496804250E-05   0.284237758E-04  -0.107815984E-03   0.153487945E-04
   0.639157497E-05   0.358394973E-04  -0.132574962E-03   0.184761248E-04
   0.801465194E-05   0.436848750E-04  -0.155091795E-03   0.205432934E-04
   0.866693608E-05   0.461576019E-04  -0.150691631E-03   0.198329217E-04
   0.925549466E-05   0.477455833E-04  -0.132275862E-03   0.167941544E-04
   0.897051905E-05   0.436998926E-04  -0.813825172E-04   0.102336908E-04
   0.102218482E-04   0.460745759E-04  -0.356982200E-04   0.470783425E-05
   0.148712415E-04   0.617741098E-04  -0.175416990E-04   0.235125412E-05
   0.271296594E-04   0.108765387E-03  -0.853642632E-04   0.966945572E-05
   0.553761311E-04   0.220793707E-03  -0.360998063E-03   0.373855110E-04
   0.105054627E-03   0.417309871E-03  -0.863815716E-03   0.852096709E-04
   0.189346290E-03   0.750150299E-03  -0.175078178E-02   0.164828947E-03
   0.316829828E-03   0.125333306E-02  -0.303935725E-02   0.271106430E-03
   0.505786389E-03   0.199589413E-02  -0.488490658E-02   0.413440313E-03
   0.761179836E-03   0.300333556E-02  -0.715828035E-02   0.574133417E-03
   0.109340798E-02   0.432693167E-02  -0.980444252E-02   0.742463104E-03
   0.151618547E-02   0.603521336E-02  -0.127990404E-01   0.910859788E-03
   0.202715164E-02   0.814117119E-02  -0.158445109E-01   0.106217887E-02
   0.263598771E-02   0.107080238E-01  -0.188647285E-01   0.118066755E-02
   0.333862891E-02   0.137420436E-01  -0.215846542E-01   0.125260756E-02
   0.413096044E-02   0.172402710E-01  -0.237896014E-01   0.126886053E-02
   0.499579264E-02   0.211334769E-01  -0.251649003E-01   0.121897203E-02
   0.591848791E-02   0.253386050E-01  -0.255672894E-01   0.110197044E-02
   0.686173746E-02   0.296667051E-01  -0.247227661E-01   0.918780686E-03
   0.777659612E-02   0.338748284E-01  -0.224366281E-01   0.688146160E-03
   0.860100146E-02   0.376572907E-01  -0.186451394E-01   0.439659751E-03
   0.925927050E-02   0.406697355E-01  -0.133876801E-01   0.214703367E-03
   0.968983583E-02   0.426313244E-01  -0.702256197E-02   0.569674303E-04
   0.983930938E-02   0.433085896E-01  -0.181464035E-07   0.000000000E+00
