   0.279338402E-02   0.144062966E+00  -0.153730931E-09   0.000000000E+00
   0.281313271E-02   0.142764539E+00   0.142126288E-01   0.892315584E-04
   0.286509050E-02   0.138805971E+00   0.276399888E-01   0.344895292E-03
   0.294149341E-02   0.132614121E+00   0.395728536E-01   0.741627999E-03
   0.302994065E-02   0.124562815E+00   0.495277829E-01   0.123338669E-02
   0.310896663E-02   0.115149580E+00   0.571093038E-01   0.177307904E-02
   0.316914800E-02   0.104844823E+00   0.622570626E-01   0.232367287E-02
   0.320286280E-02   0.942253917E-01   0.652448460E-01   0.280675502E-02
   0.318550086E-02   0.835623071E-01   0.659188852E-01   0.323901605E-02
   0.312241679E-02   0.732668415E-01   0.648165718E-01   0.356246741E-02
   0.300094276E-02   0.634688884E-01   0.620424300E-01   0.376578118E-02
   0.283918530E-02   0.544380508E-01   0.582034811E-01   0.386057072E-02
   0.263700937E-02   0.462253317E-01   0.535119027E-01   0.385848852E-02
   0.239244662E-02   0.387118235E-01   0.480211861E-01   0.373789808E-02
   0.213124091E-02   0.320813246E-01   0.423354991E-01   0.353653007E-02
   0.185961730E-02   0.262873042E-01   0.366135091E-01   0.323645701E-02
   0.158438378E-02   0.211821496E-01   0.309274811E-01   0.289992662E-02
   0.132775167E-02   0.168619975E-01   0.257150903E-01   0.256137364E-02
   0.108217599E-02   0.131785041E-01   0.208267905E-01   0.217604660E-02
   0.856009428E-03   0.100380629E-01   0.163574014E-01   0.180542597E-02
   0.660347869E-03   0.749881519E-02   0.125382021E-01   0.143978384E-02
   0.491736864E-03   0.542443432E-02   0.926280767E-02   0.110882393E-02
   0.360055885E-03   0.385569711E-02   0.672542443E-02   0.838379958E-03
   0.250679441E-03   0.261693145E-02   0.463046040E-02   0.599879888E-03
   0.166094789E-03   0.168799073E-02   0.301651377E-02   0.405671890E-03
   0.103488004E-03   0.102989736E-02   0.183749094E-02   0.252753613E-03
   0.621878280E-04   0.597843435E-03   0.106650090E-02   0.152598484E-03
   0.368708315E-04   0.343036721E-03   0.608537288E-03   0.885167756E-04
   0.172596156E-04   0.158086914E-03   0.256352738E-03   0.375284835E-04
   0.794040079E-05   0.735703579E-04   0.981484118E-04   0.132319356E-04
   0.353623659E-05   0.414633505E-04   0.364005500E-04   0.306747188E-05
   0.237692439E-05   0.384029190E-04   0.328832903E-04   0.220678021E-05
   0.261115633E-05   0.512509832E-04   0.553495192E-04   0.579471362E-05
   0.366781387E-05   0.676115960E-04   0.870602817E-04   0.110532183E-04
   0.466830852E-05   0.794436564E-04   0.113378235E-03   0.160746949E-04
   0.474903300E-05   0.789023688E-04   0.119853867E-03   0.196899909E-04
   0.516219234E-05   0.824101735E-04   0.128895786E-03   0.215528416E-04
   0.568700989E-05   0.898315484E-04   0.144493708E-03   0.260228771E-04
   0.511366761E-05   0.813353545E-04   0.133088339E-03   0.266796997E-04
   0.440285157E-05   0.728640589E-04   0.117100237E-03   0.254817951E-04
   0.341930968E-05   0.586628084E-04   0.929632733E-04   0.233210012E-04
   0.270747728E-05   0.493773041E-04   0.729851017E-04   0.231147951E-04
   0.186614136E-05   0.377427132E-04   0.514250823E-04   0.191808231E-04
   0.181669850E-05   0.345381413E-04   0.360506820E-04   0.210092512E-04
   0.138444523E-05   0.280061922E-04   0.200228769E-04   0.188984050E-04
   0.169243833E-05   0.261284476E-04  -0.638755409E-06   0.198796206E-04
   0.197521240E-05   0.240350237E-04  -0.190875653E-04   0.191571617E-04
   0.255665850E-05   0.249636341E-04  -0.400585050E-04   0.193662490E-04
   0.371611395E-05   0.299892072E-04  -0.548222488E-04   0.226121847E-04
   0.507932327E-05   0.354407093E-04  -0.838858759E-04   0.231232807E-04
   0.657214332E-05   0.414076530E-04  -0.104758132E-03   0.253898088E-04
   0.746136539E-05   0.449899635E-04  -0.116809133E-03   0.261586938E-04
   0.917042325E-05   0.527954617E-04  -0.140266406E-03   0.271270255E-04
   0.910379185E-05   0.513284249E-04  -0.135845956E-03   0.244771163E-04
   0.984968574E-05   0.546874217E-04  -0.142793404E-03   0.238458306E-04
   0.100380958E-04   0.555414845E-04  -0.140904405E-03   0.222031958E-04
   0.853187339E-05   0.461534764E-04  -0.110070192E-03   0.144443111E-04
   0.714293901E-05   0.383952829E-04  -0.824158124E-04   0.927623478E-05
   0.558434294E-05   0.282916099E-04  -0.539526372E-04   0.509652955E-05
   0.483687199E-05   0.212417162E-04  -0.336251142E-04   0.265859194E-05
   0.581466338E-05   0.225013519E-04  -0.349907968E-04   0.415844306E-05
   0.121605099E-04   0.433184141E-04  -0.995978553E-04   0.148775007E-04
   0.256298226E-04   0.964660794E-04  -0.261161011E-03   0.408435008E-04
   0.509088168E-04   0.195967761E-03  -0.560853921E-03   0.859077336E-04
   0.936651995E-04   0.374116440E-03  -0.108273793E-02   0.157665592E-03
   0.156286333E-03   0.622403633E-03  -0.180914998E-02   0.256514439E-03
   0.249331963E-03   0.100109261E-02  -0.288821966E-02   0.392396003E-03
   0.378883589E-03   0.151853450E-02  -0.434378022E-02   0.570532167E-03
   0.545778195E-03   0.218945020E-02  -0.616098382E-02   0.778072455E-03
   0.760917028E-03   0.305058365E-02  -0.842165761E-02   0.102411222E-02
   0.103242998E-02   0.415152637E-02  -0.111885210E-01   0.130262668E-02
   0.135291065E-02   0.546154426E-02  -0.142890355E-01   0.158855901E-02
   0.172952400E-02   0.702777505E-02  -0.177513920E-01   0.188074424E-02
   0.215786276E-02   0.886896253E-02  -0.214611869E-01   0.214625499E-02
   0.263978750E-02   0.109940134E-01  -0.253475010E-01   0.241088448E-02
   0.316172489E-02   0.134045351E-01  -0.291960724E-01   0.263587665E-02
   0.373980496E-02   0.162235871E-01  -0.331428126E-01   0.278489385E-02
   0.433979370E-02   0.193386618E-01  -0.366984457E-01   0.288286153E-02
   0.496424781E-02   0.228092037E-01  -0.398420431E-01   0.292238966E-02
   0.559631502E-02   0.266225375E-01  -0.423399471E-01   0.285367202E-02
   0.623380905E-02   0.307770744E-01  -0.440843850E-01   0.272136298E-02
   0.687694130E-02   0.352811478E-01  -0.450397171E-01   0.252095424E-02
   0.749919983E-02   0.399881527E-01  -0.448855869E-01   0.224579079E-02
   0.810605008E-02   0.448774733E-01  -0.436195843E-01   0.193625176E-02
   0.867250469E-02   0.497572646E-01  -0.409933887E-01   0.157997000E-02
   0.919679180E-02   0.544543378E-01  -0.370935947E-01   0.119609083E-02
   0.966043584E-02   0.587741733E-01  -0.317748934E-01   0.822809234E-03
   0.100404825E-01   0.624383949E-01  -0.251770038E-01   0.492387917E-03
   0.103273327E-01   0.652814880E-01  -0.174690895E-01   0.229886195E-03
   0.105087971E-01   0.670706853E-01  -0.895404257E-02   0.590651907E-04
   0.105686961E-01   0.676596463E-01  -0.249017766E-07   0.000000000E+00
