   0.150473206E-02   0.541480720E+00   0.000000000E+00   0.000000000E+00
   0.153672497E-02   0.536887467E+00   0.402298607E-01   0.256959087E-03
   0.163141254E-02   0.522996306E+00   0.786793604E-01   0.997665804E-03
   0.177223259E-02   0.500828385E+00   0.113428429E+00   0.214312645E-02
   0.194626278E-02   0.471742481E+00   0.143191129E+00   0.358991022E-02
   0.213659205E-02   0.437523246E+00   0.167339802E+00   0.521718198E-02
   0.232061162E-02   0.399831921E+00   0.185396314E+00   0.687606400E-02
   0.246599689E-02   0.359760702E+00   0.196198210E+00   0.842626579E-02
   0.257913792E-02   0.319818348E+00   0.201724142E+00   0.982998498E-02
   0.262073893E-02   0.280173659E+00   0.200370997E+00   0.109270941E-01
   0.261314120E-02   0.242939398E+00   0.195156917E+00   0.115746902E-01
   0.254387408E-02   0.207952723E+00   0.185420424E+00   0.120280059E-01
   0.240774546E-02   0.175542802E+00   0.171597183E+00   0.120822182E-01
   0.223281351E-02   0.146643192E+00   0.156043515E+00   0.118265459E-01
   0.202728854E-02   0.121192962E+00   0.139358953E+00   0.112669393E-01
   0.178987754E-02   0.985885337E-01   0.121283047E+00   0.104284808E-01
   0.154501840E-02   0.791643932E-01   0.103468910E+00   0.941246189E-02
   0.128704798E-02   0.620995760E-01   0.852580070E-01   0.821238663E-02
   0.105918199E-02   0.483191907E-01   0.696000010E-01   0.707314862E-02
   0.832161692E-03   0.364333689E-01   0.542419255E-01   0.573242502E-02
   0.643355597E-03   0.270667560E-01   0.416286178E-01   0.461401511E-02
   0.475021603E-03   0.194040835E-01   0.304682385E-01   0.352213718E-02
   0.342578220E-03   0.136076789E-01   0.217632726E-01   0.263117952E-02
   0.237076703E-03   0.923610944E-02   0.148895234E-01   0.186202058E-02
   0.152685112E-03   0.593440095E-02   0.943567231E-02   0.121057802E-02
   0.947088702E-04   0.366405887E-02   0.569867715E-02   0.754998531E-03
   0.533394559E-04   0.210236805E-02   0.306261005E-02   0.420741562E-03
   0.289015570E-04   0.119001500E-02   0.156457792E-02   0.216471060E-03
   0.128658940E-04   0.627211761E-03   0.625876593E-03   0.839314525E-04
   0.665924836E-05   0.375296193E-03   0.286322087E-03   0.307588707E-04
   0.352938787E-05   0.270546181E-03   0.171883265E-03   0.143109646E-04
   0.363216623E-05   0.281612098E-03   0.256036350E-03   0.270645742E-04
   0.540309202E-05   0.327228452E-03   0.414680748E-03   0.493421430E-04
   0.667991571E-05   0.350853486E-03   0.519418740E-03   0.669981964E-04
   0.781631934E-05   0.387792446E-03   0.642588304E-03   0.962654885E-04
   0.910470226E-05   0.430122251E-03   0.752945256E-03   0.119406795E-03
   0.867756717E-05   0.400454388E-03   0.724436366E-03   0.121403937E-03
   0.771521991E-05   0.355090568E-03   0.645884487E-03   0.113561451E-03
   0.682234941E-05   0.322024745E-03   0.591095653E-03   0.115858857E-03
   0.614427654E-05   0.295122969E-03   0.537163694E-03   0.111084730E-03
   0.449660047E-05   0.226643620E-03   0.405929401E-03   0.947045555E-04
   0.407260495E-05   0.209819904E-03   0.371710659E-03   0.933147894E-04
   0.336141125E-05   0.177815513E-03   0.285061979E-03   0.964060819E-04
   0.237232348E-05   0.139987576E-03   0.186619509E-03   0.857162013E-04
   0.211600513E-05   0.122712634E-03   0.103937615E-03   0.863305104E-04
   0.196135557E-05   0.103007784E-03   0.182106014E-04   0.801086717E-04
   0.220342758E-05   0.939357851E-04  -0.800652997E-04   0.772416533E-04
   0.319483070E-05   0.106501757E-03  -0.158451963E-03   0.856514162E-04
   0.463450260E-05   0.123743419E-03  -0.285023038E-03   0.878805804E-04
   0.547911986E-05   0.135240087E-03  -0.334201002E-03   0.912051983E-04
   0.708744028E-05   0.159913165E-03  -0.423634454E-03   0.986261584E-04
   0.858865951E-05   0.182190546E-03  -0.500609400E-03   0.104756116E-03
   0.982930396E-05   0.204088647E-03  -0.561724941E-03   0.109399814E-03
   0.121131325E-04   0.237328772E-03  -0.670813024E-03   0.118925695E-03
   0.127863577E-04   0.248782191E-03  -0.681637961E-03   0.108501808E-03
   0.128215424E-04   0.246457756E-03  -0.659723300E-03   0.985102743E-04
   0.129387099E-04   0.246588257E-03  -0.625223678E-03   0.824607778E-04
   0.108448839E-04   0.206354714E-03  -0.494148815E-03   0.638571437E-04
   0.913496115E-05   0.174900415E-03  -0.364749169E-03   0.437487361E-04
   0.738414337E-05   0.141747529E-03  -0.228443867E-03   0.275381099E-04
   0.805932268E-05   0.142685603E-03  -0.171470005E-03   0.178287810E-04
   0.113680690E-04   0.189417100E-03  -0.223967756E-03   0.290964035E-04
   0.220340407E-04   0.347151508E-03  -0.602784799E-03   0.901420353E-04
   0.433662208E-04   0.660506485E-03  -0.140871655E-02   0.210250742E-03
   0.795747837E-04   0.120769581E-02  -0.284392200E-02   0.409307046E-03
   0.137835115E-03   0.208760053E-02  -0.516596017E-02   0.718921248E-03
   0.223858835E-03   0.335641182E-02  -0.850210804E-02   0.115264754E-02
   0.340521859E-03   0.512368232E-02  -0.129613429E-01   0.167588331E-02
   0.503481424E-03   0.754688773E-02  -0.190146193E-01   0.239285640E-02
   0.710302091E-03   0.106755104E-01  -0.264299680E-01   0.317751127E-02
   0.967352476E-03   0.146237519E-01  -0.352503099E-01   0.405029673E-02
   0.127703382E-02   0.194094591E-01  -0.452683493E-01   0.500355568E-02
   0.164588483E-02   0.252833609E-01  -0.565907508E-01   0.596331386E-02
   0.207058084E-02   0.322204046E-01  -0.687012300E-01   0.694862334E-02
   0.255685160E-02   0.404960737E-01  -0.816321373E-01   0.783441123E-02
   0.308740232E-02   0.499410145E-01  -0.942939892E-01   0.860612467E-02
   0.365784462E-02   0.607420951E-01  -0.106318302E+00   0.908875093E-02
   0.427894155E-02   0.730740279E-01  -0.117842972E+00   0.949678756E-02
   0.490308413E-02   0.864662528E-01  -0.126738206E+00   0.960270315E-02
   0.557373604E-02   0.101646505E+00  -0.134664491E+00   0.946933031E-02
   0.623343838E-02   0.117782675E+00  -0.139106855E+00   0.909152720E-02
   0.690866867E-02   0.135172546E+00  -0.141154602E+00   0.850937515E-02
   0.756953098E-02   0.153307676E+00  -0.139630482E+00   0.760579435E-02
   0.821308140E-02   0.171756580E+00  -0.134575620E+00   0.652398728E-02
   0.881501473E-02   0.189906761E+00  -0.125291720E+00   0.529130222E-02
   0.937779993E-02   0.207325503E+00  -0.112472184E+00   0.407584943E-02
   0.987420697E-02   0.222943962E+00  -0.957701802E-01   0.278571527E-02
   0.102801351E-01   0.236141503E+00  -0.753308460E-01   0.167417107E-02
   0.105840368E-01   0.245994776E+00  -0.519427769E-01   0.767985068E-03
   0.107741076E-01   0.252296269E+00  -0.265264791E-01   0.198363559E-03
   0.108444672E-01   0.254564673E+00  -0.714093815E-07   0.000000000E+00
