   0.315408036E-01   0.588696718E+00   0.853604742E-09   0.000000000E+00
   0.314429216E-01   0.587260187E+00   0.506057180E-01   0.333093893E-03
   0.311491303E-01   0.581742823E+00   0.998559445E-01   0.130585302E-02
   0.306539889E-01   0.573652864E+00   0.146310791E+00   0.288275979E-02
   0.300152153E-01   0.561594784E+00   0.189172745E+00   0.496825809E-02
   0.291874688E-01   0.547119915E+00   0.226992890E+00   0.742672244E-02
   0.282393713E-01   0.529532611E+00   0.259526640E+00   0.101238899E-01
   0.271738507E-01   0.509498477E+00   0.286123604E+00   0.129298754E-01
   0.260157902E-01   0.487828404E+00   0.306621075E+00   0.158533640E-01
   0.247811731E-01   0.464068174E+00   0.321098447E+00   0.184919666E-01
   0.235202909E-01   0.439082652E+00   0.330207556E+00   0.211086422E-01
   0.222114213E-01   0.413002312E+00   0.333798885E+00   0.232665408E-01
   0.208980553E-01   0.386093378E+00   0.332884759E+00   0.250578709E-01
   0.195632298E-01   0.358848900E+00   0.327422172E+00   0.263165291E-01
   0.182418991E-01   0.331836551E+00   0.318368554E+00   0.274021849E-01
   0.169201232E-01   0.305255681E+00   0.305989712E+00   0.279285796E-01
   0.156426728E-01   0.278973073E+00   0.291594833E+00   0.281893518E-01
   0.144024724E-01   0.253640920E+00   0.275429308E+00   0.278511122E-01
   0.131713431E-01   0.229205832E+00   0.257330894E+00   0.270989891E-01
   0.120127471E-01   0.206166461E+00   0.238884047E+00   0.261105765E-01
   0.108745759E-01   0.184172094E+00   0.219313666E+00   0.248216968E-01
   0.981924869E-02   0.163781688E+00   0.200355276E+00   0.233753845E-01
   0.878963619E-02   0.144508168E+00   0.180865526E+00   0.217057858E-01
   0.780205382E-02   0.126664609E+00   0.161347494E+00   0.198040549E-01
   0.693086721E-02   0.110455148E+00   0.143895254E+00   0.182288662E-01
   0.608509267E-02   0.956493840E-01   0.126351893E+00   0.162291452E-01
   0.532617141E-02   0.824275240E-01   0.110385723E+00   0.142427934E-01
   0.462748250E-02   0.703529045E-01   0.955060050E-01   0.125248861E-01
   0.399804022E-02   0.596186817E-01   0.819265172E-01   0.109825097E-01
   0.341740414E-02   0.501232296E-01   0.692721531E-01   0.932708103E-02
   0.287875067E-02   0.416199416E-01   0.573535934E-01   0.764100626E-02
   0.244218670E-02   0.345471539E-01   0.478847548E-01   0.635663280E-02
   0.204740278E-02   0.282656122E-01   0.392315798E-01   0.524987467E-02
   0.170416734E-02   0.229360946E-01   0.317891166E-01   0.424594851E-02
   0.139794312E-02   0.184107553E-01   0.251801424E-01   0.329058594E-02
   0.113650772E-02   0.145230973E-01   0.195695739E-01   0.254213763E-02
   0.931092189E-03   0.113891037E-01   0.153258545E-01   0.203232444E-02
   0.738884904E-03   0.879139546E-02   0.114182606E-01   0.145830458E-02
   0.586842070E-03   0.662020687E-02   0.835052598E-02   0.107363029E-02
   0.462184951E-03   0.491555687E-02   0.593241211E-02   0.753772736E-03
   0.365689950E-03   0.359769561E-02   0.418526214E-02   0.542047841E-03
   0.287923322E-03   0.255552982E-02   0.276476867E-02   0.365302170E-03
   0.225708689E-03   0.174649421E-02   0.160533143E-02   0.224224932E-03
   0.189368831E-03   0.120674714E-02   0.972044130E-03   0.158380877E-03
   0.167994600E-03   0.824535440E-03   0.423065067E-03   0.113315487E-03
   0.150211607E-03   0.597643375E-03  -0.754845096E-04   0.382289982E-04
   0.151210959E-03   0.520294707E-03  -0.505394477E-03   0.444783694E-07
   0.164951925E-03   0.558120257E-03  -0.871705590E-03  -0.231576378E-04
   0.193830434E-03   0.719081669E-03  -0.136777596E-02  -0.327631387E-04
   0.231091661E-03   0.105241896E-02  -0.201729080E-02  -0.641760780E-04
   0.292498909E-03   0.149255001E-02  -0.294613093E-02  -0.330670809E-04
   0.366689026E-03   0.213517272E-02  -0.412685191E-02  -0.576290176E-05
   0.457063958E-03   0.289109768E-02  -0.555021828E-02   0.634919998E-04
   0.568108633E-03   0.389696122E-02  -0.737168314E-02   0.149350759E-03
   0.703040161E-03   0.517840451E-02  -0.965208840E-02   0.264822011E-03
   0.864168280E-03   0.667868648E-02  -0.124493623E-01   0.466497557E-03
   0.105312001E-02   0.847688224E-02  -0.157538205E-01   0.713762769E-03
   0.125791878E-02   0.105418973E-01  -0.193270501E-01   0.993523863E-03
   0.151026912E-02   0.131708654E-01  -0.238293856E-01   0.129642931E-02
   0.178036513E-02   0.160024464E-01  -0.286013652E-01   0.171403994E-02
   0.208340352E-02   0.193464383E-01  -0.339330696E-01   0.212572422E-02
   0.241942098E-02   0.231155977E-01  -0.398342125E-01   0.264537195E-02
   0.279441942E-02   0.274677090E-01  -0.463785231E-01   0.317184860E-02
   0.319062243E-02   0.323100463E-01  -0.531716123E-01   0.371323200E-02
   0.362536497E-02   0.378934108E-01  -0.605514273E-01   0.411849050E-02
   0.408055866E-02   0.439555310E-01  -0.681116283E-01   0.456518121E-02
   0.455543725E-02   0.505656600E-01  -0.759006664E-01   0.511734188E-02
   0.504740980E-02   0.578589700E-01  -0.837687626E-01   0.550400466E-02
   0.553359231E-02   0.656517744E-01  -0.913446546E-01   0.605193246E-02
   0.602702890E-02   0.741876811E-01  -0.987996385E-01   0.632683467E-02
   0.653087487E-02   0.834613591E-01  -0.106299959E+00   0.650877925E-02
   0.699663069E-02   0.932762995E-01  -0.112815991E+00   0.660373596E-02
   0.743611949E-02   0.103579804E+00  -0.118647456E+00   0.664518028E-02
   0.786918029E-02   0.114743464E+00  -0.124172978E+00   0.624984270E-02
   0.822339300E-02   0.126145214E+00  -0.128134623E+00   0.623382721E-02
   0.853013340E-02   0.137989640E+00  -0.131064355E+00   0.607681368E-02
   0.880003814E-02   0.150391057E+00  -0.133108631E+00   0.553253433E-02
   0.898871757E-02   0.162956417E+00  -0.133326173E+00   0.500820158E-02
   0.911507197E-02   0.175592452E+00  -0.132251322E+00   0.450775260E-02
   0.917997677E-02   0.188176766E+00  -0.129723772E+00   0.386952795E-02
   0.916975457E-02   0.200785160E+00  -0.125422090E+00   0.339525519E-02
   0.910541788E-02   0.213016227E+00  -0.119526222E+00   0.284326193E-02
   0.898959488E-02   0.224712446E+00  -0.111695290E+00   0.226917746E-02
   0.882608816E-02   0.235647246E+00  -0.102313399E+00   0.179558631E-02
   0.864126626E-02   0.245393813E+00  -0.912745744E-01   0.131747581E-02
   0.844203401E-02   0.254308462E+00  -0.787353739E-01   0.948479690E-03
   0.825483166E-02   0.261947244E+00  -0.647981167E-01   0.611537136E-03
   0.809034519E-02   0.267788440E+00  -0.496783704E-01   0.331268529E-03
   0.795494858E-02   0.272338480E+00  -0.336792432E-01   0.152164052E-03
   0.787174515E-02   0.275148213E+00  -0.169935264E-01   0.382224462E-04
   0.784270186E-02   0.276067466E+00  -0.431635065E-07   0.000000000E+00
