   0.171297183E-02   0.218325794E+00  -0.113606247E-08   0.000000000E+00
   0.171921588E-02   0.214921653E+00   0.148120476E-01   0.106279367E-03
   0.173488061E-02   0.205115601E+00   0.283281915E-01   0.401441212E-03
   0.175258145E-02   0.189952552E+00   0.395843610E-01   0.822010508E-03
   0.176079432E-02   0.170789436E+00   0.476561487E-01   0.128903706E-02
   0.174994464E-02   0.149475023E+00   0.526446290E-01   0.172392232E-02
   0.170797587E-02   0.127414182E+00   0.543895252E-01   0.207360275E-02
   0.162777083E-02   0.105906866E+00   0.532974452E-01   0.227823202E-02
   0.151034584E-02   0.859628841E-01   0.500010811E-01   0.236328109E-02
   0.135977718E-02   0.681421384E-01   0.450822189E-01   0.232298486E-02
   0.117985636E-02   0.526778363E-01   0.389112420E-01   0.215724902E-02
   0.987339998E-03   0.397133529E-01   0.322963446E-01   0.190648215E-02
   0.790934369E-03   0.290995892E-01   0.255627409E-01   0.160338287E-02
   0.609409763E-03   0.207537767E-01   0.194525793E-01   0.129395595E-02
   0.446931866E-03   0.143179288E-01   0.140137412E-01   0.977263553E-03
   0.310150033E-03   0.951759890E-02   0.947908033E-02   0.693588576E-03
   0.201222429E-03   0.605445355E-02   0.589694828E-02   0.448114792E-03
   0.121754427E-03   0.368809048E-02   0.334292185E-02   0.260130822E-03
   0.677535718E-04   0.214782800E-02   0.166628696E-02   0.130313638E-03
   0.350653572E-04   0.121537340E-02   0.721093500E-03   0.544735703E-04
   0.152180955E-04   0.666931272E-03   0.191685540E-03   0.112848702E-04
   0.669243991E-05   0.394776493E-03   0.406270301E-04   0.172335967E-05
   0.419602202E-05   0.273314392E-03   0.714437265E-04   0.908436141E-05
   0.444225270E-05   0.225045747E-03   0.161706557E-03   0.215181644E-04
   0.550264303E-05   0.209104837E-03   0.257057865E-03   0.342850253E-04
   0.618514650E-05   0.195579414E-03   0.313874159E-03   0.431904409E-04
   0.623786673E-05   0.175247580E-03   0.321588654E-03   0.450198531E-04
   0.506031665E-05   0.134319169E-03   0.264042028E-03   0.381268183E-04
   0.416824878E-05   0.105308362E-03   0.218823348E-03   0.320261097E-04
   0.291628203E-05   0.716038849E-04   0.152527864E-03   0.227040582E-04
   0.197174222E-05   0.475436245E-04   0.103423466E-03   0.156753813E-04
   0.119482934E-05   0.299335788E-04   0.662002712E-04   0.110211968E-04
   0.692228127E-06   0.170707590E-04   0.376903154E-04   0.626108022E-05
   0.324090223E-06   0.847250703E-05   0.183486791E-04   0.336297285E-05
   0.937500033E-07   0.242801661E-05   0.502195417E-05   0.904242995E-06
   0.212804387E-07   0.600400085E-06   0.122247445E-05   0.234698049E-06
   0.760323093E-08   0.112998919E-06  -0.320196158E-08   0.202148005E-07
   0.156812108E-08   0.352258596E-07   0.758279270E-07   0.139533212E-07
   0.240913209E-07   0.526136034E-06   0.119075878E-05   0.220298006E-06
   0.448809061E-07   0.101698288E-05   0.239478663E-05   0.432368438E-06
   0.593844653E-07   0.160791467E-05   0.344433579E-05   0.834139826E-06
   0.836197529E-07   0.200029353E-05   0.391487129E-05   0.106644018E-05
   0.519078682E-07   0.132670630E-05   0.140745146E-05   0.846263845E-06
   0.347045486E-07   0.114395550E-05   0.128043416E-05   0.758841225E-06
   0.328439533E-07   0.108327936E-05   0.196434803E-05   0.625131463E-06
   0.651123031E-07   0.126803013E-05  -0.188900276E-05   0.986046643E-06
   0.555279556E-07   0.122576432E-05  -0.926740370E-06   0.926999178E-06
   0.172113189E-06   0.229150714E-05  -0.681667416E-05   0.172518742E-05
   0.993583313E-07   0.133841786E-05  -0.401268471E-05   0.101639205E-05
   0.943049017E-07   0.110078781E-05  -0.407946436E-05   0.785404666E-06
   0.115698185E-06   0.128738395E-05  -0.486503814E-05   0.912062603E-06
   0.100419427E-06   0.105556830E-05  -0.415858767E-05   0.707279639E-06
   0.109877547E-06   0.109352845E-05  -0.441023940E-05   0.737194000E-06
   0.314651238E-07   0.271185741E-06  -0.107841197E-05   0.172835996E-06
   0.253486254E-08   0.480767248E-07  -0.405432168E-07   0.320310356E-07
   0.471368651E-07   0.560169951E-06  -0.182373560E-05   0.359244098E-06
   0.347715059E-06   0.356859573E-05  -0.135121054E-04   0.229889838E-05
   0.539390214E-06   0.545462490E-05  -0.203864693E-04   0.331274509E-05
   0.992186870E-06   0.957479006E-05  -0.361494058E-04   0.549650849E-05
   0.223869392E-05   0.209610826E-04  -0.802425348E-04   0.117801137E-04
   0.421205868E-05   0.388764383E-04  -0.148426203E-03   0.214407664E-04
   0.513793884E-05   0.469001534E-04  -0.177372771E-03   0.260228608E-04
   0.821089725E-05   0.734448840E-04  -0.274319900E-03   0.391514368E-04
   0.109661332E-04   0.963455532E-04  -0.349858019E-03   0.491037463E-04
   0.121574731E-04   0.103830091E-03  -0.355256023E-03   0.481480893E-04
   0.133904041E-04   0.111882138E-03  -0.344318833E-03   0.466638921E-04
   0.144188871E-04   0.115887575E-03  -0.289269927E-03   0.377194665E-04
   0.155535508E-04   0.118674652E-03  -0.187564248E-03   0.235521165E-04
   0.187830537E-04   0.133837078E-03  -0.812996586E-04   0.111314203E-04
   0.287154326E-04   0.192814085E-03  -0.548464923E-04   0.711332586E-05
   0.514572166E-04   0.335024961E-03  -0.229203026E-03   0.254653096E-04
   0.989758046E-04   0.636170385E-03  -0.844794733E-03   0.879818181E-04
   0.177244117E-03   0.113644241E-02  -0.188150199E-02   0.185407378E-03
   0.310899719E-03   0.198294665E-02  -0.381785585E-02   0.361582090E-03
   0.510559883E-03   0.324673601E-02  -0.660845824E-02   0.599505554E-03
   0.792471576E-03   0.504006865E-02  -0.102922851E-01   0.883548521E-03
   0.118255545E-02   0.752684008E-02  -0.150833791E-01   0.123378006E-02
   0.168203388E-02   0.107541429E-01  -0.204509739E-01   0.158674573E-02
   0.231778738E-02   0.149149206E-01  -0.265414640E-01   0.195123826E-02
   0.308540906E-02   0.200520698E-01  -0.326685980E-01   0.225334079E-02
   0.399670890E-02   0.262668524E-01  -0.386403054E-01   0.251158746E-02
   0.504691899E-02   0.335937738E-01  -0.439232700E-01   0.265925028E-02
   0.623709708E-02   0.420310646E-01  -0.483310893E-01   0.270560174E-02
   0.752846431E-02   0.513382144E-01  -0.509612076E-01   0.258536194E-02
   0.888998993E-02   0.612524450E-01  -0.514434613E-01   0.233945693E-02
   0.102787307E-01   0.714008883E-01  -0.495407954E-01   0.194430654E-02
   0.116105899E-01   0.811340138E-01  -0.447837412E-01   0.145071419E-02
   0.128008351E-01   0.897996128E-01  -0.370572805E-01   0.921835250E-03
   0.137428818E-01   0.966391191E-01  -0.265084375E-01   0.448749779E-03
   0.143557563E-01   0.101066165E+00  -0.138628539E-01   0.118693017E-03
   0.145691978E-01   0.102601364E+00  -0.351734037E-07   0.000000000E+00
