   0.861267035E-03   0.118757583E+00   0.000000000E+00   0.000000000E+00
   0.875429309E-03   0.116943255E+00   0.911675580E-02   0.610367060E-04
   0.914920412E-03   0.111591958E+00   0.174118038E-01   0.231307640E-03
   0.970016583E-03   0.103337757E+00   0.242657512E-01   0.475106586E-03
   0.102791970E-02   0.930081531E-01   0.292354524E-01   0.750449311E-03
   0.107391342E-02   0.814556181E-01   0.321880169E-01   0.100587390E-02
   0.109641603E-02   0.695683584E-01   0.332333408E-01   0.120606658E-02
   0.108904717E-02   0.580327213E-01   0.326541737E-01   0.134634902E-02
   0.104333751E-02   0.472833104E-01   0.305959266E-01   0.140344573E-02
   0.964518869E-03   0.376631096E-01   0.275647659E-01   0.138031377E-02
   0.859064399E-03   0.293147955E-01   0.239124522E-01   0.130077580E-02
   0.737105089E-03   0.223015938E-01   0.200274661E-01   0.117210171E-02
   0.603100285E-03   0.164874010E-01   0.159890596E-01   0.100024871E-02
   0.472843007E-03   0.118583180E-01   0.122490767E-01   0.812326383E-03
   0.354200456E-03   0.827078708E-02   0.896473508E-02   0.627766829E-03
   0.251453312E-03   0.556044700E-02   0.619595358E-02   0.456189620E-03
   0.164578698E-03   0.354507589E-02   0.388987828E-02   0.298983243E-03
   0.103766142E-03   0.219894736E-02   0.234637619E-02   0.185209472E-03
   0.596429127E-04   0.128830445E-02   0.125092210E-02   0.101159545E-03
   0.298297327E-04   0.707952655E-03   0.535536325E-03   0.423798556E-04
   0.142311619E-04   0.389248686E-03   0.202576513E-03   0.146876300E-04
   0.545548801E-05   0.215079825E-03   0.386920801E-04   0.143939644E-05
   0.256496105E-05   0.139885597E-03   0.194456134E-04   0.170660303E-05
   0.221046071E-05   0.109160632E-03   0.535628096E-04   0.748258526E-05
   0.300614738E-05   0.104227060E-03   0.103346501E-03   0.138732830E-04
   0.397797794E-05   0.106624371E-03   0.151668239E-03   0.210107373E-04
   0.375529612E-05   0.875626574E-04   0.143290657E-03   0.199634960E-04
   0.371473379E-05   0.788285324E-04   0.143745274E-03   0.206617296E-04
   0.329025761E-05   0.659105499E-04   0.126028986E-03   0.185663976E-04
   0.246511513E-05   0.473988621E-04   0.943453197E-04   0.140021421E-04
   0.154262580E-05   0.294163146E-04   0.593965451E-04   0.914299926E-05
   0.130748367E-05   0.240088466E-04   0.495142449E-04   0.762563559E-05
   0.640672795E-06   0.117512418E-04   0.241728012E-04   0.380756501E-05
   0.319099996E-06   0.627546797E-05   0.129911668E-04   0.229916236E-05
   0.151195934E-06   0.286145223E-05   0.609712288E-05   0.103053537E-05
   0.809220282E-07   0.147602577E-05   0.286130785E-05   0.495701613E-06
   0.109245937E-07   0.224666891E-06   0.451398080E-06   0.790562780E-07
   0.333935013E-08   0.433873844E-07   0.107665677E-06   0.142792276E-07
   0.168087162E-07   0.220594501E-06   0.315054194E-06   0.115741557E-06
   0.228528876E-07   0.375394990E-06   0.277200371E-06   0.239740871E-06
   0.251692089E-07   0.524626785E-06   0.898183771E-06   0.290452533E-06
   0.775775000E-08   0.250178147E-06   0.329747593E-06   0.151910896E-06
   0.383067444E-07   0.691092509E-06   0.458762457E-06   0.449282624E-06
   0.620756282E-07   0.832907403E-06  -0.776445518E-06   0.607612265E-06
   0.547077441E-07   0.995876007E-06   0.327287182E-06   0.677633238E-06
   0.517404750E-07   0.896079598E-06   0.116141045E-06   0.618389834E-06
   0.238220430E-07   0.511788301E-06  -0.316152153E-06   0.400654898E-06
   0.473767763E-07   0.682425991E-06  -0.818037847E-06   0.521575032E-06
   0.347844491E-07   0.477927301E-06  -0.484661996E-06   0.354977203E-06
   0.659335058E-07   0.656686780E-06  -0.199212718E-05   0.503428794E-06
   0.377961413E-07   0.357588533E-06  -0.107217306E-05   0.272457896E-06
   0.510549789E-07   0.407367281E-06  -0.150115216E-05   0.282990158E-06
   0.540707816E-07   0.368127218E-06  -0.110861595E-05   0.236039284E-06
   0.797427457E-08   0.458679281E-07  -0.955577235E-07   0.208460857E-07
   0.194498639E-07   0.118345760E-06  -0.301117780E-06   0.376342406E-07
   0.772310713E-07   0.525305893E-06  -0.195972530E-05   0.301030781E-06
   0.277306015E-06   0.198366070E-05  -0.733477236E-05   0.123318318E-05
   0.625160567E-06   0.428921567E-05  -0.159503397E-04   0.247043818E-05
   0.152502503E-05   0.103411539E-04  -0.384840496E-04   0.586383703E-05
   0.253639814E-05   0.168611914E-04  -0.635611359E-04   0.975498097E-05
   0.368024212E-05   0.240481550E-04  -0.899373481E-04   0.135402688E-04
   0.552398888E-05   0.353765572E-04  -0.131196226E-03   0.192861535E-04
   0.750070694E-05   0.473258151E-04  -0.171460197E-03   0.245557512E-04
   0.798095607E-05   0.490231796E-04  -0.169945954E-03   0.233554783E-04
   0.962367903E-05   0.579796033E-04  -0.188608567E-03   0.252562768E-04
   0.100511497E-04   0.589309311E-04  -0.168871964E-03   0.224301202E-04
   0.104781084E-04   0.590838354E-04  -0.130671338E-03   0.168735860E-04
   0.108919203E-04   0.576455132E-04  -0.690681482E-04   0.913879012E-05
   0.140466682E-04   0.689619046E-04  -0.241491398E-04   0.339778012E-05
   0.230526566E-04   0.106447253E-03  -0.450674997E-04   0.564248603E-05
   0.437618510E-04   0.197393034E-03  -0.211040708E-03   0.233088631E-04
   0.857794803E-04   0.384401064E-03  -0.663181941E-03   0.689793160E-04
   0.158731811E-03   0.708517327E-03  -0.149425759E-02   0.148944557E-03
   0.271518802E-03   0.121092401E-02  -0.275148870E-02   0.258078915E-03
   0.439740747E-03   0.195520627E-02  -0.456230948E-02   0.409581698E-03
   0.673030154E-03   0.299052941E-02  -0.690238224E-02   0.590105308E-03
   0.989150838E-03   0.440139975E-02  -0.985369552E-02   0.798838737E-03
   0.139708677E-02   0.624189200E-02  -0.133019080E-01   0.102265505E-02
   0.188872498E-02   0.851175934E-02  -0.168067403E-01   0.121360505E-02
   0.248833653E-02   0.113328984E-01  -0.205326751E-01   0.139033108E-02
   0.318311807E-02   0.146940956E-01  -0.239735208E-01   0.152238680E-02
   0.399186043E-02   0.186878610E-01  -0.272586327E-01   0.160701305E-02
   0.487812655E-02   0.231844001E-01  -0.296310950E-01   0.160878990E-02
   0.584905362E-02   0.281939805E-01  -0.311702061E-01   0.153553393E-02
   0.686524482E-02   0.335165188E-01  -0.313761272E-01   0.136856479E-02
   0.789552741E-02   0.389551744E-01  -0.300963707E-01   0.113485032E-02
   0.888899621E-02   0.442069583E-01  -0.271704905E-01   0.844554801E-03
   0.977568701E-02   0.488791354E-01  -0.224679075E-01   0.534084335E-03
   0.104773641E-01   0.525773913E-01  -0.160612613E-01   0.259667926E-03
   0.109333172E-01   0.549685918E-01  -0.839273538E-02   0.686233107E-04
   0.110899517E-01   0.557860248E-01  -0.212736353E-07   0.000000000E+00
