   0.112030911E-02   0.855233371E-01   0.000000000E+00   0.000000000E+00
   0.111696869E-02   0.838272721E-01   0.681695295E-02   0.489197482E-04
   0.110577850E-02   0.789166391E-01   0.128814746E-01   0.181263735E-03
   0.108454702E-02   0.714800134E-01   0.175950434E-01   0.361188198E-03
   0.104960904E-02   0.624137968E-01   0.206473097E-01   0.546015741E-03
   0.996912713E-03   0.526386499E-01   0.219658520E-01   0.698724994E-03
   0.924789638E-03   0.429900996E-01   0.217791423E-01   0.795161526E-03
   0.833520025E-03   0.340359397E-01   0.203721505E-01   0.825948664E-03
   0.725588179E-03   0.261322577E-01   0.180614777E-01   0.800233625E-03
   0.608591421E-03   0.194731988E-01   0.152792782E-01   0.731100503E-03
   0.485440076E-03   0.139980586E-01   0.121489856E-01   0.622775406E-03
   0.371943199E-03   0.976183731E-02   0.927728508E-02   0.506249664E-03
   0.265858980E-03   0.649292115E-02   0.651213061E-02   0.376133656E-03
   0.179581592E-03   0.414219871E-02   0.429311953E-02   0.261838140E-03
   0.112840054E-03   0.251325988E-02   0.259126397E-02   0.164395926E-03
   0.648343921E-04   0.143646484E-02   0.138476654E-02   0.903364489E-04
   0.341968844E-04   0.780282891E-03   0.648993941E-03   0.420985416E-04
   0.150445176E-04   0.392778398E-03   0.205902732E-03   0.119150345E-04
   0.614055807E-05   0.201871590E-03   0.403789345E-04   0.117793968E-05
   0.291957281E-05   0.118036885E-03   0.176857375E-04   0.127726298E-05
   0.232839784E-05   0.867776616E-04   0.491525134E-04   0.556172017E-05
   0.287517651E-05   0.808371260E-04   0.979386896E-04   0.112794532E-04
   0.298879627E-05   0.697256182E-04   0.114273425E-03   0.135242217E-04
   0.284951989E-05   0.591409444E-04   0.114295399E-03   0.138408104E-04
   0.231604554E-05   0.447317652E-04   0.936414726E-04   0.115704715E-04
   0.189744912E-05   0.352834322E-04   0.791125422E-04   0.101254791E-04
   0.110045698E-05   0.200468494E-04   0.455333538E-04   0.598236556E-05
   0.738637823E-06   0.130702547E-04   0.303895013E-04   0.404190223E-05
   0.311813096E-06   0.563062213E-05   0.132298464E-04   0.184966723E-05
   0.178875581E-06   0.324678081E-05   0.774822456E-05   0.111329769E-05
   0.301871879E-07   0.668379869E-06   0.145564468E-05   0.272335257E-06
   0.963760360E-08   0.220644935E-06   0.462454494E-06   0.864829843E-07
   0.836201830E-09   0.944043510E-08  -0.208211937E-07   0.376680553E-08
   0.207929478E-07   0.227542358E-06   0.345561460E-06   0.725983753E-07
   0.471395616E-07   0.532582021E-06   0.718198692E-06   0.179783640E-06
   0.702569380E-07   0.830429713E-06   0.127941416E-05   0.284090476E-06
   0.273821072E-07   0.345821974E-06   0.991642310E-06   0.104204794E-06
   0.596884604E-07   0.809565279E-06   0.213174962E-05   0.271309062E-06
   0.177838846E-07   0.267698056E-06   0.733688410E-06   0.982045378E-07
   0.359413406E-07   0.416649414E-06   0.956382110E-06   0.126948677E-06
   0.197934753E-07   0.227024827E-06   0.550267714E-06   0.673593092E-07
   0.131062228E-07   0.161803385E-06   0.370591579E-06   0.535944444E-07
   0.657720545E-08   0.840274055E-07   0.241054209E-06   0.268780003E-07
   0.907089870E-08   0.831581630E-07  -0.989598448E-07   0.392946369E-07
   0.376681214E-09   0.366969188E-08  -0.143514702E-07   0.279139134E-08
   0.160485639E-09   0.150529833E-08  -0.881090589E-09   0.811214096E-09
   0.158488156E-08   0.136323299E-07  -0.152600492E-07   0.601999561E-08
   0.889423291E-08   0.649674092E-07  -0.277096888E-06   0.444237287E-07
   0.455844473E-08   0.270771103E-07  -0.798392819E-07   0.101963948E-07
   0.106808438E-07   0.684127599E-07  -0.128290964E-06   0.228524879E-07
   0.477204267E-07   0.333022797E-06  -0.147693095E-05   0.208059760E-06
   0.244053169E-07   0.141380596E-06  -0.588975922E-06   0.660247252E-07
   0.322918972E-07   0.190232555E-06  -0.917965906E-06   0.105592477E-06
   0.388766992E-07   0.227342241E-06  -0.106510333E-05   0.120431366E-06
   0.957574784E-07   0.671773364E-06  -0.250578705E-05   0.366804329E-06
   0.672121629E-07   0.450694387E-06  -0.202060187E-05   0.273478690E-06
   0.543469945E-07   0.352081685E-06  -0.165600090E-05   0.216982059E-06
   0.424966480E-07   0.278735769E-06  -0.119639037E-05   0.159321573E-06
   0.120188917E-07   0.994795784E-07  -0.259715677E-06   0.544416423E-07
   0.102335624E-07   0.114509184E-06  -0.323006759E-06   0.880704505E-07
   0.124834301E-06   0.914423481E-06  -0.388067565E-05   0.613846566E-06
   0.353346422E-06   0.244624334E-05  -0.107134065E-04   0.161242042E-05
   0.801056387E-06   0.526058966E-05  -0.234543859E-04   0.328030001E-05
   0.151107440E-05   0.953305425E-05  -0.426288461E-04   0.566632662E-05
   0.280020436E-05   0.171314459E-04  -0.763260687E-04   0.977776108E-05
   0.439149289E-05   0.259629433E-04  -0.114767492E-03   0.142179679E-04
   0.591727621E-05   0.339594153E-04  -0.145289741E-03   0.174143333E-04
   0.678383958E-05   0.373690236E-04  -0.150214051E-03   0.173854587E-04
   0.859170450E-05   0.452749628E-04  -0.165690566E-03   0.186976431E-04
   0.879448999E-05   0.432105080E-04  -0.119630007E-03   0.129915588E-04
   0.101020069E-04   0.453545981E-04  -0.672931565E-04   0.717498096E-05
   0.141123455E-04   0.581039785E-04  -0.242447859E-04   0.276736159E-05
   0.255830855E-04   0.101809317E-03  -0.660848964E-04   0.678783499E-05
   0.526417825E-04   0.210038517E-03  -0.307191018E-03   0.284632788E-04
   0.104394334E-03   0.418746233E-03  -0.836407708E-03   0.729873718E-04
   0.195308181E-03   0.783877564E-03  -0.180532376E-02   0.148814594E-03
   0.340880855E-03   0.136521587E-02  -0.330720027E-02   0.257297332E-03
   0.558007800E-03   0.222887821E-02  -0.538694393E-02   0.396106712E-03
   0.861457782E-03   0.343663385E-02  -0.797348563E-02   0.552671903E-03
   0.126909849E-02   0.506657595E-02  -0.110074040E-01   0.718740339E-03
   0.179324939E-02   0.718278438E-02  -0.142951030E-01   0.872558157E-03
   0.243141665E-02   0.979545619E-02  -0.173811931E-01   0.991214067E-03
   0.320323394E-02   0.129908724E-01  -0.202991515E-01   0.107250363E-02
   0.409084139E-02   0.167072322E-01  -0.225183759E-01   0.108827336E-02
   0.508011272E-02   0.208757892E-01  -0.237928312E-01   0.102961110E-02
   0.613251794E-02   0.253157653E-01  -0.237808730E-01   0.895722013E-03
   0.719075790E-02   0.297653135E-01  -0.222060326E-01   0.694171409E-03
   0.817348156E-02   0.338711627E-01  -0.188827123E-01   0.457162503E-03
   0.897767674E-02   0.372053757E-01  -0.138071124E-01   0.228148434E-03
   0.951230153E-02   0.394148231E-01  -0.731244497E-02   0.615171739E-04
   0.969982240E-02   0.401841998E-01  -0.186001490E-07   0.000000000E+00
