   0.497342706E+00   0.109128201E+01   0.000000000E+00   0.000000000E+00
   0.493005782E+00   0.108169842E+01   0.805195700E-02   0.105597188E-03
   0.480460495E+00   0.105478632E+01   0.156693347E-01   0.413764967E-03
   0.460274756E+00   0.101118493E+01   0.224524755E-01   0.900849584E-03
   0.434098393E+00   0.954613030E+00   0.281258747E-01   0.152964564E-02
   0.403132975E+00   0.887623787E+00   0.324811935E-01   0.225809030E-02
   0.369223624E+00   0.814184189E+00   0.354708172E-01   0.303993165E-02
   0.333952427E+00   0.737768233E+00   0.371418819E-01   0.383497286E-02
   0.298826426E+00   0.661467671E+00   0.376307890E-01   0.460755732E-02
   0.264768928E+00   0.587332129E+00   0.370996557E-01   0.532908505E-02
   0.232744887E+00   0.517511427E+00   0.357832052E-01   0.597907091E-02
   0.203317046E+00   0.453303218E+00   0.338864438E-01   0.656128116E-02
   0.176635280E+00   0.394911975E+00   0.315870643E-01   0.705403276E-02
   0.153100833E+00   0.343120605E+00   0.290971510E-01   0.746241212E-02
   0.132386431E+00   0.297572434E+00   0.265216213E-01   0.780656235E-02
   0.114369474E+00   0.257845104E+00   0.239624679E-01   0.808409788E-02
   0.989059657E-01   0.223543242E+00   0.215029027E-01   0.830010604E-02
   0.856828690E-01   0.194227010E+00   0.191974714E-01   0.847865269E-02
   0.744962320E-01   0.169211924E+00   0.170831736E-01   0.859462563E-02
   0.649857447E-01   0.147908881E+00   0.151502462E-01   0.868127216E-02
   0.569836050E-01   0.129920125E+00   0.134163173E-01   0.874292757E-02
   0.502241775E-01   0.114667960E+00   0.118606398E-01   0.878528506E-02
   0.444809385E-01   0.101686932E+00   0.104696983E-01   0.880743470E-02
   0.396580920E-01   0.907435641E-01   0.924209692E-02   0.881792791E-02
   0.355640464E-01   0.813829377E-01   0.814830232E-02   0.880785193E-02
   0.320755057E-01   0.734193623E-01   0.717868190E-02   0.879219081E-02
   0.290975496E-01   0.665642247E-01   0.631251652E-02   0.876094773E-02
   0.265495647E-01   0.607027896E-01   0.554170879E-02   0.872760732E-02
   0.243497305E-01   0.556457229E-01   0.484432653E-02   0.869671162E-02
   0.224379599E-01   0.512366258E-01   0.421276642E-02   0.865492318E-02
   0.207758080E-01   0.474086665E-01   0.363888312E-02   0.861486886E-02
   0.193214267E-01   0.440445691E-01   0.311513827E-02   0.856534205E-02
   0.180240516E-01   0.410764813E-01   0.262306700E-02   0.852281600E-02
   0.168872941E-01   0.384546220E-01   0.217127497E-02   0.847238861E-02
   0.158658288E-01   0.361138806E-01   0.174704823E-02   0.841651950E-02
   0.149686122E-01   0.340810232E-01   0.134384935E-02   0.838257186E-02
   0.141380979E-01   0.321998745E-01   0.965130574E-03   0.832041353E-02
   0.134112332E-01   0.305711422E-01   0.599956722E-03   0.828082487E-02
   0.127604529E-01   0.291209705E-01   0.252486236E-03   0.824021455E-02
   0.121713672E-01   0.278292224E-01  -0.810023121E-04   0.820010714E-02
   0.116363503E-01   0.266768541E-01  -0.407320913E-03   0.816336088E-02
   0.111471461E-01   0.256470535E-01  -0.726870960E-03   0.812753104E-02
   0.107152788E-01   0.247543007E-01  -0.102885417E-02   0.809179060E-02
   0.103296861E-01   0.239878576E-01  -0.133245729E-02   0.806698017E-02
   0.996546634E-02   0.232951008E-01  -0.162712461E-02   0.803371333E-02
   0.966796931E-02   0.227603056E-01  -0.192215911E-02   0.801967923E-02
   0.938368868E-02   0.222868435E-01  -0.221088552E-02   0.799714215E-02
   0.914633460E-02   0.219356287E-01  -0.248886016E-02   0.798106845E-02
   0.893441495E-02   0.216679480E-01  -0.277238735E-02   0.796613190E-02
   0.876861811E-02   0.215258375E-01  -0.304994266E-02   0.796091463E-02
   0.861397292E-02   0.214456990E-01  -0.333445147E-02   0.795177370E-02
   0.850648992E-02   0.214975793E-01  -0.361484801E-02   0.795140583E-02
   0.842093490E-02   0.216388442E-01  -0.389897428E-02   0.795099139E-02
   0.836424250E-02   0.218835063E-01  -0.418381765E-02   0.795193762E-02
   0.834422931E-02   0.222524982E-01  -0.446880702E-02   0.795615185E-02
   0.836121850E-02   0.227500368E-01  -0.476768101E-02   0.796528254E-02
   0.838695467E-02   0.233340934E-01  -0.506886281E-02   0.796095282E-02
   0.847136136E-02   0.241027623E-01  -0.538133644E-02   0.796890538E-02
   0.858748145E-02   0.250229109E-01  -0.569986785E-02   0.797219668E-02
   0.875989906E-02   0.261424202E-01  -0.603228807E-02   0.797909498E-02
   0.896778982E-02   0.274335649E-01  -0.638411334E-02   0.797206536E-02
   0.923696626E-02   0.289925821E-01  -0.675046630E-02   0.796923880E-02
   0.958292559E-02   0.308663156E-01  -0.713958917E-02   0.797219295E-02
   0.999670010E-02   0.330218710E-01  -0.755676161E-02   0.795196928E-02
   0.105059724E-01   0.355845280E-01  -0.800220668E-02   0.793025643E-02
   0.111280484E-01   0.386394560E-01  -0.847927667E-02   0.790778361E-02
   0.118838279E-01   0.422397926E-01  -0.900763739E-02   0.786793977E-02
   0.127962567E-01   0.464807674E-01  -0.957290083E-02   0.780880824E-02
   0.139030237E-01   0.515100062E-01  -0.101949051E-01   0.773455156E-02
   0.152337430E-01   0.575205870E-01  -0.108706504E-01   0.765681453E-02
   0.168379042E-01   0.646269023E-01  -0.116068600E-01   0.754084904E-02
   0.187589340E-01   0.731255934E-01  -0.124122268E-01   0.742200576E-02
   0.210670326E-01   0.830681995E-01  -0.132772354E-01   0.725112110E-02
   0.238115322E-01   0.949203596E-01  -0.142063126E-01   0.706016598E-02
   0.270415097E-01   0.108812585E+00  -0.151778255E-01   0.683521340E-02
   0.308518745E-01   0.125048354E+00  -0.161892567E-01   0.656813616E-02
   0.352818333E-01   0.143947005E+00  -0.172079131E-01   0.626176363E-02
   0.404261090E-01   0.165641382E+00  -0.181992669E-01   0.589560531E-02
   0.462871455E-01   0.190359876E+00  -0.191133264E-01   0.548467366E-02
   0.528496057E-01   0.218231916E+00  -0.198870543E-01   0.503353635E-02
   0.601797067E-01   0.248988166E+00  -0.204462875E-01   0.451966515E-02
   0.681443065E-01   0.282279670E+00  -0.206974186E-01   0.396137265E-02
   0.765527338E-01   0.317836165E+00  -0.205564722E-01   0.338042993E-02
   0.852711946E-01   0.354741454E+00  -0.199457482E-01   0.278406986E-02
   0.940199643E-01   0.391241044E+00  -0.187537279E-01   0.217607641E-02
   0.102322668E+00   0.426489741E+00  -0.169551186E-01   0.160222605E-02
   0.109965630E+00   0.458530635E+00  -0.145259472E-01   0.107399374E-02
   0.116429359E+00   0.485902339E+00  -0.115102176E-01   0.628215261E-03
   0.121400893E+00   0.506652117E+00  -0.798640214E-02   0.286995550E-03
   0.124576353E+00   0.519940317E+00  -0.409355061E-02   0.730028551E-04
   0.125600904E+00   0.524359822E+00  -0.107263389E-07   0.000000000E+00
