   0.590136100E-03   0.869164824E+00  -0.110342568E-08   0.000000000E+00
   0.604689063E-03   0.859690070E+00   0.637604073E-01   0.432637171E-03
   0.647211040E-03   0.832100689E+00   0.124128312E+00   0.168093794E-02
   0.710898079E-03   0.788297534E+00   0.178155154E+00   0.357166212E-02
   0.786884280E-03   0.731256187E+00   0.222860917E+00   0.589162484E-02
   0.866515620E-03   0.665445089E+00   0.257929474E+00   0.834223535E-02
   0.937747885E-03   0.594113708E+00   0.281305701E+00   0.108148698E-01
   0.993570895E-03   0.521531284E+00   0.294558346E+00   0.129526993E-01
   0.102420861E-02   0.450043231E+00   0.297000706E+00   0.146257803E-01
   0.102516718E-02   0.381860018E+00   0.289547533E+00   0.158381537E-01
   0.996586634E-03   0.319093317E+00   0.274328172E+00   0.163544528E-01
   0.943842810E-03   0.262912273E+00   0.253794104E+00   0.164135639E-01
   0.862371584E-03   0.212708384E+00   0.227083161E+00   0.157801900E-01
   0.765040400E-03   0.169280678E+00   0.197897628E+00   0.147231650E-01
   0.661110971E-03   0.132795021E+00   0.168647394E+00   0.133747049E-01
   0.550245983E-03   0.101825014E+00   0.138684914E+00   0.116490601E-01
   0.445859041E-03   0.767925754E-01   0.111394286E+00   0.988703594E-02
   0.343452906E-03   0.558678918E-01   0.850037411E-01   0.794535782E-02
   0.258152519E-03   0.399164259E-01   0.634512678E-01   0.622910820E-02
   0.182133401E-03   0.271834265E-01   0.443394110E-01   0.453410717E-02
   0.123870894E-03   0.179362651E-01   0.298802797E-01   0.320824329E-02
   0.794790685E-04   0.112879295E-01   0.189188737E-01   0.210958347E-02
   0.467443024E-04   0.662430748E-02   0.108800679E-01   0.125576369E-02
   0.254398601E-04   0.366039830E-02   0.571412360E-02   0.677487464E-03
   0.121607427E-04   0.188207265E-02   0.257802708E-02   0.309905998E-03
   0.558624743E-05   0.969391665E-03   0.108784752E-02   0.127485284E-03
   0.248077231E-05   0.546949275E-03   0.464613811E-03   0.513847954E-04
   0.191646063E-05   0.445793470E-03   0.437440467E-03   0.463332763E-04
   0.251833444E-05   0.482168427E-03   0.691418129E-03   0.836397376E-04
   0.362104970E-05   0.610870193E-03   0.107018836E-02   0.143805068E-03
   0.454921110E-05   0.687246385E-03   0.131988665E-02   0.175942710E-03
   0.498566305E-05   0.715942297E-03   0.145116809E-02   0.199884991E-03
   0.518560500E-05   0.714905560E-03   0.148401584E-02   0.205279634E-03
   0.510699147E-05   0.687304011E-03   0.146434095E-02   0.206580080E-03
   0.434847698E-05   0.570912380E-03   0.123731885E-02   0.174044486E-03
   0.319115316E-05   0.400109799E-03   0.862435554E-03   0.114465147E-03
   0.306474794E-05   0.383121049E-03   0.828885532E-03   0.113796865E-03
   0.211336214E-05   0.253801583E-03   0.533938641E-03   0.706237770E-04
   0.151668996E-05   0.172548491E-03   0.362895167E-03   0.445783407E-04
   0.103928380E-05   0.118991513E-03   0.259100285E-03   0.323724853E-04
   0.849301955E-06   0.978147582E-04   0.188350707E-03   0.267454725E-04
   0.539904590E-06   0.623494052E-04   0.122025311E-03   0.174470915E-04
   0.327357384E-06   0.362603641E-04   0.531552796E-04   0.986610212E-05
   0.139469009E-06   0.165528236E-04   0.316029982E-04   0.494722508E-05
   0.307488754E-07   0.423792562E-05   0.572752197E-05   0.164012044E-05
   0.112942979E-07   0.281932944E-05   0.286453474E-05   0.178890184E-05
   0.282482144E-07   0.231827767E-05  -0.549687502E-05   0.121030962E-05
   0.108343940E-06   0.743981082E-05  -0.202819083E-04   0.317561671E-05
   0.304248147E-06   0.198130965E-04  -0.584611553E-04   0.812793860E-05
   0.605135483E-06   0.391340545E-04  -0.114601986E-03   0.155705984E-04
   0.893227991E-06   0.544909453E-04  -0.166084166E-03   0.200709983E-04
   0.131368620E-05   0.765213699E-04  -0.261093461E-03   0.311214171E-04
   0.213521434E-05   0.137270239E-03  -0.415722287E-03   0.554881517E-04
   0.309569941E-05   0.193651736E-03  -0.638148224E-03   0.861275985E-04
   0.380966321E-05   0.241417525E-03  -0.775548397E-03   0.104239880E-03
   0.482989208E-05   0.304025452E-03  -0.994102098E-03   0.134459799E-03
   0.559275441E-05   0.351675175E-03  -0.113621086E-02   0.150596301E-03
   0.674223338E-05   0.425323378E-03  -0.140825170E-02   0.200112758E-03
   0.708472317E-05   0.444948906E-03  -0.144680054E-02   0.198510344E-03
   0.723342737E-05   0.458332477E-03  -0.144252868E-02   0.195055502E-03
   0.648914875E-05   0.408212974E-03  -0.123361952E-02   0.158060866E-03
   0.551883113E-05   0.350112270E-03  -0.991253182E-03   0.129536260E-03
   0.451049937E-05   0.287090428E-03  -0.687658438E-03   0.838559936E-04
   0.380906499E-05   0.242138456E-03  -0.423559482E-03   0.534824430E-04
   0.469238603E-05   0.276494306E-03  -0.373297138E-03   0.445307851E-04
   0.910683684E-05   0.504805997E-03  -0.917536847E-03   0.120948156E-03
   0.194954973E-04   0.105398567E-02  -0.241993507E-02   0.317145081E-03
   0.385945823E-04   0.206670654E-02  -0.525175827E-02   0.660385878E-03
   0.730447646E-04   0.385336578E-02  -0.104145724E-01   0.126700103E-02
   0.120903882E-03   0.634142198E-02  -0.172587223E-01   0.202642614E-02
   0.189467013E-03   0.988917984E-02  -0.267168432E-01   0.301798130E-02
   0.288898416E-03   0.150614986E-01  -0.401396453E-01   0.434091035E-02
   0.411923655E-03   0.214884505E-01  -0.555117317E-01   0.576222176E-02
   0.572956400E-03   0.300298929E-01  -0.747013465E-01   0.737763755E-02
   0.766643498E-03   0.404901467E-01  -0.958767459E-01   0.904405024E-02
   0.993195456E-03   0.530973487E-01  -0.118232884E+00   0.106230620E-01
   0.126008422E-02   0.684113055E-01  -0.142077178E+00   0.121152559E-01
   0.155620533E-02   0.862487331E-01  -0.164736107E+00   0.131814592E-01
   0.188361143E-02   0.106810510E+00  -0.185644075E+00   0.140495580E-01
   0.223452714E-02   0.130108625E+00  -0.202900678E+00   0.143688442E-01
   0.262168841E-02   0.156817183E+00  -0.217818141E+00   0.144053567E-01
   0.302488753E-02   0.186023876E+00  -0.227011412E+00   0.138446102E-01
   0.344201829E-02   0.217467070E+00  -0.230059847E+00   0.128303934E-01
   0.386286224E-02   0.250288069E+00  -0.225967422E+00   0.113553684E-01
   0.428273343E-02   0.283764273E+00  -0.214820772E+00   0.945348851E-02
   0.468473369E-02   0.316349328E+00  -0.195886016E+00   0.735504180E-02
   0.504903542E-02   0.346290916E+00  -0.168751672E+00   0.517549179E-02
   0.535556907E-02   0.371691763E+00  -0.133853719E+00   0.313696149E-02
   0.559480069E-02   0.391546130E+00  -0.931640938E-01   0.147896411E-02
   0.574510125E-02   0.404031128E+00  -0.478198044E-01   0.382673374E-03
   0.579930330E-02   0.408391476E+00  -0.128409496E-06   0.000000000E+00
