   0.223289300E-01   0.226336643E+00   0.164562426E-07   0.000000000E+00
   0.222019311E-01   0.224594548E+00   0.211731009E-01   0.146995546E-03
   0.218451023E-01   0.220483705E+00   0.413368121E-01   0.578152365E-03
   0.212669931E-01   0.213589311E+00   0.595760085E-01   0.124797283E-02
   0.205174182E-01   0.204428285E+00   0.752509758E-01   0.208863313E-02
   0.196066014E-01   0.193493336E+00   0.878143236E-01   0.305879535E-02
   0.186004974E-01   0.181302011E+00   0.972101092E-01   0.404886343E-02
   0.175297968E-01   0.168067634E+00   0.103452653E+00   0.501503004E-02
   0.164167993E-01   0.154351786E+00   0.106727697E+00   0.587795069E-02
   0.152939772E-01   0.140516743E+00   0.107416451E+00   0.660812855E-02
   0.141693717E-01   0.127054855E+00   0.105841935E+00   0.722484523E-02
   0.130741335E-01   0.113968872E+00   0.102571346E+00   0.768446131E-02
   0.119783366E-01   0.101454936E+00   0.976763219E-01   0.797171611E-02
   0.109555433E-01   0.897893831E-01   0.920855775E-01   0.806092285E-02
   0.993099436E-02   0.788945258E-01   0.854635313E-01   0.799569953E-02
   0.895645563E-02   0.688549206E-01   0.784948394E-01   0.779884541E-02
   0.801935419E-02   0.597581007E-01   0.712794214E-01   0.742383488E-02
   0.712732272E-02   0.514263175E-01   0.639821663E-01   0.704673957E-02
   0.629496295E-02   0.440150164E-01   0.569325089E-01   0.653649960E-02
   0.549562043E-02   0.373308361E-01   0.499515459E-01   0.598108163E-02
   0.476912642E-02   0.314815976E-01   0.434987806E-01   0.539005827E-02
   0.407770462E-02   0.262114815E-01   0.372193977E-01   0.478497334E-02
   0.347745488E-02   0.217531230E-01   0.317473821E-01   0.418283418E-02
   0.290931924E-02   0.177658126E-01   0.264926460E-01   0.357642863E-02
   0.242041284E-02   0.144180376E-01   0.219618138E-01   0.303204148E-02
   0.199122378E-02   0.115366420E-01   0.179523192E-01   0.254572020E-02
   0.160554610E-02   0.909634400E-02   0.143478792E-01   0.204215967E-02
   0.129134161E-02   0.711050117E-02   0.114066005E-01   0.163971074E-02
   0.100726751E-02   0.539447507E-02   0.872894004E-02   0.125580095E-02
   0.780126662E-03   0.405393448E-02   0.660914136E-02   0.941610313E-03
   0.600000203E-03   0.299760536E-02   0.492948201E-02   0.691542635E-03
   0.449526706E-03   0.215776218E-02   0.354180625E-02   0.482788018E-03
   0.327594986E-03   0.149677950E-02   0.242604758E-02   0.317491707E-03
   0.239484914E-03   0.102773763E-02   0.163847231E-02   0.204350828E-03
   0.166184720E-03   0.672123395E-03   0.992045505E-03   0.113470611E-03
   0.115235038E-03   0.423918740E-03   0.562605972E-03   0.598808329E-04
   0.784363438E-04   0.266536284E-03   0.265631679E-03   0.292234017E-04
   0.517339540E-04   0.165772130E-03   0.618965787E-04   0.148963818E-04
   0.354485092E-04   0.117513722E-03  -0.490769780E-04   0.176928042E-04
   0.245869360E-04   0.921568862E-04  -0.997803945E-04   0.264979481E-04
   0.185772988E-04   0.880011939E-04  -0.111316076E-03   0.406740583E-04
   0.137846619E-04   0.945789361E-04  -0.106552296E-03   0.556848245E-04
   0.126243422E-04   0.105800820E-03  -0.890816009E-04   0.708996158E-04
   0.113600709E-04   0.118521144E-03  -0.535281106E-04   0.828894335E-04
   0.113062797E-04   0.129251755E-03  -0.208898127E-04   0.919188897E-04
   0.109719276E-04   0.130134620E-03   0.105655045E-04   0.927745205E-04
   0.111165273E-04   0.129504871E-03   0.363377585E-04   0.917865473E-04
   0.113580818E-04   0.129353954E-03   0.772402054E-04   0.858743952E-04
   0.119333099E-04   0.120816629E-03   0.101013626E-03   0.737054361E-04
   0.132492733E-04   0.106442661E-03   0.109020148E-03   0.577202009E-04
   0.174555898E-04   0.105252948E-03   0.109027373E-03   0.433538335E-04
   0.231168615E-04   0.997749448E-04   0.890851661E-04   0.273827318E-04
   0.338198661E-04   0.100219680E-03   0.234057861E-04   0.117861837E-04
   0.538009554E-04   0.136595903E-03  -0.985547449E-04   0.845472186E-05
   0.778026370E-04   0.178049813E-03  -0.250979065E-03   0.828628799E-05
   0.117155032E-03   0.270893797E-03  -0.514204148E-03   0.263955044E-04
   0.168488754E-03   0.387415290E-03  -0.858355954E-03   0.576118800E-04
   0.239283298E-03   0.573523692E-03  -0.133368326E-02   0.108027096E-03
   0.335426797E-03   0.826924457E-03  -0.198907079E-02   0.191248182E-03
   0.457740767E-03   0.117003487E-02  -0.281097880E-02   0.292706623E-03
   0.612985285E-03   0.161826052E-02  -0.385113340E-02   0.424621801E-03
   0.805146119E-03   0.216872222E-02  -0.511704525E-02   0.591206772E-03
   0.102787581E-02   0.282683177E-02  -0.655064965E-02   0.780566363E-03
   0.131740212E-02   0.371267786E-02  -0.843286235E-02   0.100880105E-02
   0.163346401E-02   0.468868250E-02  -0.103993071E-01   0.124437013E-02
   0.201099925E-02   0.588804577E-02  -0.127194459E-01   0.149250391E-02
   0.244931993E-02   0.729964115E-02  -0.153615028E-01   0.178829941E-02
   0.292763044E-02   0.887187850E-02  -0.181293823E-01   0.210026745E-02
   0.347469654E-02   0.107691055E-01  -0.212547351E-01   0.236271415E-02
   0.407025404E-02   0.129133556E-01  -0.245336760E-01   0.262397761E-02
   0.470282044E-02   0.152802793E-01  -0.278608315E-01   0.289633265E-02
   0.539514842E-02   0.180309117E-01  -0.314090438E-01   0.311497669E-02
   0.610845303E-02   0.210659746E-01  -0.348592624E-01   0.327485381E-02
   0.684741233E-02   0.244370885E-01  -0.382437520E-01   0.344373775E-02
   0.761872996E-02   0.282173734E-01  -0.416033156E-01   0.350808352E-02
   0.838100072E-02   0.323581658E-01  -0.446097367E-01   0.353398942E-02
   0.915125292E-02   0.369190276E-01  -0.473923944E-01   0.348182302E-02
   0.991372950E-02   0.419080891E-01  -0.497972071E-01   0.333622843E-02
   0.106495311E-01   0.472719073E-01  -0.516888052E-01   0.320797972E-02
   0.113473097E-01   0.530168563E-01  -0.529210977E-01   0.297152530E-02
   0.120019577E-01   0.590841621E-01  -0.534249507E-01   0.268618856E-02
   0.126024978E-01   0.653766468E-01  -0.530778952E-01   0.238814834E-02
   0.131473327E-01   0.718541443E-01  -0.517080091E-01   0.202987599E-02
   0.136212567E-01   0.782636106E-01  -0.492146313E-01   0.166154187E-02
   0.140270405E-01   0.845450163E-01  -0.455237180E-01   0.131211267E-02
   0.143611701E-01   0.904632434E-01  -0.405718423E-01   0.970539812E-03
   0.146360248E-01   0.957670286E-01  -0.343702957E-01   0.651416311E-03
   0.148330405E-01   0.100080706E+00  -0.269609839E-01   0.378258119E-03
   0.149624599E-01   0.103398271E+00  -0.185772609E-01   0.174445915E-03
   0.150484303E-01   0.105535507E+00  -0.948035624E-02   0.446689191E-04
   0.150765041E-01   0.106161475E+00  -0.250911096E-07   0.000000000E+00
