   0.101863185E-02   0.758926049E-01   0.108384413E-07   0.000000000E+00
   0.101550983E-02   0.743457153E-01   0.617519906E-02   0.439436117E-04
   0.100552058E-02   0.698843822E-01   0.116358856E-01   0.162662705E-03
   0.986197498E-03   0.631617084E-01   0.158483107E-01   0.324380584E-03
   0.953872455E-03   0.550059453E-01   0.185579397E-01   0.486795849E-03
   0.905850786E-03   0.462540798E-01   0.197258834E-01   0.621310086E-03
   0.838299864E-03   0.376132131E-01   0.194396432E-01   0.700321165E-03
   0.753623608E-03   0.296435133E-01   0.180947464E-01   0.725921185E-03
   0.655270589E-03   0.226767901E-01   0.160275176E-01   0.703546917E-03
   0.544574519E-03   0.167628918E-01   0.133661162E-01   0.633440039E-03
   0.435045746E-03   0.120250918E-01   0.106850453E-01   0.544209906E-03
   0.328663096E-03   0.829230156E-02   0.799937919E-02   0.432377710E-03
   0.233877072E-03   0.548334094E-02   0.559927197E-02   0.321946049E-03
   0.156693990E-03   0.346896658E-02   0.365866162E-02   0.220173286E-03
   0.963890707E-04   0.207018666E-02   0.214735628E-02   0.134941060E-03
   0.539843968E-04   0.116162770E-02   0.110623019E-02   0.711617686E-04
   0.269689590E-04   0.611589057E-03   0.469839724E-03   0.296722155E-04
   0.118004264E-04   0.307769864E-03   0.143368248E-03   0.773990359E-05
   0.519088235E-05   0.161505988E-03   0.381524842E-04   0.143887314E-05
   0.241715975E-05   0.966292355E-04   0.175251389E-04   0.145721992E-05
   0.216986859E-05   0.746122532E-04   0.517208173E-04   0.582549319E-05
   0.260495290E-05   0.686615167E-04   0.900484592E-04   0.104606852E-04
   0.273626688E-05   0.602883993E-04   0.103815015E-03   0.122934898E-04
   0.244913190E-05   0.488369587E-04   0.965870204E-04   0.117563814E-04
   0.198103680E-05   0.371886745E-04   0.795960077E-04   0.996216022E-05
   0.151267568E-05   0.270727851E-04   0.608670234E-04   0.771503892E-05
   0.105200706E-05   0.185648369E-04   0.434675458E-04   0.571529199E-05
   0.549582012E-06   0.963850380E-05   0.226714001E-04   0.307686764E-05
   0.238454135E-06   0.413301223E-05   0.965786603E-05   0.133387573E-05
   0.716062942E-07   0.138411440E-05   0.320187905E-05   0.511954909E-06
   0.246449403E-07   0.535664583E-06   0.116328147E-05   0.219094659E-06
   0.242211717E-08   0.666029010E-07   0.109086180E-06   0.276134635E-07
   0.752691243E-08   0.872650290E-07   0.207488142E-06   0.278274204E-07
   0.283799899E-07   0.397300596E-06   0.112471605E-05   0.137344614E-06
   0.227796590E-07   0.319613832E-06   0.918949979E-06   0.113297098E-06
   0.273973981E-07   0.389606043E-06   0.110178382E-05   0.136887238E-06
   0.221993872E-07   0.290502783E-06   0.840140615E-06   0.940459444E-07
   0.290372100E-07   0.285922766E-06   0.438984898E-06   0.833345339E-07
   0.219384084E-07   0.173745249E-06   0.249492757E-06   0.358819712E-07
   0.436000533E-07   0.610337509E-06   0.152884002E-05   0.222665207E-06
   0.209461817E-07   0.212428020E-06   0.231798992E-06   0.743047011E-07
   0.117027916E-07   0.105595667E-06   0.577007881E-07   0.362122741E-07
   0.541879031E-08   0.587762301E-07   0.710249282E-07   0.219659793E-07
   0.135812357E-07   0.138572162E-06   0.395108550E-07   0.580772515E-07
   0.601077077E-09   0.635910391E-08  -0.194640104E-08   0.356375196E-08
   0.827496183E-09   0.578292392E-08  -0.262188404E-07   0.399386479E-08
   0.127568867E-08   0.131867344E-07   0.199420995E-07   0.443044001E-08
   0.112810949E-08   0.871994210E-08  -0.243934473E-07   0.513315301E-08
   0.553695267E-08   0.347986990E-07  -0.134248438E-06   0.181790316E-07
   0.200103383E-07   0.125230258E-06  -0.466892658E-06   0.638529869E-07
   0.764747288E-08   0.389062826E-07  -0.180836238E-06   0.175142087E-07
   0.280938011E-07   0.169635484E-06  -0.725645805E-06   0.913955347E-07
   0.448973552E-07   0.283186239E-06  -0.136252879E-05   0.179422670E-06
   0.488742238E-07   0.325880393E-06  -0.151389895E-05   0.211056417E-06
   0.943830258E-07   0.641035456E-06  -0.265867766E-05   0.382938879E-06
   0.704931082E-07   0.450253992E-06  -0.212706300E-05   0.284620540E-06
   0.103646002E-06   0.674819034E-06  -0.321101493E-05   0.444254539E-06
   0.311306962E-07   0.196984672E-06  -0.669552549E-06   0.913876335E-07
   0.228127366E-07   0.136270501E-06  -0.633943898E-06   0.808501142E-07
   0.455838922E-08   0.633153903E-07  -0.116537130E-06   0.488988832E-07
   0.112519885E-06   0.764823369E-06  -0.336283733E-05   0.502805506E-06
   0.250478337E-06   0.165033271E-05  -0.733309980E-05   0.107481571E-05
   0.774925638E-06   0.485421197E-05  -0.219853991E-04   0.299729732E-05
   0.142330748E-05   0.871115662E-05  -0.395138122E-04   0.533546699E-05
   0.244277476E-05   0.142421213E-04  -0.645631735E-04   0.810415349E-05
   0.400728641E-05   0.226889970E-04  -0.102178448E-03   0.125024226E-04
   0.540214796E-05   0.297119550E-04  -0.130394459E-03   0.155364432E-04
   0.698880331E-05   0.370376110E-04  -0.155784990E-03   0.179255567E-04
   0.754847315E-05   0.380993260E-04  -0.144881444E-03   0.161445532E-04
   0.848726722E-05   0.404201637E-04  -0.125619947E-03   0.137538591E-04
   0.936036940E-05   0.407290863E-04  -0.747469021E-04   0.759831892E-05
   0.120722671E-04   0.475995548E-04  -0.252373720E-04   0.281880830E-05
   0.212652430E-04   0.801221540E-04  -0.467360769E-04   0.483192571E-05
   0.430720356E-04   0.162558412E-03  -0.214665575E-03   0.199833266E-04
   0.871102311E-04   0.330933603E-03  -0.642161118E-03   0.560234257E-04
   0.166306098E-03   0.633460295E-03  -0.145909889E-02   0.119704033E-03
   0.296541577E-03   0.112695585E-02  -0.278025353E-02   0.215778709E-03
   0.492601306E-03   0.186669640E-02  -0.462668994E-02   0.338451850E-03
   0.771117106E-03   0.291620940E-02  -0.698520662E-02   0.481590716E-03
   0.114292162E-02   0.432411209E-02  -0.967985578E-02   0.625366927E-03
   0.162659527E-02   0.616901042E-02  -0.126613341E-01   0.768503814E-03
   0.222500414E-02   0.848080497E-02  -0.155920060E-01   0.881554850E-03
   0.294155045E-02   0.112842685E-01  -0.182130020E-01   0.953386596E-03
   0.377530907E-02   0.145787233E-01  -0.203037392E-01   0.972781854E-03
   0.470693875E-02   0.182842109E-01  -0.215217788E-01   0.924846856E-03
   0.570832891E-02   0.222688690E-01  -0.216522459E-01   0.810252503E-03
   0.671045342E-02   0.262454879E-01  -0.202216022E-01   0.628160022E-03
   0.764774485E-02   0.299412571E-01  -0.172340050E-01   0.415317569E-03
   0.841988996E-02   0.329609476E-01  -0.126399398E-01   0.207838762E-03
   0.893199258E-02   0.349523760E-01  -0.670478446E-02   0.559996624E-04
   0.910943281E-02   0.356403366E-01  -0.188020106E-07   0.000000000E+00
