   0.295093935E-02   0.270866066E+00   0.000000000E+00   0.000000000E+00
   0.292813382E-02   0.266021013E+00   0.180859454E-01   0.140876160E-03
   0.286022224E-02   0.251950622E+00   0.343344361E-01   0.526113203E-03
   0.274916925E-02   0.230396882E+00   0.473397225E-01   0.105709932E-02
   0.259914342E-02   0.203775659E+00   0.563533641E-01   0.161923072E-02
   0.241108891E-02   0.174436092E+00   0.608312823E-01   0.209584087E-02
   0.219240994E-02   0.144920677E+00   0.615105443E-01   0.243205368E-02
   0.194468233E-02   0.116827168E+00   0.586184263E-01   0.255987095E-02
   0.168325077E-02   0.916663855E-01   0.535486452E-01   0.255183293E-02
   0.140751037E-02   0.697649568E-01   0.463249981E-01   0.236984016E-02
   0.113391632E-02   0.515020378E-01   0.381281227E-01   0.208262191E-02
   0.877830549E-03   0.368568823E-01   0.298943240E-01   0.173196127E-02
   0.650812406E-03   0.255200025E-01   0.222660452E-01   0.135757902E-02
   0.453688815E-03   0.169319604E-01   0.152996462E-01   0.976235082E-03
   0.298496598E-03   0.107788155E-01   0.976927672E-02   0.652213232E-03
   0.183843353E-03   0.655903481E-02   0.568822771E-02   0.391029520E-03
   0.103969382E-03   0.379219581E-02   0.288001471E-02   0.199018003E-03
   0.537455817E-04   0.209546741E-02   0.120341859E-02   0.808136829E-04
   0.258412474E-04   0.113558944E-02   0.385550462E-03   0.222357485E-04
   0.116336341E-04   0.630247174E-03   0.680326193E-04   0.195107214E-05
   0.695469907E-05   0.402459700E-03   0.969640387E-04   0.101698442E-04
   0.612145959E-05   0.306487869E-03   0.222308634E-03   0.263564471E-04
   0.663271612E-05   0.268130883E-03   0.355259370E-03   0.437569579E-04
   0.693958100E-05   0.239650268E-03   0.425845821E-03   0.538912354E-04
   0.592062952E-05   0.185936093E-03   0.376522978E-03   0.481370553E-04
   0.512559973E-05   0.150806984E-03   0.333561329E-03   0.435566544E-04
   0.410556549E-05   0.116163537E-03   0.272292091E-03   0.363410145E-04
   0.237304926E-05   0.670550144E-04   0.160608790E-03   0.223681309E-04
   0.133201843E-05   0.376696989E-04   0.913543845E-04   0.132033856E-04
   0.914046723E-06   0.248900724E-04   0.607266848E-04   0.874867237E-05
   0.440030988E-06   0.120335180E-04   0.296243052E-04   0.435919810E-05
   0.164683030E-06   0.510305745E-05   0.123171385E-04   0.213522071E-05
   0.169061547E-07   0.760161072E-06   0.118709829E-05   0.429021441E-06
   0.812805645E-08   0.146776955E-06   0.271915866E-06   0.495284738E-07
   0.414831085E-07   0.831003945E-06   0.194812765E-05   0.304505107E-06
   0.519515524E-07   0.101956562E-05   0.273308910E-05   0.340229207E-06
   0.272302056E-07   0.432587598E-06   0.131952277E-05   0.979483659E-07
   0.926423951E-07   0.184841394E-05   0.440878694E-05   0.649684409E-06
   0.559067139E-07   0.107816300E-05   0.294834012E-05   0.352367010E-06
   0.271603220E-07   0.518298293E-06   0.159535625E-05   0.164667327E-06
   0.854228261E-07   0.179937808E-05   0.366661766E-05   0.708334255E-06
   0.329224541E-07   0.685306418E-06   0.181795417E-05   0.249207289E-06
   0.159581344E-07   0.256855031E-06   0.638427991E-06   0.698236562E-07
   0.237663773E-07   0.636222921E-06   0.967035476E-06   0.368673511E-06
   0.332464256E-08   0.717973592E-07   0.749403313E-07   0.401323810E-07
   0.219760050E-07   0.365299229E-06  -0.137786412E-05   0.276168691E-06
   0.727883798E-08   0.134124846E-06  -0.400095757E-06   0.102319227E-06
   0.346920448E-08   0.546181909E-07  -0.204486938E-06   0.397878317E-07
   0.333936292E-07   0.555973429E-06  -0.143403224E-05   0.397912800E-06
   0.305781533E-07   0.366145770E-06  -0.145619174E-05   0.209568157E-06
   0.599283112E-07   0.725630287E-06  -0.330708031E-05   0.479840196E-06
   0.134436476E-06   0.162126912E-05  -0.719426725E-05   0.102067997E-05
   0.766347057E-07   0.954057327E-06  -0.428811973E-05   0.643187263E-06
   0.102924865E-06   0.118107823E-05  -0.539407620E-05   0.725832933E-06
   0.151998790E-06   0.182305189E-05  -0.796501627E-05   0.112861062E-05
   0.138879884E-06   0.174214256E-05  -0.597077133E-05   0.955540827E-06
   0.314730997E-07   0.361985570E-06  -0.155183488E-05   0.216361471E-06
   0.168987935E-07   0.201002351E-06  -0.742349073E-06   0.120279694E-06
   0.565767415E-07   0.807707579E-06  -0.301201317E-05   0.540008557E-06
   0.375491851E-06   0.477117055E-05  -0.197669415E-04   0.306560446E-05
   0.526334475E-06   0.646060016E-05  -0.264386690E-04   0.393082564E-05
   0.116947569E-05   0.141361543E-04  -0.587718459E-04   0.880412244E-05
   0.275791331E-05   0.318100647E-04  -0.134850314E-03   0.191640538E-04
   0.476798459E-05   0.528018609E-04  -0.223576542E-03   0.300730189E-04
   0.701945919E-05   0.757318048E-04  -0.315852463E-03   0.415677932E-04
   0.962305148E-05   0.100886020E-03  -0.408516731E-03   0.524700554E-04
   0.123032914E-04   0.124475235E-03  -0.476887159E-03   0.589479750E-04
   0.159208157E-04   0.154783600E-03  -0.543283822E-03   0.643020685E-04
   0.167468497E-04   0.154441572E-03  -0.428134314E-03   0.494883425E-04
   0.185498902E-04   0.158455965E-03  -0.258094835E-03   0.288107240E-04
   0.248597844E-04   0.197343645E-03  -0.114975221E-03   0.127357107E-04
   0.407407533E-04   0.308736751E-03  -0.107801454E-03   0.117568670E-04
   0.760993353E-04   0.569402822E-03  -0.451595930E-03   0.447452694E-04
   0.146133447E-03   0.109349424E-02  -0.147811207E-02   0.137131516E-03
   0.269883312E-03   0.201833178E-02  -0.349613442E-02   0.310131814E-03
   0.463522127E-03   0.346315140E-02  -0.652807299E-02   0.551763573E-03
   0.763666991E-03   0.569545431E-02  -0.112045715E-01   0.897405087E-03
   0.118158571E-02   0.881194603E-02  -0.169777945E-01   0.129416108E-02
   0.175217993E-02   0.130895227E-01  -0.240606442E-01   0.174051302E-02
   0.249691168E-02   0.187255125E-01  -0.320735574E-01   0.218333560E-02
   0.343050528E-02   0.258756075E-01  -0.404092707E-01   0.259610498E-02
   0.455428846E-02   0.346033201E-01  -0.482084155E-01   0.290216086E-02
   0.587393809E-02   0.449753962E-01  -0.550063625E-01   0.306532392E-02
   0.737020094E-02   0.568485782E-01  -0.599673018E-01   0.306842569E-02
   0.900186971E-02   0.698592737E-01  -0.623120517E-01   0.285674189E-02
   0.107164467E-01   0.835362822E-01  -0.615826733E-01   0.245862547E-02
   0.123973209E-01   0.968962610E-01  -0.567187443E-01   0.187762931E-02
   0.139314579E-01   0.109012872E+00  -0.477496386E-01   0.122160034E-02
   0.151717700E-01   0.118754156E+00  -0.346354321E-01   0.605508336E-03
   0.159774404E-01   0.125042692E+00  -0.182048790E-01   0.161508317E-03
   0.162629802E-01   0.127255917E+00  -0.444257751E-07   0.000000000E+00
