   0.737380147E+00   0.120243931E+01  -0.124810295E-08   0.000000000E+00
   0.733189046E+00   0.119551170E+01   0.602392713E-02   0.110973531E-03
   0.720358610E+00   0.117470956E+01   0.118040480E-01   0.438140880E-03
   0.700166166E+00   0.114151490E+01   0.171304811E-01   0.964817649E-03
   0.672902763E+00   0.109707379E+01   0.218097772E-01   0.166690419E-02
   0.640090227E+00   0.104357958E+01   0.257140286E-01   0.251310947E-02
   0.603042066E+00   0.982892573E+00   0.287664775E-01   0.346335210E-02
   0.562913179E+00   0.917356789E+00   0.309313908E-01   0.448637363E-02
   0.520850241E+00   0.848743320E+00   0.322158672E-01   0.554711046E-02
   0.478442580E+00   0.779287875E+00   0.327052511E-01   0.660567358E-02
   0.436403304E+00   0.710385025E+00   0.324724466E-01   0.763444835E-02
   0.395733505E+00   0.644060135E+00   0.316388793E-01   0.863148365E-02
   0.357102603E+00   0.580785453E+00   0.303102508E-01   0.956149492E-02
   0.321090460E+00   0.521830320E+00   0.286381040E-01   0.104169529E-01
   0.287705541E+00   0.467070848E+00   0.266863126E-01   0.111902198E-01
   0.257196397E+00   0.417327583E+00   0.245815217E-01   0.119002014E-01
   0.229538113E+00   0.371856391E+00   0.223752987E-01   0.125062885E-01
   0.204794317E+00   0.331339687E+00   0.201752167E-01   0.130470283E-01
   0.182686195E+00   0.295186311E+00   0.180031769E-01   0.135237966E-01
   0.163270041E+00   0.263455510E+00   0.159443375E-01   0.139333224E-01
   0.145965517E+00   0.235130489E+00   0.139554236E-01   0.142773343E-01
   0.130879998E+00   0.210455760E+00   0.121113211E-01   0.145702697E-01
   0.117591977E+00   0.188777417E+00   0.103922170E-01   0.148141347E-01
   0.105946600E+00   0.169659883E+00   0.879197009E-02   0.150039764E-01
   0.958104506E-01   0.153257847E+00   0.734358467E-02   0.151839005E-01
   0.870029703E-01   0.138928309E+00   0.602923660E-02   0.153133841E-01
   0.793018192E-01   0.126423255E+00   0.482519064E-02   0.154212331E-01
   0.725634694E-01   0.115510106E+00   0.373716466E-02   0.154960817E-01
   0.667028800E-01   0.106024407E+00   0.274941628E-02   0.155521715E-01
   0.615334436E-01   0.977255329E-01   0.184744992E-02   0.155952368E-01
   0.570109636E-01   0.905073136E-01   0.102525379E-02   0.156314392E-01
   0.530304201E-01   0.841687843E-01   0.274877559E-03   0.156476386E-01
   0.495226197E-01   0.785624012E-01  -0.412354450E-03   0.156394113E-01
   0.464218110E-01   0.736935288E-01  -0.104239932E-02   0.156339835E-01
   0.436683707E-01   0.694400966E-01  -0.163172837E-02   0.156347491E-01
   0.412306488E-01   0.656342506E-01  -0.217721774E-02   0.156120872E-01
   0.390329398E-01   0.622748323E-01  -0.269174809E-02   0.155869210E-01
   0.370831750E-01   0.593290105E-01  -0.317753525E-02   0.155667104E-01
   0.353251733E-01   0.566909686E-01  -0.363806798E-02   0.155337332E-01
   0.337443165E-01   0.543872602E-01  -0.407735026E-02   0.155061195E-01
   0.323273838E-01   0.523492023E-01  -0.450118678E-02   0.154765202E-01
   0.310344044E-01   0.505230874E-01  -0.491417758E-02   0.154408645E-01
   0.298661795E-01   0.489437617E-01  -0.531468447E-02   0.154105639E-01
   0.288138669E-01   0.475529246E-01  -0.570741063E-02   0.153774880E-01
   0.278604310E-01   0.463441610E-01  -0.608723564E-02   0.153399287E-01
   0.270025600E-01   0.453482345E-01  -0.646969164E-02   0.153162135E-01
   0.262276568E-01   0.445007235E-01  -0.684881397E-02   0.152879255E-01
   0.255301222E-01   0.438229628E-01  -0.722666224E-02   0.152623346E-01
   0.248968061E-01   0.432846062E-01  -0.760320108E-02   0.152311940E-01
   0.243082568E-01   0.428583175E-01  -0.798509922E-02   0.151896691E-01
   0.238359030E-01   0.427005328E-01  -0.836713146E-02   0.151747875E-01
   0.233970378E-01   0.426428057E-01  -0.875360705E-02   0.151423905E-01
   0.230153240E-01   0.427453816E-01  -0.914799515E-02   0.151059721E-01
   0.226925761E-01   0.430309512E-01  -0.954840146E-02   0.150664644E-01
   0.224413592E-01   0.435158387E-01  -0.996304210E-02   0.150283407E-01
   0.222443491E-01   0.442092977E-01  -0.103845494E-01   0.149805108E-01
   0.221217200E-01   0.451391935E-01  -0.108168107E-01   0.149304280E-01
   0.220744014E-01   0.463982746E-01  -0.112623237E-01   0.148838907E-01
   0.221043620E-01   0.479277819E-01  -0.117263710E-01   0.148275485E-01
   0.221976582E-01   0.497506708E-01  -0.122076059E-01   0.147468559E-01
   0.223802179E-01   0.519568585E-01  -0.127105080E-01   0.146522596E-01
   0.226798151E-01   0.546724424E-01  -0.132308649E-01   0.145654837E-01
   0.230742749E-01   0.578180254E-01  -0.137780197E-01   0.144411577E-01
   0.235979855E-01   0.615527369E-01  -0.143493759E-01   0.143036554E-01
   0.242621154E-01   0.659462512E-01  -0.149509199E-01   0.141393784E-01
   0.250817090E-01   0.711537674E-01  -0.155797703E-01   0.139525700E-01
   0.260860026E-01   0.772527382E-01  -0.162381474E-01   0.137433456E-01
   0.272886250E-01   0.842808038E-01  -0.169205815E-01   0.134855891E-01
   0.287125986E-01   0.925823823E-01  -0.176275950E-01   0.132191740E-01
   0.304100029E-01   0.102045335E+00  -0.183607396E-01   0.128889270E-01
   0.323808379E-01   0.113156132E+00  -0.191115420E-01   0.125369122E-01
   0.346691348E-01   0.125783458E+00  -0.198648535E-01   0.121275736E-01
   0.373245701E-01   0.140099183E+00  -0.206134021E-01   0.116561083E-01
   0.403503068E-01   0.156606421E+00  -0.213470291E-01   0.111470781E-01
   0.437898859E-01   0.175020009E+00  -0.220280215E-01   0.105676074E-01
   0.476140976E-01   0.195739403E+00  -0.226348080E-01   0.994634628E-02
   0.518881269E-01   0.218859106E+00  -0.231443588E-01   0.926555414E-02
   0.565836988E-01   0.244040906E+00  -0.235085934E-01   0.853089802E-02
   0.616455451E-01   0.271630883E+00  -0.236896649E-01   0.775604136E-02
   0.672073066E-01   0.300944656E+00  -0.236468483E-01   0.691529363E-02
   0.729986653E-01   0.331911802E+00  -0.233213007E-01   0.605766196E-02
   0.788899958E-01   0.364293307E+00  -0.226685144E-01   0.519421324E-02
   0.849492848E-01   0.396698624E+00  -0.216406789E-01   0.431486312E-02
   0.909373164E-01   0.428901523E+00  -0.202230997E-01   0.346231344E-02
   0.966653377E-01   0.459866852E+00  -0.183822550E-01   0.265212986E-02
   0.101951398E+00   0.488693982E+00  -0.161279421E-01   0.191204005E-02
   0.106670432E+00   0.513693154E+00  -0.134629374E-01   0.125947921E-02
   0.110543631E+00   0.534513950E+00  -0.104462365E-01   0.725674850E-03
   0.113394968E+00   0.550498307E+00  -0.714037148E-02   0.328733498E-03
   0.115250222E+00   0.559923887E+00  -0.362335937E-02   0.829105193E-04
   0.115882128E+00   0.563076377E+00  -0.800553401E-08   0.000000000E+00
