   0.599278195E-03   0.546028428E-01   0.637897424E-08   0.000000000E+00
   0.616187579E-03   0.538559370E-01   0.633733487E-02   0.385951971E-04
   0.664926891E-03   0.516952276E-01   0.121933604E-01   0.147869476E-03
   0.735058449E-03   0.483418442E-01   0.171436518E-01   0.310274190E-03
   0.817121298E-03   0.441309772E-01   0.209649876E-01   0.503363612E-03
   0.892639800E-03   0.394110382E-01   0.234770030E-01   0.698549440E-03
   0.952187285E-03   0.344883986E-01   0.247278493E-01   0.878662337E-03
   0.989596592E-03   0.297054686E-01   0.249453466E-01   0.102326786E-02
   0.994808041E-03   0.251556076E-01   0.241646077E-01   0.112732244E-02
   0.968027569E-03   0.209993050E-01   0.226524789E-01   0.117464236E-02
   0.912327261E-03   0.172710866E-01   0.206021294E-01   0.117762981E-02
   0.833153725E-03   0.140057029E-01   0.182236712E-01   0.114389567E-02
   0.737349561E-03   0.111888191E-01   0.156892147E-01   0.106409064E-02
   0.628201291E-03   0.874661468E-02   0.130535942E-01   0.952869770E-03
   0.519667519E-03   0.672051031E-02   0.105856797E-01   0.828010263E-03
   0.411132700E-03   0.500257406E-02   0.823249854E-02   0.686789514E-03
   0.315957965E-03   0.364664942E-02   0.623517064E-02   0.551105826E-03
   0.233059094E-03   0.257195719E-02   0.454054447E-02   0.423552032E-03
   0.162907905E-03   0.172852026E-02   0.313252420E-02   0.307016482E-03
   0.107253116E-03   0.110058172E-02   0.203397986E-02   0.207858291E-03
   0.669396759E-04   0.662314997E-03   0.124905515E-02   0.133604699E-03
   0.389691559E-04   0.371263362E-03   0.711972185E-03   0.790080885E-04
   0.201385301E-04   0.184551929E-03   0.356364762E-03   0.408603228E-04
   0.892348180E-05   0.777577443E-04   0.148909079E-03   0.174591169E-04
   0.349342463E-05   0.299037074E-04   0.536146108E-04   0.640708276E-05
   0.127064959E-05   0.126994128E-04   0.181329397E-04   0.201569469E-05
   0.773435204E-06   0.126042296E-04   0.155218258E-04   0.201535022E-05
   0.127505643E-05   0.191185554E-04   0.281342491E-04   0.350260143E-05
   0.194032691E-05   0.277643467E-04   0.450777261E-04   0.628390035E-05
   0.230251862E-05   0.306099610E-04   0.520039721E-04   0.724968731E-05
   0.253863391E-05   0.327095040E-04   0.578602994E-04   0.849947537E-05
   0.231860486E-05   0.284330290E-04   0.513361447E-04   0.731355840E-05
   0.212495615E-05   0.256557450E-04   0.463337601E-04   0.672591705E-05
   0.168386202E-05   0.198638591E-04   0.366962995E-04   0.535115669E-05
   0.129201089E-05   0.146411157E-04   0.271627396E-04   0.379529274E-05
   0.114828583E-05   0.128657221E-04   0.234643976E-04   0.333576827E-05
   0.631179660E-06   0.662744787E-05   0.122353194E-04   0.158248690E-05
   0.492786000E-06   0.473180717E-05   0.807592005E-05   0.978621870E-06
   0.227222486E-06   0.195500570E-05   0.363104664E-05   0.325852653E-06
   0.181226540E-06   0.122598442E-05   0.150977053E-05   0.115424072E-06
   0.701672533E-07   0.225237542E-06   0.140739147E-06  -0.653224461E-07
   0.805085492E-07   0.331545721E-06  -0.395623204E-06   0.287325364E-07
   0.621608791E-07   0.255261426E-06  -0.633218917E-06   0.748810081E-07
   0.487243561E-07   0.218951371E-06  -0.650670358E-06   0.103317888E-06
   0.590219464E-07   0.317951702E-06  -0.709945311E-06   0.228614539E-06
   0.348204097E-07   0.266771735E-06  -0.768807524E-07   0.176395361E-06
   0.347005660E-07   0.331787959E-06   0.281503304E-06   0.187426735E-06
   0.103304547E-07   0.701260277E-07   0.124286089E-06   0.187333882E-07
   0.369355710E-07   0.268313499E-06   0.559240334E-06   0.358078331E-07
   0.502055393E-07   0.188092201E-06   0.176896293E-06  -0.362638168E-07
   0.163567336E-06   0.576769196E-06  -0.161368018E-05   0.130202864E-06
   0.265357414E-06   0.102950673E-05  -0.250183894E-05   0.237924155E-06
   0.559384432E-06   0.220865059E-05  -0.632135607E-05   0.722907316E-06
   0.857678174E-06   0.326531654E-05  -0.111977470E-04   0.145759827E-05
   0.141118608E-05   0.558725515E-05  -0.186019333E-04   0.253521625E-05
   0.194008521E-05   0.762575655E-05  -0.261760106E-04   0.377184551E-05
   0.277225627E-05   0.110075798E-04  -0.370052003E-04   0.524769121E-05
   0.380326878E-05   0.151451541E-04  -0.507313125E-04   0.729463363E-05
   0.456543921E-05   0.181861651E-04  -0.602343862E-04   0.856770566E-05
   0.541902682E-05   0.212666873E-04  -0.709132728E-04   0.101596461E-04
   0.545395187E-05   0.214108040E-04  -0.705967104E-04   0.103094399E-04
   0.514630483E-05   0.200406794E-04  -0.647679117E-04   0.922407435E-05
   0.460101728E-05   0.177970815E-04  -0.556283812E-04   0.778962931E-05
   0.320528011E-05   0.121946377E-04  -0.353944488E-04   0.476224523E-05
   0.218110677E-05   0.760917101E-05  -0.201621569E-04   0.264253413E-05
   0.266609800E-05   0.813007227E-05  -0.229028246E-04   0.311142048E-05
   0.682215114E-05   0.200675331E-04  -0.677638236E-04   0.883887151E-05
   0.185597200E-04   0.561704546E-04  -0.199483853E-03   0.250412759E-04
   0.393636765E-04   0.119737306E-03  -0.425367267E-03   0.513263112E-04
   0.782867282E-04   0.236955515E-03  -0.839305518E-03   0.975361836E-04
   0.137181560E-03   0.412544818E-03  -0.144252705E-02   0.159822521E-03
   0.222745861E-03   0.664174557E-03  -0.228390866E-02   0.242961338E-03
   0.344652333E-03   0.101825700E-02  -0.343374652E-02   0.348766102E-03
   0.505555596E-03   0.148233224E-02  -0.487365806E-02   0.470640429E-03
   0.707639672E-03   0.206436636E-02  -0.657157088E-02   0.602239452E-03
   0.947231601E-03   0.276277354E-02  -0.843094569E-02   0.725812628E-03
   0.124067592E-02   0.362577639E-02  -0.105443830E-01   0.854075362E-03
   0.157465762E-02   0.463189604E-02  -0.127004972E-01   0.964378298E-03
   0.195044884E-02   0.580496108E-02  -0.148315933E-01   0.105184969E-02
   0.236622011E-02   0.716247316E-02  -0.168411285E-01   0.110145356E-02
   0.281263422E-02   0.869484618E-02  -0.185511429E-01   0.111525028E-02
   0.328960177E-02   0.104182977E-01  -0.198795218E-01   0.109403615E-02
   0.379159232E-02   0.123295179E-01  -0.207029507E-01   0.102947257E-02
   0.430788752E-02   0.143924924E-01  -0.208723135E-01   0.921920640E-03
   0.484061381E-02   0.165905748E-01  -0.203733742E-01   0.786097080E-03
   0.536367623E-02   0.188150145E-01  -0.190288834E-01   0.620314386E-03
   0.584982615E-02   0.209304746E-01  -0.167382360E-01   0.442501158E-03
   0.628059497E-02   0.228193775E-01  -0.135656251E-01   0.272005156E-03
   0.662110327E-02   0.243261456E-01  -0.957836304E-02   0.129312815E-03
   0.684035616E-02   0.253020879E-01  -0.496309530E-02   0.338304744E-04
   0.691304961E-02   0.256216805E-01  -0.129200775E-07   0.000000000E+00
