   0.147790660E-02   0.139583543E+00  -0.147322737E-09   0.000000000E+00
   0.150436547E-02   0.138131544E+00   0.137000978E-01   0.852618832E-04
   0.157955021E-02   0.133813366E+00   0.265738908E-01   0.329783885E-03
   0.169229053E-02   0.127095968E+00   0.379184857E-01   0.704650476E-03
   0.182684348E-02   0.118418872E+00   0.472658649E-01   0.115949858E-02
   0.196552230E-02   0.108386375E+00   0.542674214E-01   0.167145231E-02
   0.207873597E-02   0.975155607E-01   0.587655865E-01   0.213745167E-02
   0.216700835E-02   0.864753202E-01   0.610674135E-01   0.259204395E-02
   0.220108777E-02   0.755251795E-01   0.610851385E-01   0.293548126E-02
   0.219002110E-02   0.651808605E-01   0.594650954E-01   0.318866340E-02
   0.212076819E-02   0.554685071E-01   0.562140718E-01   0.332827540E-02
   0.200352888E-02   0.466328375E-01   0.518667735E-01   0.336254574E-02
   0.184498960E-02   0.387152806E-01   0.467427038E-01   0.327248708E-02
   0.166225096E-02   0.317821205E-01   0.413092375E-01   0.310947909E-02
   0.145083130E-02   0.256225131E-01   0.354534574E-01   0.286160200E-02
   0.123077375E-02   0.202916209E-01   0.296394732E-01   0.255676266E-02
   0.102040591E-02   0.158376768E-01   0.242739264E-01   0.221712608E-02
   0.820417074E-03   0.120962672E-01   0.193132553E-01   0.186238543E-02
   0.638307771E-03   0.900989771E-02   0.148849934E-01   0.150874187E-02
   0.482334173E-03   0.655116607E-02   0.111485599E-01   0.118091761E-02
   0.349898270E-03   0.459077628E-02   0.801011734E-02   0.891252072E-03
   0.239532630E-03   0.305738323E-02   0.541877095E-02   0.625699700E-03
   0.160540891E-03   0.199273881E-02   0.358918705E-02   0.431113120E-03
   0.989370601E-04   0.119868037E-02   0.216908194E-02   0.269329670E-03
   0.593442091E-04   0.700807432E-03   0.127277814E-02   0.163638731E-03
   0.299460135E-04   0.347450899E-03   0.610526244E-03   0.805305463E-04
   0.145738040E-04   0.165175792E-03   0.274480582E-03   0.366620625E-04
   0.664289337E-05   0.799823320E-04   0.115502975E-03   0.149173129E-04
   0.248762831E-05   0.420247889E-04   0.402543665E-04   0.424894006E-05
   0.196847122E-05   0.412942245E-04   0.436759328E-04   0.443502404E-05
   0.293803828E-05   0.556685482E-04   0.725196223E-04   0.703467504E-05
   0.414460919E-05   0.751397602E-04   0.115222516E-03   0.146851362E-04
   0.521871925E-05   0.881967426E-04   0.143366415E-03   0.189970433E-04
   0.571187365E-05   0.915493220E-04   0.157010843E-03   0.216720782E-04
   0.576042567E-05   0.877870189E-04   0.152874680E-03   0.206401855E-04
   0.570999327E-05   0.838009655E-04   0.144497215E-03   0.192351745E-04
   0.472635111E-05   0.695078052E-04   0.121750236E-03   0.171679621E-04
   0.402800379E-05   0.584162226E-04   0.105053885E-03   0.150951701E-04
   0.335720324E-05   0.482601135E-04   0.872234014E-04   0.127322392E-04
   0.246333093E-05   0.357063545E-04   0.640698636E-04   0.973307033E-05
   0.155047314E-05   0.225700478E-04   0.415238101E-04   0.649046297E-05
   0.102725846E-05   0.158286766E-04   0.274668164E-04   0.482200676E-05
   0.819070806E-06   0.142131721E-04   0.241854141E-04   0.516011642E-05
   0.280557543E-06   0.613602242E-05   0.911026655E-05   0.314563817E-05
   0.315979946E-06   0.601267675E-05   0.553279460E-05   0.385417843E-05
   0.227767487E-06   0.381341579E-05  -0.184786495E-05   0.301674595E-05
   0.306857231E-06   0.402882779E-05  -0.480854305E-05   0.324142275E-05
   0.616227908E-06   0.503607225E-05  -0.127562434E-04   0.342086196E-05
   0.128385147E-05   0.902037209E-05  -0.252160698E-04   0.531602564E-05
   0.172339799E-05   0.110195469E-04  -0.316032565E-04   0.549154993E-05
   0.274496483E-05   0.164225457E-04  -0.499340749E-04   0.829245346E-05
   0.407956441E-05   0.238737794E-04  -0.718729934E-04   0.109006796E-04
   0.534519995E-05   0.302639928E-04  -0.930434398E-04   0.136059207E-04
   0.696784400E-05   0.400617355E-04  -0.121155921E-03   0.178770297E-04
   0.815391013E-05   0.479587470E-04  -0.137860479E-03   0.193909927E-04
   0.877194634E-05   0.499701455E-04  -0.149622021E-03   0.214928295E-04
   0.925926088E-05   0.523772396E-04  -0.153234272E-03   0.204983098E-04
   0.100351972E-04   0.563091089E-04  -0.164648533E-03   0.222359795E-04
   0.982446454E-05   0.554378603E-04  -0.157065093E-03   0.209074478E-04
   0.850068864E-05   0.482497890E-04  -0.127672552E-03   0.157654758E-04
   0.611434916E-05   0.333363969E-04  -0.780850023E-04   0.755832616E-05
   0.463929928E-05   0.241086127E-04  -0.478252041E-04   0.500691249E-05
   0.557736485E-05   0.245967985E-04  -0.478964466E-04   0.529254157E-05
   0.106263296E-04   0.460336050E-04  -0.113971575E-03   0.164085213E-04
   0.229073685E-04   0.100401456E-03  -0.282027351E-03   0.407964435E-04
   0.481544921E-04   0.210405313E-03  -0.628887385E-03   0.882980021E-04
   0.935458302E-04   0.416460534E-03  -0.126808544E-02   0.170692714E-03
   0.164283032E-03   0.733732188E-03  -0.223838445E-02   0.289326592E-03
   0.264969305E-03   0.117519754E-02  -0.356620783E-02   0.446077756E-03
   0.405051047E-03   0.180280104E-02  -0.537646981E-02   0.636783196E-03
   0.594046258E-03   0.263371528E-02  -0.771940732E-02   0.879509607E-03
   0.829547120E-03   0.366931036E-02  -0.104946708E-01   0.114716880E-02
   0.112696469E-02   0.499230996E-02  -0.138532659E-01   0.144563406E-02
   0.147625105E-02   0.656476058E-02  -0.175424200E-01   0.174450595E-02
   0.188189233E-02   0.844096299E-02  -0.215408690E-01   0.202187616E-02
   0.235364074E-02   0.106762936E-01  -0.258605611E-01   0.229775696E-02
   0.286653382E-02   0.132121658E-01  -0.300632380E-01   0.251802034E-02
   0.342872064E-02   0.161290914E-01  -0.341597721E-01   0.268319133E-02
   0.403674273E-02   0.194672085E-01  -0.379922092E-01   0.278085773E-02
   0.466600712E-02   0.231666490E-01  -0.411516540E-01   0.277543394E-02
   0.531848241E-02   0.272413641E-01  -0.435759686E-01   0.272369734E-02
   0.599297462E-02   0.317268819E-01  -0.451636203E-01   0.257961755E-02
   0.665446743E-02   0.364482813E-01  -0.454449952E-01   0.234105228E-02
   0.732820574E-02   0.414725877E-01  -0.446735919E-01   0.202163495E-02
   0.797117967E-02   0.465191640E-01  -0.423641689E-01   0.168102898E-02
   0.858003553E-02   0.514530577E-01  -0.386160128E-01   0.130023807E-02
   0.912155956E-02   0.559890606E-01  -0.332603939E-01   0.906341884E-03
   0.958669465E-02   0.599204563E-01  -0.265062507E-01   0.543219736E-03
   0.994095113E-02   0.629774630E-01  -0.184640344E-01   0.256176485E-03
   0.101599889E-01   0.648836643E-01  -0.947257224E-02   0.659652069E-04
   0.102354931E-01   0.655431077E-01  -0.227436079E-07   0.000000000E+00
