   0.132735446E-02   0.253224552E+00  -0.355605406E-09   0.000000000E+00
   0.136583555E-02   0.250708401E+00   0.221045688E-01   0.139736861E-03
   0.146547798E-02   0.243206769E+00   0.429913923E-01   0.540855457E-03
   0.161743443E-02   0.231299847E+00   0.615655258E-01   0.115905458E-02
   0.179936062E-02   0.215959579E+00   0.770620629E-01   0.191913464E-02
   0.199329481E-02   0.198024869E+00   0.890547782E-01   0.275270594E-02
   0.216693850E-02   0.178526372E+00   0.970899910E-01   0.358013203E-02
   0.229977537E-02   0.158389598E+00   0.101317048E+00   0.428435393E-02
   0.238933903E-02   0.138645291E+00   0.102389567E+00   0.491321553E-02
   0.241369242E-02   0.119666763E+00   0.100297332E+00   0.536081940E-02
   0.236839196E-02   0.101853915E+00   0.954554752E-01   0.562012056E-02
   0.225886563E-02   0.854696259E-01   0.884602815E-01   0.570938503E-02
   0.210723048E-02   0.710117668E-01   0.804904699E-01   0.559800444E-02
   0.190449541E-02   0.580323674E-01   0.711673275E-01   0.533256400E-02
   0.167595071E-02   0.467261933E-01   0.614663549E-01   0.492834812E-02
   0.143500930E-02   0.370549373E-01   0.518286340E-01   0.441971421E-02
   0.119017193E-02   0.287832711E-01   0.424238741E-01   0.382922473E-02
   0.959713710E-03   0.219304599E-01   0.338340364E-01   0.322285527E-02
   0.744053395E-03   0.162253920E-01   0.259645935E-01   0.259969477E-02
   0.565544702E-03   0.118225412E-01   0.195759106E-01   0.205735979E-02
   0.409028115E-03   0.827087928E-02   0.140245790E-01   0.153191132E-02
   0.280350825E-03   0.551048387E-02   0.949832797E-02   0.108564494E-02
   0.186106729E-03   0.356001896E-02   0.622035004E-02   0.741481781E-03
   0.116361356E-03   0.218790956E-02   0.382547872E-02   0.471375941E-03
   0.695224007E-04   0.128151092E-02   0.223081815E-02   0.284158770E-03
   0.347924142E-04   0.647129607E-03   0.105797441E-02   0.137722396E-03
   0.158787861E-04   0.313295139E-03   0.447574450E-03   0.584636909E-04
   0.751823836E-05   0.164043347E-03   0.196213150E-03   0.240459412E-04
   0.288428714E-05   0.963976272E-04   0.758748647E-04   0.778410686E-05
   0.285996066E-05   0.968011664E-04   0.102856771E-03   0.113911738E-04
   0.463335255E-05   0.132306479E-03   0.180166258E-03   0.200410868E-04
   0.621929485E-05   0.154968075E-03   0.244394760E-03   0.287617477E-04
   0.775637636E-05   0.181505282E-03   0.305781112E-03   0.390110763E-04
   0.840658322E-05   0.186597827E-03   0.328540627E-03   0.428721323E-04
   0.800389262E-05   0.173327717E-03   0.319734041E-03   0.440555559E-04
   0.795531378E-05   0.169054038E-03   0.317502418E-03   0.450542357E-04
   0.663672336E-05   0.137175419E-03   0.255411956E-03   0.357040408E-04
   0.576467846E-05   0.119428230E-03   0.227733384E-03   0.334124925E-04
   0.420330798E-05   0.872272649E-04   0.168966508E-03   0.256733019E-04
   0.389809702E-05   0.802328068E-04   0.147126178E-03   0.226118718E-04
   0.222667745E-05   0.467836762E-04   0.915346682E-04   0.148508043E-04
   0.130540946E-05   0.293201902E-04   0.554179678E-04   0.101155665E-04
   0.806399783E-06   0.205704218E-04   0.374631745E-04   0.859132797E-05
   0.525433336E-06   0.147042010E-04   0.246411910E-04   0.740030100E-05
   0.201648433E-06   0.799459667E-05   0.586406077E-05   0.562440118E-05
   0.400331800E-06   0.968456334E-05  -0.333369439E-05   0.766405810E-05
   0.336918674E-06   0.690290335E-05  -0.111813206E-04   0.543799115E-05
   0.824078427E-06   0.105075851E-04  -0.266416955E-04   0.732327135E-05
   0.158635237E-05   0.166079171E-04  -0.474617082E-04   0.926745724E-05
   0.243539489E-05   0.237994354E-04  -0.707004583E-04   0.124971912E-04
   0.377745482E-05   0.350327136E-04  -0.105745108E-03   0.168559673E-04
   0.524637153E-05   0.466822057E-04  -0.143500394E-03   0.212949508E-04
   0.669067867E-05   0.598894949E-04  -0.179748808E-03   0.259071221E-04
   0.875723890E-05   0.781650378E-04  -0.233839717E-03   0.332796008E-04
   0.968999393E-05   0.846957046E-04  -0.259434135E-03   0.369163790E-04
   0.120722780E-04   0.104776635E-03  -0.319284940E-03   0.443450590E-04
   0.128531665E-04   0.112134672E-03  -0.333659147E-03   0.450104053E-04
   0.141051041E-04   0.123976759E-03  -0.362862454E-03   0.493633961E-04
   0.120048107E-04   0.103377424E-03  -0.296954910E-03   0.380669371E-04
   0.110573665E-04   0.962198901E-04  -0.260500674E-03   0.325476394E-04
   0.863344212E-05   0.743307246E-04  -0.175023655E-03   0.181731466E-04
   0.667465656E-05   0.558144566E-04  -0.104625469E-03   0.952987375E-05
   0.688863793E-05   0.527135853E-04  -0.805488817E-04   0.842758072E-05
   0.114920549E-04   0.842018708E-04  -0.158070659E-03   0.226949887E-04
   0.260615598E-04   0.181132258E-03  -0.443255238E-03   0.632098890E-04
   0.519601235E-04   0.367102504E-03  -0.981203979E-03   0.136029674E-03
   0.106201049E-03   0.739903480E-03  -0.212143245E-02   0.286309863E-03
   0.179912866E-03   0.126200018E-02  -0.363022881E-02   0.467120641E-03
   0.295869831E-03   0.206395378E-02  -0.595570216E-02   0.740514253E-03
   0.453967310E-03   0.316565949E-02  -0.902676210E-02   0.107627641E-02
   0.661580474E-03   0.460204575E-02  -0.128791137E-01   0.147555559E-02
   0.931782415E-03   0.649777800E-02  -0.177098904E-01   0.193097233E-02
   0.127097161E-02   0.888172723E-02  -0.234610792E-01   0.244708429E-02
   0.168206368E-02   0.118072126E-01  -0.300283507E-01   0.300217071E-02
   0.213749171E-02   0.151752839E-01  -0.366449058E-01   0.345704728E-02
   0.268564885E-02   0.193277244E-01  -0.441486165E-01   0.393080711E-02
   0.328177889E-02   0.240352806E-01  -0.513639003E-01   0.433277199E-02
   0.392423291E-02   0.293865912E-01  -0.581023917E-01   0.461765518E-02
   0.462177070E-02   0.355231985E-01  -0.643607751E-01   0.479403557E-02
   0.535478583E-02   0.423685387E-01  -0.696009547E-01   0.482726330E-02
   0.610576011E-02   0.498841256E-01  -0.733207837E-01   0.468296744E-02
   0.689124968E-02   0.581478737E-01  -0.757652894E-01   0.444016792E-02
   0.767604588E-02   0.669030994E-01  -0.761716366E-01   0.402971357E-02
   0.845359266E-02   0.759968385E-01  -0.744456500E-01   0.351384352E-02
   0.920151919E-02   0.851318240E-01  -0.702933744E-01   0.290733879E-02
   0.990761165E-02   0.939738676E-01  -0.637897849E-01   0.222399784E-02
   0.105424523E-01   0.102136187E+00  -0.548037738E-01   0.155946240E-02
   0.110726738E-01   0.109072849E+00  -0.434454009E-01   0.943544786E-03
   0.114799757E-01   0.114416964E+00  -0.301878676E-01   0.439125462E-03
   0.117347827E-01   0.117765069E+00  -0.154792145E-01   0.112885551E-03
   0.118253771E-01   0.118997246E+00  -0.365316559E-07   0.000000000E+00
