   0.623014104E-02   0.923507750E+00  -0.149441381E-08   0.000000000E+00
   0.613156566E-02   0.905155957E+00   0.579719730E-01   0.514770625E-03
   0.584985595E-02   0.852446318E+00   0.109358214E+00   0.190520426E-02
   0.541438349E-02   0.772246361E+00   0.149582207E+00   0.378274010E-02
   0.486737583E-02   0.673371375E+00   0.175171718E+00   0.564497011E-02
   0.425930461E-02   0.566841841E+00   0.187194481E+00   0.712498650E-02
   0.362696336E-02   0.460815281E+00   0.185959950E+00   0.797784422E-02
   0.299877278E-02   0.361816645E+00   0.172931984E+00   0.813183747E-02
   0.240496802E-02   0.274691910E+00   0.152270824E+00   0.767400349E-02
   0.186660886E-02   0.201741576E+00   0.127406672E+00   0.680194329E-02
   0.139249372E-02   0.142858982E+00   0.100244343E+00   0.563953724E-02
   0.994414324E-03   0.974259004E-01   0.739952698E-01   0.435223337E-02
   0.678178039E-03   0.639421344E-01   0.512509532E-01   0.313889282E-02
   0.435225200E-03   0.400470011E-01   0.322053768E-01   0.204593153E-02
   0.257136446E-03   0.236660521E-01   0.172481518E-01   0.112271018E-02
   0.144174555E-03   0.134673109E-01   0.830306020E-02   0.543114147E-03
   0.751007319E-04   0.734546920E-02   0.315273739E-02   0.194673077E-03
   0.370953094E-04   0.393702229E-02   0.806726574E-03   0.384985797E-04
   0.193130454E-04   0.222265720E-02   0.301565975E-03   0.197942863E-04
   0.128426063E-04   0.145656709E-02   0.700794917E-03   0.723514313E-04
   0.114797940E-04   0.114934298E-02   0.136674813E-02   0.149116386E-03
   0.102811046E-04   0.920006423E-03   0.164645119E-02   0.186706573E-03
   0.925936365E-05   0.756950700E-03   0.169236097E-02   0.195056637E-03
   0.702134002E-05   0.548917451E-03   0.136576907E-02   0.162440832E-03
   0.529487534E-05   0.403615471E-03   0.108400499E-02   0.133568217E-03
   0.397461554E-05   0.294274942E-03   0.831951853E-03   0.103609360E-03
   0.213523185E-05   0.161434873E-03   0.465949503E-03   0.614054297E-04
   0.921912431E-06   0.724921483E-04   0.210000188E-03   0.296156541E-04
   0.307554274E-06   0.237051845E-04   0.669080764E-04   0.933164756E-05
   0.121626584E-06   0.998816267E-05   0.281274242E-04   0.426435872E-05
   0.239784459E-07   0.261200580E-05   0.564453512E-05   0.143337604E-05
   0.296059230E-07   0.162589242E-05   0.289732634E-05   0.697636324E-06
   0.450149642E-07   0.272363491E-05   0.872205419E-05   0.110905796E-05
   0.690857433E-07   0.389879369E-05   0.123384898E-04   0.148396907E-05
   0.821531572E-07   0.538188215E-05   0.182113527E-04   0.232945422E-05
   0.102863687E-06   0.639162954E-05   0.206530240E-04   0.267149062E-05
   0.713954762E-07   0.437861399E-05   0.148515373E-04   0.181575774E-05
   0.684507384E-07   0.385581734E-05   0.122348683E-04   0.151348888E-05
   0.873924364E-07   0.391747653E-05   0.611803489E-05   0.145124943E-05
   0.350208325E-07   0.231723493E-05   0.797710982E-05   0.106579057E-05
   0.727732754E-07   0.323400650E-05   0.436263963E-05   0.125062297E-05
   0.199495922E-07   0.800376142E-06   0.399343236E-06   0.303191143E-06
   0.517667598E-08   0.143894013E-06  -0.735985338E-06   0.648299761E-07
   0.290764977E-07   0.185486181E-05   0.433312516E-05   0.893887659E-06
   0.665391031E-08   0.341361613E-06   0.840370376E-06   0.139691011E-06
   0.993134602E-10   0.998660976E-08  -0.187097839E-07   0.816863999E-08
   0.283670332E-08   0.209474209E-06   0.622495634E-06   0.104703631E-06
   0.987152582E-08   0.653524864E-06   0.132857451E-05   0.331536171E-06
   0.294249625E-08   0.110572955E-06   0.235376604E-06   0.348782123E-07
   0.244311025E-07   0.891091702E-06  -0.231280319E-05   0.432385548E-06
   0.216977067E-07   0.718266904E-06   0.626061649E-06   0.180666348E-06
   0.109552801E-06   0.410653456E-05  -0.164738831E-04   0.236029155E-05
   0.131468752E-06   0.527871089E-05  -0.235592797E-04   0.335561390E-05
   0.157185525E-06   0.621696472E-05  -0.285234782E-04   0.395498955E-05
   0.143485266E-06   0.562526657E-05  -0.271668760E-04   0.365664846E-05
   0.186399063E-06   0.720524986E-05  -0.349176335E-04   0.464859750E-05
   0.162475800E-06   0.617943078E-05  -0.266290699E-04   0.365274695E-05
   0.109007281E-06   0.381387053E-05  -0.150696233E-04   0.196843848E-05
   0.715206099E-07   0.265545600E-05  -0.107734568E-04   0.150595940E-05
   0.181283877E-07   0.639660414E-06  -0.289203831E-05   0.383920650E-06
   0.150990811E-07   0.984990038E-06  -0.209563927E-05   0.739984841E-06
   0.148810372E-06   0.651239179E-05  -0.274684880E-04   0.446834065E-05
   0.397319440E-06   0.160334366E-04  -0.705768325E-04   0.104158398E-04
   0.183139252E-05   0.684230108E-04  -0.318503095E-03   0.422985431E-04
   0.325708379E-05   0.115885792E-03  -0.534562278E-03   0.667467175E-04
   0.496358189E-05   0.174145738E-03  -0.798627269E-03   0.101199214E-03
   0.812922735E-05   0.272981502E-03  -0.123093836E-02   0.148451640E-03
   0.117891523E-04   0.379616220E-03  -0.164452137E-02   0.190058883E-03
   0.150044798E-04   0.461452204E-03  -0.184499670E-02   0.207712321E-03
   0.176230005E-04   0.509359234E-03  -0.169574330E-02   0.184890829E-03
   0.225454460E-04   0.605951762E-03  -0.144254905E-02   0.149123225E-03
   0.293562280E-04   0.724887475E-03  -0.773326610E-03   0.752978012E-04
   0.458700633E-04   0.107067428E-02  -0.345120381E-03   0.334307806E-04
   0.831067082E-04   0.190957228E-02  -0.809374207E-03   0.744835270E-04
   0.160217707E-03   0.369173521E-02  -0.354065350E-02   0.309776689E-03
   0.294800673E-03   0.681487657E-02  -0.875523314E-02   0.736671791E-03
   0.524833566E-03   0.121496068E-01  -0.187137257E-01   0.149534713E-02
   0.881197280E-03   0.203976166E-01  -0.335142016E-01   0.254669995E-02
   0.140078657E-02   0.324255303E-01  -0.531629659E-01   0.382633344E-02
   0.211681891E-02   0.490620174E-01  -0.765122250E-01   0.522681978E-02
   0.306826364E-02   0.712709725E-01  -0.102852263E+00   0.665238081E-02
   0.427437108E-02   0.996263325E-01  -0.129481748E+00   0.788701326E-02
   0.574272359E-02   0.134384379E+00  -0.153623030E+00   0.872334931E-02
   0.747014908E-02   0.175423533E+00  -0.173369110E+00   0.907542370E-02
   0.941030402E-02   0.221565261E+00  -0.185305715E+00   0.876563229E-02
   0.114905592E-01   0.270863473E+00  -0.187269330E+00   0.773655856E-02
   0.135790193E-01   0.320064008E+00  -0.176192820E+00   0.606924854E-02
   0.155118424E-01   0.365243077E+00  -0.150731236E+00   0.402955431E-02
   0.170851517E-01   0.401736826E+00  -0.110454254E+00   0.202118885E-02
   0.181260463E-01   0.425689042E+00  -0.586295128E-01   0.543731614E-03
   0.184826422E-01   0.433885604E+00  -0.114163733E-06   0.000000000E+00
