   0.163629965E-02   0.294385403E+00  -0.622918217E-09   0.000000000E+00
   0.165270991E-02   0.290376306E+00   0.189615525E-01   0.132848276E-03
   0.169808301E-02   0.278753161E+00   0.364848413E-01   0.504967233E-03
   0.176303217E-02   0.260603607E+00   0.513280854E-01   0.105501909E-02
   0.183084060E-02   0.237465099E+00   0.627988204E-01   0.167894259E-02
   0.188310619E-02   0.211122602E+00   0.702192187E-01   0.228920486E-02
   0.190241856E-02   0.183376446E+00   0.736313835E-01   0.280448678E-02
   0.188254262E-02   0.155830190E+00   0.737456083E-01   0.317409378E-02
   0.181502255E-02   0.129707143E+00   0.709188432E-01   0.338283740E-02
   0.169903005E-02   0.105735913E+00   0.656790957E-01   0.344788586E-02
   0.153605640E-02   0.843006223E-01   0.584734790E-01   0.330079044E-02
   0.134970900E-02   0.659307912E-01   0.506485365E-01   0.307438429E-02
   0.113803020E-02   0.503255688E-01   0.420169905E-01   0.272172736E-02
   0.925470958E-03   0.375164598E-01   0.336222574E-01   0.230551790E-02
   0.725006335E-03   0.272801742E-01   0.259209406E-01   0.188853638E-02
   0.536489417E-03   0.191540606E-01   0.187377147E-01   0.142601901E-02
   0.383794715E-03   0.131213656E-01   0.131067578E-01   0.104926259E-02
   0.258130836E-03   0.864081457E-02   0.851018261E-02   0.705383369E-03
   0.162615484E-03   0.546873175E-02   0.508505525E-02   0.432342727E-03
   0.950417816E-04   0.332426000E-02   0.273075630E-02   0.232651742E-03
   0.503346091E-04   0.194328360E-02   0.124378770E-02   0.104506238E-03
   0.236015803E-04   0.110953476E-02   0.418404641E-03   0.310306241E-04
   0.107627084E-04   0.660037680E-03   0.111047426E-03   0.552562415E-05
   0.538890845E-05   0.430214248E-03   0.540908331E-04   0.497589463E-05
   0.429380998E-05   0.329281436E-03   0.132532150E-03   0.192108510E-04
   0.555043425E-05   0.299945066E-03   0.261364679E-03   0.358993748E-04
   0.651253231E-05   0.275577593E-03   0.351070834E-03   0.509878191E-04
   0.666503229E-05   0.237161730E-03   0.362539198E-03   0.521529182E-04
   0.737935352E-05   0.231252910E-03   0.409202068E-03   0.596731479E-04
   0.654948826E-05   0.194629611E-03   0.372896466E-03   0.570111188E-04
   0.507846698E-05   0.142534598E-03   0.282520254E-03   0.424559512E-04
   0.375330433E-05   0.102250160E-03   0.209104226E-03   0.318761086E-04
   0.256968428E-05   0.687324427E-04   0.143866884E-03   0.223217030E-04
   0.170874080E-05   0.445566293E-04   0.947052176E-04   0.146377688E-04
   0.936410288E-06   0.240957906E-04   0.513258274E-04   0.793741492E-05
   0.565743392E-06   0.137596908E-04   0.299002550E-04   0.431893113E-05
   0.215118249E-06   0.519604691E-05   0.112915077E-04   0.160269428E-05
   0.106781876E-06   0.188869865E-05   0.295531549E-05   0.336411802E-06
   0.923347301E-07   0.133087860E-05   0.524261338E-06   0.241170568E-06
   0.434266241E-07   0.700523856E-06   0.106006337E-05   0.311446286E-06
   0.259973607E-07   0.413648849E-06  -0.111253792E-05   0.310216137E-06
   0.558689237E-07   0.141922885E-05   0.515131262E-06   0.991869342E-06
   0.412442347E-07   0.136511119E-05   0.149513397E-06   0.103438992E-05
   0.587910414E-07   0.188243826E-05   0.105481513E-05   0.134148695E-05
   0.829617122E-07   0.218560785E-05  -0.101451064E-05   0.167783571E-05
   0.117810579E-06   0.258801015E-05  -0.188059369E-05   0.194831523E-05
   0.133726857E-06   0.380468259E-05   0.460439742E-05   0.238968164E-05
   0.735939025E-07   0.175056084E-05  -0.232640741E-05   0.140154896E-05
   0.123186268E-06   0.246735749E-05   0.693808374E-06   0.160998491E-05
   0.245816558E-07   0.929135012E-06   0.113856379E-05   0.604310742E-06
   0.233335626E-07   0.580088795E-06   0.116579622E-05   0.285859329E-06
   0.237030662E-07   0.312638036E-06   0.359368556E-06   0.112008408E-06
   0.702896088E-07   0.570274892E-06  -0.190220192E-05   0.142276093E-06
   0.194989084E-06   0.192632820E-05  -0.342804105E-05   0.403102433E-06
   0.620181140E-06   0.627232430E-05  -0.226049469E-04   0.307167011E-05
   0.896109782E-06   0.956155782E-05  -0.344654945E-04   0.525459245E-05
   0.170417604E-05   0.182785407E-04  -0.644575557E-04   0.973912938E-05
   0.324804046E-05   0.346038687E-04  -0.123621154E-03   0.189374532E-04
   0.432552724E-05   0.453455687E-04  -0.161738208E-03   0.246107538E-04
   0.677190656E-05   0.708917578E-04  -0.245777454E-03   0.363348154E-04
   0.942516363E-05   0.975844741E-04  -0.338066486E-03   0.513509112E-04
   0.116653919E-04   0.119500597E-03  -0.399747019E-03   0.593691584E-04
   0.152430139E-04   0.153565881E-03  -0.494316046E-03   0.712187102E-04
   0.150131045E-04   0.149089581E-03  -0.431821158E-03   0.609411800E-04
   0.165206693E-04   0.160930256E-03  -0.399252662E-03   0.547311392E-04
   0.167411472E-04   0.158450275E-03  -0.280461216E-03   0.382433718E-04
   0.185452882E-04   0.167368853E-03  -0.148030915E-03   0.203567051E-04
   0.248019333E-04   0.210289028E-03  -0.695224880E-04   0.108151580E-04
   0.402738951E-04   0.325102737E-03  -0.126418949E-03   0.160296750E-04
   0.725254940E-04   0.567931740E-03  -0.494666398E-03   0.565534319E-04
   0.131195178E-03   0.101350155E-02  -0.134608359E-02   0.146940612E-03
   0.228523029E-03   0.174926664E-02  -0.286545907E-02   0.301043299E-03
   0.387602253E-03   0.294946670E-02  -0.553760165E-02   0.553950667E-03
   0.606839953E-03   0.460272003E-02  -0.891564321E-02   0.857632549E-03
   0.913341821E-03   0.692732958E-02  -0.134623582E-01   0.124044088E-02
   0.132020388E-02   0.100423861E-01  -0.190720651E-01   0.167411647E-02
   0.184124836E-02   0.140859978E-01  -0.256309602E-01   0.213977392E-02
   0.248663151E-02   0.191919319E-01  -0.328762271E-01   0.259744190E-02
   0.326407072E-02   0.254771225E-01  -0.404948294E-01   0.302751432E-02
   0.415881770E-02   0.329293497E-01  -0.475989468E-01   0.336376159E-02
   0.518481946E-02   0.417013355E-01  -0.542094707E-01   0.358048105E-02
   0.633096416E-02   0.517617501E-01  -0.597158000E-01   0.367097859E-02
   0.758885592E-02   0.630273446E-01  -0.638511032E-01   0.362525042E-02
   0.892385468E-02   0.752122700E-01  -0.658447668E-01   0.337281800E-02
   0.102970973E-01   0.879127309E-01  -0.652081892E-01   0.297583314E-02
   0.116630476E-01   0.100620508E+00  -0.616991892E-01   0.242036209E-02
   0.129442550E-01   0.112578362E+00  -0.548785552E-01   0.177394960E-02
   0.140705276E-01   0.123087436E+00  -0.448316932E-01   0.111493212E-02
   0.149540491E-01   0.131300062E+00  -0.318404287E-01   0.536226435E-03
   0.155186160E-01   0.136530295E+00  -0.165317636E-01   0.140335746E-03
   0.157159474E-01   0.138339952E+00  -0.365592676E-07   0.000000000E+00
