   0.973030168E-03   0.176556244E+00  -0.321914939E-09   0.000000000E+00
   0.995313632E-03   0.174177408E+00   0.127352169E-01   0.843614762E-04
   0.105846813E-02   0.167291373E+00   0.244793072E-01   0.323317741E-03
   0.114914030E-02   0.156550258E+00   0.344965830E-01   0.668443565E-03
   0.125158671E-02   0.142915934E+00   0.420944653E-01   0.107326999E-02
   0.134771725E-02   0.127377570E+00   0.471414551E-01   0.147368130E-02
   0.141693896E-02   0.111035503E+00   0.495453142E-01   0.181383966E-02
   0.144946389E-02   0.947640538E-01   0.496242605E-01   0.207821303E-02
   0.143713667E-02   0.792879611E-01   0.477676354E-01   0.223628548E-02
   0.137856975E-02   0.650327876E-01   0.443534553E-01   0.228458177E-02
   0.127755292E-02   0.523142591E-01   0.398204960E-01   0.222702068E-02
   0.114029483E-02   0.412198827E-01   0.345031805E-01   0.209171395E-02
   0.985125545E-03   0.318573713E-01   0.290475134E-01   0.186874135E-02
   0.814505562E-03   0.239907838E-01   0.234191082E-01   0.161210343E-02
   0.647456560E-03   0.176199321E-01   0.181799401E-01   0.133017113E-02
   0.493004278E-03   0.125837782E-01   0.135175670E-01   0.103954354E-02
   0.358693535E-03   0.871343538E-02   0.958556961E-02   0.773755601E-03
   0.251826714E-03   0.587497605E-02   0.655537471E-02   0.553725753E-03
   0.161078904E-03   0.374209741E-02   0.400582468E-02   0.350798742E-03
   0.993435315E-04   0.232210895E-02   0.234091515E-02   0.209612350E-03
   0.544915711E-04   0.135814631E-02   0.115750229E-02   0.104251994E-03
   0.284767248E-04   0.785624143E-03   0.525096199E-03   0.458375907E-04
   0.115305711E-04   0.436005124E-03   0.135979819E-03   0.923623429E-05
   0.520423782E-05   0.268550153E-03   0.413906891E-04   0.256618773E-05
   0.268996359E-05   0.193117885E-03   0.383121951E-04   0.479986647E-05
   0.287422358E-05   0.161176533E-03   0.924653432E-04   0.133192871E-04
   0.395706911E-05   0.155845017E-03   0.159627176E-03   0.236923806E-04
   0.454530073E-05   0.140622113E-03   0.187908503E-03   0.277370837E-04
   0.506808101E-05   0.132993024E-03   0.208261728E-03   0.307064183E-04
   0.523635254E-05   0.123964986E-03   0.214002357E-03   0.320117288E-04
   0.500292663E-05   0.108802560E-03   0.198064256E-03   0.291397573E-04
   0.355507359E-05   0.756629888E-04   0.144213191E-03   0.219480207E-04
   0.289312629E-05   0.586174247E-04   0.114756229E-03   0.172313212E-04
   0.174136585E-05   0.345277331E-04   0.689150838E-04   0.103124112E-04
   0.138015491E-05   0.266308634E-04   0.531046935E-04   0.804052070E-05
   0.735006608E-06   0.136945164E-04   0.274989325E-04   0.400627641E-05
   0.338864794E-06   0.579702692E-05   0.120290724E-04   0.151164625E-05
   0.228081177E-06   0.305451545E-05   0.498823056E-05   0.524465406E-06
   0.116329801E-06   0.137759309E-05   0.203782110E-05   0.170293617E-06
   0.625505763E-07   0.462526629E-06  -0.604474678E-06   0.477716675E-07
   0.879611122E-07   0.618846684E-06  -0.217018851E-05   0.266517333E-06
   0.627335268E-07   0.594042547E-06  -0.160182265E-05   0.427813376E-06
   0.982446551E-07   0.137897109E-05   0.462899294E-06   0.870774045E-06
   0.723191746E-07   0.129596208E-05   0.507158973E-06   0.877404091E-06
   0.612614741E-07   0.113408373E-05  -0.531924059E-06   0.861421427E-06
   0.853210906E-07   0.164875178E-05   0.102244076E-05   0.109656798E-05
   0.690068447E-07   0.150750327E-05   0.118829905E-05   0.100062687E-05
   0.395292865E-07   0.849650178E-06  -0.522821949E-06   0.667790232E-06
   0.475015547E-07   0.112893417E-05   0.169336784E-05   0.655402289E-06
   0.399579925E-07   0.645697753E-06   0.720251762E-06   0.366031685E-06
   0.390211596E-07   0.406150320E-06   0.510925361E-06   0.157490717E-06
   0.351127767E-07   0.152735240E-06  -0.314638044E-06  -0.747481366E-08
   0.206893702E-06   0.136063068E-05  -0.420329297E-05   0.427113832E-06
   0.458856618E-06   0.340266797E-05  -0.103860675E-04   0.137666632E-05
   0.693214645E-06   0.500182296E-05  -0.175690784E-04   0.240299755E-05
   0.131801914E-05   0.970662404E-05  -0.346211782E-04   0.510801647E-05
   0.222082508E-05   0.166735317E-04  -0.583278779E-04   0.882175573E-05
   0.389816569E-05   0.293240810E-04  -0.102406892E-03   0.158450021E-04
   0.521040147E-05   0.387529035E-04  -0.133305657E-03   0.200263366E-04
   0.760949933E-05   0.564028123E-04  -0.192597421E-03   0.296085582E-04
   0.954151801E-05   0.696124407E-04  -0.231861457E-03   0.341936829E-04
   0.106939369E-04   0.773785505E-04  -0.245087867E-03   0.349025795E-04
   0.129267155E-04   0.923020052E-04  -0.279310130E-03   0.397976473E-04
   0.131004526E-04   0.926097709E-04  -0.248918222E-03   0.352040734E-04
   0.124202634E-04   0.862651577E-04  -0.178664515E-03   0.245615211E-04
   0.128103356E-04   0.857583073E-04  -0.108933826E-03   0.151378563E-04
   0.150188253E-04   0.940252867E-04  -0.457192145E-04   0.724544543E-05
   0.225469103E-04   0.131485300E-03  -0.393520422E-04   0.558703186E-05
   0.405290593E-04   0.225265467E-03  -0.184045028E-03   0.224855776E-04
   0.752753986E-04   0.409946428E-03  -0.560064742E-03   0.647733177E-04
   0.137975090E-03   0.744510267E-03  -0.134392560E-02   0.147435348E-03
   0.234107370E-03   0.125769642E-02  -0.252900971E-02   0.266722578E-03
   0.385637453E-03   0.206297426E-02  -0.445434265E-02   0.447857747E-03
   0.591958931E-03   0.316526089E-02  -0.689447997E-02   0.663749757E-03
   0.874082849E-03   0.467936182E-02  -0.100780614E-01   0.922181353E-03
   0.124693720E-02   0.669473223E-02  -0.140374620E-01   0.122921867E-02
   0.170021388E-02   0.919879135E-02  -0.182800125E-01   0.151479931E-02
   0.225606537E-02   0.123341586E-01  -0.229641926E-01   0.180276239E-02
   0.291212974E-02   0.161405597E-01  -0.277637653E-01   0.204662001E-02
   0.367275183E-02   0.206821263E-01  -0.324942581E-01   0.224774657E-02
   0.452147005E-02   0.259273555E-01  -0.366277844E-01   0.236665527E-02
   0.547266146E-02   0.319610573E-01  -0.402864777E-01   0.241718953E-02
   0.648262119E-02   0.385866128E-01  -0.425753184E-01   0.234645698E-02
   0.755674997E-02   0.457718298E-01  -0.436700135E-01   0.217058510E-02
   0.865490641E-02   0.532491021E-01  -0.430720635E-01   0.188455521E-02
   0.974266324E-02   0.607252233E-01  -0.406316184E-01   0.152968685E-02
   0.107612209E-01   0.677773282E-01  -0.360365473E-01   0.111799105E-02
   0.116550410E-01   0.739515945E-01  -0.293921810E-01   0.694306742E-03
   0.123539595E-01   0.787931085E-01  -0.208598841E-01   0.334651966E-03
   0.128014078E-01   0.818905830E-01  -0.108168293E-01   0.878029532E-04
   0.129552614E-01   0.829468295E-01  -0.260860897E-07   0.000000000E+00
