   0.176890136E-02   0.215900972E+00  -0.252514981E-09   0.000000000E+00
   0.179693627E-02   0.213756755E+00   0.193856787E-01   0.121530560E-03
   0.188756839E-02   0.207709685E+00   0.377626456E-01   0.469764636E-03
   0.202407641E-02   0.198057503E+00   0.541302487E-01   0.100947055E-02
   0.218734099E-02   0.185561508E+00   0.678562000E-01   0.167598343E-02
   0.236196513E-02   0.170933917E+00   0.785371959E-01   0.242702640E-02
   0.251580565E-02   0.154992506E+00   0.858858824E-01   0.316636497E-02
   0.263273204E-02   0.138479650E+00   0.900248438E-01   0.381506025E-02
   0.269768364E-02   0.122031674E+00   0.910605788E-01   0.440217694E-02
   0.270214514E-02   0.106129803E+00   0.894590393E-01   0.480874861E-02
   0.264404551E-02   0.911311135E-01   0.855861828E-01   0.507777976E-02
   0.252866140E-02   0.773510039E-01   0.800299793E-01   0.520077907E-02
   0.235846546E-02   0.648384839E-01   0.731095150E-01   0.514092483E-02
   0.214249571E-02   0.536029004E-01   0.651797429E-01   0.494786259E-02
   0.190279447E-02   0.437805131E-01   0.569599979E-01   0.460257102E-02
   0.164646620E-02   0.352118872E-01   0.486090221E-01   0.418953411E-02
   0.139235030E-02   0.279407017E-01   0.406415723E-01   0.369476411E-02
   0.113886187E-02   0.216461867E-01   0.328959711E-01   0.316514890E-02
   0.906247005E-03   0.164287966E-01   0.259349309E-01   0.263364497E-02
   0.701634563E-03   0.122088781E-01   0.199174583E-01   0.212536589E-02
   0.524043804E-03   0.880601536E-02   0.147530679E-01   0.165042281E-02
   0.381370890E-03   0.620419672E-02   0.106436359E-01   0.124096638E-02
   0.260366272E-03   0.413477421E-02   0.718064746E-02   0.869605166E-03
   0.169931547E-03   0.263842987E-02   0.461387727E-02   0.581005297E-03
   0.106567655E-03   0.162730564E-02   0.284227449E-02   0.368046953E-03
   0.602695291E-04   0.902046100E-03   0.154476322E-02   0.207737699E-03
   0.313150558E-04   0.473330583E-03   0.762701093E-03   0.103534177E-03
   0.153455130E-04   0.234781633E-03   0.338653743E-03   0.457694550E-04
   0.631346393E-05   0.112753944E-03   0.115711846E-03   0.129454584E-04
   0.277817890E-05   0.751600601E-04   0.547282798E-04   0.462983417E-05
   0.303241154E-05   0.818723565E-04   0.803288931E-04   0.618597278E-05
   0.405292849E-05   0.955426221E-04   0.122212674E-03   0.117101981E-04
   0.531965361E-05   0.117432653E-03   0.177293186E-03   0.213410385E-04
   0.697867972E-05   0.147268234E-03   0.239951987E-03   0.330201365E-04
   0.778017784E-05   0.156625436E-03   0.267660565E-03   0.386529755E-04
   0.789537535E-05   0.151786880E-03   0.259354973E-03   0.366761342E-04
   0.715567876E-05   0.136140181E-03   0.237886008E-03   0.354156109E-04
   0.595727488E-05   0.112034773E-03   0.202790514E-03   0.314533900E-04
   0.534163883E-05   0.100830148E-03   0.181815005E-03   0.293092926E-04
   0.405914261E-05   0.784410367E-04   0.141084660E-03   0.243995164E-04
   0.289737591E-05   0.604709239E-04   0.108718865E-03   0.226917546E-04
   0.221966820E-05   0.485863129E-04   0.850268625E-04   0.191336421E-04
   0.136196331E-05   0.330010880E-04   0.544842151E-04   0.151588019E-04
   0.112474925E-05   0.275139355E-04   0.363672589E-04   0.159990359E-04
   0.818714057E-06   0.217323814E-04   0.165864149E-04   0.149590605E-04
   0.898061217E-06   0.183088050E-04  -0.176704509E-05   0.141221963E-04
   0.999269901E-06   0.174051238E-04  -0.169729883E-04   0.141091414E-04
   0.168930433E-05   0.207100056E-04  -0.377907927E-04   0.161024127E-04
   0.264067694E-05   0.258374421E-04  -0.663177198E-04   0.174466513E-04
   0.344153796E-05   0.310455216E-04  -0.849093849E-04   0.181086871E-04
   0.528051669E-05   0.433839123E-04  -0.125574545E-03   0.239965921E-04
   0.705393268E-05   0.565684786E-04  -0.164812242E-03   0.296469625E-04
   0.799397458E-05   0.627194604E-04  -0.182410513E-03   0.305091962E-04
   0.106655489E-04   0.817009786E-04  -0.237650471E-03   0.370950474E-04
   0.117366008E-04   0.891103773E-04  -0.256993488E-03   0.386533102E-04
   0.123163600E-04   0.934110285E-04  -0.264735689E-03   0.386304418E-04
   0.125833976E-04   0.933583869E-04  -0.264432485E-03   0.371995775E-04
   0.116869969E-04   0.873081590E-04  -0.238054999E-03   0.327270936E-04
   0.102427384E-04   0.761478950E-04  -0.192635707E-03   0.232006169E-04
   0.825107782E-05   0.616793113E-04  -0.142547273E-03   0.179485342E-04
   0.619560933E-05   0.438658899E-04  -0.778740723E-04   0.720697699E-05
   0.684023644E-05   0.425218641E-04  -0.678038923E-04   0.703798241E-05
   0.107619953E-04   0.638451675E-04  -0.118123149E-03   0.168941897E-04
   0.251384736E-04   0.143814977E-03  -0.358870922E-03   0.529805402E-04
   0.490222483E-04   0.280935841E-03  -0.759146234E-03   0.111266716E-03
   0.924132037E-04   0.537592219E-03  -0.151390082E-02   0.213274136E-03
   0.160791271E-03   0.936784374E-03  -0.267824507E-02   0.364385138E-03
   0.262797752E-03   0.154045003E-02  -0.439778343E-02   0.571687706E-03
   0.400690420E-03   0.233995728E-02  -0.662345579E-02   0.832063903E-03
   0.590891344E-03   0.345086074E-02  -0.962307397E-02   0.115761161E-02
   0.836571329E-03   0.488755060E-02  -0.133490767E-01   0.154046656E-02
   0.114136422E-02   0.668384973E-02  -0.177580528E-01   0.195882889E-02
   0.150393858E-02   0.885784440E-02  -0.227094777E-01   0.238341396E-02
   0.194326253E-02   0.115434881E-01  -0.284222979E-01   0.282602897E-02
   0.243774313E-02   0.146349864E-01  -0.343306623E-01   0.326229515E-02
   0.299040880E-02   0.182465967E-01  -0.403970815E-01   0.362463901E-02
   0.358018582E-02   0.223033652E-01  -0.461040623E-01   0.390293333E-02
   0.422715303E-02   0.269955304E-01  -0.516957529E-01   0.407857774E-02
   0.491903489E-02   0.323032998E-01  -0.568057932E-01   0.418763468E-02
   0.562214293E-02   0.381008834E-01  -0.607871898E-01   0.417486811E-02
   0.634884927E-02   0.445043370E-01  -0.637418404E-01   0.404118188E-02
   0.708015263E-02   0.513939857E-01  -0.653128102E-01   0.378066231E-02
   0.780982757E-02   0.586992875E-01  -0.653411001E-01   0.342563819E-02
   0.852160156E-02   0.662405640E-01  -0.635572150E-01   0.295011653E-02
   0.919870194E-02   0.737681016E-01  -0.597981289E-01   0.242162240E-02
   0.983318966E-02   0.810534135E-01  -0.541233718E-01   0.185503263E-02
   0.103922226E-01   0.876814425E-01  -0.463427044E-01   0.128601841E-02
   0.108648464E-01   0.933591574E-01  -0.366953090E-01   0.768106838E-03
   0.112187844E-01   0.977222398E-01  -0.254425704E-01   0.360701117E-03
   0.114433048E-01   0.100485705E+00  -0.130573567E-01   0.930531460E-04
   0.115196155E-01   0.101416871E+00  -0.325906591E-07   0.000000000E+00
