   0.482690847E-02   0.220366418E+00   0.000000000E+00   0.000000000E+00
   0.483873766E-02   0.218756497E+00   0.201918148E-01   0.128112777E-03
   0.487533910E-02   0.213748574E+00   0.394191779E-01   0.498447509E-03
   0.493385643E-02   0.205650792E+00   0.568510555E-01   0.107490027E-02
   0.499066431E-02   0.195145667E+00   0.717021227E-01   0.181619951E-02
   0.503461948E-02   0.182591707E+00   0.835720897E-01   0.263819378E-02
   0.506209256E-02   0.168664798E+00   0.924068987E-01   0.346751837E-02
   0.504411478E-02   0.153879330E+00   0.979173109E-01   0.427151192E-02
   0.498512760E-02   0.138861179E+00   0.100522175E+00   0.502735516E-02
   0.486422144E-02   0.123873778E+00   0.100369416E+00   0.558284391E-02
   0.468982430E-02   0.109405152E+00   0.979287624E-01   0.603051996E-02
   0.447229389E-02   0.957816467E-01   0.938165411E-01   0.634995289E-02
   0.418539532E-02   0.829422772E-01   0.878606960E-01   0.643940875E-02
   0.386328273E-02   0.711532831E-01   0.809145644E-01   0.641944399E-02
   0.351423514E-02   0.604966581E-01   0.733680502E-01   0.620328868E-02
   0.313373283E-02   0.508400835E-01   0.651823208E-01   0.586838881E-02
   0.276124431E-02   0.423078500E-01   0.571653657E-01   0.549167348E-02
   0.237529632E-02   0.347176678E-01   0.489932448E-01   0.495047588E-02
   0.200503715E-02   0.281047300E-01   0.412034020E-01   0.436102320E-02
   0.166464900E-02   0.224425048E-01   0.340755209E-01   0.379701518E-02
   0.135064323E-02   0.176173635E-01   0.275403038E-01   0.319669186E-02
   0.106907915E-02   0.135344788E-01   0.216896553E-01   0.262415083E-02
   0.834095234E-03   0.102666123E-01   0.168435089E-01   0.212438707E-02
   0.629653921E-03   0.756409066E-02   0.126253897E-01   0.164483371E-02
   0.461716147E-03   0.542518450E-02   0.917730108E-02   0.123881781E-02
   0.329332717E-03   0.377099030E-02   0.645572646E-02   0.902740809E-03
   0.225784213E-03   0.253081252E-02   0.434590690E-02   0.617333979E-03
   0.145277096E-03   0.159923756E-02   0.272240909E-02   0.399755576E-03
   0.942991901E-04   0.100784830E-02   0.170767424E-02   0.253656995E-03
   0.531723999E-04   0.561020337E-03   0.899788109E-03   0.135345006E-03
   0.287424482E-04   0.306772505E-03   0.443877419E-03   0.664723775E-04
   0.140836210E-04   0.162109296E-03   0.186093486E-03   0.278357275E-04
   0.613583188E-05   0.938322191E-04   0.634525568E-04   0.103559014E-04
   0.309960978E-05   0.754104694E-04   0.367621105E-04   0.832545174E-05
   0.250310200E-05   0.814609666E-04   0.553376485E-04   0.146564034E-04
   0.304138871E-05   0.100515375E-03   0.948078377E-04   0.267814248E-04
   0.416014518E-05   0.125903025E-03   0.140225151E-03   0.436194132E-04
   0.500377882E-05   0.137044713E-03   0.168163475E-03   0.509452548E-04
   0.644461488E-05   0.159863048E-03   0.204991753E-03   0.690287707E-04
   0.620667288E-05   0.152975772E-03   0.191226849E-03   0.737068622E-04
   0.637544463E-05   0.154421301E-03   0.185609126E-03   0.810880156E-04
   0.631169223E-05   0.147535451E-03   0.158878232E-03   0.858033309E-04
   0.631339117E-05   0.144440826E-03   0.138963354E-03   0.896456986E-04
   0.570685370E-05   0.129119304E-03   0.926027278E-04   0.874767429E-04
   0.601513148E-05   0.124381739E-03   0.516669970E-04   0.906506757E-04
   0.640090366E-05   0.116134135E-03  -0.627425607E-05   0.904171757E-04
   0.704356762E-05   0.113346425E-03  -0.426690094E-04   0.902899556E-04
   0.790604281E-05   0.111536006E-03  -0.867341150E-04   0.895103003E-04
   0.821041158E-05   0.107276370E-03  -0.102035920E-03   0.855858816E-04
   0.970633937E-05   0.108589709E-03  -0.159196134E-03   0.821682406E-04
   0.113123588E-04   0.113695358E-03  -0.181880925E-03   0.835295868E-04
   0.115419471E-04   0.109422683E-03  -0.196061796E-03   0.746859878E-04
   0.104465462E-04   0.969023458E-04  -0.173837136E-03   0.636804834E-04
   0.984753751E-05   0.888354625E-04  -0.159148141E-03   0.543777933E-04
   0.878663013E-05   0.773866268E-04  -0.133339301E-03   0.412938170E-04
   0.663773244E-05   0.560787521E-04  -0.840345965E-04   0.250705943E-04
   0.590286027E-05   0.450987245E-04  -0.524637071E-04   0.142229428E-04
   0.620828678E-05   0.402046608E-04  -0.338868012E-04   0.900927171E-05
   0.112654034E-04   0.550518416E-04  -0.852168450E-04   0.142623394E-04
   0.207376197E-04   0.948257366E-04  -0.193149084E-03   0.298880241E-04
   0.392231159E-04   0.180242874E-03  -0.428284082E-03   0.661551094E-04
   0.712719266E-04   0.333891367E-03  -0.851567427E-03   0.130195651E-03
   0.121409343E-03   0.575274345E-03  -0.151244749E-02   0.225579483E-03
   0.194650231E-03   0.929109578E-03  -0.246964605E-02   0.363876927E-03
   0.298128609E-03   0.144271774E-02  -0.382490433E-02   0.549792778E-03
   0.435092719E-03   0.211667805E-02  -0.556642050E-02   0.776485598E-03
   0.616629433E-03   0.301584252E-02  -0.783527363E-02   0.106222497E-02
   0.850969460E-03   0.418263162E-02  -0.106994985E-01   0.139359513E-02
   0.113252539E-02   0.556967035E-02  -0.139821973E-01   0.177334819E-02
   0.147210562E-02   0.729006389E-02  -0.178358108E-01   0.217483868E-02
   0.186247367E-02   0.931563135E-02  -0.220697355E-01   0.257578702E-02
   0.231590681E-02   0.117223682E-01  -0.267870594E-01   0.296227122E-02
   0.281794672E-02   0.144747496E-01  -0.316973999E-01   0.334314164E-02
   0.338014355E-02   0.176648982E-01  -0.368962884E-01   0.371901598E-02
   0.398655143E-02   0.213017035E-01  -0.421320088E-01   0.399535289E-02
   0.460989540E-02   0.252944082E-01  -0.469335355E-01   0.421302859E-02
   0.528228655E-02   0.298394058E-01  -0.517343730E-01   0.436712569E-02
   0.595575618E-02   0.348330401E-01  -0.558154881E-01   0.437137298E-02
   0.663322071E-02   0.402690396E-01  -0.591998957E-01   0.430799928E-02
   0.730235968E-02   0.461628102E-01  -0.616615601E-01   0.413468434E-02
   0.795570668E-02   0.524563417E-01  -0.630910397E-01   0.389557844E-02
   0.858685467E-02   0.591229945E-01  -0.633242950E-01   0.354332989E-02
   0.918361824E-02   0.660071746E-01  -0.621999502E-01   0.312784291E-02
   0.973309670E-02   0.728966519E-01  -0.595296100E-01   0.259842118E-02
   0.102360724E-01   0.797310695E-01  -0.552772433E-01   0.210769405E-02
   0.106792776E-01   0.861405507E-01  -0.494160615E-01   0.157070591E-02
   0.110575622E-01   0.919573158E-01  -0.419123769E-01   0.108021148E-02
   0.113609238E-01   0.967508480E-01  -0.329202339E-01   0.631149451E-03
   0.115826940E-01   0.100477986E+00  -0.227096528E-01   0.292815501E-03
   0.117185209E-01   0.102790743E+00  -0.115942433E-01   0.750518593E-04
   0.117661599E-01   0.103609264E+00  -0.322720197E-07   0.000000000E+00
