   0.299890176E-02   0.375228494E+00   0.000000000E+00   0.000000000E+00
   0.298604066E-02   0.369333982E+00   0.235082321E-01   0.180578427E-03
   0.294612371E-02   0.351821095E+00   0.448555127E-01   0.677737698E-03
   0.287776743E-02   0.324959248E+00   0.624885783E-01   0.138369703E-02
   0.277768704E-02   0.291138738E+00   0.752207488E-01   0.215870980E-02
   0.264232419E-02   0.253475249E+00   0.826835856E-01   0.285263942E-02
   0.247038156E-02   0.214716345E+00   0.851152018E-01   0.338256150E-02
   0.225945399E-02   0.177028090E+00   0.828649625E-01   0.367748877E-02
   0.201744190E-02   0.142324463E+00   0.772021040E-01   0.375675387E-02
   0.174904650E-02   0.111476839E+00   0.687600300E-01   0.361844990E-02
   0.146670628E-02   0.850347281E-01   0.586013682E-01   0.329144835E-02
   0.119036250E-02   0.632263049E-01   0.480937250E-01   0.286803255E-02
   0.925875502E-03   0.456084646E-01   0.374885835E-01   0.235893438E-02
   0.690096640E-03   0.318969153E-01   0.278158970E-01   0.184581045E-02
   0.487928599E-03   0.215237960E-01   0.193548333E-01   0.134610978E-02
   0.325058179E-03   0.139489369E-01   0.124653485E-01   0.898202998E-03
   0.203145726E-03   0.867733266E-02   0.735865021E-02   0.547500676E-03
   0.118716525E-03   0.518307602E-02   0.391277112E-02   0.296200073E-03
   0.619650600E-04   0.294213137E-02   0.165432878E-02   0.120731529E-03
   0.295618174E-04   0.163794053E-02   0.508129306E-03   0.309295756E-04
   0.140267248E-04   0.944504689E-03   0.115143273E-03   0.442613509E-05
   0.785565862E-05   0.608890201E-03   0.100525831E-03   0.108471522E-04
   0.660290016E-05   0.447419705E-03   0.243523027E-03   0.314887293E-04
   0.679035520E-05   0.364360370E-03   0.378994097E-03   0.493384723E-04
   0.806855223E-05   0.349898910E-03   0.539709523E-03   0.707935760E-04
   0.802530030E-05   0.308887917E-03   0.575900369E-03   0.775829976E-04
   0.730818965E-05   0.261066860E-03   0.538805907E-03   0.746299047E-04
   0.568098176E-05   0.194326931E-03   0.424060563E-03   0.599770829E-04
   0.427735267E-05   0.142567558E-03   0.322524400E-03   0.469252627E-04
   0.308743461E-05   0.100059158E-03   0.232230464E-03   0.340314145E-04
   0.178054415E-05   0.573311845E-04   0.135683615E-03   0.202467527E-04
   0.848650870E-06   0.284398575E-04   0.667055428E-04   0.107266733E-04
   0.411308321E-06   0.143087154E-04   0.338412319E-04   0.581600125E-05
   0.194076478E-06   0.710294671E-05   0.165374349E-04   0.307760502E-05
   0.411399057E-07   0.129820694E-05   0.189048410E-05   0.461589053E-06
   0.842127346E-08   0.223075759E-06   0.523233382E-06   0.816737113E-07
   0.312500745E-07   0.740034068E-06   0.939192319E-06   0.306217032E-06
   0.110470822E-06   0.306187303E-05   0.843122780E-05   0.123652023E-05
   0.467894665E-07   0.108820291E-05   0.184187013E-05   0.403931637E-06
   0.758955849E-07   0.237288123E-05   0.623213737E-05   0.110882206E-05
   0.739338049E-07   0.224085375E-05   0.555069801E-05   0.969346956E-06
   0.985822481E-07   0.337369511E-05   0.727976976E-05   0.183487998E-05
   0.491479000E-07   0.186018269E-05   0.431644776E-05   0.956985332E-06
   0.191215985E-07   0.996122594E-06   0.148859169E-05   0.655562189E-06
   0.126653470E-07   0.597774545E-06  -0.590966408E-06   0.491170681E-06
   0.516790415E-07   0.187145849E-05   0.214959627E-06   0.135250127E-05
   0.531346771E-07   0.148456138E-05  -0.291490642E-05   0.118003913E-05
   0.111543670E-06   0.234591198E-05  -0.618141394E-05   0.177682534E-05
   0.674086706E-07   0.124394558E-05  -0.457861415E-05   0.899514077E-06
   0.962266142E-07   0.160416243E-05  -0.597457756E-05   0.105538220E-05
   0.215070187E-06   0.337003530E-05  -0.135828659E-04   0.224807877E-05
   0.173173262E-06   0.269402813E-05  -0.105697936E-04   0.173040803E-05
   0.151592019E-06   0.222160952E-05  -0.918079968E-05   0.141503529E-05
   0.880616682E-07   0.131799891E-05  -0.430159662E-05   0.710981055E-06
   0.481076050E-07   0.673884642E-06  -0.282229530E-05   0.424048835E-06
   0.380541021E-08   0.797120450E-07  -0.138901129E-06   0.490517706E-07
   0.584785589E-07   0.108730910E-05  -0.355241286E-05   0.774052523E-06
   0.278254419E-06   0.443938006E-05  -0.165790625E-04   0.291118181E-05
   0.875334820E-06   0.129126711E-04  -0.500426468E-04   0.784976510E-05
   0.143254533E-05   0.207494195E-04  -0.812182334E-04   0.127476023E-04
   0.326177633E-05   0.455336958E-04  -0.180884890E-03   0.271970130E-04
   0.557404064E-05   0.753965505E-04  -0.299317267E-03   0.430798682E-04
   0.698284202E-05   0.926990251E-04  -0.359864236E-03   0.506586730E-04
   0.100091856E-04   0.129832712E-03  -0.494392007E-03   0.678861034E-04
   0.137969919E-04   0.173964421E-03  -0.643190346E-03   0.853044403E-04
   0.157356571E-04   0.193909596E-03  -0.667783665E-03   0.883050525E-04
   0.172547770E-04   0.204914613E-03  -0.613618584E-03   0.786799210E-04
   0.189788825E-04   0.215027321E-03  -0.483704265E-03   0.588516377E-04
   0.219374888E-04   0.235078624E-03  -0.298681261E-03   0.373409712E-04
   0.294245820E-04   0.296345970E-03  -0.115357958E-03   0.142739573E-04
   0.483065924E-04   0.463841570E-03  -0.166437429E-03   0.189737148E-04
   0.886300550E-04   0.836320280E-03  -0.682267128E-03   0.711999237E-04
   0.163180113E-03   0.153265509E-02  -0.194729865E-02   0.191386629E-03
   0.287932460E-03   0.269422238E-02  -0.420895498E-02   0.398101925E-03
   0.493108702E-03   0.459949346E-02  -0.821729284E-02   0.738422794E-03
   0.784900971E-03   0.731173810E-02  -0.134024164E-01   0.115333474E-02
   0.119834696E-02   0.111663090E-01  -0.203429200E-01   0.167084218E-02
   0.176471041E-02   0.164749883E-01  -0.292293429E-01   0.227775448E-02
   0.247908244E-02   0.232651345E-01  -0.387060605E-01   0.286435685E-02
   0.336285983E-02   0.318045951E-01  -0.485229976E-01   0.340225198E-02
   0.443632109E-02   0.423512198E-01  -0.584436022E-01   0.384346885E-02
   0.569537887E-02   0.549263358E-01  -0.675011724E-01   0.416602613E-02
   0.712801097E-02   0.694566071E-01  -0.748336911E-01   0.427601906E-02
   0.871321000E-02   0.857052132E-01  -0.797434673E-01   0.416435488E-02
   0.104033723E-01   0.103147186E+00  -0.812814683E-01   0.378411287E-02
   0.121303769E-01   0.121001050E+00  -0.787650570E-01   0.317858090E-02
   0.138013717E-01   0.138249382E+00  -0.715855882E-01   0.239812210E-02
   0.152982837E-01   0.153620005E+00  -0.595247746E-01   0.153419713E-02
   0.164904222E-01   0.165797949E+00  -0.427722484E-01   0.749483239E-03
   0.172577389E-01   0.173598126E+00  -0.223712996E-01   0.198464521E-03
   0.175284371E-01   0.176346228E+00  -0.522243297E-07   0.000000000E+00
