   0.441473067E+00   0.141097009E+01   0.675620768E-07   0.000000000E+00
   0.432137847E+00   0.138310874E+01   0.781052038E-01   0.523852766E-03
   0.405122101E+00   0.130265832E+01   0.145658135E+00   0.194648851E-02
   0.365478098E+00   0.118414581E+01   0.195369437E+00   0.389550324E-02
   0.318468839E+00   0.104300749E+01   0.224193230E+00   0.593472039E-02
   0.269988418E+00   0.896201432E+00   0.233837619E+00   0.769617269E-02
   0.223995775E+00   0.755210280E+00   0.228339061E+00   0.894002337E-02
   0.183293119E+00   0.628785908E+00   0.213109344E+00   0.963492040E-02
   0.148646206E+00   0.519562006E+00   0.192515254E+00   0.987025630E-02
   0.120368764E+00   0.428774208E+00   0.170468539E+00   0.972894486E-02
   0.975227728E-01   0.353944123E+00   0.148820922E+00   0.935472734E-02
   0.794612244E-01   0.293456495E+00   0.129109040E+00   0.883051753E-02
   0.652142018E-01   0.244671270E+00   0.111746520E+00   0.828514248E-02
   0.539623871E-01   0.205220684E+00   0.967430025E-01   0.771751674E-02
   0.450198241E-01   0.173090190E+00   0.838833898E-01   0.714074122E-02
   0.378576405E-01   0.146820307E+00   0.729434565E-01   0.667379517E-02
   0.320635922E-01   0.125116736E+00   0.635606498E-01   0.614261441E-02
   0.273022018E-01   0.106960051E+00   0.554545075E-01   0.566309365E-02
   0.233503208E-01   0.916538164E-01   0.484321751E-01   0.517905038E-02
   0.200244859E-01   0.786397234E-01   0.422561020E-01   0.477445219E-02
   0.172143355E-01   0.675177723E-01   0.368586555E-01   0.433654478E-02
   0.147967385E-01   0.579072461E-01   0.320309438E-01   0.395470159E-02
   0.127270063E-01   0.496370532E-01   0.277828611E-01   0.354439090E-02
   0.109408181E-01   0.424728915E-01   0.240185056E-01   0.318229268E-02
   0.937740691E-02   0.362413749E-01   0.206275955E-01   0.279976847E-02
   0.804032478E-02   0.308669116E-01   0.176913980E-01   0.248015695E-02
   0.687992200E-02   0.262229834E-01   0.151044568E-01   0.216706679E-02
   0.585104804E-02   0.221454445E-01   0.127408728E-01   0.186588755E-02
   0.497230003E-02   0.186530426E-01   0.107176481E-01   0.160818279E-02
   0.421075290E-02   0.156474486E-01   0.894663297E-02   0.135688181E-02
   0.355625106E-02   0.130658494E-01   0.741984136E-02   0.115274475E-02
   0.299241883E-02   0.108636422E-01   0.609514210E-02   0.955894066E-03
   0.251350203E-02   0.899742078E-02   0.497702137E-02   0.790433551E-03
   0.210796995E-02   0.742328726E-02   0.403747475E-02   0.653989555E-03
   0.176304346E-02   0.608573435E-02   0.323540904E-02   0.536273059E-03
   0.146481930E-02   0.495290663E-02   0.253964867E-02   0.428156694E-03
   0.122247892E-02   0.402602740E-02   0.199271925E-02   0.349417154E-03
   0.101567025E-02   0.324862916E-02   0.152297365E-02   0.277294515E-03
   0.850374054E-03   0.261571072E-02   0.115771813E-02   0.226783784E-03
   0.718095223E-03   0.211161119E-02   0.878807565E-03   0.189811850E-03
   0.609190669E-03   0.169985613E-02   0.645645428E-03   0.158358307E-03
   0.522101589E-03   0.136801379E-02   0.452821288E-03   0.132865011E-03
   0.457676186E-03   0.111479114E-02   0.309112074E-03   0.113858739E-03
   0.410586683E-03   0.921263010E-03   0.189412225E-03   0.995283190E-04
   0.384555198E-03   0.789222249E-03   0.104617822E-03   0.925933055E-04
   0.370516122E-03   0.699121214E-03   0.213986677E-04   0.836150866E-04
   0.373342773E-03   0.655390148E-03  -0.509273523E-04   0.791674756E-04
   0.393208087E-03   0.653264578E-03  -0.131553010E-03   0.772275525E-04
   0.424722239E-03   0.689308450E-03  -0.215609223E-03   0.739505776E-04
   0.478348898E-03   0.770665356E-03  -0.325326895E-03   0.756987065E-04
   0.548448355E-03   0.895502511E-03  -0.454212393E-03   0.792898863E-04
   0.641698600E-03   0.107217592E-02  -0.620152627E-03   0.849484932E-04
   0.757211877E-03   0.129852875E-02  -0.818125147E-03   0.974152135E-04
   0.895634759E-03   0.157710456E-02  -0.104894605E-02   0.113566799E-03
   0.107107067E-02   0.194432144E-02  -0.135762314E-02   0.135478622E-03
   0.127401471E-02   0.237667561E-02  -0.170556922E-02   0.164468540E-03
   0.152259460E-02   0.290994090E-02  -0.214369339E-02   0.206708311E-03
   0.181592570E-02   0.354757672E-02  -0.266139652E-02   0.258665532E-03
   0.215011556E-02   0.430274103E-02  -0.324731693E-02   0.311711046E-03
   0.254465058E-02   0.519255595E-02  -0.394010823E-02   0.383320788E-03
   0.299106818E-02   0.623734482E-02  -0.471921545E-02   0.463409902E-03
   0.350583275E-02   0.745573360E-02  -0.561322272E-02   0.561416440E-03
   0.410046801E-02   0.889649615E-02  -0.665098382E-02   0.658617588E-03
   0.476468354E-02   0.105453599E-01  -0.778794521E-02   0.774887507E-03
   0.551067526E-02   0.124481041E-01  -0.904760696E-02   0.890721218E-03
   0.636242144E-02   0.146680530E-01  -0.104839727E-01   0.101160142E-02
   0.731523056E-02   0.172147304E-01  -0.120735867E-01   0.117253466E-02
   0.837079715E-02   0.201465283E-01  -0.137868021E-01   0.127712195E-02
   0.955467485E-02   0.235150158E-01  -0.156914201E-01   0.143371255E-02
   0.108921863E-01   0.274022054E-01  -0.178259257E-01   0.161497318E-02
   0.123962592E-01   0.319191404E-01  -0.201762859E-01   0.175461860E-02
   0.141007472E-01   0.371633954E-01  -0.228084754E-01   0.191976188E-02
   0.160303377E-01   0.432709791E-01  -0.257183537E-01   0.209422503E-02
   0.182639193E-01   0.504769795E-01  -0.290285107E-01   0.224266388E-02
   0.208547860E-01   0.590141788E-01  -0.327840745E-01   0.241762889E-02
   0.238973089E-01   0.692100376E-01  -0.371102914E-01   0.263861218E-02
   0.275135580E-01   0.815382004E-01  -0.421136841E-01   0.290474901E-02
   0.318746604E-01   0.965706035E-01  -0.479107238E-01   0.314127863E-02
   0.371876508E-01   0.115085892E+00  -0.546582751E-01   0.337984879E-02
   0.436787046E-01   0.137934342E+00  -0.623832159E-01   0.358453649E-02
   0.515817143E-01   0.166181684E+00  -0.710531846E-01   0.380977895E-02
   0.611993968E-01   0.201016128E+00  -0.804139897E-01   0.397005351E-02
   0.727208853E-01   0.243572757E+00  -0.899164528E-01   0.408941368E-02
   0.863130465E-01   0.294362575E+00  -0.984736383E-01   0.397161627E-02
   0.101809129E+00   0.353493005E+00  -0.104618832E+00   0.370162539E-02
   0.118623726E+00   0.418919176E+00  -0.106185243E+00   0.320201530E-02
   0.135989502E+00   0.487287670E+00  -0.101093389E+00   0.246409024E-02
   0.152394459E+00   0.553057253E+00  -0.875931233E-01   0.162882137E-02
   0.166112125E+00   0.608409643E+00  -0.650733560E-01   0.810426893E-03
   0.175159633E+00   0.645128310E+00  -0.347680524E-01   0.216550005E-03
   0.178363755E+00   0.658475518E+00  -0.852288267E-07   0.000000000E+00
