   0.980064855E-03   0.157996386E+00  -0.158919294E-09   0.000000000E+00
   0.101184077E-02   0.156222001E+00   0.151435360E-01   0.950437534E-04
   0.109987601E-02   0.151040301E+00   0.293602273E-01   0.367835048E-03
   0.123195350E-02   0.142826676E+00   0.418662056E-01   0.779101683E-03
   0.138938357E-02   0.132345662E+00   0.520399325E-01   0.128628849E-02
   0.154888874E-02   0.120240413E+00   0.595518127E-01   0.181833061E-02
   0.168888899E-02   0.107257262E+00   0.642208233E-01   0.234345114E-02
   0.179584220E-02   0.941036046E-01   0.663618445E-01   0.279304432E-02
   0.185083691E-02   0.813116208E-01   0.660540536E-01   0.312257395E-02
   0.185432797E-02   0.692714155E-01   0.637808517E-01   0.337134139E-02
   0.180070999E-02   0.581701882E-01   0.598082170E-01   0.349790440E-02
   0.169307657E-02   0.481099710E-01   0.544908978E-01   0.347245415E-02
   0.154635275E-02   0.392567143E-01   0.484391078E-01   0.332107185E-02
   0.137693761E-02   0.316195898E-01   0.421406142E-01   0.311826332E-02
   0.118190865E-02   0.249503553E-01   0.354739912E-01   0.279685319E-02
   0.985194580E-03   0.193221737E-01   0.290858615E-01   0.245200074E-02
   0.791679602E-03   0.145946564E-01   0.230470803E-01   0.206482504E-02
   0.616953883E-03   0.107996659E-01   0.177533831E-01   0.166445528E-02
   0.461519987E-03   0.771880196E-02   0.131366989E-01   0.130313751E-02
   0.330152019E-03   0.531430962E-02   0.929525215E-02   0.967370928E-03
   0.227114229E-03   0.354263838E-02   0.632615248E-02   0.683013757E-03
   0.144981343E-03   0.219948986E-02   0.397893880E-02   0.449392013E-03
   0.892488824E-04   0.131628371E-02   0.240712380E-02   0.282740948E-03
   0.487617035E-04   0.705570448E-03   0.127487024E-02   0.153734523E-03
   0.251651418E-04   0.357713172E-03   0.630175578E-03   0.777208916E-04
   0.103798820E-04   0.154029971E-03   0.237997170E-03   0.292169898E-04
   0.373390435E-05   0.695321942E-04   0.781017297E-04   0.965420895E-05
   0.226362840E-05   0.507181576E-04   0.536656771E-04   0.563567710E-05
   0.236574874E-05   0.594395715E-04   0.764163051E-04   0.969952816E-05
   0.364304947E-05   0.778844187E-04   0.121341829E-03   0.152921057E-04
   0.558878810E-05   0.108138687E-03   0.180606774E-03   0.230051046E-04
   0.556588247E-05   0.102088852E-03   0.181626892E-03   0.242223832E-04
   0.613356724E-05   0.109667264E-03   0.204408789E-03   0.292346413E-04
   0.597410644E-05   0.101880352E-03   0.189477869E-03   0.260134002E-04
   0.516047839E-05   0.854255704E-04   0.160022391E-03   0.218203350E-04
   0.448367337E-05   0.724881029E-04   0.135733586E-03   0.185216104E-04
   0.333184198E-05   0.523174240E-04   0.996870804E-04   0.133046478E-04
   0.292268805E-05   0.445045916E-04   0.823818409E-04   0.108893028E-04
   0.185824695E-05   0.263578604E-04   0.480539202E-04   0.574462183E-05
   0.146700222E-05   0.212039467E-04   0.376850148E-04   0.493373091E-05
   0.882934387E-06   0.119156775E-04   0.207396297E-04   0.247428125E-05
   0.674702846E-06   0.993136928E-05   0.174113011E-04   0.249104369E-05
   0.299247290E-06   0.385541352E-05   0.610629149E-05   0.764958486E-06
   0.179856329E-06   0.265153130E-05   0.462746721E-05   0.679733944E-06
   0.538001750E-07   0.794387233E-06   0.554867256E-06   0.257360085E-06
   0.142971386E-07   0.487983527E-06   0.313125355E-06   0.344305363E-06
   0.331128760E-07   0.466502485E-06  -0.906542311E-06   0.344016286E-06
   0.205451229E-06   0.157179159E-05  -0.330902594E-05   0.520332492E-06
   0.481789186E-06   0.316141677E-05  -0.909814844E-05   0.111180873E-05
   0.773356419E-06   0.476179184E-05  -0.149450170E-04   0.168542306E-05
   0.123416976E-05   0.783975247E-05  -0.215469081E-04   0.227271676E-05
   0.231656418E-05   0.148952604E-04  -0.458691284E-04   0.560263743E-05
   0.357077329E-05   0.231449812E-04  -0.743503479E-04   0.983330392E-05
   0.475670004E-05   0.314745375E-04  -0.982657511E-04   0.130538892E-04
   0.577921855E-05   0.379723897E-04  -0.120294615E-03   0.160723012E-04
   0.729303201E-05   0.482225587E-04  -0.154858149E-03   0.218215810E-04
   0.906428158E-05   0.594250014E-04  -0.191395942E-03   0.268586336E-04
   0.107287442E-04   0.710870008E-04  -0.223500669E-03   0.308596173E-04
   0.105600348E-04   0.687848078E-04  -0.217070658E-03   0.296048383E-04
   0.112152911E-04   0.738571398E-04  -0.227109907E-03   0.312101620E-04
   0.981415178E-05   0.642450032E-04  -0.190202612E-03   0.249030672E-04
   0.761964429E-05   0.496043831E-04  -0.136359973E-03   0.169982122E-04
   0.548972184E-05   0.348334943E-04  -0.807066317E-04   0.898118196E-05
   0.469126871E-05   0.276925821E-04  -0.503721967E-04   0.582922166E-05
   0.786059809E-05   0.419693533E-04  -0.930757305E-04   0.127647727E-04
   0.188450977E-04   0.986769446E-04  -0.274681777E-03   0.375374366E-04
   0.419652715E-04   0.218797708E-03  -0.662471226E-03   0.880386506E-04
   0.810130150E-04   0.423898135E-03  -0.131084037E-02   0.167623381E-03
   0.149823885E-03   0.786209886E-03  -0.245099887E-02   0.299230771E-03
   0.249622593E-03   0.130264729E-02  -0.403923122E-02   0.474263245E-03
   0.396531512E-03   0.205964386E-02  -0.631313073E-02   0.712918583E-03
   0.589023926E-03   0.304709096E-02  -0.914959330E-02   0.986625790E-03
   0.833448139E-03   0.430415198E-02  -0.125593124E-01   0.129443523E-02
   0.114853703E-02   0.593432644E-02  -0.167447831E-01   0.164260471E-02
   0.152507180E-02   0.790616311E-02  -0.213957001E-01   0.199623359E-02
   0.196448364E-02   0.102652935E-01  -0.263892785E-01   0.232968247E-02
   0.245805620E-02   0.130032180E-01  -0.314223729E-01   0.261895615E-02
   0.301183155E-02   0.162052941E-01  -0.364433601E-01   0.284380070E-02
   0.363043882E-02   0.199316405E-01  -0.413418449E-01   0.303375069E-02
   0.427666819E-02   0.240788385E-01  -0.453971624E-01   0.309616094E-02
   0.497165229E-02   0.287761502E-01  -0.488176160E-01   0.306884618E-02
   0.568872411E-02   0.339117870E-01  -0.510472544E-01   0.294685038E-02
   0.641995855E-02   0.394511111E-01  -0.519172885E-01   0.271484791E-02
   0.716007641E-02   0.453122556E-01  -0.512958877E-01   0.239909650E-02
   0.789773837E-02   0.513395369E-01  -0.491152517E-01   0.199263054E-02
   0.858847611E-02   0.571856312E-01  -0.449067280E-01   0.154737465E-02
   0.922019593E-02   0.626421124E-01  -0.388484374E-01   0.108985836E-02
   0.976197235E-02   0.673913211E-01  -0.310302842E-01   0.665529398E-03
   0.101812296E-01   0.710798204E-01  -0.216802899E-01   0.312820484E-03
   0.104451012E-01   0.734007508E-01  -0.111457901E-01   0.806905082E-04
   0.105338907E-01   0.741836950E-01  -0.291167161E-07   0.000000000E+00
