   0.142640858E+02   0.317237854E+02   0.000000000E+00   0.000000000E+00
   0.134807367E+02   0.299957428E+02   0.126347482E+01   0.973000657E-02
   0.114547691E+02   0.255217075E+02   0.214420533E+01   0.330789723E-01
   0.890327168E+01   0.198820229E+02   0.249373174E+01   0.578767620E-01
   0.647277927E+01   0.144989643E+02   0.240781283E+01   0.747619346E-01
   0.449748182E+01   0.101154013E+02   0.207913256E+01   0.811987817E-01
   0.304268003E+01   0.687646341E+01   0.167339897E+01   0.789431930E-01
   0.203387880E+01   0.462348795E+01   0.128875208E+01   0.716433972E-01
   0.135901523E+01   0.311047339E+01   0.966488600E+00   0.622129440E-01
   0.916833639E+00   0.211485410E+01   0.714871764E+00   0.526322052E-01
   0.629732847E+00   0.146529996E+01   0.526340961E+00   0.438923575E-01
   0.443460047E+00   0.104205608E+01   0.388519496E+00   0.366248451E-01
   0.322663516E+00   0.765786648E+00   0.289714128E+00   0.304985046E-01
   0.243387401E+00   0.583644450E+00   0.219299376E+00   0.257965904E-01
   0.190697432E+00   0.461780876E+00   0.169256791E+00   0.220727436E-01
   0.155148432E+00   0.378998905E+00   0.133843526E+00   0.192131400E-01
   0.130474180E+00   0.321064323E+00   0.108485855E+00   0.169634093E-01
   0.112810284E+00   0.279207587E+00   0.901520252E-01   0.152979046E-01
   0.997139513E-01   0.247798532E+00   0.766776949E-01   0.140076075E-01
   0.895776078E-01   0.223123461E+00   0.664940923E-01   0.129494490E-01
   0.813968331E-01   0.202884302E+00   0.585565604E-01   0.120929107E-01
   0.745725632E-01   0.185721129E+00   0.522091761E-01   0.113071445E-01
   0.686803162E-01   0.170631275E+00   0.469329953E-01   0.106502650E-01
   0.634314716E-01   0.156945184E+00   0.423695371E-01   0.100394944E-01
   0.587385297E-01   0.144491985E+00   0.383952782E-01   0.949098170E-02
   0.544340946E-01   0.132902443E+00   0.348044746E-01   0.895961933E-02
   0.504442528E-01   0.122008622E+00   0.314765871E-01   0.844416209E-02
   0.467882045E-01   0.111875482E+00   0.284508504E-01   0.795988925E-02
   0.434409454E-01   0.102446273E+00   0.256841462E-01   0.752639398E-02
   0.403228849E-01   0.936647058E-01   0.231208410E-01   0.705050165E-02
   0.374410599E-01   0.853490010E-01   0.206794254E-01   0.664998544E-02
   0.347814709E-01   0.777376369E-01   0.184714850E-01   0.622113654E-02
   0.323800668E-01   0.707054883E-01   0.164534636E-01   0.585542293E-02
   0.301294774E-01   0.641186610E-01   0.145187955E-01   0.548774796E-02
   0.281134099E-01   0.581355542E-01   0.127805267E-01   0.517011853E-02
   0.262820832E-01   0.526602231E-01   0.111738294E-01   0.487899315E-02
   0.246409569E-01   0.477532037E-01   0.975100603E-02   0.460338080E-02
   0.231327433E-01   0.432293825E-01   0.838186778E-02   0.434903987E-02
   0.218232684E-01   0.392731056E-01   0.720491493E-02   0.413008593E-02
   0.206660926E-01   0.357310548E-01   0.610111048E-02   0.395053066E-02
   0.196258575E-01   0.325720832E-01   0.506810425E-02   0.377852819E-02
   0.187288933E-01   0.298395306E-01   0.413902709E-02   0.363089726E-02
   0.179517604E-01   0.274733156E-01   0.326098921E-02   0.350997620E-02
   0.173145439E-01   0.255152285E-01   0.247883401E-02   0.341439946E-02
   0.167959575E-01   0.239005405E-01   0.171826861E-02   0.334555539E-02
   0.163772050E-01   0.226229653E-01   0.101662811E-02   0.329270889E-02
   0.160900895E-01   0.217024069E-01   0.360238802E-03   0.326691568E-02
   0.158921126E-01   0.210699756E-01  -0.323254586E-03   0.325377076E-02
   0.157920644E-01   0.207560975E-01  -0.978804776E-03   0.326540950E-02
   0.157957803E-01   0.207453575E-01  -0.162439456E-02   0.329334242E-02
   0.159101691E-01   0.210510120E-01  -0.230223918E-02   0.334273279E-02
   0.160997938E-01   0.216226764E-01  -0.298931892E-02   0.339831877E-02
   0.163960159E-01   0.225062221E-01  -0.370554789E-02   0.347867026E-02
   0.168042164E-01   0.236966740E-01  -0.444716122E-02   0.358759821E-02
   0.173081011E-01   0.251758415E-01  -0.523102237E-02   0.370962848E-02
   0.178781897E-01   0.269190706E-01  -0.606780732E-02   0.382417324E-02
   0.185832120E-01   0.290040784E-01  -0.696205953E-02   0.398428272E-02
   0.193592515E-01   0.313569829E-01  -0.790353306E-02   0.414489582E-02
   0.202290379E-01   0.340089314E-01  -0.890748948E-02   0.431024563E-02
   0.212058425E-01   0.369477235E-01  -0.995235797E-02   0.450935075E-02
   0.222806148E-01   0.402105078E-01  -0.110876979E-01   0.470310869E-02
   0.234474707E-01   0.438028052E-01  -0.122989854E-01   0.491036242E-02
   0.247066412E-01   0.476643182E-01  -0.135556255E-01   0.512971962E-02
   0.260632616E-01   0.518381931E-01  -0.148853287E-01   0.536373770E-02
   0.275118705E-01   0.563588180E-01  -0.163085796E-01   0.558987865E-02
   0.290859006E-01   0.612371564E-01  -0.178352464E-01   0.586057827E-02
   0.307515375E-01   0.664933994E-01  -0.194746219E-01   0.610073656E-02
   0.325743482E-01   0.722265020E-01  -0.212881621E-01   0.637619803E-02
   0.345315076E-01   0.784587264E-01  -0.232840963E-01   0.664389320E-02
   0.367391445E-01   0.854410976E-01  -0.256104656E-01   0.699305674E-02
   0.392587371E-01   0.934176743E-01  -0.283861458E-01   0.737230107E-02
   0.422299728E-01   0.102829777E+00  -0.318151824E-01   0.779812783E-02
   0.458683856E-01   0.114341304E+00  -0.361998416E-01   0.834150519E-02
   0.505263619E-01   0.129080564E+00  -0.420060232E-01   0.901312381E-02
   0.567066558E-01   0.148707882E+00  -0.498488657E-01   0.984809641E-02
   0.652508885E-01   0.175971150E+00  -0.606944375E-01   0.108634895E-01
   0.773682371E-01   0.214942247E+00  -0.757877603E-01   0.121013382E-01
   0.948244333E-01   0.272057146E+00  -0.969165787E-01   0.138957845E-01
   0.120682463E+00   0.357681960E+00  -0.126611754E+00   0.159651972E-01
   0.159181312E+00   0.487426817E+00  -0.168047845E+00   0.185837429E-01
   0.216932863E+00   0.685490012E+00  -0.225276902E+00   0.217056610E-01
   0.304086119E+00   0.989467084E+00  -0.303230852E+00   0.252511837E-01
   0.435170352E+00   0.145473373E+01  -0.406567544E+00   0.291043613E-01
   0.630725741E+00   0.216012478E+01  -0.537876964E+00   0.327468216E-01
   0.917244613E+00   0.320927405E+01  -0.693572104E+00   0.354038291E-01
   0.132254171E+01   0.471279478E+01  -0.856043339E+00   0.357809030E-01
   0.186454296E+01   0.674327517E+01  -0.985645056E+00   0.323992930E-01
   0.252202058E+01   0.923008347E+01  -0.101577628E+01   0.247784723E-01
   0.320447087E+01   0.118288574E+02  -0.869987488E+00   0.140449647E-01
   0.374202156E+01   0.138846550E+02  -0.511292279E+00   0.410856400E-02
   0.394893193E+01   0.146778440E+02  -0.135265657E-05   0.000000000E+00
