   0.153430144E-02   0.111337833E+00   0.000000000E+00   0.000000000E+00
   0.152449298E-02   0.109100282E+00   0.849748217E-02   0.629323840E-04
   0.149480766E-02   0.102717653E+00   0.160653275E-01   0.233879124E-03
   0.144467026E-02   0.930016711E-01   0.219505485E-01   0.464516546E-03
   0.137412245E-02   0.811822936E-01   0.257922132E-01   0.700777455E-03
   0.128137891E-02   0.684097782E-01   0.274458565E-01   0.892082928E-03
   0.116701843E-02   0.557695404E-01   0.271733087E-01   0.100899488E-02
   0.103398378E-02   0.440567993E-01   0.253854971E-01   0.104682450E-02
   0.888054376E-03   0.337737575E-01   0.225651283E-01   0.101292459E-02
   0.732750224E-03   0.250498150E-01   0.189626440E-01   0.919981336E-03
   0.580669614E-03   0.179938897E-01   0.151841128E-01   0.786898192E-03
   0.434689078E-03   0.124117918E-01   0.113230627E-01   0.621209445E-03
   0.309583469E-03   0.824712683E-02   0.799035467E-02   0.464198150E-03
   0.205854361E-03   0.522205327E-02   0.517875655E-02   0.315384532E-03
   0.126932719E-03   0.313632214E-02   0.304260338E-02   0.192874621E-03
   0.725061836E-04   0.179005042E-02   0.160630688E-02   0.104314662E-03
   0.371127571E-04   0.960756966E-03   0.699189026E-03   0.446109407E-04
   0.164047287E-04   0.488805701E-03   0.205136312E-03   0.110513311E-04
   0.716728846E-05   0.258463697E-03   0.443707322E-04   0.129673424E-05
   0.377951460E-05   0.154083173E-03   0.304589012E-04   0.235238576E-05
   0.311727626E-05   0.116406773E-03   0.784514632E-04   0.900208761E-05
   0.357539943E-05   0.104347448E-03   0.136278977E-03   0.158643034E-04
   0.358831835E-05   0.882645400E-04   0.151939646E-03   0.179711642E-04
   0.343421220E-05   0.752692795E-04   0.151456101E-03   0.180499810E-04
   0.273454089E-05   0.572033969E-04   0.125451028E-03   0.156550414E-04
   0.201205125E-05   0.405636529E-04   0.934447671E-04   0.119555762E-04
   0.149519860E-05   0.294119800E-04   0.702850884E-04   0.924665983E-05
   0.689458659E-06   0.137058441E-04   0.331213923E-04   0.454262499E-05
   0.396659686E-06   0.815389740E-05   0.200875402E-04   0.298159398E-05
   0.129986319E-06   0.262060371E-05   0.623435017E-05   0.925531253E-06
   0.272190270E-07   0.652996789E-06   0.146135380E-05   0.273234235E-06
   0.287998092E-08   0.110485985E-06   0.138162235E-06   0.604459771E-07
   0.104999476E-07   0.135350703E-06   0.307159922E-06   0.443331452E-07
   0.194287715E-07   0.224273734E-06   0.382093987E-06   0.664169519E-07
   0.534217399E-07   0.763200148E-06   0.189688114E-05   0.252211862E-06
   0.599103345E-07   0.775757485E-06   0.172375746E-05   0.242403928E-06
   0.662521131E-07   0.949304876E-06   0.222131280E-05   0.328933993E-06
   0.526786792E-07   0.803412604E-06   0.213605040E-05   0.284954638E-06
   0.165191434E-07   0.214561538E-06   0.590311004E-06   0.639004369E-07
   0.379775038E-07   0.490058426E-06   0.124818780E-05   0.152017606E-06
   0.372156350E-07   0.367779933E-06  -0.125569386E-06   0.144715315E-06
   0.252512304E-07   0.355238939E-06   0.635670744E-06   0.138407117E-06
   0.338891226E-08   0.247758791E-07   0.254611674E-07   0.359721519E-08
   0.549712276E-08   0.903326054E-07   0.262845475E-06   0.347229410E-07
   0.572190739E-09   0.954912149E-08  -0.738813100E-08   0.605765527E-08
   0.740459083E-09   0.140969965E-07   0.285270136E-07   0.657974919E-08
   0.177898751E-08   0.272444414E-07   0.572282559E-07   0.125430102E-07
   0.349456353E-08   0.284201267E-07  -0.122341630E-07   0.893637964E-08
   0.934606259E-08   0.690109019E-07  -0.333841456E-06   0.443058354E-07
   0.294524440E-07   0.261188859E-06  -0.785835709E-06   0.144430771E-06
   0.259516142E-07   0.190353362E-06  -0.629682972E-06   0.892399541E-07
   0.264013931E-07   0.183349428E-06  -0.896470283E-06   0.107434886E-06
   0.908050737E-07   0.746944465E-06  -0.347392552E-05   0.505744310E-06
   0.704665339E-07   0.524047323E-06  -0.229450234E-05   0.301131706E-06
   0.646249632E-07   0.465247808E-06  -0.195405892E-05   0.246578026E-06
   0.359405838E-07   0.231848006E-06  -0.109198936E-05   0.117050540E-06
   0.601404011E-07   0.438804051E-06  -0.201032276E-05   0.256072468E-06
   0.283636901E-07   0.197316197E-06  -0.968747031E-06   0.119234542E-06
   0.124477939E-07   0.893796326E-07  -0.399729146E-06   0.525155315E-07
   0.619327967E-08   0.556497071E-07  -0.190488095E-06   0.369724056E-07
   0.577780348E-07   0.521697075E-06  -0.206489108E-05   0.360921433E-06
   0.413479313E-06   0.318372304E-05  -0.143380794E-04   0.204718049E-05
   0.806383810E-06   0.609761082E-05  -0.272714569E-04   0.381094810E-05
   0.177534594E-05   0.127298290E-04  -0.577231913E-04   0.753507629E-05
   0.317571403E-05   0.221229966E-04  -0.997459792E-04   0.125945453E-04
   0.432032812E-05   0.293022294E-04  -0.130484419E-03   0.163154036E-04
   0.694102755E-05   0.455388108E-04  -0.199162328E-03   0.239997244E-04
   0.830463796E-05   0.524538627E-04  -0.217326495E-03   0.253266480E-04
   0.924316373E-05   0.555350962E-04  -0.205094228E-03   0.228460794E-04
   0.104661985E-04   0.590249110E-04  -0.174319110E-03   0.188710746E-04
   0.123474583E-04   0.641945517E-04  -0.114295159E-03   0.118776425E-04
   0.161898606E-04   0.766369558E-04  -0.393427981E-04   0.427463283E-05
   0.278170846E-04   0.126199637E-03  -0.493729967E-04   0.523669451E-05
   0.563686262E-04   0.255749008E-03  -0.303865294E-03   0.281771918E-04
   0.112228307E-03   0.511840277E-03  -0.910364324E-03   0.793807121E-04
   0.212658124E-03   0.971502042E-03  -0.209072721E-02   0.172828120E-03
   0.371572532E-03   0.169471209E-02  -0.386138936E-02   0.301560620E-03
   0.615725818E-03   0.280180923E-02  -0.647172006E-02   0.476441288E-03
   0.952088274E-03   0.432791142E-02  -0.956586003E-02   0.666119449E-03
   0.141436583E-02   0.643209741E-02  -0.133838765E-01   0.880155538E-03
   0.200743834E-02   0.915946253E-02  -0.174329970E-01   0.107245136E-02
   0.274762651E-02   0.125972647E-01  -0.215311870E-01   0.123802654E-02
   0.362556172E-02   0.167294275E-01  -0.250394549E-01   0.133560551E-02
   0.465265475E-02   0.216018558E-01  -0.279397629E-01   0.136184413E-02
   0.579526275E-02   0.270539522E-01  -0.295712221E-01   0.129838288E-02
   0.701235048E-02   0.328630358E-01  -0.295986161E-01   0.113038975E-02
   0.823697448E-02   0.386874974E-01  -0.276459623E-01   0.880545587E-03
   0.937616080E-02   0.440633968E-01  -0.235727970E-01   0.580596214E-03
   0.103074713E-01   0.484291278E-01  -0.172313843E-01   0.290160999E-03
   0.109251374E-01   0.513077267E-01  -0.914378185E-02   0.781576455E-04
   0.111434385E-01   0.523188822E-01  -0.254643560E-07   0.000000000E+00
