   0.877340441E-03   0.152585745E+00   0.119356551E-07   0.000000000E+00
   0.899264240E-03   0.150523186E+00   0.113458997E-01   0.747320446E-04
   0.957880227E-03   0.144406483E+00   0.217589345E-01   0.283851608E-03
   0.104440178E-02   0.134934321E+00   0.305748135E-01   0.589930220E-03
   0.114244409E-02   0.122917324E+00   0.372652225E-01   0.947319204E-03
   0.123328320E-02   0.109300978E+00   0.416425578E-01   0.129765132E-02
   0.129897799E-02   0.950136110E-01   0.436775386E-01   0.159134145E-02
   0.132777134E-02   0.808389187E-01   0.435728058E-01   0.181357609E-02
   0.131573947E-02   0.674074814E-01   0.418071449E-01   0.194462691E-02
   0.125892158E-02   0.551040061E-01   0.386617966E-01   0.196546526E-02
   0.116123969E-02   0.441217907E-01   0.344700702E-01   0.191712624E-02
   0.103186129E-02   0.346084051E-01   0.296961050E-01   0.177839887E-02
   0.887070550E-03   0.266047288E-01   0.248420760E-01   0.159942138E-02
   0.733285153E-03   0.199807584E-01   0.200347397E-01   0.137054443E-02
   0.582864508E-03   0.146341957E-01   0.155658247E-01   0.113562541E-02
   0.436946983E-03   0.103351325E-01   0.113651380E-01   0.869861164E-03
   0.317179714E-03   0.712522399E-02   0.804947689E-02   0.645833556E-03
   0.215453867E-03   0.469930191E-02   0.528508238E-02   0.442815188E-03
   0.140412347E-03   0.300675770E-02   0.331363291E-02   0.287672156E-03
   0.835099927E-04   0.182125298E-02   0.184781221E-02   0.163676334E-03
   0.452622808E-04   0.105450989E-02   0.901303196E-03   0.794006046E-04
   0.220680286E-04   0.590788550E-03   0.361213955E-03   0.302606713E-04
   0.941031067E-05   0.333532924E-03   0.103677710E-03   0.689391572E-05
   0.370208841E-05   0.206265744E-03   0.212596642E-04   0.714603061E-06
   0.240265445E-05   0.150700303E-03   0.403197482E-04   0.551068206E-05
   0.277359777E-05   0.134279282E-03   0.913857803E-04   0.131164934E-04
   0.387299406E-05   0.133082940E-03   0.148311170E-03   0.214860447E-04
   0.443507361E-05   0.122392012E-03   0.172453249E-03   0.249844543E-04
   0.507014875E-05   0.121785910E-03   0.198915732E-03   0.296424441E-04
   0.448065794E-05   0.984055223E-04   0.173167646E-03   0.256657258E-04
   0.353429095E-05   0.739131501E-04   0.134884191E-03   0.203340078E-04
   0.319048718E-05   0.632744632E-04   0.120530494E-03   0.181767045E-04
   0.241429120E-05   0.466383462E-04   0.913532858E-04   0.140217790E-04
   0.153696601E-05   0.292890545E-04   0.585663838E-04   0.910857852E-05
   0.109997291E-05   0.198611451E-04   0.400420831E-04   0.595576330E-05
   0.557164810E-06   0.984736653E-05   0.196465753E-04   0.288925980E-05
   0.335084479E-06   0.562582636E-05   0.111808695E-04   0.157169256E-05
   0.111439917E-06   0.150228664E-05   0.263685456E-05   0.274818944E-06
   0.856526512E-07   0.837758932E-06   0.101123874E-05   0.663492230E-07
   0.365639963E-07   0.161582946E-06  -0.275332951E-06  -0.103968461E-07
   0.295736946E-07   0.303457625E-06  -0.295412576E-06   0.199096149E-06
   0.461075373E-07   0.596829580E-06  -0.407883448E-06   0.429416559E-06
   0.644011848E-07   0.818346962E-06  -0.109493465E-05   0.623015183E-06
   0.991437190E-07   0.141236501E-05  -0.681012921E-06   0.101713135E-05
   0.843248884E-07   0.137797019E-05  -0.115496640E-06   0.980590926E-06
   0.946998355E-07   0.144494436E-05  -0.664537254E-06   0.105479330E-05
   0.877626789E-07   0.130681849E-05  -0.598700467E-06   0.947284207E-06
   0.628079420E-07   0.121808091E-05   0.107479093E-05   0.779468962E-06
   0.667732820E-07   0.881754602E-06  -0.112702196E-05   0.665984260E-06
   0.362199017E-07   0.635000902E-06   0.634422122E-06   0.384353484E-06
   0.297835108E-07   0.332571574E-06   0.474816915E-06   0.135636370E-06
   0.443597514E-07   0.240693907E-06  -0.660861815E-06   0.390836732E-07
   0.743035571E-07   0.424828073E-06  -0.413742214E-06  -0.170272629E-08
   0.321225741E-06   0.217285447E-05  -0.668266966E-05   0.848231196E-06
   0.646434216E-06   0.443211957E-05  -0.148678000E-04   0.201588523E-05
   0.102616491E-05   0.705539787E-05  -0.244783605E-04   0.343421357E-05
   0.208129586E-05   0.144821106E-04  -0.505989447E-04   0.737275877E-05
   0.291870833E-05   0.205568103E-04  -0.715172355E-04   0.108567692E-04
   0.463798551E-05   0.321276493E-04  -0.112638772E-03   0.171513730E-04
   0.593436835E-05   0.411443980E-04  -0.140423203E-03   0.211237602E-04
   0.789886599E-05   0.536494626E-04  -0.180732110E-03   0.264335486E-04
   0.992599234E-05   0.664932595E-04  -0.219064765E-03   0.321440166E-04
   0.105185964E-04   0.700107048E-04  -0.214831336E-03   0.307572918E-04
   0.118964372E-04   0.781231502E-04  -0.218114088E-03   0.302833450E-04
   0.116507317E-04   0.752977285E-04  -0.170935207E-03   0.235502885E-04
   0.115131834E-04   0.714046910E-04  -0.106051382E-03   0.145094464E-04
   0.131487795E-04   0.768597383E-04  -0.480901872E-04   0.692424601E-05
   0.185016906E-04   0.100701807E-03  -0.236855776E-04   0.390712603E-05
   0.325288602E-04   0.167136823E-03  -0.109673696E-03   0.135603141E-04
   0.624827007E-04   0.313490164E-03  -0.423602236E-03   0.489282356E-04
   0.114475377E-03   0.570179662E-03  -0.101582520E-02   0.110791945E-03
   0.201722913E-03   0.997772440E-03  -0.206459127E-02   0.217709079E-03
   0.333808101E-03   0.164695759E-02  -0.363651267E-02   0.364763342E-03
   0.520489702E-03   0.256266701E-02  -0.574961817E-02   0.552422076E-03
   0.778370595E-03   0.383551186E-02  -0.854286086E-02   0.779642782E-03
   0.111178646E-02   0.549585000E-02  -0.118502844E-01   0.103049679E-02
   0.153565395E-02   0.763654150E-02  -0.157141965E-01   0.129841827E-02
   0.205227546E-02   0.103073912E-01  -0.199097209E-01   0.154977944E-02
   0.266228127E-02   0.135430591E-01  -0.241840705E-01   0.177845743E-02
   0.336877489E-02   0.174088981E-01  -0.283569172E-01   0.195479975E-02
   0.417227112E-02   0.219394118E-01  -0.322327130E-01   0.207560416E-02
   0.505604548E-02   0.270845499E-01  -0.353802331E-01   0.210709241E-02
   0.602377439E-02   0.328650400E-01  -0.377504453E-01   0.206358684E-02
   0.703845359E-02   0.390827507E-01  -0.387664996E-01   0.190336246E-02
   0.808442570E-02   0.455976985E-01  -0.383483022E-01   0.167395954E-02
   0.912592653E-02   0.521415845E-01  -0.362788104E-01   0.135381182E-02
   0.101007270E-01   0.583055019E-01  -0.322539695E-01   0.986753614E-03
   0.109581975E-01   0.637432188E-01  -0.263404697E-01   0.619619794E-03
   0.116352895E-01   0.680249780E-01  -0.187172722E-01   0.298154744E-03
   0.120639782E-01   0.707387552E-01  -0.971598364E-02   0.782181160E-04
   0.122155752E-01   0.716942027E-01  -0.236377442E-07   0.000000000E+00
