   0.937227417E+03   0.104958511E+03   0.985876704E-05   0.000000000E+00
   0.932302734E+03   0.104443016E+03   0.561393642E+01   0.338429958E-01
   0.917922729E+03   0.102934418E+03   0.110494995E+02   0.132962048E+00
   0.894554138E+03   0.100479546E+03   0.161396446E+02   0.290443182E+00
   0.863288757E+03   0.971918869E+02   0.207446346E+02   0.495590925E+00
   0.825287476E+03   0.931894989E+02   0.247545052E+02   0.735152781E+00
   0.781963684E+03   0.886143570E+02   0.280978184E+02   0.994426787E+00
   0.734801636E+03   0.836233292E+02   0.307415524E+02   0.125900531E+01
   0.685108154E+03   0.783441010E+02   0.326813393E+02   0.151488721E+01
   0.634333191E+03   0.729328690E+02   0.339525871E+02   0.175098562E+01
   0.583639038E+03   0.675072861E+02   0.346091652E+02   0.195798516E+01
   0.533989807E+03   0.621695290E+02   0.347199440E+02   0.212943697E+01
   0.486107361E+03   0.569998627E+02   0.343599281E+02   0.226215672E+01
   0.440626923E+03   0.520615311E+02   0.336133308E+02   0.235368252E+01
   0.397911438E+03   0.473998795E+02   0.325578499E+02   0.240564132E+01
   0.358223969E+03   0.430437851E+02   0.312689495E+02   0.241972876E+01
   0.321651764E+03   0.390073318E+02   0.298117313E+02   0.239977002E+01
   0.288228882E+03   0.352963409E+02   0.282470169E+02   0.234964037E+01
   0.257809723E+03   0.318959045E+02   0.266168346E+02   0.227240992E+01
   0.230328293E+03   0.288055401E+02   0.249678993E+02   0.217421460E+01
   0.205590881E+03   0.260052490E+02   0.233300571E+02   0.205843258E+01
   0.183459473E+03   0.234841518E+02   0.217340546E+02   0.192978632E+01
   0.163624771E+03   0.212091656E+02   0.201868877E+02   0.179087949E+01
   0.145977448E+03   0.191724033E+02   0.187128296E+02   0.164603162E+01
   0.130263489E+03   0.173470936E+02   0.173143711E+02   0.149762726E+01
   0.116306839E+03   0.157161398E+02   0.159988394E+02   0.134859169E+01
   0.103901550E+03   0.142572184E+02   0.147653036E+02   0.120004070E+01
   0.928969116E+02   0.129547615E+02   0.136158276E+02   0.105321562E+01
   0.831656418E+02   0.117977629E+02   0.125531845E+02   0.911642432E+00
   0.745503922E+02   0.107676468E+02   0.115717821E+02   0.774060667E+00
   0.668962555E+02   0.984789181E+01   0.106643028E+02   0.641733527E+00
   0.601081734E+02   0.902865124E+01   0.982900429E+01   0.515343130E+00
   0.541075401E+02   0.830245686E+01   0.906507301E+01   0.396375060E+00
   0.487776299E+02   0.765523291E+01   0.836359787E+01   0.283387512E+00
   0.440651016E+02   0.708248091E+01   0.772447109E+01   0.177872866E+00
   0.398636284E+02   0.657111597E+01   0.713732433E+01   0.784312114E-01
   0.361269684E+02   0.611669588E+01   0.660043335E+01  -0.142481737E-01
   0.328256874E+02   0.571658468E+01   0.611356401E+01  -0.100647978E+00
   0.298690300E+02   0.535967350E+01   0.566629982E+01  -0.180047810E+00
   0.272426662E+02   0.504513311E+01   0.525921154E+01  -0.253657252E+00
   0.248955154E+02   0.476694298E+01   0.488639307E+01  -0.322108656E+00
   0.228091469E+02   0.452364969E+01   0.454754877E+01  -0.384250849E+00
   0.209355602E+02   0.430960321E+01   0.423629427E+01  -0.441138774E+00
   0.192562752E+02   0.412311697E+01   0.395086646E+01  -0.493135124E+00
   0.177576027E+02   0.396345139E+01   0.369038224E+01  -0.540394247E+00
   0.164155312E+02   0.382755947E+01   0.345161104E+01  -0.582801580E+00
   0.152137480E+02   0.371477723E+01   0.323285270E+01  -0.620823026E+00
   0.141273909E+02   0.362214422E+01   0.303019667E+01  -0.654476166E+00
   0.131514521E+02   0.355089641E+01   0.284339309E+01  -0.684403718E+00
   0.122736645E+02   0.349976516E+01   0.267053676E+01  -0.710472524E+00
   0.114798670E+02   0.346831346E+01   0.250975204E+01  -0.732554615E+00
   0.107770042E+02   0.345900798E+01   0.236192083E+01  -0.751829922E+00
   0.101370668E+02   0.346972847E+01   0.222266197E+01  -0.767396152E+00
   0.955274582E+01   0.350155115E+01   0.209069800E+01  -0.779311419E+00
   0.903592968E+01   0.355752110E+01   0.196776164E+01  -0.788641036E+00
   0.856130695E+01   0.363750315E+01   0.184972978E+01  -0.794268250E+00
   0.814025211E+01   0.374482608E+01   0.173811615E+01  -0.797345161E+00
   0.775805998E+01   0.388180494E+01   0.163023746E+01  -0.797322810E+00
   0.741599560E+01   0.405000687E+01   0.152627730E+01  -0.794360459E+00
   0.710540628E+01   0.425485706E+01   0.142431128E+01  -0.788314104E+00
   0.683105326E+01   0.450031233E+01   0.132456744E+01  -0.779953957E+00
   0.658505487E+01   0.478989840E+01   0.122581482E+01  -0.768687069E+00
   0.636581421E+01   0.513030910E+01   0.112718809E+01  -0.754685104E+00
   0.617310143E+01   0.552653551E+01   0.102863824E+01  -0.738035679E+00
   0.599999237E+01   0.598514891E+01   0.928674161E+00  -0.718307793E+00
   0.584975958E+01   0.651711893E+01   0.827111840E+00  -0.696197569E+00
   0.571642876E+01   0.712579584E+01   0.723625183E+00  -0.671042204E+00
   0.560821199E+01   0.782261181E+01   0.618648171E+00  -0.644314349E+00
   0.551104593E+01   0.861958408E+01   0.510225475E+00  -0.614420235E+00
   0.543522787E+01   0.952510643E+01   0.399885923E+00  -0.583005607E+00
   0.537216520E+01   0.105492811E+02   0.286811531E+00  -0.549315393E+00
   0.532420397E+01   0.117042761E+02   0.171865240E+00  -0.513969421E+00
   0.528898144E+01   0.129958200E+02   0.558559299E-01  -0.477049619E+00
   0.526346350E+01   0.144427290E+02  -0.612372123E-01  -0.438631207E+00
   0.524815798E+01   0.160415058E+02  -0.176957339E+00  -0.399311215E+00
   0.524716711E+01   0.178017197E+02  -0.289616436E+00  -0.360126436E+00
   0.525270653E+01   0.197220097E+02  -0.397411138E+00  -0.320719928E+00
   0.526289034E+01   0.218053093E+02  -0.498161197E+00  -0.281506479E+00
   0.528496933E+01   0.240258236E+02  -0.587626219E+00  -0.243884176E+00
   0.531006908E+01   0.263749046E+02  -0.663548827E+00  -0.207538217E+00
   0.533750534E+01   0.288175449E+02  -0.722137332E+00  -0.173054874E+00
   0.536240053E+01   0.313252258E+02  -0.760507643E+00  -0.140646160E+00
   0.539366531E+01   0.338376122E+02  -0.775050342E+00  -0.111465119E+00
   0.542328739E+01   0.363015938E+02  -0.763556540E+00  -0.853170604E-01
   0.545305443E+01   0.386495171E+02  -0.724639595E+00  -0.626086742E-01
   0.547559309E+01   0.408093987E+02  -0.657842636E+00  -0.432556048E-01
   0.550235224E+01   0.427005768E+02  -0.564150095E+00  -0.276256111E-01
   0.551486206E+01   0.442656593E+02  -0.446758270E+00  -0.154309701E-01
   0.552951813E+01   0.454290543E+02  -0.309544802E+00  -0.683609489E-02
   0.554029799E+01   0.461534882E+02  -0.158428609E+00  -0.170902372E-02
   0.553883505E+01   0.463954811E+02  -0.357678061E-06   0.000000000E+00
