   0.139357354E-01   0.183133125E+00   0.308973513E-09   0.000000000E+00
   0.138619887E-01   0.181765631E+00   0.177693702E-01   0.120903758E-03
   0.136742340E-01   0.178005919E+00   0.346536115E-01   0.474425527E-03
   0.133589348E-01   0.171720475E+00   0.498164706E-01   0.102027168E-02
   0.129440902E-01   0.163556576E+00   0.626925528E-01   0.170816656E-02
   0.124468561E-01   0.153986573E+00   0.729045942E-01   0.249368674E-02
   0.118870167E-01   0.143130213E+00   0.803408846E-01   0.327066495E-02
   0.112827346E-01   0.131650716E+00   0.850585848E-01   0.404901849E-02
   0.106432848E-01   0.119903602E+00   0.872758180E-01   0.470873946E-02
   0.996674970E-02   0.108229756E+00   0.871824473E-01   0.528209703E-02
   0.929167774E-02   0.968675390E-01   0.853833780E-01   0.572286174E-02
   0.859615766E-02   0.859965310E-01   0.819803104E-01   0.603412790E-02
   0.791488867E-02   0.757679641E-01   0.776191801E-01   0.619049044E-02
   0.722819427E-02   0.662503093E-01   0.723368824E-01   0.623836182E-02
   0.654551713E-02   0.575414263E-01   0.665115118E-01   0.609584060E-02
   0.588073721E-02   0.496314354E-01   0.604241081E-01   0.588797778E-02
   0.523155276E-02   0.424489491E-01   0.541541651E-01   0.559158949E-02
   0.459889462E-02   0.359985232E-01   0.478527099E-01   0.519694714E-02
   0.401113834E-02   0.303144176E-01   0.418789834E-01   0.477169827E-02
   0.344521040E-02   0.252380203E-01   0.360318758E-01   0.427366747E-02
   0.294111436E-02   0.208932757E-01   0.307936575E-01   0.379422214E-02
   0.245840754E-02   0.169849675E-01   0.257020593E-01   0.329638948E-02
   0.202948437E-02   0.136721134E-01   0.211766493E-01   0.280686677E-02
   0.167006324E-02   0.109454403E-01   0.173765160E-01   0.237597991E-02
   0.133907318E-02   0.856144447E-02   0.138530470E-01   0.193985598E-02
   0.105344364E-02   0.657299487E-02   0.108090118E-01   0.154111546E-02
   0.818985223E-03   0.498755649E-02   0.832521636E-02   0.120617892E-02
   0.625470944E-03   0.369584933E-02   0.626495946E-02   0.923264655E-03
   0.466538506E-03   0.268418831E-02   0.458670082E-02   0.673014380E-03
   0.341116101E-03   0.188481191E-02   0.326007861E-02   0.482797681E-03
   0.239761968E-03   0.127478212E-02   0.220254250E-02   0.321351195E-03
   0.164477300E-03   0.825120078E-03   0.142285868E-02   0.204204422E-03
   0.112526519E-03   0.534687657E-03   0.905727968E-03   0.125996885E-03
   0.713913105E-04   0.314125587E-03   0.495961343E-03   0.658240897E-04
   0.443538520E-04   0.183189157E-03   0.242457623E-03   0.331726333E-04
   0.265938597E-04   0.104686100E-03   0.874677353E-04   0.174058496E-04
   0.151385884E-04   0.652251983E-04  -0.202000956E-05   0.136663903E-04
   0.991453544E-05   0.572321878E-04  -0.388233020E-04   0.211433726E-04
   0.651154642E-05   0.613912489E-04  -0.505033822E-04   0.318634702E-04
   0.558861029E-05   0.728571613E-04  -0.410827561E-04   0.444941070E-04
   0.616016132E-05   0.940067184E-04  -0.268303320E-04   0.616488760E-04
   0.710100539E-05   0.108585264E-03  -0.132139794E-04   0.743815472E-04
   0.828433440E-05   0.120612240E-03  -0.611474707E-05   0.859376814E-04
   0.920136245E-05   0.131306326E-03   0.296499434E-05   0.953043491E-04
   0.102139938E-04   0.138468968E-03   0.108186032E-04   0.101596190E-03
   0.100762991E-04   0.136175528E-03   0.137855614E-04   0.101249665E-03
   0.996773088E-05   0.131797075E-03   0.182146068E-04   0.984172293E-04
   0.100913276E-04   0.127995590E-03   0.221553382E-04   0.956676013E-04
   0.812622784E-05   0.109685170E-03   0.246971431E-04   0.819246998E-04
   0.758359602E-05   0.998920514E-04   0.363163199E-04   0.729826497E-04
   0.744920953E-05   0.879953514E-04   0.399227029E-04   0.624249878E-04
   0.639482323E-05   0.691228997E-04   0.454380061E-04   0.456268899E-04
   0.730666352E-05   0.598083279E-04   0.479359587E-04   0.336051417E-04
   0.988031752E-05   0.482008072E-04   0.287042403E-04   0.195789617E-04
   0.166846494E-04   0.556286213E-04  -0.136417802E-04   0.143747402E-04
   0.286846825E-04   0.707903673E-04  -0.984251456E-04   0.131895367E-04
   0.462571734E-04   0.108058244E-03  -0.222113318E-03   0.219739595E-04
   0.796681416E-04   0.193123007E-03  -0.472022395E-03   0.505072130E-04
   0.122954734E-03   0.308677874E-03  -0.790661725E-03   0.912122341E-04
   0.184965975E-03   0.482008094E-03  -0.124935061E-02   0.152854031E-03
   0.267415657E-03   0.712278124E-03  -0.185107405E-02   0.240298541E-03
   0.383082894E-03   0.106210879E-02  -0.271265348E-02   0.354882912E-03
   0.527367054E-03   0.147413951E-02  -0.374306715E-02   0.503161107E-03
   0.706776860E-03   0.200953893E-02  -0.501310453E-02   0.675080635E-03
   0.937626930E-03   0.270037656E-02  -0.662873127E-02   0.888320210E-03
   0.120053208E-02   0.351632247E-02  -0.842046086E-02   0.110816478E-02
   0.151228555E-02   0.449155318E-02  -0.104844887E-01   0.133726781E-02
   0.189226563E-02   0.568490196E-02  -0.129546542E-01   0.161520706E-02
   0.230557821E-02   0.702313660E-02  -0.155236879E-01   0.187554338E-02
   0.278930506E-02   0.864057802E-02  -0.184780546E-01   0.215119054E-02
   0.330787292E-02   0.104392879E-01  -0.214850716E-01   0.240389048E-02
   0.389288808E-02   0.125511345E-01  -0.247869380E-01   0.263902242E-02
   0.450562313E-02   0.148947304E-01  -0.280387085E-01   0.283711613E-02
   0.515715592E-02   0.175377559E-01  -0.313193090E-01   0.298958435E-02
   0.583435688E-02   0.204747077E-01  -0.345039517E-01   0.311146677E-02
   0.653547188E-02   0.237686560E-01  -0.375640169E-01   0.315191480E-02
   0.723548466E-02   0.273696464E-01  -0.402807854E-01   0.318884989E-02
   0.795793999E-02   0.313962139E-01  -0.428318568E-01   0.310928468E-02
   0.864789821E-02   0.357161909E-01  -0.447530970E-01   0.299749430E-02
   0.933062471E-02   0.404143147E-01  -0.462204665E-01   0.283559784E-02
   0.997828320E-02   0.454072170E-01  -0.469459742E-01   0.257368153E-02
   0.105943158E-01   0.506953783E-01  -0.469330214E-01   0.231243018E-02
   0.111603048E-01   0.561202094E-01  -0.460011847E-01   0.199548737E-02
   0.116752312E-01   0.616125055E-01  -0.439949892E-01   0.164727657E-02
   0.121306023E-01   0.670055151E-01  -0.408694260E-01   0.131714006E-02
   0.125234602E-01   0.721396208E-01  -0.365912504E-01   0.979680917E-03
   0.128405066E-01   0.766699091E-01  -0.310819261E-01   0.658455712E-03
   0.130906161E-01   0.805380791E-01  -0.244729407E-01   0.389136840E-03
   0.132739749E-01   0.834715962E-01  -0.169044547E-01   0.177393333E-03
   0.133820111E-01   0.852586627E-01  -0.863561034E-02   0.446940830E-04
   0.134163480E-01   0.859908685E-01  -0.200268939E-07   0.000000000E+00
