   0.643881678E-03   0.815243870E-01   0.000000000E+00   0.000000000E+00
   0.655752374E-03   0.801663920E-01   0.671429140E-02   0.444121106E-04
   0.688256987E-03   0.762308016E-01   0.127757583E-01   0.166985381E-03
   0.733937894E-03   0.702010915E-01   0.177085139E-01   0.341855659E-03
   0.781297626E-03   0.627303347E-01   0.212199185E-01   0.533940503E-03
   0.817641965E-03   0.544714741E-01   0.231708344E-01   0.707759871E-03
   0.832217396E-03   0.460178964E-01   0.235973187E-01   0.844448747E-03
   0.822036411E-03   0.379529446E-01   0.229032096E-01   0.926623412E-03
   0.781580515E-03   0.305350628E-01   0.211858954E-01   0.950111891E-03
   0.715475122E-03   0.240015201E-01   0.188281871E-01   0.926669512E-03
   0.626884226E-03   0.183792822E-01   0.160066821E-01   0.848606345E-03
   0.529405079E-03   0.137483468E-01   0.131624062E-01   0.756125490E-03
   0.424069731E-03   0.996512268E-02   0.102638211E-01   0.627589994E-03
   0.324644177E-03   0.700491713E-02   0.765840570E-02   0.497842731E-03
   0.235036379E-03   0.474613160E-02   0.539534399E-02   0.370454974E-03
   0.162081036E-03   0.310138543E-02   0.361294067E-02   0.260271161E-03
   0.102891325E-03   0.191701890E-02   0.219497085E-02   0.164347235E-03
   0.599687410E-04   0.112130865E-02   0.119800575E-02   0.920421662E-04
   0.322564229E-04   0.625965884E-03   0.583865913E-03   0.451515589E-04
   0.148256231E-04   0.328231457E-03   0.216455985E-03   0.158010007E-04
   0.582741905E-05   0.172382570E-03   0.505798234E-04   0.247470257E-05
   0.236397250E-05   0.102337479E-03   0.114816066E-04   0.432698840E-06
   0.156098633E-05   0.747510348E-04   0.259203516E-04   0.346513684E-05
   0.213538237E-05   0.728380255E-04   0.652081653E-04   0.856470160E-05
   0.245433944E-05   0.637761332E-04   0.821453359E-04   0.109469975E-04
   0.279603773E-05   0.607061265E-04   0.967295418E-04   0.132162286E-04
   0.289028503E-05   0.556019768E-04   0.993084759E-04   0.135762284E-04
   0.246326272E-05   0.450659500E-04   0.865126713E-04   0.124218732E-04
   0.187567662E-05   0.332857853E-04   0.657128767E-04   0.976711544E-05
   0.128081706E-05   0.222149647E-04   0.449080035E-04   0.681491110E-05
   0.773481190E-06   0.131323022E-04   0.270037053E-04   0.413231737E-05
   0.494930646E-06   0.851928962E-05   0.173391800E-04   0.282252267E-05
   0.256023810E-06   0.436803293E-05   0.887191891E-05   0.146371372E-05
   0.770246302E-07   0.149165726E-05   0.289722493E-05   0.568021846E-06
   0.400791933E-07   0.762761545E-06   0.152247048E-05   0.289104037E-06
   0.334836869E-08   0.706738135E-07   0.120287723E-06   0.271546892E-07
   0.154462203E-07   0.200880422E-06   0.166161357E-06   0.900976218E-07
   0.192222469E-07   0.241238183E-06   0.583141173E-06   0.940048750E-07
   0.292206188E-07   0.368190996E-06   0.756189309E-06   0.120480465E-06
   0.254867345E-07   0.345045379E-06   0.717828016E-06   0.120327556E-06
   0.141204053E-07   0.246382911E-06   0.399808584E-06   0.133971284E-06
   0.257253436E-07   0.417299987E-06   0.936166145E-06   0.170424613E-06
   0.185328801E-07   0.370237245E-06   0.723341714E-06   0.177560580E-06
   0.291111046E-07   0.437667552E-06   0.232984149E-06   0.278061719E-06
   0.439293579E-07   0.470468876E-06  -0.513227690E-06   0.331025120E-06
   0.249200784E-07   0.482059647E-06   0.623035930E-06   0.283893570E-06
   0.309378265E-07   0.369386385E-06  -0.527713837E-06   0.279211918E-06
   0.405544291E-07   0.429548891E-06  -0.640942517E-06   0.314908277E-06
   0.616354399E-07   0.473043684E-06  -0.132002640E-05   0.341779611E-06
   0.377076752E-07   0.273213629E-06  -0.983683890E-06   0.199411147E-06
   0.244880809E-07   0.185564943E-06  -0.620283004E-06   0.121344556E-06
   0.470771440E-07   0.278246461E-06  -0.110041356E-05   0.187152580E-06
   0.185691587E-07   0.129972278E-06  -0.436447351E-06   0.949466639E-07
   0.891986485E-08   0.438334311E-07  -0.157095869E-06   0.176594721E-07
   0.276455747E-08   0.128924871E-07  -0.292258449E-07   0.544305401E-08
   0.261097401E-07   0.164860523E-06  -0.600869669E-06   0.108374422E-06
   0.796537734E-07   0.526510007E-06  -0.185651515E-05   0.316635806E-06
   0.220925585E-06   0.138464554E-05  -0.520754384E-05   0.863385935E-06
   0.496992016E-06   0.305384515E-05  -0.115817165E-04   0.189556692E-05
   0.106936238E-05   0.633258924E-05  -0.242409096E-04   0.374921842E-05
   0.204207777E-05   0.116283227E-04  -0.450956650E-04   0.667551558E-05
   0.303746538E-05   0.169113609E-04  -0.656534248E-04   0.971246573E-05
   0.436205801E-05   0.237543718E-04  -0.906208443E-04   0.127539724E-04
   0.632054889E-05   0.333835487E-04  -0.126161322E-03   0.171891807E-04
   0.682216432E-05   0.354386793E-04  -0.126867366E-03   0.168707520E-04
   0.774022010E-05   0.392059155E-04  -0.130119210E-03   0.169226605E-04
   0.826774431E-05   0.404401289E-04  -0.116680269E-03   0.151426448E-04
   0.811881182E-05   0.375771742E-04  -0.753962377E-04   0.936014658E-05
   0.901640306E-05   0.385255480E-04  -0.351796480E-04   0.468619828E-05
   0.129857308E-04   0.507990517E-04  -0.214078664E-04   0.291659489E-05
   0.236615761E-04   0.894039404E-04  -0.770132028E-04   0.877395451E-05
   0.466052807E-04   0.174930654E-03  -0.269567623E-03   0.279836859E-04
   0.913767872E-04   0.342334417E-03  -0.715301256E-03   0.706164210E-04
   0.165854770E-03   0.621029874E-03  -0.146499369E-02   0.136904913E-03
   0.284154201E-03   0.106026116E-02  -0.264655147E-02   0.236004504E-03
   0.453911809E-03   0.169072323E-02  -0.423188554E-02   0.357330719E-03
   0.692972564E-03   0.257852906E-02  -0.633630063E-02   0.506712648E-03
   0.997982104E-03   0.372174196E-02  -0.868075155E-02   0.658018864E-03
   0.138698961E-02   0.520258397E-02  -0.113361897E-01   0.805658463E-03
   0.186804053E-02   0.706438022E-02  -0.141939130E-01   0.945015752E-03
   0.243729795E-02   0.931885839E-02  -0.169653185E-01   0.105410069E-02
   0.309255905E-02   0.119794207E-01  -0.194254946E-01   0.112241390E-02
   0.383475306E-02   0.150614362E-01  -0.214472637E-01   0.113671203E-02
   0.465020491E-02   0.185112692E-01  -0.227648504E-01   0.109554350E-02
   0.551681966E-02   0.222304668E-01  -0.231228117E-01   0.989489374E-03
   0.641214708E-02   0.260922816E-01  -0.224420074E-01   0.829500263E-03
   0.727832038E-02   0.298393071E-01  -0.203813184E-01   0.620627310E-03
   0.806350913E-02   0.332281217E-01  -0.169640947E-01   0.396848220E-03
   0.869377423E-02   0.359381214E-01  -0.122246100E-01   0.194398075E-03
   0.910331868E-02   0.376962163E-01  -0.640608184E-02   0.516207183E-04
   0.924485736E-02   0.382956788E-01  -0.180136901E-07   0.000000000E+00
