   0.485563837E-02   0.401197106E+00   0.000000000E+00   0.000000000E+00
   0.478598243E-02   0.393091798E+00   0.266671255E-01   0.224188727E-03
   0.458641164E-02   0.369900316E+00   0.503503606E-01   0.830065052E-03
   0.427641906E-02   0.334612101E+00   0.687776431E-01   0.164514768E-02
   0.388494576E-02   0.291506737E+00   0.807264522E-01   0.246560574E-02
   0.343766017E-02   0.244723931E+00   0.855989382E-01   0.309763453E-02
   0.296414015E-02   0.198506564E+00   0.845876560E-01   0.346336118E-02
   0.248823944E-02   0.155782506E+00   0.789379552E-01   0.354117667E-02
   0.202535139E-02   0.118225671E+00   0.696217194E-01   0.335340179E-02
   0.159035856E-02   0.866758525E-01   0.579797179E-01   0.297821732E-02
   0.119880028E-02   0.612916201E-01   0.455093570E-01   0.247527310E-02
   0.865808630E-03   0.418024175E-01   0.337698348E-01   0.192864786E-02
   0.592554337E-03   0.273299497E-01   0.232352391E-01   0.138354918E-02
   0.379210076E-03   0.170046389E-01   0.144625334E-01   0.899929437E-03
   0.225100244E-03   0.100332908E-01   0.794389285E-02   0.506348268E-03
   0.126382700E-03   0.569176627E-02   0.396822579E-02   0.255262363E-03
   0.635535980E-04   0.304264529E-02   0.146617671E-02   0.887878996E-04
   0.304376244E-04   0.160849025E-02   0.388791697E-03   0.182597305E-04
   0.149439393E-04   0.894431956E-03   0.104268140E-03   0.574634896E-05
   0.979582364E-05   0.579211337E-03   0.246246287E-03   0.255734667E-04
   0.871596058E-05   0.447967934E-03   0.482279924E-03   0.538116728E-04
   0.847038973E-05   0.374394236E-03   0.628302922E-03   0.716190916E-04
   0.835294395E-05   0.327919057E-03   0.699013413E-03   0.801908973E-04
   0.649794038E-05   0.242703012E-03   0.577766332E-03   0.687033171E-04
   0.505678190E-05   0.183191034E-03   0.471316482E-03   0.581047752E-04
   0.330723128E-05   0.118087184E-03   0.314677396E-03   0.400789759E-04
   0.196846963E-05   0.692102331E-04   0.189357612E-03   0.244402527E-04
   0.857783448E-06   0.312794873E-04   0.860398723E-04   0.118733724E-04
   0.328637583E-06   0.126145305E-04   0.345577682E-04   0.518733805E-05
   0.763008572E-07   0.335605910E-05   0.838299547E-05   0.152238317E-05
   0.142883358E-07   0.795821109E-06   0.127924318E-05   0.441396736E-06
   0.834772695E-08   0.232497300E-06   0.343078682E-06   0.104102298E-06
   0.525351709E-07   0.150747485E-05   0.451961523E-05   0.592738900E-06
   0.316917017E-07   0.741105168E-06   0.236027608E-05   0.222392259E-06
   0.160864460E-06   0.486574163E-05   0.146038246E-04   0.199947567E-05
   0.110570710E-06   0.315741818E-05   0.925178665E-05   0.125566282E-05
   0.571473855E-07   0.137319489E-05   0.416840749E-05   0.460305813E-06
   0.676245691E-07   0.174079139E-05   0.470693885E-05   0.658112015E-06
   0.541051399E-07   0.128924603E-05   0.363583604E-05   0.451514609E-06
   0.923636208E-07   0.265350877E-05   0.820178047E-05   0.108527854E-05
   0.381752372E-07   0.918209651E-06   0.253492408E-05   0.335021525E-06
   0.233991155E-07   0.402728176E-06  -0.414693574E-06   0.167523069E-06
   0.281990928E-07   0.503013894E-06  -0.213068688E-05   0.316765323E-06
   0.432382929E-08   0.140737512E-06  -0.443892361E-06   0.114700775E-06
   0.433845093E-08   0.104151162E-06   0.308595332E-06   0.390252772E-07
   0.105588969E-07   0.229985758E-06  -0.461502594E-06   0.134472756E-06
   0.818235790E-08   0.290619994E-06   0.618142394E-06   0.151108452E-06
   0.739819184E-08   0.137891490E-06  -0.496074449E-06   0.847992752E-07
   0.850213855E-08   0.224891323E-06   0.521743345E-06   0.101782618E-06
   0.334696750E-07   0.493215850E-06  -0.175852495E-05   0.237315632E-06
   0.233000694E-07   0.327030961E-06  -0.107137487E-05   0.141094219E-06
   0.108920091E-06   0.192176253E-05  -0.851321875E-05   0.122739834E-05
   0.652361578E-07   0.105794618E-05  -0.529302997E-05   0.679113214E-06
   0.983094068E-07   0.163173229E-05  -0.769242706E-05   0.102127206E-05
   0.524960271E-07   0.848294121E-06  -0.428783915E-05   0.551018445E-06
   0.139133618E-06   0.239707060E-05  -0.117694590E-04   0.162805532E-05
   0.143401067E-06   0.235927041E-05  -0.937001005E-05   0.131505351E-05
   0.891211442E-07   0.145901765E-05  -0.724076835E-05   0.949323407E-06
   0.166146421E-06   0.274154650E-05  -0.121101893E-04   0.165186987E-05
   0.247749572E-07   0.460058146E-06  -0.117682157E-05   0.246381148E-06
   0.306474561E-07   0.495292795E-06  -0.179013978E-05   0.248199115E-06
   0.242578921E-06   0.428975545E-05  -0.188598970E-04   0.275365005E-05
   0.568062887E-06   0.966221432E-05  -0.433977730E-04   0.613674774E-05
   0.164060191E-05   0.264125738E-04  -0.121961508E-03   0.162081433E-04
   0.348797312E-05   0.540908622E-04  -0.251887541E-03   0.322901324E-04
   0.544424029E-05   0.811583814E-04  -0.372593553E-03   0.456002854E-04
   0.846204148E-05   0.122485479E-03  -0.551604666E-03   0.660920414E-04
   0.112874513E-04   0.156204944E-03  -0.677594158E-03   0.782987772E-04
   0.155556427E-04   0.206390134E-03  -0.836253981E-03   0.936871147E-04
   0.179691815E-04   0.223665877E-03  -0.762425887E-03   0.812893777E-04
   0.212787454E-04   0.245281379E-03  -0.576815975E-03   0.588735275E-04
   0.270718392E-04   0.284715730E-03  -0.281259359E-03   0.283854115E-04
   0.433404384E-04   0.431996974E-03  -0.126460116E-03   0.124572152E-04
   0.804612500E-04   0.790118705E-03  -0.441728305E-03   0.409500462E-04
   0.156952272E-03   0.154759968E-02  -0.173894421E-02   0.151788365E-03
   0.298185914E-03   0.295251328E-02  -0.462440168E-02   0.383244565E-03
   0.529156416E-03   0.524200732E-02  -0.925793312E-02   0.732813845E-03
   0.891872449E-03   0.882894360E-02  -0.163794775E-01   0.122719526E-02
   0.141994678E-02   0.140509903E-01  -0.257736091E-01   0.183207798E-02
   0.214448804E-02   0.212357603E-01  -0.368248038E-01   0.247347588E-02
   0.310625462E-02   0.308308359E-01  -0.492707714E-01   0.312350737E-02
   0.432411768E-02   0.430670232E-01  -0.618851744E-01   0.368900341E-02
   0.580759626E-02   0.580938309E-01  -0.734090656E-01   0.407589972E-02
   0.754958903E-02   0.758217648E-01  -0.827339590E-01   0.422234600E-02
   0.951680169E-02   0.958758742E-01  -0.886858255E-01   0.408658339E-02
   0.116174743E-01   0.117248252E+00  -0.894094408E-01   0.359816430E-02
   0.137352142E-01   0.138668418E+00  -0.841173008E-01   0.282514398E-02
   0.156956371E-01   0.158348531E+00  -0.718172193E-01   0.187426701E-02
   0.173039977E-01   0.174364373E+00  -0.526664481E-01   0.941371545E-03
   0.183651187E-01   0.184848353E+00  -0.279648453E-01   0.253397302E-03
   0.187375620E-01   0.188518092E+00  -0.635226556E-07   0.000000000E+00
