   0.433797669E-02   0.394689560E+00   0.000000000E+00   0.000000000E+00
   0.428620912E-02   0.387170702E+00   0.256662332E-01   0.210778133E-03
   0.413559657E-02   0.365674764E+00   0.486615635E-01   0.785179029E-03
   0.389873469E-02   0.332729220E+00   0.667132810E-01   0.156821287E-02
   0.359374727E-02   0.292236447E+00   0.789029449E-01   0.237520575E-02
   0.323914574E-02   0.248096436E+00   0.848037377E-01   0.303678191E-02
   0.285087572E-02   0.203779966E+00   0.847880989E-01   0.345011265E-02
   0.244651618E-02   0.162216291E+00   0.800410509E-01   0.358870532E-02
   0.203892728E-02   0.125108212E+00   0.715497807E-01   0.347274449E-02
   0.164626795E-02   0.935683623E-01   0.609300658E-01   0.315376162E-02
   0.128080952E-02   0.677300841E-01   0.492322817E-01   0.269550923E-02
   0.954229850E-03   0.473396629E-01   0.375235528E-01   0.216676062E-02
   0.679376826E-03   0.319182873E-01   0.269970652E-01   0.163650536E-02
   0.452865032E-03   0.205241479E-01   0.176552627E-01   0.112140377E-02
   0.287187344E-03   0.127043268E-01   0.108234622E-01   0.709867862E-03
   0.166051439E-03   0.741074514E-02   0.565534923E-02   0.379974401E-03
   0.892902317E-04   0.413948763E-02   0.253311661E-02   0.167025515E-03
   0.442233832E-04   0.223222072E-02   0.865201757E-03   0.516047621E-04
   0.207397607E-04   0.120703911E-02   0.178976261E-03   0.646525950E-05
   0.113366959E-04   0.715275062E-03   0.123867736E-03   0.101745072E-04
   0.859759621E-05   0.510022510E-03   0.310780626E-03   0.351062445E-04
   0.841455676E-05   0.416715455E-03   0.513684878E-03   0.594840858E-04
   0.831379475E-05   0.354264543E-03   0.621580984E-03   0.733529159E-04
   0.797396115E-05   0.307631854E-03   0.652742165E-03   0.793065992E-04
   0.649007734E-05   0.236229404E-03   0.552514452E-03   0.685675404E-04
   0.465637004E-05   0.164828438E-03   0.407590589E-03   0.521500806E-04
   0.328674196E-05   0.113508504E-03   0.291268894E-03   0.380607235E-04
   0.170023850E-05   0.603201042E-04   0.157316041E-03   0.219811918E-04
   0.816655813E-06   0.296460857E-04   0.779213224E-04   0.115015655E-04
   0.302996028E-06   0.116864767E-04   0.299086860E-04   0.487189027E-05
   0.101316701E-06   0.390574496E-05   0.967911456E-05   0.159278204E-05
   0.267134403E-07   0.130308842E-05   0.283977465E-05   0.637066648E-06
   0.483842566E-08   0.131809159E-06   0.219205404E-06   0.489639440E-07
   0.245930227E-07   0.597059739E-06   0.182312692E-05   0.199504314E-06
   0.759603509E-07   0.197724626E-05   0.599810164E-05   0.709141091E-06
   0.193761224E-06   0.531614933E-05   0.141524260E-04   0.206824620E-05
   0.144061531E-06   0.409801851E-05   0.122990677E-04   0.161919536E-05
   0.145663478E-06   0.424908740E-05   0.117598311E-04   0.174944716E-05
   0.737103178E-07   0.212695068E-05   0.653788084E-05   0.857461998E-06
   0.336667867E-07   0.669264239E-06   0.145328579E-05   0.199176711E-06
   0.420316368E-07   0.874393606E-06   0.825798509E-06   0.336042348E-06
   0.244977851E-07   0.395338162E-06   0.473319744E-06   0.100000904E-06
   0.172904144E-07   0.532255683E-06   0.165895983E-05   0.229859793E-06
   0.143480525E-07   0.446660010E-06   0.511953488E-06   0.264393492E-06
   0.995242289E-08   0.226812745E-06  -0.724983579E-06   0.167547995E-06
   0.203127914E-08   0.539962954E-07  -0.124971509E-07   0.339416459E-07
   0.103646691E-07   0.205992549E-06  -0.360032004E-06   0.110149557E-06
   0.665260647E-08   0.110731747E-06  -0.521066340E-06   0.741870281E-07
   0.630217212E-08   0.521891863E-07  -0.262906980E-06   0.751789120E-08
   0.373237583E-07   0.520759215E-06  -0.185880015E-05   0.243694387E-06
   0.879726940E-07   0.145634817E-05  -0.366413383E-05   0.712764972E-06
   0.251158951E-07   0.298940648E-06  -0.141997396E-05   0.129909012E-06
   0.597170171E-07   0.849778075E-06  -0.378058144E-05   0.457737741E-06
   0.146335523E-06   0.214476518E-05  -0.975900275E-05   0.122543327E-05
   0.177352049E-06   0.274394256E-05  -0.118427342E-04   0.159419051E-05
   0.165210494E-06   0.256717635E-05  -0.122686515E-04   0.163505524E-05
   0.100719213E-06   0.148627055E-05  -0.671306680E-05   0.849043317E-06
   0.595455880E-07   0.890985007E-06  -0.429008105E-05   0.584873192E-06
   0.167541376E-07   0.347600007E-06  -0.808854509E-06   0.213192010E-06
   0.259605653E-07   0.550165566E-06  -0.184397538E-05   0.379505792E-06
   0.191582771E-06   0.347451351E-05  -0.142052086E-04   0.236527785E-05
   0.713843747E-06   0.114241730E-04  -0.502386174E-04   0.709530650E-05
   0.167182452E-05   0.266451279E-04  -0.117266085E-03   0.167775524E-04
   0.325967540E-05   0.487706748E-04  -0.215950029E-03   0.282371329E-04
   0.569012627E-05   0.829816345E-04  -0.366878870E-03   0.471213789E-04
   0.850043762E-05   0.120449768E-03  -0.523640832E-03   0.656393677E-04
   0.116754545E-04   0.159747695E-03  -0.672950759E-03   0.817642867E-04
   0.146924676E-04   0.193117739E-03  -0.764016644E-03   0.900872619E-04
   0.180620864E-04   0.226120072E-03  -0.790490303E-03   0.888825161E-04
   0.205733886E-04   0.241825677E-03  -0.644497864E-03   0.701823446E-04
   0.236623891E-04   0.255079503E-03  -0.344209344E-03   0.372917057E-04
   0.346859051E-04   0.349254726E-03  -0.149857995E-03   0.154315021E-04
   0.605286332E-04   0.592011900E-03  -0.244563620E-03   0.243571012E-04
   0.115095005E-03   0.112178829E-02  -0.100201147E-02   0.932402618E-04
   0.217037756E-03   0.212095538E-02  -0.284893857E-02   0.250617886E-03
   0.397208612E-03   0.388399279E-02  -0.657589315E-02   0.551340985E-03
   0.675065501E-03   0.659560086E-02  -0.119730122E-01   0.957908167E-03
   0.108818756E-02   0.106258895E-01  -0.195032973E-01   0.147972815E-02
   0.167918741E-02   0.163955819E-01  -0.295086298E-01   0.212462014E-02
   0.245692348E-02   0.240481626E-01  -0.404722504E-01   0.275361957E-02
   0.346250180E-02   0.340203010E-01  -0.524518192E-01   0.337039889E-02
   0.469720224E-02   0.464077778E-01  -0.638118237E-01   0.384419877E-02
   0.617666962E-02   0.613792688E-01  -0.740455016E-01   0.416007591E-02
   0.789114553E-02   0.788387135E-01  -0.821993947E-01   0.423619011E-02
   0.978834741E-02   0.982189104E-01  -0.866932049E-01   0.401941221E-02
   0.117907412E-01   0.118655197E+00  -0.863175094E-01   0.349067012E-02
   0.137957148E-01   0.138999403E+00  -0.806198269E-01   0.271033775E-02
   0.156281535E-01   0.157475710E+00  -0.683249608E-01   0.177981565E-02
   0.171083696E-01   0.172286525E+00  -0.496656597E-01   0.884662149E-03
   0.180921908E-01   0.182079345E+00  -0.263037514E-01   0.237834320E-03
   0.184360351E-01   0.185482413E+00  -0.505981674E-07   0.000000000E+00
