   0.303204381E-02   0.202583447E+00   0.000000000E+00   0.000000000E+00
   0.299328007E-02   0.198339745E+00   0.144595569E-01   0.115841074E-03
   0.288033229E-02   0.186279833E+00   0.273025632E-01   0.428176718E-03
   0.270443223E-02   0.167991251E+00   0.371476673E-01   0.845975592E-03
   0.247789663E-02   0.145681068E+00   0.433238484E-01   0.125672331E-02
   0.221735844E-02   0.121855572E+00   0.459763445E-01   0.158387015E-02
   0.193354860E-02   0.983677730E-01   0.452432968E-01   0.176606653E-02
   0.163607311E-02   0.766549408E-01   0.416567437E-01   0.179162866E-02
   0.134311197E-02   0.578432456E-01   0.364915989E-01   0.168997387E-02
   0.106289948E-02   0.421708934E-01   0.302607920E-01   0.149541313E-02
   0.805308227E-03   0.296432897E-01   0.236407463E-01   0.124252145E-02
   0.577927101E-03   0.199702457E-01   0.171394181E-01   0.947715074E-03
   0.396485033E-03   0.129655479E-01   0.118060522E-01   0.683467370E-03
   0.252079888E-03   0.797274429E-02   0.729459245E-02   0.441983371E-03
   0.146025515E-03   0.460280990E-02   0.388056785E-02   0.241881775E-03
   0.793427389E-04   0.254678074E-02   0.184863061E-02   0.114977360E-03
   0.383676088E-04   0.132921804E-02   0.650619506E-03   0.372504946E-04
   0.177490165E-04   0.691545603E-03   0.167321617E-03   0.705146294E-05
   0.867053950E-05   0.384612475E-03   0.573840298E-04   0.347766354E-05
   0.601066358E-05   0.262135873E-03   0.134452421E-03   0.139897029E-04
   0.554344524E-05   0.202745185E-03   0.229801153E-03   0.249920340E-04
   0.587536169E-05   0.181625088E-03   0.316763151E-03   0.356868768E-04
   0.553203563E-05   0.152797569E-03   0.323528744E-03   0.368832152E-04
   0.407581911E-05   0.107304142E-03   0.248775352E-03   0.294204965E-04
   0.341217537E-05   0.863630339E-04   0.216518281E-03   0.263914026E-04
   0.220797278E-05   0.548977659E-04   0.142826655E-03   0.178743521E-04
   0.138695907E-05   0.336535086E-04   0.884631736E-04   0.112725484E-04
   0.518174204E-06   0.130292938E-04   0.345357912E-04   0.466161146E-05
   0.295230279E-06   0.734293644E-05   0.198337566E-04   0.269824136E-05
   0.871858674E-07   0.249807522E-05   0.652543986E-05   0.106468076E-05
   0.540078782E-08   0.192087143E-06   0.382908325E-06   0.842144416E-07
   0.154528959E-07   0.227109950E-06   0.335978740E-06   0.749409210E-07
   0.645914255E-07   0.119296351E-05   0.324516736E-05   0.417311071E-06
   0.602637087E-07   0.132738967E-05   0.415128579E-05   0.537824405E-06
   0.437385701E-07   0.903733337E-06   0.278841753E-05   0.346048751E-06
   0.425242632E-07   0.808936420E-06   0.232149841E-05   0.293295358E-06
   0.792441384E-07   0.139760516E-05   0.337505571E-05   0.509004622E-06
   0.614954985E-07   0.105353149E-05   0.251758320E-05   0.379866464E-06
   0.134777327E-07   0.158737237E-06   0.302553531E-06   0.354039074E-07
   0.937455624E-08   0.703170144E-07   0.811781646E-07  -0.981961401E-09
   0.150670836E-07   0.126053379E-06  -0.244930533E-06   0.330452821E-07
   0.655983845E-08   0.729736627E-07   0.526239070E-07   0.215083045E-07
   0.427243663E-08   0.456706530E-07  -0.103187432E-06   0.207035882E-07
   0.490097296E-09   0.181584703E-07  -0.278754122E-07   0.149268047E-07
   0.823918933E-09   0.120479662E-07   0.163226090E-07   0.515947862E-08
   0.478321072E-08   0.586238791E-07  -0.143446897E-06   0.311630259E-07
   0.805419642E-08   0.111808355E-06  -0.295788738E-06   0.678101983E-07
   0.130486999E-07   0.243466360E-06   0.414016739E-06   0.107809605E-06
   0.234322304E-07   0.291868986E-06  -0.118007858E-05   0.189276349E-06
   0.163708791E-08   0.269113816E-07   0.803254707E-07   0.911090581E-08
   0.208213464E-07   0.173915510E-06  -0.830728879E-06   0.813995271E-07
   0.350593332E-07   0.388631207E-06  -0.187681519E-05   0.253076735E-06
   0.183988487E-07   0.161288554E-06  -0.872575185E-06   0.909094666E-07
   0.346979441E-07   0.305867616E-06  -0.147187598E-05   0.151139730E-06
   0.556602835E-07   0.654096311E-06  -0.312763359E-05   0.459338025E-06
   0.775313111E-07   0.834436548E-06  -0.383988163E-05   0.507983259E-06
   0.879316744E-07   0.931696263E-06  -0.432345269E-05   0.561271804E-06
   0.836182323E-07   0.840872076E-06  -0.418461423E-05   0.509394170E-06
   0.474505839E-07   0.496097186E-06  -0.225067492E-05   0.291247602E-06
   0.100957305E-07   0.925482340E-07  -0.317641138E-06   0.394568040E-07
   0.897883190E-08   0.119556120E-06  -0.355739871E-06   0.777596156E-07
   0.133565294E-06   0.149255266E-05  -0.664818663E-05   0.932851322E-06
   0.476146795E-06   0.513427085E-05  -0.239370856E-04   0.327297789E-05
   0.116052627E-05   0.119925471E-04  -0.562385467E-04   0.729468320E-05
   0.237754375E-05   0.238649845E-04  -0.112509813E-03   0.142764193E-04
   0.429870124E-05   0.415908980E-04  -0.196225781E-03   0.240834124E-04
   0.610945835E-05   0.573029938E-04  -0.264184579E-03   0.315568650E-04
   0.916172576E-05   0.822273578E-04  -0.369002752E-03   0.418771051E-04
   0.112692251E-04   0.969799439E-04  -0.405271741E-03   0.447489838E-04
   0.141093078E-04   0.114634211E-03  -0.424331025E-03   0.448600586E-04
   0.155336893E-04   0.116711024E-03  -0.310760486E-03   0.319391766E-04
   0.192979569E-04   0.131932087E-03  -0.166383499E-03   0.166069403E-04
   0.294572146E-04   0.187181475E-03  -0.766169251E-04   0.777516561E-05
   0.540656656E-04   0.337271078E-03  -0.172513915E-03   0.162537290E-04
   0.108964567E-03   0.684070692E-03  -0.838564360E-03   0.731704349E-04
   0.211879262E-03   0.133754092E-02  -0.229881005E-02   0.189822909E-03
   0.387875043E-03   0.245168107E-02  -0.487551279E-02   0.381068181E-03
   0.660369173E-03   0.416950416E-02  -0.858190935E-02   0.634231605E-03
   0.106507470E-02   0.671478361E-02  -0.136650195E-01   0.956212345E-03
   0.163331442E-02   0.102949655E-01  -0.200022217E-01   0.131573435E-02
   0.237771240E-02   0.150129423E-01  -0.267620180E-01   0.165726570E-02
   0.333090546E-02   0.210961252E-01  -0.338253304E-01   0.196732953E-02
   0.449647894E-02   0.285946317E-01  -0.403390005E-01   0.218459289E-02
   0.586761814E-02   0.374740176E-01  -0.455411524E-01   0.227015861E-02
   0.743025681E-02   0.476091839E-01  -0.490650460E-01   0.219878554E-02
   0.910353009E-02   0.584496632E-01  -0.495896637E-01   0.194137322E-02
   0.108081894E-01   0.694323108E-01  -0.468850769E-01   0.153486629E-02
   0.123894857E-01   0.795375034E-01  -0.401108190E-01   0.101850298E-02
   0.136942565E-01   0.878088176E-01  -0.294944737E-01   0.512766186E-03
   0.145602785E-01   0.932614133E-01  -0.156794768E-01   0.138536721E-03
   0.148638468E-01   0.951607227E-01  -0.361354431E-07   0.000000000E+00
