   0.121819937E+01   0.240268469E+01   0.135852176E-06   0.000000000E+00
   0.120281100E+01   0.237571907E+01   0.123284049E+00   0.772398431E-03
   0.115945101E+01   0.229923463E+01   0.236667648E+00   0.295245997E-02
   0.109129012E+01   0.217907524E+01   0.331760108E+00   0.618962431E-02
   0.100602770E+01   0.202741933E+01   0.403712779E+00   0.996383466E-02
   0.910042644E+00   0.185534644E+01   0.450636476E+00   0.137739666E-01
   0.810121059E+00   0.167448258E+01   0.473834515E+00   0.172008537E-01
   0.712215424E+00   0.149508619E+01   0.476976991E+00   0.199398044E-01
   0.620270967E+00   0.132393241E+01   0.464566469E+00   0.217642095E-01
   0.536531210E+00   0.116602445E+01   0.441272020E+00   0.229649991E-01
   0.462363571E+00   0.102361107E+01   0.411303192E+00   0.234290287E-01
   0.398118943E+00   0.897718728E+00   0.378348619E+00   0.232752692E-01
   0.343057036E+00   0.787599802E+00   0.344669670E+00   0.227235779E-01
   0.296029598E+00   0.691508353E+00   0.311691493E+00   0.220013000E-01
   0.256526113E+00   0.608840466E+00   0.280876219E+00   0.209590029E-01
   0.222934827E+00   0.536887407E+00   0.252208561E+00   0.199256670E-01
   0.194645762E+00   0.474868774E+00   0.226253033E+00   0.188493691E-01
   0.170679048E+00   0.421114564E+00   0.202850565E+00   0.178113803E-01
   0.150137618E+00   0.373950273E+00   0.181630194E+00   0.168056320E-01
   0.132664338E+00   0.333004504E+00   0.162685290E+00   0.157906823E-01
   0.117584243E+00   0.296955675E+00   0.145677269E+00   0.149102751E-01
   0.104491226E+00   0.265063167E+00   0.130304471E+00   0.138545586E-01
   0.930331275E-01   0.236731917E+00   0.116400108E+00   0.130446907E-01
   0.829998255E-01   0.211525008E+00   0.103865020E+00   0.121948766E-01
   0.741603822E-01   0.189081073E+00   0.925086886E-01   0.114495000E-01
   0.663255081E-01   0.168921664E+00   0.822580606E-01   0.107484143E-01
   0.593784787E-01   0.150905892E+00   0.729370639E-01   0.100052077E-01
   0.532080345E-01   0.134798393E+00   0.645365939E-01   0.925868377E-02
   0.476742871E-01   0.120234661E+00   0.568920933E-01   0.864235032E-02
   0.427416861E-01   0.107261419E+00   0.500563756E-01   0.799385272E-02
   0.383526571E-01   0.955958143E-01   0.439236648E-01   0.742508657E-02
   0.344219394E-01   0.851650983E-01   0.383996964E-01   0.689042173E-02
   0.309058372E-01   0.758118555E-01   0.334594846E-01   0.643561548E-02
   0.277480483E-01   0.674305409E-01   0.289668776E-01   0.595874712E-02
   0.249566082E-01   0.600369461E-01   0.250684787E-01   0.552946841E-02
   0.224781446E-01   0.534487590E-01   0.215974674E-01   0.514583802E-02
   0.202656519E-01   0.476029664E-01   0.184700154E-01   0.479003880E-02
   0.183168761E-01   0.424681008E-01   0.157534145E-01   0.447488530E-02
   0.166120846E-01   0.379815996E-01   0.133839650E-01   0.421420392E-02
   0.151077742E-01   0.340472981E-01   0.112272091E-01   0.395812001E-02
   0.138030425E-01   0.306717474E-01   0.934992544E-02   0.371814216E-02
   0.126930699E-01   0.277977288E-01   0.772796897E-02   0.354948337E-02
   0.117397271E-01   0.253735576E-01   0.627145125E-02   0.334634143E-02
   0.109471297E-01   0.233714357E-01   0.494834827E-02   0.318594184E-02
   0.103042256E-01   0.217893329E-01   0.377011951E-02   0.304842647E-02
   0.979445502E-02   0.205801409E-01   0.270716776E-02   0.291652069E-02
   0.940977875E-02   0.197117813E-01   0.166128215E-02   0.277239061E-02
   0.916099828E-02   0.192172453E-01   0.693575537E-03   0.267500128E-02
   0.902938843E-02   0.190386586E-01  -0.222226372E-03   0.258931122E-02
   0.901431497E-02   0.192054436E-01  -0.120945566E-02   0.249535986E-02
   0.911075715E-02   0.196873434E-01  -0.220999843E-02   0.240019360E-02
   0.930947810E-02   0.205017179E-01  -0.321338046E-02   0.232646661E-02
   0.961550139E-02   0.216710828E-01  -0.430307258E-02   0.224794587E-02
   0.100468937E-01   0.231887531E-01  -0.553665031E-02   0.215184991E-02
   0.105825849E-01   0.250618160E-01  -0.683909981E-02   0.210982864E-02
   0.112180356E-01   0.273231752E-01  -0.825217646E-02   0.204775692E-02
   0.119739771E-01   0.299954154E-01  -0.983133912E-02   0.195135886E-02
   0.128380628E-01   0.330755599E-01  -0.115500623E-01   0.191251317E-02
   0.138302231E-01   0.366422720E-01  -0.134826945E-01   0.186384632E-02
   0.149314953E-01   0.407074206E-01  -0.155767882E-01   0.181057816E-02
   0.161415655E-01   0.452919826E-01  -0.178348031E-01   0.173252891E-02
   0.174938943E-01   0.504524447E-01  -0.203720946E-01   0.174300862E-02
   0.189782437E-01   0.562728755E-01  -0.231375862E-01   0.170761533E-02
   0.206065942E-01   0.628214702E-01  -0.261676181E-01   0.164263358E-02
   0.223746039E-01   0.701205283E-01  -0.294722375E-01   0.163786521E-02
   0.243050642E-01   0.783564523E-01  -0.330312178E-01   0.147778494E-02
   0.263976175E-01   0.875186026E-01  -0.369463973E-01   0.148084166E-02
   0.286656488E-01   0.977317467E-01  -0.412145890E-01   0.153793511E-02
   0.311737489E-01   0.109327577E+00  -0.458519235E-01   0.138312881E-02
   0.339083411E-01   0.122312911E+00  -0.509478264E-01   0.134497206E-02
   0.369167142E-01   0.137017533E+00  -0.565570556E-01   0.136447523E-02
   0.402259380E-01   0.153659940E+00  -0.627132654E-01   0.145703531E-02
   0.439165793E-01   0.172564998E+00  -0.694723427E-01   0.147838413E-02
   0.480700508E-01   0.194331169E+00  -0.769403055E-01   0.148618128E-02
   0.526604652E-01   0.219143942E+00  -0.851440206E-01   0.171730621E-02
   0.578702688E-01   0.247783631E+00  -0.941156000E-01   0.185041490E-02
   0.637307093E-01   0.280891299E+00  -0.103856616E+00   0.209735660E-02
   0.704070181E-01   0.319514483E+00  -0.114402562E+00   0.239590555E-02
   0.779594779E-01   0.363977641E+00  -0.125397250E+00   0.254577165E-02
   0.862090886E-01   0.415302575E+00  -0.136556804E+00   0.312687061E-02
   0.956277996E-01   0.473887146E+00  -0.147245139E+00   0.318993605E-02
   0.105749555E+00   0.539981365E+00  -0.156581521E+00   0.342205190E-02
   0.116701029E+00   0.613893807E+00  -0.163649216E+00   0.352546852E-02
   0.128261492E+00   0.693233728E+00  -0.166699141E+00   0.327312644E-02
   0.139952898E+00   0.777402341E+00  -0.164573044E+00   0.300193345E-02
   0.151338622E+00   0.861727059E+00  -0.155533597E+00   0.250299321E-02
   0.161881328E+00   0.942272782E+00  -0.138645157E+00   0.187472685E-02
   0.171173885E+00   0.101332104E+01  -0.113499478E+00   0.116996479E-02
   0.178108558E+00   0.106988847E+01  -0.807282552E-01   0.579076353E-03
   0.182773709E+00   0.110625708E+01  -0.420067050E-01   0.151211134E-03
   0.184268162E+00   0.111819768E+01  -0.103630811E-06   0.000000000E+00
