   0.222452745E+00   0.770856559E+00   0.000000000E+00   0.000000000E+00
   0.221685037E+00   0.769433916E+00   0.651899427E-01   0.439842581E-03
   0.219187632E+00   0.764770210E+00   0.128682107E+00   0.174078613E-02
   0.215299532E+00   0.757744789E+00   0.188953191E+00   0.383842015E-02
   0.210102051E+00   0.747701108E+00   0.244670197E+00   0.659461739E-02
   0.203711003E+00   0.735360801E+00   0.294711232E+00   0.992568303E-02
   0.196321726E+00   0.719713688E+00   0.338272065E+00   0.135234799E-01
   0.187842458E+00   0.701096654E+00   0.374414980E+00   0.174586233E-01
   0.179009259E+00   0.680877924E+00   0.403617144E+00   0.213176515E-01
   0.169732332E+00   0.658491433E+00   0.425601065E+00   0.251008049E-01
   0.160228252E+00   0.634150863E+00   0.440668344E+00   0.285273530E-01
   0.150564954E+00   0.608172476E+00   0.449158877E+00   0.319131464E-01
   0.141100541E+00   0.581218123E+00   0.452071816E+00   0.346580669E-01
   0.131693065E+00   0.552551985E+00   0.449697107E+00   0.369762853E-01
   0.122559525E+00   0.523596823E+00   0.442422926E+00   0.387983657E-01
   0.113834232E+00   0.494286746E+00   0.431968719E+00   0.400602259E-01
   0.105278373E+00   0.463874876E+00   0.417642176E+00   0.409210026E-01
   0.972956195E-01   0.434495747E+00   0.401308358E+00   0.412206277E-01
   0.896819830E-01   0.405283034E+00   0.382771164E+00   0.409416370E-01
   0.824168473E-01   0.376105100E+00   0.362780750E+00   0.405140817E-01
   0.756174475E-01   0.347893327E+00   0.342041880E+00   0.398312807E-01
   0.692097172E-01   0.320857346E+00   0.320185751E+00   0.385014117E-01
   0.632185861E-01   0.294658363E+00   0.298441380E+00   0.371412486E-01
   0.575990677E-01   0.269602329E+00   0.276595861E+00   0.353468806E-01
   0.523890220E-01   0.245622233E+00   0.255834401E+00   0.338932537E-01
   0.474641025E-01   0.223205984E+00   0.234281421E+00   0.318625718E-01
   0.430057533E-01   0.202200472E+00   0.214806855E+00   0.298565961E-01
   0.387620069E-01   0.182375431E+00   0.195154101E+00   0.277912486E-01
   0.348963775E-01   0.164062291E+00   0.177092865E+00   0.257458612E-01
   0.313214175E-01   0.147027075E+00   0.159815565E+00   0.238878317E-01
   0.280347355E-01   0.131483614E+00   0.143546566E+00   0.217848681E-01
   0.250001624E-01   0.117101252E+00   0.128343076E+00   0.199958850E-01
   0.222666841E-01   0.104033828E+00   0.114604563E+00   0.183438659E-01
   0.197534040E-01   0.923095420E-01   0.101667985E+00   0.164693855E-01
   0.174637660E-01   0.815756470E-01   0.896141529E-01   0.149052031E-01
   0.154220173E-01   0.721313283E-01   0.791579261E-01   0.133329621E-01
   0.135675613E-01   0.635189638E-01   0.693148226E-01   0.120324250E-01
   0.119190821E-01   0.559404269E-01   0.603830740E-01   0.108344294E-01
   0.104742255E-01   0.493221842E-01   0.527197309E-01   0.970099587E-02
   0.916681811E-02   0.434058458E-01   0.453515649E-01   0.867475104E-02
   0.804181397E-02   0.384088755E-01   0.389286689E-01   0.767141534E-02
   0.706809945E-02   0.341025591E-01   0.329781808E-01   0.680483272E-02
   0.625452772E-02   0.304832719E-01   0.278095938E-01   0.606776820E-02
   0.557200518E-02   0.275051706E-01   0.231165234E-01   0.537367910E-02
   0.501689920E-02   0.251389146E-01   0.186336711E-01   0.473427353E-02
   0.459755678E-02   0.233273730E-01   0.147355236E-01   0.421019970E-02
   0.427923352E-02   0.220681727E-01   0.110309254E-01   0.368415006E-02
   0.409323443E-02   0.213087779E-01   0.737051945E-02   0.326413079E-02
   0.400660560E-02   0.210333373E-01   0.384417619E-02   0.285273162E-02
   0.402055401E-02   0.212365072E-01   0.567670038E-03   0.252662087E-02
   0.413054740E-02   0.219285712E-01  -0.295446580E-02   0.213630591E-02
   0.433226908E-02   0.231508389E-01  -0.645271922E-02   0.177740993E-02
   0.462715002E-02   0.247604921E-01  -0.998496450E-02   0.152471103E-02
   0.501360372E-02   0.268963575E-01  -0.137201138E-01   0.134067086E-02
   0.548528181E-02   0.295248590E-01  -0.177531354E-01   0.107988773E-02
   0.604385836E-02   0.325776152E-01  -0.220313575E-01   0.924970489E-03
   0.665112026E-02   0.362285003E-01  -0.264000092E-01   0.674981449E-03
   0.733634783E-02   0.403625704E-01  -0.310711060E-01   0.419672113E-03
   0.809166301E-02   0.449915268E-01  -0.360497721E-01   0.278354099E-03
   0.889328774E-02   0.502751917E-01  -0.411958881E-01   0.668752500E-05
   0.974536873E-02   0.559915155E-01  -0.466214456E-01  -0.392586517E-04
   0.106535070E-01   0.624436624E-01  -0.523176901E-01  -0.293809426E-03
   0.116148209E-01   0.695799515E-01  -0.582686737E-01  -0.702036719E-03
   0.125571750E-01   0.771021694E-01  -0.641635582E-01  -0.821039896E-03
   0.135452608E-01   0.854117349E-01  -0.702961609E-01  -0.113315030E-02
   0.145280566E-01   0.941955224E-01  -0.765245855E-01  -0.124261528E-02
   0.155058280E-01   0.103693537E+00  -0.826820582E-01  -0.149021717E-02
   0.164871011E-01   0.113793157E+00  -0.888474807E-01  -0.186590874E-02
   0.174189396E-01   0.124571651E+00  -0.947896466E-01  -0.215520035E-02
   0.182836335E-01   0.135808453E+00  -0.100320309E+00  -0.244145398E-02
   0.191127080E-01   0.147557616E+00  -0.105766386E+00  -0.265777437E-02
   0.198798515E-01   0.160128295E+00  -0.110695854E+00  -0.311261369E-02
   0.205425434E-01   0.172804683E+00  -0.115194865E+00  -0.322440173E-02
   0.211161748E-01   0.186113164E+00  -0.118814528E+00  -0.364882266E-02
   0.215669721E-01   0.199519888E+00  -0.121844821E+00  -0.379934348E-02
   0.218837913E-01   0.213109389E+00  -0.123963855E+00  -0.384158269E-02
   0.220896266E-01   0.226897806E+00  -0.124993324E+00  -0.399599411E-02
   0.221286677E-01   0.240652040E+00  -0.124941804E+00  -0.388791482E-02
   0.220852271E-01   0.254379660E+00  -0.123654738E+00  -0.393692404E-02
   0.218923837E-01   0.267608464E+00  -0.121009111E+00  -0.381620810E-02
   0.214996710E-01   0.280961543E+00  -0.117052503E+00  -0.327605428E-02
   0.211039782E-01   0.292928815E+00  -0.111384489E+00  -0.311901979E-02
   0.205789730E-01   0.305078089E+00  -0.104350023E+00  -0.265175942E-02
   0.199651867E-01   0.315968543E+00  -0.956745148E-01  -0.214480911E-02
   0.193634722E-01   0.325548828E+00  -0.854260549E-01  -0.171021267E-02
   0.187928975E-01   0.333968610E+00  -0.737595111E-01  -0.129767985E-02
   0.182326846E-01   0.341229886E+00  -0.607650802E-01  -0.865713344E-03
   0.177944768E-01   0.347157955E+00  -0.466560163E-01  -0.514273532E-03
   0.174263660E-01   0.351523310E+00  -0.316349529E-01  -0.232436578E-03
   0.171797816E-01   0.353822947E+00  -0.159707777E-01  -0.588947223E-04
   0.170941446E-01   0.355113775E+00  -0.372699027E-07   0.000000000E+00
