   0.260019256E-02   0.368402272E+00  -0.510301468E-09   0.000000000E+00
   0.259765284E-02   0.362751424E+00   0.228909552E-01   0.171914886E-03
   0.258678198E-02   0.346696675E+00   0.440043993E-01   0.649157329E-03
   0.256335991E-02   0.321430892E+00   0.613529161E-01   0.133098324E-02
   0.251980405E-02   0.289783835E+00   0.743270516E-01   0.208743149E-02
   0.244508684E-02   0.254045486E+00   0.820295140E-01   0.278243166E-02
   0.233618007E-02   0.217126548E+00   0.850951523E-01   0.335445511E-02
   0.218723807E-02   0.181038707E+00   0.838862136E-01   0.371077866E-02
   0.199594675E-02   0.147212163E+00   0.788447261E-01   0.382845663E-02
   0.177573110E-02   0.117017157E+00   0.714972317E-01   0.375523604E-02
   0.152434898E-02   0.906101465E-01   0.618169047E-01   0.347642717E-02
   0.126417272E-02   0.684279799E-01   0.513669401E-01   0.309375091E-02
   0.101702672E-02   0.505004488E-01   0.414022058E-01   0.264683343E-02
   0.775942928E-03   0.360155478E-01   0.312741734E-01   0.210672407E-02
   0.568482152E-03   0.249545760E-01   0.226049386E-01   0.159312040E-02
   0.394929375E-03   0.166806355E-01   0.153283644E-01   0.112894492E-02
   0.258329412E-03   0.107239531E-01   0.962459762E-02   0.733845285E-03
   0.156416179E-03   0.658556866E-02   0.540487189E-02   0.420105964E-03
   0.879181098E-04   0.389015395E-02   0.267993612E-02   0.208201353E-03
   0.460335723E-04   0.223581446E-02   0.113288208E-02   0.844705428E-04
   0.208498623E-04   0.125709467E-02   0.291843171E-03   0.161960816E-04
   0.103299153E-04   0.756240624E-03   0.867205163E-04   0.467696555E-05
   0.645745149E-05   0.513691048E-03   0.127689374E-03   0.159678239E-04
   0.634411481E-05   0.416957511E-03   0.292549114E-03   0.402839287E-04
   0.701636600E-05   0.359204103E-03   0.427592255E-03   0.587220857E-04
   0.763242861E-05   0.324350054E-03   0.512033992E-03   0.713771224E-04
   0.767395522E-05   0.286944123E-03   0.525044044E-03   0.734005807E-04
   0.681417760E-05   0.236127205E-03   0.475466950E-03   0.671229500E-04
   0.587668137E-05   0.193365981E-03   0.413586269E-03   0.592963697E-04
   0.404464845E-05   0.130578963E-03   0.286025286E-03   0.422675221E-04
   0.272257512E-05   0.866182600E-04   0.193804095E-03   0.293082758E-04
   0.180396455E-05   0.570768971E-04   0.131253197E-03   0.203365307E-04
   0.860569173E-06   0.283300815E-04   0.650735310E-04   0.108599424E-04
   0.420100321E-06   0.141898336E-04   0.316854494E-04   0.556879104E-05
   0.120174093E-06   0.384721579E-05   0.816149714E-05   0.135096184E-05
   0.509777003E-07   0.102131048E-05   0.742485042E-06   0.219365631E-06
   0.127998456E-07   0.341931411E-06   0.843988801E-06   0.129823690E-06
   0.211022080E-07   0.545662829E-06   0.146615639E-05   0.232694887E-06
   0.147186476E-07   0.384601236E-06   0.859128761E-06   0.152512058E-06
   0.446038264E-07   0.150298115E-05   0.349008565E-05   0.774202078E-06
   0.877937438E-07   0.287750004E-05   0.651782921E-05   0.149289053E-05
   0.523791392E-07   0.189197704E-05   0.341652412E-05   0.111516658E-05
   0.112823940E-06   0.364579842E-05   0.720708931E-05   0.201292437E-05
   0.676693048E-07   0.281905682E-05   0.541869213E-05   0.164261098E-05
   0.250089958E-07   0.137158247E-05   0.139693225E-05   0.968916197E-06
   0.716511437E-07   0.256367639E-05   0.101958653E-05   0.181979794E-05
   0.695721738E-07   0.178839105E-05  -0.417223691E-05   0.144254466E-05
   0.105985542E-06   0.245327442E-05  -0.617124442E-05   0.194103973E-05
   0.662090969E-07   0.162910283E-05  -0.392188895E-05   0.130994567E-05
   0.975976420E-07   0.168066788E-05  -0.592303377E-05   0.123947632E-05
   0.112569069E-06   0.211711426E-05  -0.619256161E-05   0.160848413E-05
   0.198928987E-06   0.291679521E-05  -0.113085534E-04   0.201820785E-05
   0.830280058E-07   0.118128355E-05  -0.473862883E-05   0.802187344E-06
   0.124484512E-07   0.179608577E-06  -0.209974942E-06   0.105666857E-06
   0.261362167E-07   0.280543418E-06  -0.422232603E-06   0.845157331E-07
   0.680321364E-07   0.917277646E-06  -0.311456733E-05   0.454592538E-06
   0.318850141E-06   0.448600122E-05  -0.170905823E-04   0.278168932E-05
   0.615881675E-06   0.868973893E-05  -0.323813110E-04   0.517760509E-05
   0.183093402E-05   0.250175472E-04  -0.961991464E-04   0.150410551E-04
   0.280164545E-05   0.377332872E-04  -0.144119491E-03   0.222163708E-04
   0.520269896E-05   0.686780404E-04  -0.260088622E-03   0.385874409E-04
   0.712882729E-05   0.914126213E-04  -0.344755186E-03   0.496357934E-04
   0.975387138E-05   0.123490201E-03  -0.456021895E-03   0.653256429E-04
   0.118388061E-04   0.146955295E-03  -0.521138078E-03   0.731235486E-04
   0.155071393E-04   0.187144658E-03  -0.631658942E-03   0.850326178E-04
   0.163199475E-04   0.191583254E-03  -0.574181729E-03   0.770556580E-04
   0.180646039E-04   0.205039702E-03  -0.488696911E-03   0.630677459E-04
   0.199724254E-04   0.216490793E-03  -0.324503955E-03   0.426773222E-04
   0.251606980E-04   0.257249631E-03  -0.151600514E-03   0.202575247E-04
   0.380929305E-04   0.367823755E-03  -0.980050827E-04   0.127079720E-04
   0.664150793E-04   0.623187982E-03  -0.334734359E-03   0.370028538E-04
   0.122882193E-03   0.113829877E-02  -0.121544453E-02   0.125949417E-03
   0.224035335E-03   0.206088531E-02  -0.310026179E-02   0.306144910E-03
   0.383947656E-03   0.351499952E-02  -0.610471843E-02   0.580475549E-03
   0.617022859E-03   0.563899428E-02  -0.102366172E-01   0.932958385E-03
   0.956000527E-03   0.872784946E-02  -0.161054507E-01   0.140702014E-02
   0.142170617E-02   0.129999910E-01  -0.236693807E-01   0.195331778E-02
   0.201676390E-02   0.185307823E-01  -0.320735760E-01   0.251060980E-02
   0.276348344E-02   0.255803876E-01  -0.412255116E-01   0.306340982E-02
   0.368082989E-02   0.343860798E-01  -0.509065762E-01   0.357706612E-02
   0.476531405E-02   0.450182371E-01  -0.601627007E-01   0.397553574E-02
   0.601433916E-02   0.574913584E-01  -0.683598220E-01   0.423450209E-02
   0.741683319E-02   0.717511177E-01  -0.747709498E-01   0.428285263E-02
   0.895137992E-02   0.875358284E-01  -0.788649172E-01   0.411347952E-02
   0.105646411E-01   0.104277991E+00  -0.795858055E-01   0.369437947E-02
   0.121927401E-01   0.121233694E+00  -0.763591602E-01   0.307016913E-02
   0.137580466E-01   0.137508452E+00  -0.689237714E-01   0.228729122E-02
   0.151478490E-01   0.151925713E+00  -0.568940677E-01   0.145654485E-02
   0.162488911E-01   0.163278565E+00  -0.407154113E-01   0.708360982E-03
   0.169568378E-01   0.170562297E+00  -0.212364700E-01   0.187179641E-03
   0.172019061E-01   0.173064113E+00  -0.532190185E-07   0.000000000E+00
