   0.178416655E-02   0.113126904E+00   0.000000000E+00   0.000000000E+00
   0.176603533E-02   0.110744692E+00   0.868416112E-02   0.660326696E-04
   0.171207136E-02   0.103838697E+00   0.163584128E-01   0.243403701E-03
   0.162629946E-02   0.934111774E-01   0.221748240E-01   0.481177209E-03
   0.151234167E-02   0.808048546E-01   0.258131679E-01   0.713283662E-03
   0.137563411E-02   0.673684776E-01   0.272663310E-01   0.895563047E-03
   0.121950230E-02   0.542158447E-01   0.267007295E-01   0.995917479E-03
   0.104945060E-02   0.421596691E-01   0.245608091E-01   0.101299235E-02
   0.872843899E-03   0.317054205E-01   0.213672146E-01   0.955953263E-03
   0.698271091E-03   0.230398327E-01   0.176075120E-01   0.841683068E-03
   0.532822509E-03   0.161268562E-01   0.136504769E-01   0.698582327E-03
   0.387078151E-03   0.108630192E-01   0.997815188E-02   0.539753994E-03
   0.263873168E-03   0.698080845E-02   0.672896672E-02   0.382768223E-03
   0.168524944E-03   0.427705515E-02   0.418269029E-02   0.247863238E-03
   0.977700984E-04   0.245496933E-02   0.225898274E-02   0.137876268E-03
   0.513647210E-04   0.132527936E-02   0.103058293E-02   0.629235656E-04
   0.248980814E-04   0.687364955E-03   0.391295180E-03   0.226039665E-04
   0.103675666E-04   0.344153668E-03   0.766711601E-04   0.258006094E-05
   0.498919189E-05   0.191429383E-03   0.278991120E-04   0.154400516E-05
   0.355460725E-05   0.133865804E-03   0.704600170E-04   0.748756383E-05
   0.353917540E-05   0.107663684E-03   0.124242826E-03   0.135052696E-04
   0.381748987E-05   0.969548419E-04   0.166287267E-03   0.188832510E-04
   0.375019431E-05   0.843662565E-04   0.174220389E-03   0.200318882E-04
   0.296490339E-05   0.624397726E-04   0.140306278E-03   0.164637968E-04
   0.205833771E-05   0.426870138E-04   0.102365782E-03   0.126638024E-04
   0.135321693E-05   0.272359666E-04   0.677128555E-04   0.848947366E-05
   0.878565061E-06   0.170782932E-04   0.432105880E-04   0.543113629E-05
   0.429221416E-06   0.868100688E-05   0.225405711E-04   0.303682305E-05
   0.892548115E-07   0.190873629E-05   0.471356270E-05   0.691703008E-06
   0.155711728E-07   0.413646831E-06   0.875301737E-06   0.187089270E-06
   0.355395002E-08   0.780729366E-07   0.182287092E-07   0.460471092E-07
   0.365408077E-07   0.517777778E-06   0.104481421E-05   0.186542735E-06
   0.210917115E-07   0.283285800E-06   0.621651679E-06   0.920978138E-07
   0.633589821E-07   0.103622995E-05   0.282540077E-05   0.379780715E-06
   0.577206301E-07   0.895135543E-06   0.251686311E-05   0.313740770E-06
   0.386056911E-07   0.643362171E-06   0.193319192E-05   0.239722908E-06
   0.199230445E-07   0.310724801E-06   0.957885050E-06   0.109278893E-06
   0.142384335E-07   0.171334932E-06   0.524603877E-06   0.440893935E-07
   0.241372060E-07   0.298632955E-06   0.585844703E-06   0.996858205E-07
   0.176953314E-07   0.198578121E-06   0.498573627E-06   0.541664207E-07
   0.117605916E-07   0.135395297E-06   0.217104954E-06   0.454808138E-07
   0.510157960E-08   0.627815879E-07   0.113694782E-06   0.225208403E-07
   0.726159266E-08   0.115047264E-06   0.342949676E-06   0.435100951E-07
   0.371269127E-08   0.497085253E-07   0.135851877E-06   0.180842843E-07
   0.154525570E-08   0.208065067E-07  -0.593045293E-07   0.149796442E-07
   0.625578422E-09   0.117048833E-07  -0.312188249E-07   0.942762757E-08
   0.271870704E-08   0.419828723E-07  -0.128620513E-06   0.330343930E-07
   0.769150355E-09   0.167496434E-07   0.463089584E-07   0.790856181E-08
   0.758136309E-08   0.710563341E-07  -0.113848934E-06   0.333011947E-07
   0.335069217E-07   0.314128982E-06  -0.976655201E-06   0.180762925E-06
   0.514973353E-08   0.272502110E-07  -0.154646216E-06   0.112986029E-07
   0.500030488E-07   0.421207858E-06  -0.152082976E-05   0.233738575E-06
   0.150196957E-07   0.947874668E-07  -0.288414924E-06   0.297557072E-07
   0.535336397E-07   0.430563603E-06  -0.189275136E-05   0.254724227E-06
   0.315765014E-07   0.234039803E-06  -0.111986367E-05   0.133406502E-06
   0.311830384E-07   0.232754317E-06  -0.119618596E-05   0.144394107E-06
   0.128221131E-06   0.107022447E-05  -0.505595608E-05   0.692685433E-06
   0.610128481E-07   0.492657136E-06  -0.245569959E-05   0.329030541E-06
   0.681796308E-07   0.553561904E-06  -0.271444128E-05   0.364922357E-06
   0.103237205E-07   0.988571998E-07  -0.207406558E-06   0.487562986E-07
   0.399418854E-08   0.605153403E-07  -0.947066710E-07   0.445304771E-07
   0.467166075E-07   0.435307896E-06  -0.179092626E-05   0.307058059E-06
   0.273225652E-06   0.217803790E-05  -0.101532651E-04   0.138928567E-05
   0.911954942E-06   0.692537560E-05  -0.327504786E-04   0.418451873E-05
   0.160395018E-05   0.119004735E-04  -0.560880180E-04   0.705598222E-05
   0.325834026E-05   0.233380379E-04  -0.110038789E-03   0.133120748E-04
   0.475253819E-05   0.328957867E-04  -0.153123270E-03   0.180260940E-04
   0.681609663E-05   0.453407920E-04  -0.205261647E-03   0.231623071E-04
   0.886710495E-05   0.566654489E-04  -0.243023416E-03   0.267576452E-04
   0.992868627E-05   0.599364248E-04  -0.225309515E-03   0.240417285E-04
   0.108288104E-04   0.600968706E-04  -0.164025783E-03   0.165699221E-04
   0.133902040E-04   0.674437615E-04  -0.911810712E-04   0.903314412E-05
   0.200828472E-04   0.935432035E-04  -0.361318744E-04   0.380821893E-05
   0.380256897E-04   0.173793291E-03  -0.124304483E-03   0.117010177E-04
   0.778438844E-04   0.358493504E-03  -0.518895220E-03   0.452157547E-04
   0.153626941E-03   0.712136738E-03  -0.138838554E-02   0.113270624E-03
   0.284164591E-03   0.131865474E-02  -0.291363895E-02   0.224520962E-03
   0.491784594E-03   0.227752514E-02  -0.523838308E-02   0.381938531E-03
   0.797556888E-03   0.368481362E-02  -0.833520480E-02   0.573469151E-03
   0.122097624E-02   0.563485781E-02  -0.120389108E-01   0.780990347E-03
   0.178601756E-02   0.825174060E-02  -0.162295159E-01   0.988485059E-03
   0.250765984E-02   0.116200773E-01  -0.205697399E-01   0.116989249E-02
   0.338553800E-02   0.157558657E-01  -0.244820435E-01   0.129438366E-02
   0.443253852E-02   0.207184143E-01  -0.278682336E-01   0.135135907E-02
   0.561100477E-02   0.263292585E-01  -0.298956838E-01   0.130503136E-02
   0.688853674E-02   0.324049033E-01  -0.303194895E-01   0.115834689E-02
   0.819159206E-02   0.385683030E-01  -0.287003685E-01   0.913157011E-03
   0.940823928E-02   0.442823656E-01  -0.245926920E-01   0.608205155E-03
   0.104151648E-01   0.489687920E-01  -0.181068610E-01   0.306326401E-03
   0.110852541E-01   0.520664826E-01  -0.962950382E-02   0.828065240E-04
   0.113197276E-01   0.531443618E-01  -0.224170940E-07   0.000000000E+00
