   0.190032041E-02   0.300043494E+00   0.000000000E+00   0.000000000E+00
   0.191050849E-02   0.295833498E+00   0.192540083E-01   0.137923285E-03
   0.193797739E-02   0.283298194E+00   0.369110517E-01   0.525108597E-03
   0.197220198E-02   0.263826042E+00   0.517334901E-01   0.108337565E-02
   0.200165203E-02   0.239187181E+00   0.629726648E-01   0.171003444E-02
   0.201264070E-02   0.211362660E+00   0.701641813E-01   0.231948914E-02
   0.198834017E-02   0.182204574E+00   0.731347054E-01   0.282202731E-02
   0.192360929E-02   0.153476670E+00   0.726348907E-01   0.315690227E-02
   0.181423628E-02   0.126409411E+00   0.691404790E-01   0.332466303E-02
   0.166413223E-02   0.101889998E+00   0.634359792E-01   0.331650744E-02
   0.147510692E-02   0.802313462E-01   0.558595136E-01   0.315496768E-02
   0.126126362E-02   0.617009364E-01   0.472908132E-01   0.284877117E-02
   0.104425312E-02   0.464144051E-01   0.387878306E-01   0.248065055E-02
   0.831584795E-03   0.340288915E-01   0.305458382E-01   0.206536893E-02
   0.629652932E-03   0.241656303E-01   0.227435101E-01   0.162464357E-02
   0.456769048E-03   0.166559741E-01   0.161680486E-01   0.121180865E-02
   0.311416487E-03   0.110325068E-01   0.106651811E-01   0.830405683E-03
   0.198745256E-03   0.701608323E-02   0.647125207E-02   0.521082373E-03
   0.120285789E-03   0.431734696E-02   0.365400128E-02   0.299828680E-03
   0.667086642E-04   0.254645525E-02   0.179356697E-02   0.147929444E-03
   0.336230551E-04   0.145892112E-02   0.718981784E-03   0.554234102E-04
   0.152800803E-04   0.836322259E-03   0.202668627E-03   0.121836547E-04
   0.700859209E-05   0.517147244E-03   0.508652847E-04   0.257849092E-05
   0.479098708E-05   0.374423631E-03   0.115460869E-03   0.155850557E-04
   0.519279865E-05   0.306213595E-03   0.225531418E-03   0.309620045E-04
   0.620905985E-05   0.280339853E-03   0.334475306E-03   0.474798471E-04
   0.690565503E-05   0.255205203E-03   0.392138580E-03   0.549201250E-04
   0.710003769E-05   0.235411251E-03   0.420501718E-03   0.619887287E-04
   0.583805922E-05   0.180844698E-03   0.347236608E-03   0.517698172E-04
   0.501797740E-05   0.147643514E-03   0.300341431E-03   0.455219124E-04
   0.379902508E-05   0.107172709E-03   0.224210395E-03   0.339039616E-04
   0.299342969E-05   0.819953493E-04   0.174880188E-03   0.267905125E-04
   0.180468578E-05   0.502516596E-04   0.110322326E-03   0.178370665E-04
   0.972978228E-06   0.269051179E-04   0.583027795E-04   0.952858318E-05
   0.472898677E-06   0.130638155E-04   0.282891033E-04   0.467167001E-05
   0.210419387E-06   0.559525915E-05   0.115403991E-04   0.189602724E-05
   0.843137045E-07   0.201599778E-05   0.407329526E-05   0.578362631E-06
   0.229114043E-07   0.455824306E-06   0.104105879E-05   0.863227356E-07
   0.163976264E-07   0.256629562E-06   0.389328932E-06   0.107866860E-06
   0.384246803E-07   0.958242254E-06   0.117291313E-05   0.583857400E-06
   0.530557109E-07   0.111336271E-05  -0.335640294E-06   0.786604744E-06
   0.717807609E-07   0.179294273E-05   0.499223574E-06   0.124403653E-05
   0.979663852E-07   0.260403249E-05   0.206122149E-05   0.170953683E-05
   0.112145486E-06   0.319558490E-05   0.271933254E-05   0.211174597E-05
   0.919998016E-07   0.246195782E-05  -0.511465657E-06   0.181778228E-05
   0.208028681E-06   0.409548238E-05  -0.408814412E-05   0.298153304E-05
   0.168531443E-06   0.325654923E-05  -0.584387544E-05   0.250752987E-05
   0.935623632E-07   0.272232410E-05   0.171597844E-05   0.186072771E-05
   0.642303846E-07   0.182007113E-05   0.154161029E-06   0.132216303E-05
   0.906510778E-07   0.180816573E-05  -0.240986174E-05   0.136832614E-05
   0.239583287E-07   0.749545563E-06  -0.692522804E-06   0.608422681E-06
   0.617476559E-07   0.914541317E-06  -0.292909317E-05   0.674725698E-06
   0.239228850E-07   0.268637109E-06  -0.411426043E-06   0.137936752E-06
   0.589142637E-07   0.628908481E-06  -0.127377984E-05   0.175330953E-06
   0.110555725E-06   0.111458189E-05  -0.383066026E-05   0.459874542E-06
   0.374493169E-06   0.423689698E-05  -0.149327034E-04   0.221626283E-05
   0.843643079E-06   0.963829461E-05  -0.352552124E-04   0.548319667E-05
   0.159731064E-05   0.177594593E-04  -0.634902244E-04   0.924477899E-05
   0.308698691E-05   0.343111824E-04  -0.125463106E-03   0.188472332E-04
   0.478847869E-05   0.528125674E-04  -0.192054693E-03   0.288411738E-04
   0.676848231E-05   0.737146256E-04  -0.267206138E-03   0.406225408E-04
   0.100918323E-04   0.108224165E-03  -0.383587845E-03   0.560075459E-04
   0.114907834E-04   0.120932084E-03  -0.414194627E-03   0.597336075E-04
   0.136579074E-04   0.140369884E-03  -0.453477027E-03   0.624940731E-04
   0.156805836E-04   0.159085102E-03  -0.465994701E-03   0.645389737E-04
   0.171034808E-04   0.168386672E-03  -0.408057123E-03   0.536392108E-04
   0.170121421E-04   0.160559823E-03  -0.246280193E-03   0.327213857E-04
   0.208966940E-04   0.187834652E-03  -0.132774861E-03   0.183807897E-04
   0.296851631E-04   0.250743731E-03  -0.540491164E-04   0.746106662E-05
   0.510113168E-04   0.412924448E-03  -0.209885649E-03   0.245762967E-04
   0.920032689E-04   0.730468892E-03  -0.697519397E-03   0.766562080E-04
   0.168871979E-03   0.132650300E-02  -0.191399071E-02   0.199579517E-03
   0.294001016E-03   0.229528430E-02  -0.398735376E-02   0.399348239E-03
   0.480487884E-03   0.373868342E-02  -0.698947441E-02   0.669942354E-03
   0.753424363E-03   0.585400406E-02  -0.113083385E-01   0.103466259E-02
   0.111713132E-02   0.868954323E-02  -0.165238958E-01   0.144300796E-02
   0.160915451E-02   0.125549100E-01  -0.232448727E-01   0.192741968E-02
   0.221635564E-02   0.174169093E-01  -0.303819273E-01   0.239287829E-02
   0.296249869E-02   0.235043019E-01  -0.380436741E-01   0.283780810E-02
   0.385538023E-02   0.309524126E-01  -0.458480120E-01   0.322445435E-02
   0.488876225E-02   0.397853851E-01  -0.531000197E-01   0.350995339E-02
   0.606052298E-02   0.500323176E-01  -0.593904443E-01   0.364838704E-02
   0.735183060E-02   0.615590513E-01  -0.640412867E-01   0.363636832E-02
   0.874477625E-02   0.741804615E-01  -0.666970909E-01   0.343914214E-02
   0.101892119E-01   0.874261409E-01  -0.665277243E-01   0.304803415E-02
   0.116384234E-01   0.100774728E+00  -0.633508414E-01   0.250468799E-02
   0.130181937E-01   0.113490589E+00  -0.567895584E-01   0.185224821E-02
   0.142345307E-01   0.124678604E+00  -0.466830656E-01   0.116849551E-02
   0.151911043E-01   0.133445963E+00  -0.332080461E-01   0.563748064E-03
   0.158066358E-01   0.139071360E+00  -0.173106957E-01   0.148455903E-03
   0.160202496E-01   0.141017854E+00  -0.425920277E-07   0.000000000E+00
