   0.832190961E-01   0.407066852E+00   0.000000000E+00   0.000000000E+00
   0.822056681E-01   0.402823865E+00   0.277994573E-01   0.196777881E-03
   0.795189664E-01   0.390998930E+00   0.535744391E-01   0.754579785E-03
   0.752420202E-01   0.372292191E+00   0.755822733E-01   0.160351337E-02
   0.699333623E-01   0.348609447E+00   0.928381681E-01   0.260750321E-02
   0.638531148E-01   0.321204305E+00   0.104798347E+00   0.368272210E-02
   0.575387292E-01   0.292236418E+00   0.111812972E+00   0.472134911E-02
   0.512997359E-01   0.262929291E+00   0.114472732E+00   0.562970713E-02
   0.453358106E-01   0.234234497E+00   0.113510370E+00   0.636886479E-02
   0.398702286E-01   0.207241848E+00   0.109970659E+00   0.689121941E-02
   0.349275544E-01   0.182275623E+00   0.104582056E+00   0.728619518E-02
   0.305343512E-01   0.159412220E+00   0.979960635E-01   0.743034901E-02
   0.266550276E-01   0.138801724E+00   0.907272398E-01   0.748138176E-02
   0.232728515E-01   0.120487414E+00   0.832376257E-01   0.741002709E-02
   0.203098878E-01   0.104262605E+00   0.757046863E-01   0.721579324E-02
   0.177194998E-01   0.899181888E-01   0.683413744E-01   0.692875125E-02
   0.154498508E-01   0.772873610E-01   0.612858422E-01   0.656608539E-02
   0.134586114E-01   0.662079677E-01   0.546235666E-01   0.616222247E-02
   0.117096025E-01   0.565365925E-01   0.483873934E-01   0.571603468E-02
   0.101674432E-01   0.481003672E-01   0.426162928E-01   0.526675722E-02
   0.878095720E-02   0.407454036E-01   0.371776596E-01   0.476239808E-02
   0.756519288E-02   0.343902931E-01   0.322529189E-01   0.423065433E-02
   0.649374351E-02   0.288552530E-01   0.277951974E-01   0.378854969E-02
   0.554944901E-02   0.241020881E-01   0.237782151E-01   0.332327303E-02
   0.471593812E-02   0.200311299E-01   0.201814584E-01   0.287071732E-02
   0.397969736E-02   0.165291373E-01   0.169543494E-01   0.246305275E-02
   0.333597162E-02   0.135390796E-01   0.140948314E-01   0.206246367E-02
   0.278627104E-02   0.110451933E-01   0.116643962E-01   0.172076840E-02
   0.230111950E-02   0.890413951E-02   0.947833434E-02   0.139643066E-02
   0.189283956E-02   0.713249203E-02   0.766138174E-02   0.113521481E-02
   0.153724034E-02   0.564627303E-02   0.606863480E-02   0.892268785E-03
   0.124006183E-02   0.443455111E-02   0.474412600E-02   0.681440753E-03
   0.994302682E-03   0.344635337E-02   0.366015686E-02   0.513746636E-03
   0.794477237E-03   0.265740464E-02   0.279563991E-02   0.381792983E-03
   0.622044900E-03   0.200586626E-02   0.205348688E-02   0.269319193E-03
   0.482955744E-03   0.150111690E-02   0.146556355E-02   0.177178881E-03
   0.370150519E-03   0.109589228E-02   0.100596331E-02   0.113506983E-03
   0.286678202E-03   0.807005039E-03   0.687062449E-03   0.697293508E-04
   0.215508117E-03   0.573332713E-03   0.421365141E-03   0.357497265E-04
   0.164303885E-03   0.406650070E-03   0.253137550E-03   0.185299523E-04
   0.124273880E-03   0.288743613E-03   0.131609151E-03   0.649660069E-05
   0.930154274E-04   0.199100250E-03   0.483035910E-04  -0.332810714E-06
   0.718423835E-04   0.141972370E-03   0.484096699E-05  -0.241188036E-05
   0.573501857E-04   0.102344369E-03  -0.165482161E-04  -0.328713099E-05
   0.487567304E-04   0.788980178E-04  -0.228676527E-04  -0.353415066E-05
   0.447231105E-04   0.689768058E-04  -0.221946066E-04  -0.503835827E-05
   0.466256715E-04   0.653681418E-04  -0.178952359E-04  -0.716121076E-05
   0.540023466E-04   0.731429027E-04  -0.241266844E-04  -0.101768037E-04
   0.666706328E-04   0.887688875E-04  -0.383645638E-04  -0.145699796E-04
   0.862828747E-04   0.117872005E-03  -0.704638660E-04  -0.190146493E-04
   0.113978429E-03   0.158549883E-03  -0.128500731E-03  -0.224830928E-04
   0.153278263E-03   0.219047361E-03  -0.229625002E-03  -0.216863555E-04
   0.203383242E-03   0.303710985E-03  -0.364346051E-03  -0.181392079E-04
   0.270402845E-03   0.419485499E-03  -0.559017062E-03  -0.801397255E-05
   0.354671007E-03   0.568856136E-03  -0.811957929E-03   0.977786203E-05
   0.459188945E-03   0.765370671E-03  -0.113875256E-02   0.394666349E-04
   0.587493356E-03   0.100866042E-02  -0.153643091E-02   0.775645676E-04
   0.750509207E-03   0.133369199E-02  -0.205741706E-02   0.130574976E-03
   0.944314525E-03   0.172945915E-02  -0.267772516E-02   0.201709670E-03
   0.117292698E-02   0.221148692E-02  -0.339628104E-02   0.277048821E-03
   0.144890707E-02   0.279793399E-02  -0.427760882E-02   0.393158552E-03
   0.177107949E-02   0.352464151E-02  -0.528442534E-02   0.490290404E-03
   0.214474509E-02   0.437787594E-02  -0.644925376E-02   0.632162846E-03
   0.257558841E-02   0.540021760E-02  -0.776905240E-02   0.768401718E-03
   0.307761878E-02   0.660300022E-02  -0.929505564E-02   0.945742242E-03
   0.361805060E-02   0.798583589E-02  -0.108793015E-01   0.111026771E-02
   0.424245186E-02   0.962047558E-02  -0.126890363E-01   0.128380256E-02
   0.494122319E-02   0.115270084E-01  -0.146824224E-01   0.146965403E-02
   0.571697438E-02   0.137414513E-01  -0.168343242E-01   0.163076096E-02
   0.657256274E-02   0.162977371E-01  -0.191558599E-01   0.182651333E-02
   0.751306117E-02   0.192517079E-01  -0.216260906E-01   0.195885054E-02
   0.852967519E-02   0.226297844E-01  -0.242045112E-01   0.212987885E-02
   0.965239387E-02   0.265275054E-01  -0.269625597E-01   0.223998260E-02
   0.108728474E-01   0.309877265E-01  -0.298558604E-01   0.237691752E-02
   0.121854916E-01   0.360722840E-01  -0.327956788E-01   0.246552029E-02
   0.136188567E-01   0.418859571E-01  -0.358490944E-01   0.252622389E-02
   0.151636628E-01   0.485253073E-01  -0.388957448E-01   0.256813131E-02
   0.168485902E-01   0.560949966E-01  -0.419780500E-01   0.257174880E-02
   0.186675340E-01   0.645726621E-01  -0.449360758E-01   0.248572417E-02
   0.206224695E-01   0.741351619E-01  -0.477057025E-01   0.243423018E-02
   0.227120090E-01   0.847859830E-01  -0.500959121E-01   0.233154721E-02
   0.249315966E-01   0.964729041E-01  -0.519031771E-01   0.215598941E-02
   0.272464138E-01   0.109174423E+00  -0.528711081E-01   0.197540643E-02
   0.296327472E-01   0.122644119E+00  -0.526506789E-01   0.172047818E-02
   0.320238322E-01   0.136543378E+00  -0.509249270E-01   0.142001465E-02
   0.342794769E-01   0.150225624E+00  -0.472914428E-01   0.111435063E-02
   0.363512561E-01   0.162982970E+00  -0.415183827E-01   0.781288545E-03
   0.381583385E-01   0.174230486E+00  -0.336246714E-01   0.468301936E-03
   0.395184383E-01   0.183144405E+00  -0.237302240E-01   0.224155025E-03
   0.403743908E-01   0.188598603E+00  -0.122754658E-01   0.574944970E-04
   0.406752974E-01   0.190508157E+00  -0.302288576E-07   0.000000000E+00
