   0.150912360E-02   0.111165293E+00   0.000000000E+00   0.000000000E+00
   0.150022935E-02   0.108954780E+00   0.849225279E-02   0.627832706E-04
   0.147275825E-02   0.102602944E+00   0.160499848E-01   0.232522289E-03
   0.142657768E-02   0.929902941E-01   0.219693035E-01   0.464153709E-03
   0.135952793E-02   0.812010393E-01   0.257492159E-01   0.698245654E-03
   0.127152342E-02   0.685079545E-01   0.274629090E-01   0.890269992E-03
   0.116163201E-02   0.559318289E-01   0.272373129E-01   0.101066742E-02
   0.103220670E-02   0.442519896E-01   0.254732966E-01   0.105156028E-02
   0.888256356E-03   0.339562148E-01   0.226270985E-01   0.101615791E-02
   0.736138201E-03   0.252475049E-01   0.190917328E-01   0.922089908E-03
   0.584397349E-03   0.181672201E-01   0.152853699E-01   0.789587153E-03
   0.440793141E-03   0.125907073E-01   0.115098339E-01   0.632686890E-03
   0.314117409E-03   0.837916788E-02   0.810944755E-02   0.472324667E-03
   0.211313047E-03   0.534318434E-02   0.533978734E-02   0.325401459E-03
   0.131841269E-03   0.323537830E-02   0.319499522E-02   0.203125470E-03
   0.755744695E-04   0.185152772E-02   0.169549230E-02   0.110258145E-03
   0.386061038E-04   0.993374852E-03   0.736993330E-03   0.473951259E-04
   0.180113875E-04   0.515371037E-03   0.254666316E-03   0.147404262E-04
   0.778843787E-05   0.269190612E-03   0.593500336E-04   0.229423813E-05
   0.380929373E-05   0.158036695E-03   0.275967232E-04   0.207182143E-05
   0.313493729E-05   0.118971911E-03   0.748957245E-04   0.836164782E-05
   0.336173321E-05   0.997966345E-04   0.120952791E-03   0.138316291E-04
   0.373336638E-05   0.926898429E-04   0.158385548E-03   0.188267859E-04
   0.345297849E-05   0.766309167E-04   0.152812310E-03   0.184188502E-04
   0.302214426E-05   0.623669621E-04   0.135927985E-03   0.166938280E-04
   0.223772417E-05   0.446883678E-04   0.102112630E-03   0.129769433E-04
   0.133907145E-05   0.263566890E-04   0.619716520E-04   0.810912843E-05
   0.703990906E-06   0.139998247E-04   0.337743149E-04   0.463474771E-05
   0.387891276E-06   0.792398350E-05   0.192780972E-04   0.283981694E-05
   0.215669573E-06   0.424956716E-05   0.105640811E-04   0.150472658E-05
   0.652260113E-07   0.140453426E-05   0.335034201E-05   0.541664065E-06
   0.273454059E-08   0.103655765E-06   0.121057894E-06   0.562829037E-07
   0.132667699E-07   0.194196460E-06   0.566911751E-06   0.667677114E-07
   0.108416716E-07   0.127274234E-06   0.306493689E-06   0.349138638E-07
   0.348284885E-07   0.542807925E-06   0.155437397E-05   0.190972045E-06
   0.607855100E-07   0.901808050E-06   0.241940097E-05   0.305168214E-06
   0.447149233E-07   0.688834575E-06   0.180946620E-05   0.244573556E-06
   0.558762352E-07   0.678991853E-06   0.136390634E-05   0.209817358E-06
   0.344310216E-07   0.438618571E-06   0.896099891E-06   0.143872498E-06
   0.358618344E-07   0.562109960E-06   0.164759820E-05   0.204556457E-06
   0.109162244E-07   0.123346155E-06   0.361586046E-06   0.301635303E-07
   0.119587655E-07   0.102604830E-06   0.141628021E-06   0.217009664E-07
   0.591145399E-08   0.625600904E-07   0.118000045E-06   0.173314145E-07
   0.594004668E-08   0.100294834E-06   0.264749985E-06   0.400226376E-07
   0.762903785E-08   0.902490243E-07   0.178743342E-08   0.408272989E-07
   0.512934306E-09   0.466099515E-08  -0.595929306E-08   0.248842125E-08
   0.317458393E-09   0.454875604E-08   0.779596743E-08   0.203807726E-08
   0.152078861E-08   0.272103797E-07   0.654300294E-07   0.126325705E-07
   0.195084962E-07   0.146034267E-06  -0.701176816E-06   0.936328632E-07
   0.185758307E-07   0.132964388E-06  -0.636546076E-06   0.798689257E-07
   0.345558426E-07   0.231194790E-06  -0.104269031E-05   0.121031547E-06
   0.476043063E-07   0.375223777E-06  -0.128267220E-05   0.196272808E-06
   0.570608911E-07   0.433516476E-06  -0.168719475E-05   0.234882492E-06
   0.678521275E-07   0.534774244E-06  -0.202023739E-05   0.294634873E-06
   0.414195895E-07   0.330987120E-06  -0.147696380E-05   0.228306874E-06
   0.451495872E-07   0.323915572E-06  -0.158230557E-05   0.201661962E-06
   0.335772086E-07   0.233594349E-06  -0.115506487E-05   0.143125263E-06
   0.210871089E-07   0.155427145E-06  -0.373839072E-06   0.567390721E-07
   0.206171524E-07   0.144095011E-06  -0.703671333E-06   0.937066460E-07
   0.900123798E-08   0.122038628E-06  -0.286493048E-06   0.916443526E-07
   0.871007089E-07   0.709613744E-06  -0.302253625E-05   0.462457535E-06
   0.567798679E-06   0.429123384E-05  -0.191736381E-04   0.263473453E-05
   0.873884630E-06   0.646644412E-05  -0.288651263E-04   0.392247239E-05
   0.166267694E-05   0.119784036E-04  -0.537755077E-04   0.720358457E-05
   0.289104469E-05   0.200081813E-04  -0.892858661E-04   0.112919561E-04
   0.454974224E-05   0.307008304E-04  -0.135179478E-03   0.167735925E-04
   0.686867361E-05   0.446988852E-04  -0.192789070E-03   0.229512571E-04
   0.798705696E-05   0.500103160E-04  -0.204173513E-03   0.238678804E-04
   0.983232985E-05   0.588840994E-04  -0.217203371E-03   0.245317115E-04
   0.106495045E-04   0.597880207E-04  -0.171990469E-03   0.187333262E-04
   0.123292266E-04   0.635036267E-04  -0.104366845E-03   0.109980901E-04
   0.165672645E-04   0.776480301E-04  -0.383166662E-04   0.412044619E-05
   0.291358720E-04   0.131879162E-03  -0.633808886E-04   0.654531641E-05
   0.585840280E-04   0.265401497E-03  -0.323909509E-03   0.300765241E-04
   0.116085976E-03   0.528634700E-03  -0.948430039E-03   0.827824842E-04
   0.219545618E-03   0.100148341E-02  -0.216953875E-02   0.178739603E-03
   0.382218277E-03   0.173968915E-02  -0.398243312E-02   0.311755168E-03
   0.625171408E-03   0.283996481E-02  -0.649435585E-02   0.479696755E-03
   0.973900140E-03   0.441839267E-02  -0.981120113E-02   0.683058926E-03
   0.143691676E-02   0.652459823E-02  -0.135608083E-01   0.890184718E-03
   0.203144387E-02   0.925527699E-02  -0.175674371E-01   0.108349114E-02
   0.277037709E-02   0.126884338E-01  -0.215797704E-01   0.124109467E-02
   0.364999939E-02   0.168270953E-01  -0.250862502E-01   0.133873685E-02
   0.467348425E-02   0.216833279E-01  -0.279209241E-01   0.136349245E-02
   0.581230782E-02   0.271176118E-01  -0.295251496E-01   0.129478623E-02
   0.702587375E-02   0.329126976E-01  -0.295515303E-01   0.112864340E-02
   0.824471097E-02   0.387107283E-01  -0.276231486E-01   0.878401217E-03
   0.937191676E-02   0.440373085E-01  -0.234533101E-01   0.577689963E-03
   0.102987615E-01   0.483818464E-01  -0.171810426E-01   0.288602663E-03
   0.109067829E-01   0.512143373E-01  -0.907970686E-02   0.773850552E-04
   0.111199133E-01   0.522086397E-01  -0.252071146E-07   0.000000000E+00
