   0.164974737E-02   0.164344847E+00  -0.543258161E-09   0.000000000E+00
   0.164890743E-02   0.161492988E+00   0.117118275E-01   0.852776575E-04
   0.164420810E-02   0.153366566E+00   0.223521199E-01   0.319212355E-03
   0.163173524E-02   0.140766755E+00   0.308697894E-01   0.648407207E-03
   0.160403166E-02   0.125159740E+00   0.368476287E-01   0.100305816E-02
   0.155457773E-02   0.107979916E+00   0.401531719E-01   0.131329137E-02
   0.147675490E-02   0.905071199E-01   0.408210047E-01   0.154203642E-02
   0.136886048E-02   0.738216639E-01   0.393178500E-01   0.165953301E-02
   0.123403105E-02   0.586623475E-01   0.361946784E-01   0.167811965E-02
   0.107143389E-02   0.452834181E-01   0.316095464E-01   0.158887811E-02
   0.897811027E-03   0.340434685E-01   0.265054572E-01   0.142938213E-02
   0.722596655E-03   0.248715244E-01   0.212553646E-01   0.122560537E-02
   0.556733517E-03   0.176238008E-01   0.162540264E-01   0.990013126E-03
   0.407320622E-03   0.120485751E-01   0.117262295E-01   0.755853311E-03
   0.279423431E-03   0.788669847E-02   0.783073250E-02   0.529033365E-03
   0.182217642E-03   0.497749215E-02   0.493739452E-02   0.348099740E-03
   0.107929329E-03   0.295961672E-02   0.272265193E-02   0.196824636E-03
   0.598405568E-04   0.169261161E-02   0.135804783E-02   0.981932317E-04
   0.289722830E-04   0.914594566E-03   0.516950444E-03   0.354660006E-04
   0.130964336E-04   0.494632637E-03   0.148811654E-03   0.808520235E-05
   0.560198987E-05   0.285401009E-03   0.271552399E-04   0.900455177E-06
   0.378472942E-05   0.196695240E-03   0.648893983E-04   0.760446574E-05
   0.426871156E-05   0.171939188E-03   0.153150468E-03   0.189383227E-04
   0.438837378E-05   0.141641794E-03   0.187880782E-03   0.238867815E-04
   0.492875915E-05   0.133379508E-03   0.227746816E-03   0.292863897E-04
   0.438193092E-05   0.109165892E-03   0.212091647E-03   0.284901362E-04
   0.404040156E-05   0.927926885E-04   0.192981417E-03   0.258439522E-04
   0.308970175E-05   0.693707188E-04   0.152577166E-03   0.213330040E-04
   0.176082142E-05   0.396418218E-04   0.891019736E-04   0.130701746E-04
   0.112900716E-05   0.246946547E-04   0.555938896E-04   0.818170429E-05
   0.612354995E-06   0.135501159E-04   0.309012212E-04   0.474517810E-05
   0.277107034E-06   0.644017791E-05   0.142626359E-04   0.240808731E-05
   0.795201345E-07   0.207052176E-05   0.445517389E-05   0.895519406E-06
   0.414031120E-07   0.112987641E-05   0.230877231E-05   0.486982515E-06
   0.540772449E-08   0.111554407E-06   0.227522236E-06   0.473827413E-07
   0.289281346E-07   0.414043711E-06   0.934312482E-06   0.130799023E-06
   0.227907186E-07   0.348069676E-06   0.968235099E-06   0.109310903E-06
   0.699792935E-07   0.110085966E-05   0.223486859E-05   0.381273111E-06
   0.227521912E-07   0.372879043E-06   0.984959684E-06   0.125755307E-06
   0.386734875E-07   0.748305865E-06   0.199381179E-05   0.308276043E-06
   0.339316202E-07   0.677858679E-06   0.163391303E-05   0.314470327E-06
   0.283906783E-07   0.630962802E-06   0.152904056E-05   0.300352468E-06
   0.179001738E-07   0.421253418E-06   0.826082839E-06   0.228271844E-06
   0.201975485E-07   0.541313398E-06   0.107742540E-05   0.299609155E-06
   0.383528835E-07   0.827460099E-06   0.116472495E-05   0.481095583E-06
   0.147556785E-07   0.291071700E-06  -0.495816380E-06   0.231647775E-06
   0.562704123E-07   0.813690974E-06  -0.134969639E-05   0.587927332E-06
   0.245060328E-07   0.291394571E-06  -0.104084904E-05   0.220484580E-06
   0.367682702E-07   0.422956049E-06  -0.138659095E-05   0.313945776E-06
   0.299255802E-07   0.291467074E-06  -0.119681044E-05   0.197065077E-06
   0.132949310E-06   0.123385314E-05  -0.513560008E-05   0.801226065E-06
   0.151330653E-06   0.134475829E-05  -0.544420072E-05   0.808032325E-06
   0.141077024E-06   0.122404526E-05  -0.528718738E-05   0.771791235E-06
   0.158236773E-06   0.136789379E-05  -0.598501083E-05   0.882983898E-06
   0.830162961E-07   0.683720316E-06  -0.305503841E-05   0.430272252E-06
   0.241186839E-07   0.251706410E-06  -0.189343311E-06   0.897633896E-07
   0.375157194E-08   0.558326292E-07  -0.108313586E-06   0.395643340E-07
   0.255891344E-07   0.323216710E-06  -0.939391668E-06   0.238945091E-06
   0.296315761E-06   0.278170319E-05  -0.109772500E-04   0.185341969E-05
   0.594247354E-06   0.541981899E-05  -0.214377978E-04   0.340827728E-05
   0.116846479E-05   0.999777330E-05  -0.407650441E-04   0.606882122E-05
   0.226950033E-05   0.190242808E-04  -0.772053245E-04   0.111587779E-04
   0.366456538E-05   0.299523199E-04  -0.121481738E-03   0.172792879E-04
   0.547568425E-05   0.434805916E-04  -0.173546417E-03   0.236091400E-04
   0.821258436E-05   0.633311429E-04  -0.249745033E-03   0.332021191E-04
   0.999544136E-05   0.747483209E-04  -0.280283944E-03   0.355894954E-04
   0.116676611E-04   0.846927214E-04  -0.292175333E-03   0.364895677E-04
   0.124953667E-04   0.868216011E-04  -0.250150188E-03   0.304287605E-04
   0.140907714E-04   0.927107394E-04  -0.187531186E-03   0.224553041E-04
   0.161821645E-04   0.979403703E-04  -0.790330378E-04   0.979375636E-05
   0.243613813E-04   0.138511881E-03  -0.345851404E-04   0.436670780E-05
   0.447439706E-04   0.247366377E-03  -0.172977554E-03   0.183171724E-04
   0.882546374E-04   0.485278084E-03  -0.678525539E-03   0.669059227E-04
   0.163307966E-03   0.897171965E-03  -0.159274973E-02   0.149422776E-03
   0.291118282E-03   0.159669679E-02  -0.325578079E-02   0.289997028E-03
   0.485320314E-03   0.265677762E-02  -0.567242317E-02   0.479488372E-03
   0.770175597E-03   0.420853496E-02  -0.905154273E-02   0.727835635E-03
   0.115728297E-02   0.632769661E-02  -0.131734461E-01   0.100357691E-02
   0.166089262E-02   0.911482051E-02  -0.178374350E-01   0.128236623E-02
   0.230210205E-02   0.127085857E-01  -0.229857042E-01   0.155341742E-02
   0.308178156E-02   0.171500426E-01  -0.280879494E-01   0.178885809E-02
   0.401273323E-02   0.225417949E-01  -0.329731703E-01   0.196313765E-02
   0.507817697E-02   0.288207233E-01  -0.369466133E-01   0.203184714E-02
   0.627053808E-02   0.359337553E-01  -0.397456028E-01   0.199063728E-02
   0.755351037E-02   0.436510965E-01  -0.408042446E-01   0.182758900E-02
   0.888442528E-02   0.516735576E-01  -0.398613960E-01   0.154789316E-02
   0.101906266E-01   0.595368966E-01  -0.365279391E-01   0.117714563E-02
   0.113714887E-01   0.666063577E-01  -0.305772033E-01   0.759383547E-03
   0.123209450E-01   0.722679645E-01  -0.220737904E-01   0.374083058E-03
   0.129380645E-01   0.759170130E-01  -0.115872240E-01   0.991524648E-04
   0.131562809E-01   0.772170722E-01  -0.278318026E-07   0.000000000E+00
