   0.162603089E-02   0.112027608E+00   0.000000000E+00   0.000000000E+00
   0.161339075E-02   0.109737486E+00   0.856842566E-02   0.640608559E-04
   0.157494273E-02   0.103158839E+00   0.161804520E-01   0.237352622E-03
   0.151209685E-02   0.931855515E-01   0.220361594E-01   0.471065054E-03
   0.142581016E-02   0.810614526E-01   0.258143675E-01   0.705896586E-03
   0.131715916E-02   0.680600256E-01   0.274002068E-01   0.894480268E-03
   0.118812604E-02   0.552388243E-01   0.270619057E-01   0.100838463E-02
   0.104049232E-02   0.433721021E-01   0.250916984E-01   0.103482441E-02
   0.883188331E-03   0.330198258E-01   0.221396461E-01   0.993512338E-03
   0.718675146E-03   0.242689624E-01   0.183836669E-01   0.888492272E-03
   0.561001943E-03   0.172580052E-01   0.145226177E-01   0.747038575E-03
   0.416444498E-03   0.118195517E-01   0.108020790E-01   0.588395342E-03
   0.291035336E-03   0.774825225E-02   0.746569224E-02   0.429841981E-03
   0.191395869E-03   0.485679833E-02   0.479690870E-02   0.289708260E-03
   0.115924588E-03   0.287622516E-02   0.275704172E-02   0.172597211E-03
   0.637478079E-04   0.160172663E-02   0.136523694E-02   0.862784364E-04
   0.323147069E-04   0.852640835E-03   0.581757340E-03   0.361252351E-04
   0.140726379E-04   0.430882210E-03   0.157844348E-03   0.783667474E-05
   0.639911286E-05   0.230953068E-03   0.413651833E-04   0.161497087E-05
   0.352606048E-05   0.143983852E-03   0.404090169E-04   0.388629724E-05
   0.319637229E-05   0.110552057E-03   0.913471013E-04   0.101987052E-04
   0.356407440E-05   0.988287647E-04   0.142914403E-03   0.165804340E-04
   0.363939785E-05   0.857468549E-04   0.158678755E-03   0.183479533E-04
   0.340189649E-05   0.732930930E-04   0.155368078E-03   0.184884211E-04
   0.238997995E-05   0.493062762E-04   0.111232199E-03   0.135929140E-04
   0.176820674E-05   0.354411568E-04   0.841714500E-04   0.106334855E-04
   0.114706188E-05   0.221529008E-04   0.536389816E-04   0.680882295E-05
   0.597095948E-06   0.118622729E-04   0.295369573E-04   0.398769680E-05
   0.214332132E-06   0.458531167E-05   0.112636853E-04   0.172895159E-05
   0.587936633E-07   0.130789545E-05   0.301786349E-05   0.494576057E-06
   0.226012826E-07   0.521243635E-06   0.115396438E-05   0.201892831E-06
   0.538398659E-08   0.912248552E-07   0.179676618E-06   0.392772712E-07
   0.274908007E-07   0.418692338E-06   0.100824377E-05   0.153027443E-06
   0.505979258E-07   0.694052858E-06   0.154191753E-05   0.230557802E-06
   0.465014267E-07   0.764482991E-06   0.225378722E-05   0.281477071E-06
   0.440485657E-07   0.547945092E-06   0.121308017E-05   0.163619418E-06
   0.487834839E-07   0.577049775E-06   0.109608197E-05   0.174260776E-06
   0.412374561E-07   0.711419375E-06   0.209014570E-05   0.279003473E-06
   0.302198053E-07   0.495614188E-06   0.145925628E-05   0.186237884E-06
   0.187447089E-07   0.276780611E-06   0.725708389E-06   0.981920536E-07
   0.506525177E-08   0.377165001E-07   0.804584488E-07   0.308159365E-08
   0.113369296E-07   0.869471393E-07  -0.165421213E-06   0.329581731E-07
   0.705413017E-08   0.632510790E-07  -0.487128204E-08   0.213392983E-07
   0.210141837E-08   0.195899386E-07  -0.855946496E-07   0.140297534E-07
   0.736943440E-08   0.869171828E-07  -0.246417613E-06   0.582946065E-07
   0.797749145E-09   0.738818695E-08  -0.423590274E-08   0.351167584E-08
   0.375595333E-08   0.364554467E-07  -0.656438388E-07   0.183287856E-07
   0.344392015E-09   0.489430763E-08   0.141837759E-07   0.168266834E-08
   0.194629601E-08   0.203659187E-07  -0.574166421E-07   0.127403741E-07
   0.354483589E-07   0.270671364E-06  -0.129393027E-05   0.169386510E-06
   0.205630162E-07   0.150853239E-06  -0.473452417E-06   0.683085091E-07
   0.150728034E-07   0.112783134E-06  -0.540993199E-06   0.727412370E-07
   0.460855105E-07   0.363202361E-06  -0.146482000E-05   0.204886419E-06
   0.426537667E-07   0.323305727E-06  -0.152653752E-05   0.196749539E-06
   0.708801124E-07   0.525903033E-06  -0.233207174E-05   0.296691837E-06
   0.140893150E-06   0.112204100E-05  -0.518186062E-05   0.709479764E-06
   0.110385969E-06   0.853934068E-06  -0.386173724E-05   0.513795158E-06
   0.392746138E-07   0.293847023E-06  -0.124732833E-05   0.159915373E-06
   0.272047114E-07   0.202593782E-06  -0.984978101E-06   0.127684217E-06
   0.444234338E-08   0.532085593E-07  -0.137163187E-07   0.254641126E-07
   0.158031845E-07   0.172071438E-06  -0.577707567E-06   0.125757921E-06
   0.140262173E-06   0.111055988E-05  -0.488836577E-05   0.687332488E-06
   0.503466254E-06   0.388106400E-05  -0.175097466E-04   0.240861141E-05
   0.135743630E-05   0.100383349E-04  -0.461739874E-04   0.609427116E-05
   0.206530194E-05   0.148543922E-04  -0.677295320E-04   0.873603676E-05
   0.429441661E-05   0.296499602E-04  -0.135721886E-03   0.166626796E-04
   0.610859979E-05   0.408428969E-04  -0.182336153E-03   0.215442196E-04
   0.806512344E-05   0.518685119E-04  -0.224047719E-03   0.257700467E-04
   0.948516208E-05   0.582349821E-04  -0.230769583E-03   0.253801099E-04
   0.102281228E-04   0.591925818E-04  -0.194429856E-03   0.212385494E-04
   0.115407365E-04   0.613464144E-04  -0.130715256E-03   0.138265614E-04
   0.149701427E-04   0.724695492E-04  -0.555342995E-04   0.573199259E-05
   0.245156243E-04   0.112052214E-03  -0.400239514E-04   0.424713016E-05
   0.485230521E-04   0.220730639E-03  -0.220808288E-03   0.205677079E-04
   0.971328845E-04   0.444814854E-03  -0.720756478E-03   0.628188645E-04
   0.187985439E-03   0.863883412E-03  -0.178674585E-02   0.147041661E-03
   0.336545432E-03   0.154544844E-02  -0.348345586E-02   0.270828983E-03
   0.567847514E-03   0.260096742E-02  -0.601587957E-02   0.441760785E-03
   0.889837276E-03   0.407025777E-02  -0.903983973E-02   0.628213806E-03
   0.134400965E-02   0.614692038E-02  -0.129665248E-01   0.846043578E-03
   0.192144047E-02   0.881055463E-02  -0.169420522E-01   0.103724538E-02
   0.265717576E-02   0.122316144E-01  -0.211770497E-01   0.121371634E-02
   0.353926606E-02   0.163817313E-01  -0.249081682E-01   0.132481661E-02
   0.457082456E-02   0.212763995E-01  -0.279092286E-01   0.136060012E-02
   0.573057635E-02   0.268018004E-01  -0.297566541E-01   0.130125077E-02
   0.696961582E-02   0.327091217E-01  -0.299015231E-01   0.114285352E-02
   0.822175108E-02   0.386509188E-01  -0.280309878E-01   0.892162614E-03
   0.939126965E-02   0.441609286E-01  -0.239622872E-01   0.591618649E-03
   0.103485649E-01   0.486337543E-01  -0.175429787E-01   0.295886421E-03
   0.109879700E-01   0.516045764E-01  -0.932865310E-02   0.798646506E-04
   0.112075610E-01   0.526175685E-01  -0.238885267E-07   0.000000000E+00
