   0.125305145E-02   0.597057678E-01  -0.326807574E-10   0.000000000E+00
   0.126541033E-02   0.589659102E-01   0.683692237E-02   0.418049203E-04
   0.130065554E-02   0.568090826E-01   0.131694144E-01   0.161478893E-03
   0.134894054E-02   0.534713455E-01   0.185686015E-01   0.341422041E-03
   0.140448392E-02   0.492535196E-01   0.227986425E-01   0.556341023E-03
   0.145128812E-02   0.444717631E-01   0.256901253E-01   0.778104761E-03
   0.148412748E-02   0.394433960E-01   0.273008440E-01   0.994054717E-03
   0.149464118E-02   0.344539396E-01   0.277875047E-01   0.117125642E-02
   0.147400040E-02   0.296711773E-01   0.272564888E-01   0.130481494E-02
   0.142254424E-02   0.252392907E-01   0.259389430E-01   0.138434896E-02
   0.133838237E-02   0.211791135E-01   0.239643212E-01   0.141665945E-02
   0.123385584E-02   0.175855123E-01   0.216650944E-01   0.140565832E-02
   0.110978400E-02   0.144279795E-01   0.191292819E-01   0.134540536E-02
   0.970525842E-03   0.116529455E-01   0.164449196E-01   0.124837074E-02
   0.829471042E-03   0.928798970E-02   0.138422130E-01   0.112823525E-02
   0.686667569E-03   0.725784898E-02   0.113106268E-01   0.975192466E-03
   0.552905141E-03   0.555970101E-02   0.900428463E-02   0.822499685E-03
   0.432693720E-03   0.416175462E-02   0.697207171E-02   0.675081159E-03
   0.328226306E-03   0.303889788E-02   0.523867318E-02   0.533106620E-03
   0.238624300E-03   0.213398924E-02   0.377011532E-02   0.403570390E-03
   0.166688813E-03   0.144559878E-02   0.260645268E-02   0.291185657E-03
   0.110536937E-03   0.929930771E-03   0.170592288E-02   0.197960893E-03
   0.700409728E-04   0.569430296E-03   0.106331194E-02   0.128288448E-03
   0.415536379E-04   0.324661145E-03   0.616393459E-03   0.770510596E-04
   0.219355206E-04   0.163320699E-03   0.313216588E-03   0.405276005E-04
   0.105510389E-04   0.723726407E-04   0.140462056E-03   0.185740300E-04
   0.427052282E-05   0.272716752E-04   0.502303556E-04   0.653006873E-05
   0.176659660E-05   0.123270120E-04   0.188204704E-04   0.221610935E-05
   0.912934581E-06   0.103827470E-04   0.121197718E-04   0.124003623E-05
   0.123487007E-05   0.155907128E-04   0.200950599E-04   0.184350120E-05
   0.177738343E-05   0.224988071E-04   0.322926244E-04   0.369699637E-05
   0.240351642E-05   0.298629002E-04   0.463362667E-04   0.628044609E-05
   0.249151640E-05   0.284358412E-04   0.451682790E-04   0.575876584E-05
   0.254758424E-05   0.282838464E-04   0.464088407E-04   0.620092305E-05
   0.258315504E-05   0.277586187E-04   0.456639100E-04   0.610437610E-05
   0.216465355E-05   0.224174801E-04   0.361189923E-04   0.474108811E-05
   0.193738379E-05   0.198982561E-04   0.329442955E-04   0.446498643E-05
   0.137860548E-05   0.136270573E-04   0.229825964E-04   0.298764758E-05
   0.105268543E-05   0.101354080E-04   0.164224148E-04   0.213376165E-05
   0.662904768E-06   0.630098702E-05   0.105104718E-04   0.134816935E-05
   0.635209688E-06   0.595748497E-05   0.913916392E-05   0.125865608E-05
   0.289529879E-06   0.267584642E-05   0.408885899E-05   0.562865637E-06
   0.131718153E-06   0.121492826E-05   0.195604866E-05   0.259802761E-06
   0.895255070E-07   0.105601509E-05   0.161281309E-05   0.328040841E-06
   0.176022024E-07   0.361371889E-06   0.329980764E-06   0.218010342E-06
   0.241199114E-07   0.276075014E-06  -0.155425866E-06   0.213493408E-06
   0.781812588E-07   0.458297336E-06  -0.104021979E-05   0.287396801E-06
   0.110942977E-06   0.439011387E-06  -0.130674641E-05   0.227561813E-06
   0.332325357E-06   0.118811022E-05  -0.368226324E-05   0.530395596E-06
   0.735745971E-06   0.278951507E-05  -0.776448542E-05   0.108651557E-05
   0.901734154E-06   0.311656777E-05  -0.956821077E-05   0.122878964E-05
   0.159433375E-05   0.583332030E-05  -0.174867382E-04   0.249913387E-05
   0.226462794E-05   0.777648347E-05  -0.244577259E-04   0.328646138E-05
   0.297128076E-05   0.107715496E-04  -0.315134639E-04   0.418534455E-05
   0.359972591E-05   0.125950019E-04  -0.387823529E-04   0.527128259E-05
   0.466250276E-05   0.166699265E-04  -0.503154370E-04   0.699081966E-05
   0.564491711E-05   0.200510822E-04  -0.607234870E-04   0.852023913E-05
   0.575158219E-05   0.202875271E-04  -0.606709509E-04   0.820493733E-05
   0.601325428E-05   0.211387523E-04  -0.629007627E-04   0.875122441E-05
   0.513011219E-05   0.181309879E-04  -0.517781627E-04   0.685721079E-05
   0.413079943E-05   0.141956089E-04  -0.390345522E-04   0.472793408E-05
   0.284110320E-05   0.948403522E-05  -0.238935390E-04   0.278564471E-05
   0.204679532E-05   0.610964571E-05  -0.138439336E-04   0.169257123E-05
   0.319944297E-05   0.816396641E-05  -0.233338214E-04   0.330264515E-05
   0.769686085E-05   0.199135429E-04  -0.653904717E-04   0.944497515E-05
   0.178742212E-04   0.478414149E-04  -0.161168922E-03   0.225301355E-04
   0.394193303E-04   0.106583400E-03  -0.361840444E-03   0.487993275E-04
   0.747845261E-04   0.204738099E-03  -0.686570536E-03   0.888108189E-04
   0.128189538E-03   0.352293224E-03  -0.116316986E-02   0.143624638E-03
   0.208340425E-03   0.566878240E-03  -0.185238640E-02   0.221262220E-03
   0.316113175E-03   0.856837374E-03  -0.274792640E-02   0.313531840E-03
   0.457666029E-03   0.123424875E-02  -0.387405534E-02   0.422952115E-03
   0.639062840E-03   0.171905698E-02  -0.525660859E-02   0.545110903E-03
   0.862902787E-03   0.232020044E-02  -0.687327981E-02   0.674278243E-03
   0.112940476E-02   0.303800963E-02  -0.867772754E-02   0.808719371E-03
   0.143907929E-02   0.389286503E-02  -0.106295720E-01   0.931265531E-03
   0.178347086E-02   0.487376237E-02  -0.126030501E-01   0.103161507E-02
   0.217429874E-02   0.602528173E-02  -0.146346316E-01   0.112147292E-02
   0.259263022E-02   0.732503971E-02  -0.165145844E-01   0.117457227E-02
   0.304632727E-02   0.881315582E-02  -0.182444528E-01   0.119771482E-02
   0.352163822E-02   0.104763350E-01  -0.196489394E-01   0.117950828E-02
   0.402096706E-02   0.123314401E-01  -0.206884313E-01   0.113275333E-02
   0.453623524E-02   0.143666519E-01  -0.212330762E-01   0.103345397E-02
   0.506183878E-02   0.165511407E-01  -0.211968087E-01   0.913792406E-03
   0.558656920E-02   0.188295413E-01  -0.204677768E-01   0.761186995E-03
   0.609292230E-02   0.211134478E-01  -0.189462490E-01   0.593788282E-03
   0.656077731E-02   0.232810974E-01  -0.165639147E-01   0.419910735E-03
   0.696852943E-02   0.251939408E-01  -0.133581646E-01   0.254428916E-03
   0.728547154E-02   0.267095380E-01  -0.940381736E-02   0.120340483E-03
   0.748865725E-02   0.276910700E-01  -0.486296834E-02   0.314168283E-04
   0.755726220E-02   0.280160327E-01  -0.103376712E-07   0.000000000E+00
