   0.439952360E-02   0.569729745E+00  -0.199123917E-08   0.000000000E+00
   0.435770070E-02   0.560108423E+00   0.345624387E-01   0.281968154E-03
   0.423618034E-02   0.531996727E+00   0.658086911E-01   0.105564657E-02
   0.404169224E-02   0.488656491E+00   0.910362005E-01   0.213802676E-02
   0.378559926E-02   0.434760123E+00   0.109023616E+00   0.329519366E-02
   0.347865815E-02   0.374959260E+00   0.118905514E+00   0.428445265E-02
   0.313341012E-02   0.314071506E+00   0.121257670E+00   0.499522593E-02
   0.275904499E-02   0.255532384E+00   0.116844036E+00   0.535309268E-02
   0.236914167E-02   0.202195778E+00   0.107300393E+00   0.533508044E-02
   0.197284133E-02   0.155399024E+00   0.936547592E-01   0.500339083E-02
   0.159418618E-02   0.116230726E+00   0.785446987E-01   0.446341187E-02
   0.124222180E-02   0.843823627E-01   0.627720505E-01   0.375306630E-02
   0.924182299E-03   0.591763258E-01   0.471274480E-01   0.296415715E-02
   0.656216696E-03   0.400806926E-01   0.333322547E-01   0.219387352E-02
   0.444503472E-03   0.262133460E-01   0.222226195E-01   0.152954913E-02
   0.283362868E-03   0.164414234E-01   0.135720596E-01   0.961523096E-03
   0.166632497E-03   0.980996992E-02   0.723070139E-02   0.521508919E-03
   0.891867312E-04   0.557211787E-02   0.312536699E-02   0.220291040E-03
   0.445820478E-04   0.309487223E-02   0.103626668E-02   0.647170018E-04
   0.223880179E-04   0.175540010E-02   0.290366763E-03   0.137217348E-04
   0.119318529E-04   0.107475079E-02   0.159515286E-03   0.158872299E-04
   0.927803558E-05   0.771424442E-03   0.418626994E-03   0.520323447E-04
   0.887561328E-05   0.614766032E-03   0.669829431E-03   0.847347401E-04
   0.911836651E-05   0.529441924E-03   0.842867070E-03   0.106893021E-03
   0.929989710E-05   0.478077680E-03   0.949889247E-03   0.122128462E-03
   0.802812156E-05   0.389789901E-03   0.867143855E-03   0.116207273E-03
   0.574726482E-05   0.267881347E-03   0.624282751E-03   0.848217023E-04
   0.454727342E-05   0.205370758E-03   0.502298237E-03   0.696367570E-04
   0.289129935E-05   0.128205793E-03   0.318787846E-03   0.449291729E-04
   0.163046491E-05   0.734466666E-04   0.184436300E-03   0.273683090E-04
   0.882758343E-06   0.401108009E-04   0.101405647E-03   0.155738453E-04
   0.239556130E-06   0.128333004E-04   0.303969009E-04   0.605668447E-05
   0.530071453E-07   0.359696878E-05   0.685736222E-05   0.193668575E-05
   0.132837457E-07   0.993047820E-06   0.173010312E-05   0.509844881E-06
   0.392323010E-07   0.122122708E-05   0.613108227E-06   0.566181427E-06
   0.589310645E-07   0.194601512E-05   0.563999674E-05   0.706787603E-06
   0.913732237E-07   0.283186228E-05   0.768710561E-05   0.960232228E-06
   0.622247569E-07   0.182949941E-05   0.455613190E-05   0.585813325E-06
   0.667550708E-07   0.243972386E-05   0.743703140E-05   0.979612423E-06
   0.957137729E-07   0.368447468E-05   0.108530867E-04   0.154101394E-05
   0.285677189E-07   0.843009900E-06   0.209640916E-05   0.276798858E-06
   0.373412554E-07   0.177837023E-05   0.472886268E-05   0.922018785E-06
   0.360025894E-07   0.182599820E-05   0.346073057E-05   0.109480493E-05
   0.262800715E-07   0.156863518E-05   0.310179348E-05   0.967906658E-06
   0.129413245E-07   0.681181007E-06  -0.113960652E-06   0.506439221E-06
   0.875686190E-08   0.453418977E-06  -0.803050114E-06   0.360354051E-06
   0.250446330E-07   0.151710583E-05   0.239383075E-05   0.982992901E-06
   0.480278253E-07   0.131803324E-05  -0.453197754E-05   0.978057642E-06
   0.459072780E-07   0.135339849E-05  -0.386511329E-05   0.100801071E-05
   0.778591769E-07   0.179189180E-05  -0.756497775E-05   0.120022025E-05
   0.995636498E-07   0.215278874E-05  -0.916836871E-05   0.136434676E-05
   0.453044926E-07   0.101593957E-05  -0.422861740E-05   0.703784565E-06
   0.538152349E-07   0.121433675E-05  -0.523832341E-05   0.830927092E-06
   0.132294502E-06   0.257714214E-05  -0.118064918E-04   0.158081104E-05
   0.141943914E-06   0.281672283E-05  -0.125367296E-04   0.170855435E-05
   0.261080739E-07   0.519722676E-06  -0.115379942E-05   0.215964889E-06
   0.363391557E-07   0.100978980E-05  -0.136186736E-05   0.548655180E-06
   0.185010407E-07   0.567373036E-06  -0.159729063E-05   0.411986008E-06
   0.149531019E-06   0.412126110E-05  -0.139828089E-04   0.302336957E-05
   0.574549176E-06   0.126460518E-04  -0.507757795E-04   0.793146955E-05
   0.110938731E-05   0.240777445E-04  -0.975551084E-04   0.153717938E-04
   0.266267557E-05   0.547237978E-04  -0.225279364E-03   0.327853304E-04
   0.501631030E-05   0.990435146E-04  -0.410857814E-03   0.570262782E-04
   0.691986224E-05   0.133238878E-03  -0.545180927E-03   0.740992691E-04
   0.105978643E-04   0.198581620E-03  -0.799736416E-03   0.105916799E-03
   0.137545558E-04   0.249119184E-03  -0.964209728E-03   0.122678699E-03
   0.168944352E-04   0.296396844E-03  -0.106683583E-02   0.132594156E-03
   0.189019720E-04   0.318361039E-03  -0.981474179E-03   0.119570032E-03
   0.212164869E-04   0.338362617E-03  -0.761033851E-03   0.913150434E-04
   0.262675421E-04   0.393018097E-03  -0.468022627E-03   0.542628441E-04
   0.368884903E-04   0.516726694E-03  -0.187760641E-03   0.217369125E-04
   0.628404887E-04   0.853366335E-03  -0.308435468E-03   0.324948815E-04
   0.116318493E-03   0.156443135E-02  -0.127437396E-02   0.125287756E-03
   0.214455198E-03   0.287668058E-02  -0.358993653E-02   0.338873127E-03
   0.377220014E-03   0.505287386E-02  -0.765990140E-02   0.687309483E-03
   0.635492615E-03   0.850152131E-02  -0.142910723E-01   0.122414110E-02
   0.102004316E-02   0.136319594E-01  -0.238451958E-01   0.194008299E-02
   0.153828645E-02   0.205847099E-01  -0.348909125E-01   0.271674455E-02
   0.224479567E-02   0.301232915E-01  -0.487777889E-01   0.360814249E-02
   0.314163580E-02   0.423831791E-01  -0.634760931E-01   0.443393085E-02
   0.425583823E-02   0.578024089E-01  -0.785992146E-01   0.519556878E-02
   0.559141813E-02   0.765315369E-01  -0.927827358E-01   0.574600091E-02
   0.715158274E-02   0.986509547E-01  -0.105162971E+00   0.604897784E-02
   0.890443008E-02   0.123707309E+00  -0.113967419E+00   0.600829581E-02
   0.107948137E-01   0.150859892E+00  -0.117575899E+00   0.556664681E-02
   0.127628315E-01   0.179092273E+00  -0.115515918E+00   0.474000582E-02
   0.146752754E-01   0.206471354E+00  -0.105788112E+00   0.361292367E-02
   0.164060779E-01   0.231086567E+00  -0.886144862E-01   0.234069419E-02
   0.177918784E-01   0.250664532E+00  -0.639986470E-01   0.115096266E-02
   0.186957307E-01   0.263344586E+00  -0.336353630E-01   0.305760594E-03
   0.190063640E-01   0.267686963E+00  -0.800848667E-07   0.000000000E+00
