   0.124244508E-02   0.676755846E+00   0.000000000E+00   0.000000000E+00
   0.126807217E-02   0.670941591E+00   0.480249487E-01   0.307470706E-03
   0.134646241E-02   0.654018164E+00   0.939466730E-01   0.119521236E-02
   0.146389741E-02   0.626613796E+00   0.135449275E+00   0.257142703E-02
   0.161407469E-02   0.591265917E+00   0.171705559E+00   0.431006169E-02
   0.177539524E-02   0.549145639E+00   0.200923577E+00   0.629888382E-02
   0.192752865E-02   0.502418578E+00   0.222596735E+00   0.829172507E-02
   0.205916655E-02   0.453181416E+00   0.236754417E+00   0.102107404E-01
   0.215222384E-02   0.403237373E+00   0.243365183E+00   0.118707111E-01
   0.220094784E-02   0.354360372E+00   0.243317977E+00   0.132205794E-01
   0.219976390E-02   0.307646096E+00   0.237323254E+00   0.141960606E-01
   0.214922149E-02   0.263892680E+00   0.226307541E+00   0.148197403E-01
   0.205151737E-02   0.223773286E+00   0.211311936E+00   0.149567761E-01
   0.190035498E-02   0.187023655E+00   0.191984653E+00   0.145173585E-01
   0.172561524E-02   0.154578149E+00   0.171413317E+00   0.138295172E-01
   0.153618481E-02   0.126302928E+00   0.150406882E+00   0.129755195E-01
   0.132277585E-02   0.101345263E+00   0.127997085E+00   0.116308080E-01
   0.111814262E-02   0.802673772E-01   0.107104637E+00   0.103321550E-01
   0.924165361E-03   0.627247617E-01   0.878364742E-01   0.885176659E-02
   0.734289060E-03   0.476520732E-01   0.692301989E-01   0.732490700E-02
   0.566628587E-03   0.353948586E-01   0.529878363E-01   0.585329486E-02
   0.424960308E-03   0.256949961E-01   0.394244865E-01   0.456812279E-02
   0.312527933E-03   0.183501504E-01   0.287707094E-01   0.346398703E-02
   0.215787644E-03   0.125303883E-01   0.196785815E-01   0.243461248E-02
   0.140962307E-03   0.812428165E-02   0.126152961E-01   0.161980698E-02
   0.879116924E-04   0.508459425E-02   0.767837651E-02   0.101527735E-02
   0.521264701E-04   0.307814614E-02   0.441601174E-02   0.598242914E-03
   0.288200517E-04   0.177566893E-02   0.231496966E-02   0.317606551E-03
   0.144431124E-04   0.990026630E-03   0.106993644E-02   0.146105449E-03
   0.646425133E-05   0.545791641E-03   0.383977720E-03   0.415841714E-04
   0.319219589E-05   0.379380421E-03   0.215888504E-03   0.202916362E-04
   0.307984919E-05   0.355634111E-03   0.283790199E-03   0.279091255E-04
   0.403399690E-05   0.363626896E-03   0.420642376E-03   0.464421246E-04
   0.566083509E-05   0.469738763E-03   0.689779059E-03   0.101053127E-03
   0.666959977E-05   0.495190441E-03   0.806762837E-03   0.123230886E-03
   0.680927087E-05   0.475954643E-03   0.823991373E-03   0.132133850E-03
   0.760107378E-05   0.519883528E-03   0.920191233E-03   0.155841946E-03
   0.739657526E-05   0.496173045E-03   0.917019264E-03   0.166637445E-03
   0.637114044E-05   0.440016651E-03   0.807816279E-03   0.161563774E-03
   0.564359334E-05   0.393348164E-03   0.726717641E-03   0.157961971E-03
   0.437848075E-05   0.316087768E-03   0.570378383E-03   0.142980061E-03
   0.333770390E-05   0.254139915E-03   0.429615815E-03   0.129981927E-03
   0.274805757E-05   0.220062851E-03   0.328621914E-03   0.127470441E-03
   0.243152840E-05   0.203592892E-03   0.251450052E-03   0.130586806E-03
   0.195843131E-05   0.159405201E-03   0.101351419E-03   0.117413292E-03
   0.176481558E-05   0.138798729E-03  -0.974962222E-05   0.111415386E-03
   0.238124289E-05   0.146822422E-03  -0.111138295E-03   0.120736797E-03
   0.271937370E-05   0.141741533E-03  -0.191613653E-03   0.115315859E-03
   0.396850328E-05   0.168016108E-03  -0.345020439E-03   0.126369647E-03
   0.541818599E-05   0.194725813E-03  -0.478953996E-03   0.132100744E-03
   0.691946116E-05   0.231792117E-03  -0.605432608E-03   0.145112979E-03
   0.829047440E-05   0.262586051E-03  -0.709825603E-03   0.151524277E-03
   0.872264809E-05   0.266076182E-03  -0.729949563E-03   0.146315011E-03
   0.108972163E-04   0.321133644E-03  -0.883336994E-03   0.156855560E-03
   0.105341815E-04   0.306511240E-03  -0.832542719E-03   0.142380813E-03
   0.111615664E-04   0.322964421E-03  -0.856150349E-03   0.140309770E-03
   0.104999162E-04   0.300074083E-03  -0.757249130E-03   0.111778027E-03
   0.851380446E-05   0.242549446E-03  -0.553742575E-03   0.748483508E-04
   0.759962222E-05   0.221564769E-03  -0.430093787E-03   0.568251962E-04
   0.658288945E-05   0.189820043E-03  -0.254943880E-03   0.253701674E-04
   0.772719523E-05   0.199724134E-03  -0.219961235E-03   0.215233158E-04
   0.113088572E-04   0.279677100E-03  -0.322023028E-03   0.432071720E-04
   0.237710392E-04   0.542907976E-03  -0.985120656E-03   0.147313127E-03
   0.424342616E-04   0.962045742E-03  -0.200407626E-02   0.297099352E-03
   0.748633902E-04   0.167839858E-02  -0.381445605E-02   0.557286199E-03
   0.130951186E-03   0.293292641E-02  -0.710574957E-02   0.993227703E-03
   0.205274409E-03   0.460141571E-02  -0.112895463E-01   0.151499989E-02
   0.309609517E-03   0.689162919E-02  -0.169774350E-01   0.222054473E-02
   0.442144898E-03   0.986563321E-02  -0.239625908E-01   0.301273703E-02
   0.622419873E-03   0.139416400E-01  -0.333195627E-01   0.400470989E-02
   0.847526826E-03   0.190534648E-01  -0.444782823E-01   0.516204769E-02
   0.111290964E-02   0.252614617E-01  -0.569169186E-01   0.626692455E-02
   0.141946308E-02   0.326289125E-01  -0.702972859E-01   0.736918766E-02
   0.178716169E-02   0.416218564E-01  -0.855464563E-01   0.860754959E-02
   0.218862831E-02   0.519098900E-01  -0.100578487E+00   0.968211703E-02
   0.262284023E-02   0.636546314E-01  -0.115067065E+00   0.105273630E-01
   0.310691912E-02   0.773962885E-01  -0.129788011E+00   0.111954687E-01
   0.362065830E-02   0.928785130E-01  -0.143180832E+00   0.116127077E-01
   0.414796546E-02   0.109931774E+00  -0.154020712E+00   0.117145246E-01
   0.469536101E-02   0.128734440E+00  -0.162592456E+00   0.116335079E-01
   0.524193654E-02   0.148964241E+00  -0.167560071E+00   0.110871168E-01
   0.579830538E-02   0.170658529E+00  -0.169509605E+00   0.102382535E-01
   0.634340243E-02   0.193183824E+00  -0.167276636E+00   0.918400474E-02
   0.687030656E-02   0.216042981E+00  -0.160664245E+00   0.786563102E-02
   0.737756677E-02   0.238775864E+00  -0.149949968E+00   0.642384822E-02
   0.783198141E-02   0.260036618E+00  -0.133996204E+00   0.488668913E-02
   0.823958218E-02   0.279282242E+00  -0.113973595E+00   0.334230787E-02
   0.857153814E-02   0.295425773E+00  -0.895036906E-01   0.199762615E-02
   0.882178079E-02   0.307642192E+00  -0.617538728E-01   0.921180355E-03
   0.897769164E-02   0.315460175E+00  -0.315166004E-01   0.239698536E-03
   0.902891625E-02   0.317976534E+00  -0.701304970E-07   0.000000000E+00
