   0.161731709E-01   0.310625464E+00   0.000000000E+00   0.000000000E+00
   0.161242634E-01   0.309185296E+00   0.282012410E-01   0.187229700E-03
   0.159745254E-01   0.304018646E+00   0.552802794E-01   0.728213112E-03
   0.157484487E-01   0.296179563E+00   0.802617595E-01   0.159704266E-02
   0.154325869E-01   0.285355031E+00   0.102304444E+00   0.270725600E-02
   0.150326192E-01   0.272341549E+00   0.120800309E+00   0.396816013E-02
   0.145666897E-01   0.257306457E+00   0.135389552E+00   0.534555502E-02
   0.140394773E-01   0.240986198E+00   0.146049708E+00   0.670421170E-02
   0.134625658E-01   0.223693252E+00   0.152913272E+00   0.799092185E-02
   0.128447246E-01   0.205941871E+00   0.156305358E+00   0.912445877E-02
   0.121517032E-01   0.188046589E+00   0.156033069E+00   0.101429997E-01
   0.114289979E-01   0.170431182E+00   0.153078541E+00   0.108810756E-01
   0.107066426E-01   0.153332233E+00   0.148184061E+00   0.114107523E-01
   0.992435869E-02   0.136925146E+00   0.140923321E+00   0.116576757E-01
   0.913430285E-02   0.121343225E+00   0.132319927E+00   0.116649969E-01
   0.834881421E-02   0.106758997E+00   0.122741856E+00   0.115881441E-01
   0.754534313E-02   0.932516009E-01   0.112295955E+00   0.111595308E-01
   0.676779123E-02   0.807944983E-01   0.101576790E+00   0.106406547E-01
   0.602347311E-02   0.696244016E-01   0.910815001E-01   0.993849710E-02
   0.528679276E-02   0.593245253E-01   0.803211629E-01   0.913440809E-02
   0.458451640E-02   0.500108711E-01   0.698252916E-01   0.829344522E-02
   0.394381443E-02   0.419009291E-01   0.601807348E-01   0.734499749E-02
   0.335014611E-02   0.347161405E-01   0.511321202E-01   0.644970732E-02
   0.280744024E-02   0.284241289E-01   0.427709594E-01   0.552792801E-02
   0.233041239E-02   0.230541080E-01   0.354109369E-01   0.469886558E-02
   0.190033694E-02   0.183899999E-01   0.287016165E-01   0.387290702E-02
   0.152806705E-02   0.145046217E-01   0.229109321E-01   0.312390854E-02
   0.120262092E-02   0.111532770E-01   0.177732706E-01   0.244420557E-02
   0.946150627E-03   0.858085416E-02   0.137800900E-01   0.188234402E-02
   0.716684270E-03   0.634919945E-02   0.101783378E-01   0.138461299E-02
   0.541483867E-03   0.467806216E-02   0.746543705E-02   0.993836904E-03
   0.398175500E-03   0.331684016E-02   0.524423923E-02   0.687526830E-03
   0.288557698E-03   0.234023575E-02   0.356738339E-02   0.439811440E-03
   0.199868693E-03   0.155312964E-02   0.223829341E-02   0.262935995E-03
   0.137700859E-03   0.103419391E-02   0.132767111E-02   0.145895523E-03
   0.932300318E-04   0.679566117E-03   0.691005145E-03   0.762568161E-04
   0.608435766E-04   0.438270072E-03   0.264793867E-03   0.419532189E-04
   0.416663643E-04   0.306210772E-03   0.480716153E-04   0.401945872E-04
   0.265001363E-04   0.232516613E-03  -0.130762040E-03   0.526091717E-04
   0.193650521E-04   0.206919416E-03  -0.180169111E-03   0.771318155E-04
   0.160089894E-04   0.213991370E-03  -0.195719578E-03   0.112102425E-03
   0.140912180E-04   0.235454005E-03  -0.168375031E-03   0.147074810E-03
   0.129857635E-04   0.247749151E-03  -0.106918706E-03   0.168202969E-03
   0.134639467E-04   0.269857061E-03  -0.572378485E-04   0.192782987E-03
   0.140595466E-04   0.287557166E-03   0.585807175E-05   0.208574071E-03
   0.151738122E-04   0.299490435E-03   0.469459155E-04   0.220262562E-03
   0.141593609E-04   0.283417728E-03   0.935948046E-04   0.207125224E-03
   0.137028665E-04   0.270533026E-03   0.142555480E-03   0.192252730E-03
   0.143823227E-04   0.267340743E-03   0.198878071E-03   0.179466821E-03
   0.146414104E-04   0.237532775E-03   0.212768806E-03   0.149491214E-03
   0.162917622E-04   0.218552566E-03   0.229808080E-03   0.118830991E-03
   0.203974105E-04   0.188400460E-03   0.175709472E-03   0.762014679E-04
   0.282525853E-04   0.197851681E-03   0.125513528E-03   0.518323177E-04
   0.410678294E-04   0.213969819E-03   0.210483307E-06   0.270751971E-04
   0.622458247E-04   0.275884842E-03  -0.227712939E-03   0.209371265E-04
   0.958864475E-04   0.399978395E-03  -0.591730350E-03   0.369401532E-04
   0.144858350E-03   0.615842524E-03  -0.114317937E-02   0.827914118E-04
   0.207259291E-03   0.887481496E-03  -0.183101359E-02   0.146159044E-03
   0.302481931E-03   0.129488693E-02  -0.293483236E-02   0.282304245E-03
   0.414575945E-03   0.182844640E-02  -0.418165606E-02   0.425529026E-03
   0.561182562E-03   0.250857905E-02  -0.581703708E-02   0.643075793E-03
   0.746656966E-03   0.340920384E-02  -0.787083246E-02   0.902255415E-03
   0.961150159E-03   0.449663866E-02  -0.101944823E-01   0.117790385E-02
   0.124453777E-02   0.590091851E-02  -0.132647660E-01   0.155848986E-02
   0.155579695E-02   0.749031454E-02  -0.165034700E-01   0.194194133E-02
   0.193179492E-02   0.943211094E-02  -0.203773621E-01   0.240829657E-02
   0.236736704E-02   0.117422463E-01  -0.247650761E-01   0.286201690E-02
   0.284339162E-02   0.143339746E-01  -0.293809827E-01   0.333062210E-02
   0.338180456E-02   0.173409227E-01  -0.344774574E-01   0.384698901E-02
   0.395995565E-02   0.207449179E-01  -0.397382975E-01   0.427748449E-02
   0.457042130E-02   0.245297328E-01  -0.450353734E-01   0.466594147E-02
   0.522580184E-02   0.287902653E-01  -0.505142026E-01   0.503063714E-02
   0.591165805E-02   0.335413553E-01  -0.559828430E-01   0.529079419E-02
   0.660236692E-02   0.386831090E-01  -0.611010455E-01   0.559136365E-02
   0.730435364E-02   0.444209389E-01  -0.659847260E-01   0.563296955E-02
   0.798846968E-02   0.505413562E-01  -0.702743158E-01   0.568875298E-02
   0.867167488E-02   0.572820604E-01  -0.741487443E-01   0.556320371E-02
   0.929862354E-02   0.643947124E-01  -0.769899487E-01   0.531928847E-02
   0.988327060E-02   0.719166920E-01  -0.789129063E-01   0.509564253E-02
   0.104204724E-01   0.798545554E-01  -0.798823386E-01   0.472630048E-02
   0.108862258E-01   0.879684538E-01  -0.794968456E-01   0.423880387E-02
   0.112865623E-01   0.963055491E-01  -0.778789371E-01   0.373456208E-02
   0.116144195E-01   0.104574621E+00  -0.747131035E-01   0.313616102E-02
   0.118773421E-01   0.112792127E+00  -0.700732619E-01   0.259833992E-02
   0.120791253E-01   0.120441258E+00  -0.639359653E-01   0.199999358E-02
   0.122221187E-01   0.127534240E+00  -0.562499277E-01   0.146135769E-02
   0.123204105E-01   0.133847699E+00  -0.470671058E-01   0.982863014E-03
   0.123810461E-01   0.139048129E+00  -0.365964621E-01   0.573409954E-03
   0.124048684E-01   0.142740324E+00  -0.250398163E-01   0.258585060E-03
   0.124237910E-01   0.145166829E+00  -0.127222650E-01   0.657904820E-04
   0.124384565E-01   0.146085650E+00  -0.328075558E-07   0.000000000E+00
