   0.110827666E-01   0.207679257E+00   0.160269895E-09   0.000000000E+00
   0.110447900E-01   0.206305206E+00   0.199522395E-01   0.132886533E-03
   0.109557044E-01   0.202159122E+00   0.389930531E-01   0.519339112E-03
   0.107909143E-01   0.195617452E+00   0.562324375E-01   0.112037454E-02
   0.105764521E-01   0.186696723E+00   0.710892975E-01   0.187422871E-02
   0.103109041E-01   0.176198334E+00   0.831102431E-01   0.275059300E-02
   0.998993590E-02   0.164527237E+00   0.921100602E-01   0.364590227E-02
   0.962773059E-02   0.151886418E+00   0.981468260E-01   0.451376662E-02
   0.920976419E-02   0.138857499E+00   0.101216905E+00   0.529821031E-02
   0.876103714E-02   0.125724688E+00   0.101819709E+00   0.600847788E-02
   0.827855244E-02   0.112931482E+00   0.100315511E+00   0.652456190E-02
   0.775131676E-02   0.100530714E+00   0.968355387E-01   0.691080187E-02
   0.720535172E-02   0.888293535E-01   0.920518488E-01   0.709642470E-02
   0.661670137E-02   0.777871683E-01   0.858854502E-01   0.719473744E-02
   0.603686552E-02   0.676256269E-01   0.792253762E-01   0.707953842E-02
   0.543469517E-02   0.583055988E-01   0.719152316E-01   0.680361874E-02
   0.485640951E-02   0.498668402E-01   0.645689964E-01   0.651082257E-02
   0.428172573E-02   0.423033908E-01   0.571570247E-01   0.605448941E-02
   0.372350356E-02   0.354932249E-01   0.498040915E-01   0.552593451E-02
   0.319996406E-02   0.295467693E-01   0.428821146E-01   0.494956644E-02
   0.271828054E-02   0.242930409E-01   0.364003107E-01   0.440075994E-02
   0.226212153E-02   0.196875501E-01   0.302597713E-01   0.379303377E-02
   0.186456030E-02   0.157828480E-01   0.248809028E-01   0.323337456E-02
   0.150418724E-02   0.124520529E-01   0.200151727E-01   0.266352016E-02
   0.120395003E-02   0.972159021E-02   0.159487873E-01   0.218383782E-02
   0.935194897E-03   0.738844369E-02   0.122910216E-01   0.171697792E-02
   0.720199780E-03   0.553560583E-02   0.935930107E-02   0.133788714E-02
   0.531631580E-03   0.400678907E-02   0.680507300E-02   0.976009120E-03
   0.391892972E-03   0.285542803E-02   0.491472520E-02   0.720613520E-03
   0.276956329E-03   0.195195142E-02   0.336624240E-02   0.491937855E-03
   0.193575819E-03   0.131517462E-02   0.226730551E-02   0.329675793E-03
   0.123806967E-03   0.806690950E-03   0.134520140E-02   0.189675862E-03
   0.819109555E-04   0.506597280E-03   0.818901113E-03   0.113193448E-03
   0.497308720E-04   0.297411636E-03   0.422390294E-03   0.576183156E-04
   0.286186478E-04   0.168487502E-03   0.179880662E-03   0.283798399E-04
   0.157351606E-04   0.105635263E-03   0.381491227E-04   0.194019522E-04
   0.869586256E-05   0.781658309E-04  -0.176697540E-04   0.213367985E-04
   0.566492054E-05   0.801688948E-04  -0.375765958E-04   0.350451373E-04
   0.455956342E-05   0.983719001E-04  -0.274648828E-04   0.535306535E-04
   0.501852992E-05   0.112589572E-03  -0.128117508E-04   0.694398623E-04
   0.632210003E-05   0.133513866E-03   0.146790171E-05   0.890990850E-04
   0.745143234E-05   0.153841727E-03   0.296048001E-04   0.104046878E-03
   0.919192553E-05   0.174083631E-03   0.405754399E-04   0.121754099E-03
   0.101405694E-04   0.178581467E-03   0.353758624E-04   0.129150387E-03
   0.111147838E-04   0.182353004E-03   0.204828229E-04   0.136412433E-03
   0.120002787E-04   0.185104916E-03   0.225337699E-04   0.139555515E-03
   0.115389257E-04   0.174088229E-03  -0.352737970E-06   0.134302565E-03
   0.112133121E-04   0.167090038E-03   0.718961792E-05   0.128736327E-03
   0.111806539E-04   0.160102936E-03   0.101897776E-04   0.123004094E-03
   0.934303989E-05   0.133844762E-03  -0.552170741E-05   0.102875114E-03
   0.824898598E-05   0.118024604E-03   0.998638279E-05   0.886097332E-04
   0.712040037E-05   0.100393518E-03   0.301646287E-04   0.721071774E-04
   0.645600494E-05   0.820901914E-04   0.406595573E-04   0.537430496E-04
   0.700827104E-05   0.643957246E-04   0.357092540E-04   0.351746239E-04
   0.103775810E-04   0.602416803E-04   0.131235975E-04   0.231471004E-04
   0.177980128E-04   0.734852729E-04  -0.427946761E-04   0.184726032E-04
   0.324205903E-04   0.108623324E-03  -0.178544578E-03   0.247807911E-04
   0.565565933E-04   0.175732712E-03  -0.398252218E-03   0.465877783E-04
   0.909767405E-04   0.293516990E-03  -0.714236288E-03   0.851206787E-04
   0.146793900E-03   0.487950165E-03  -0.124575780E-02   0.158225375E-03
   0.219376030E-03   0.739260577E-03  -0.191720028E-02   0.256060943E-03
   0.317009253E-03   0.110271096E-02  -0.282574608E-02   0.376513490E-03
   0.447848957E-03   0.157468184E-02  -0.402081339E-02   0.552176265E-03
   0.615348981E-03   0.221622665E-02  -0.555218523E-02   0.742812292E-03
   0.832519552E-03   0.300718425E-02  -0.747473398E-02   0.101117860E-02
   0.107765815E-02   0.394303165E-02  -0.958628580E-02   0.126567297E-02
   0.138886156E-02   0.513854250E-02  -0.122386031E-01   0.158480566E-02
   0.175264617E-02   0.656023156E-02  -0.152496332E-01   0.190446607E-02
   0.216292730E-02   0.818842091E-02  -0.185143016E-01   0.224241475E-02
   0.263175415E-02   0.101010557E-01  -0.221284982E-01   0.260341074E-02
   0.313738547E-02   0.122531895E-01  -0.258370768E-01   0.290822214E-02
   0.371790957E-02   0.147924423E-01  -0.299953204E-01   0.324132014E-02
   0.432270765E-02   0.175995342E-01  -0.340566374E-01   0.350197521E-02
   0.496603781E-02   0.207612962E-01  -0.381394848E-01   0.373171363E-02
   0.564115914E-02   0.243064761E-01  -0.421668291E-01   0.388062419E-02
   0.631633494E-02   0.281679276E-01  -0.458050594E-01   0.394980982E-02
   0.700900517E-02   0.324572735E-01  -0.492083617E-01   0.395820243E-02
   0.767251803E-02   0.370614976E-01  -0.519104600E-01   0.387932523E-02
   0.834238529E-02   0.421174616E-01  -0.542247146E-01   0.370531343E-02
   0.898640882E-02   0.475472994E-01  -0.558466874E-01   0.347668538E-02
   0.958047435E-02   0.532222912E-01  -0.565051772E-01   0.323482673E-02
   0.101225516E-01   0.591704771E-01  -0.560577959E-01   0.287049590E-02
   0.106225377E-01   0.652275234E-01  -0.546332933E-01   0.246961834E-02
   0.110655269E-01   0.712843910E-01  -0.519614331E-01   0.204624282E-02
   0.114450576E-01   0.772036836E-01  -0.479998440E-01   0.162928423E-02
   0.117612025E-01   0.827134401E-01  -0.426847115E-01   0.119932101E-02
   0.120146787E-01   0.876448229E-01  -0.361054502E-01   0.814535771E-03
   0.122207878E-01   0.918587074E-01  -0.282941218E-01   0.477252848E-03
   0.123515073E-01   0.949058235E-01  -0.194718838E-01   0.218551766E-03
   0.124335634E-01   0.968773738E-01  -0.992929656E-02   0.555238403E-04
   0.124629242E-01   0.975139067E-01  -0.242289655E-07   0.000000000E+00
