   0.114268600E+03   0.182509048E+03   0.000000000E+00   0.000000000E+00
   0.106906250E+03   0.170853470E+03   0.552563524E+01   0.500091463E-01
   0.883958664E+02   0.141526520E+03   0.914643288E+01   0.167609930E+00
   0.662055283E+02   0.106320396E+03   0.102917500E+02   0.289097220E+00
   0.462547264E+02   0.745928574E+02   0.960780334E+01   0.371026099E+00
   0.309466419E+02   0.501719360E+02   0.805633259E+01   0.404811084E+00
   0.202270870E+02   0.330020065E+02   0.633706045E+01   0.401692539E+00
   0.130917368E+02   0.215137863E+02   0.479794788E+01   0.376667410E+00
   0.847187996E+01   0.140295868E+02   0.355433607E+01   0.341941118E+00
   0.551454878E+01   0.920389938E+01   0.260129547E+01   0.305012405E+00
   0.363173723E+01   0.610471058E+01   0.189424348E+01   0.269764304E+00
   0.243139696E+01   0.410975790E+01   0.137844491E+01   0.238365456E+00
   0.166592085E+01   0.282227612E+01   0.100687623E+01   0.210764050E+00
   0.117480707E+01   0.198578858E+01   0.740143478E+00   0.187473774E+00
   0.859580040E+00   0.144064987E+01   0.549886584E+00   0.167682976E+00
   0.656082988E+00   0.108264542E+01   0.414056569E+00   0.150952667E+00
   0.524374723E+00   0.846382618E+00   0.317227155E+00   0.136782274E+00
   0.438750207E+00   0.689426422E+00   0.248087212E+00   0.124834880E+00
   0.382752478E+00   0.584230781E+00   0.198619485E+00   0.114539541E+00
   0.345836371E+00   0.513072968E+00   0.163130015E+00   0.105754189E+00
   0.321130335E+00   0.464086324E+00   0.137469947E+00   0.981755331E-01
   0.304143786E+00   0.429545373E+00   0.118707329E+00   0.915250108E-01
   0.291913927E+00   0.404236168E+00   0.104773507E+00   0.855771452E-01
   0.282733500E+00   0.385011345E+00   0.941998363E-01   0.802584514E-01
   0.275372267E+00   0.369582623E+00   0.859327689E-01   0.754659548E-01
   0.269145578E+00   0.356614769E+00   0.792533904E-01   0.711597949E-01
   0.263467193E+00   0.345101804E+00   0.736726820E-01   0.671987236E-01
   0.258048266E+00   0.334373534E+00   0.687733814E-01   0.634894073E-01
   0.252778977E+00   0.324161261E+00   0.643321872E-01   0.601453856E-01
   0.247687221E+00   0.314465880E+00   0.602884367E-01   0.570572466E-01
   0.242697418E+00   0.305103928E+00   0.565373339E-01   0.541626401E-01
   0.237549037E+00   0.295664847E+00   0.527722724E-01   0.515643768E-01
   0.232631221E+00   0.286718518E+00   0.493152849E-01   0.490737706E-01
   0.227602988E+00   0.277689099E+00   0.457958728E-01   0.467794873E-01
   0.222757027E+00   0.269052476E+00   0.424094461E-01   0.447349288E-01
   0.218088031E+00   0.260773182E+00   0.391359739E-01   0.428843684E-01
   0.213334277E+00   0.252527148E+00   0.358156897E-01   0.411509946E-01
   0.208863363E+00   0.244815528E+00   0.326474868E-01   0.396357290E-01
   0.204613462E+00   0.237515584E+00   0.295778066E-01   0.382775739E-01
   0.200550884E+00   0.230691731E+00   0.266240705E-01   0.371104665E-01
   0.196496487E+00   0.224003851E+00   0.235906430E-01   0.360605754E-01
   0.192779914E+00   0.217944711E+00   0.207267515E-01   0.351934768E-01
   0.189232916E+00   0.212336764E+00   0.179614183E-01   0.344875529E-01
   0.185853809E+00   0.207109496E+00   0.151543925E-01   0.339490846E-01
   0.182663158E+00   0.202361420E+00   0.124606099E-01   0.335503742E-01
   0.179746568E+00   0.198182210E+00   0.992042292E-02   0.333140232E-01
   0.177003250E+00   0.194444463E+00   0.733893458E-02   0.332598314E-01
   0.174540058E+00   0.191256896E+00   0.489245029E-02   0.333496183E-01
   0.172104225E+00   0.188350543E+00   0.241386984E-02   0.335610844E-01
   0.169847921E+00   0.185907558E+00   0.103085695E-04   0.339343175E-01
   0.167795017E+00   0.183927432E+00  -0.247073220E-02   0.344421007E-01
   0.166053444E+00   0.182533816E+00  -0.470105000E-02   0.351628996E-01
   0.164263994E+00   0.181332707E+00  -0.703211315E-02   0.359731503E-01
   0.162693366E+00   0.180612743E+00  -0.926978327E-02   0.369684175E-01
   0.161252841E+00   0.180272505E+00  -0.114772245E-01   0.381428935E-01
   0.159956083E+00   0.180338606E+00  -0.137242647E-01   0.394681618E-01
   0.158734232E+00   0.180693284E+00  -0.158672072E-01   0.409782007E-01
   0.157510981E+00   0.181250706E+00  -0.179940462E-01   0.426206328E-01
   0.156449780E+00   0.182216406E+00  -0.201438982E-01   0.444609150E-01
   0.155397043E+00   0.183436930E+00  -0.222827662E-01   0.464741029E-01
   0.154343471E+00   0.184819147E+00  -0.243738741E-01   0.486725532E-01
   0.153326362E+00   0.186569959E+00  -0.265226141E-01   0.510869026E-01
   0.152254432E+00   0.188498825E+00  -0.286647584E-01   0.537018031E-01
   0.151128605E+00   0.190721810E+00  -0.308977664E-01   0.564989150E-01
   0.150026798E+00   0.193430409E+00  -0.332647488E-01   0.595728867E-01
   0.148885265E+00   0.196734995E+00  -0.358842984E-01   0.628273040E-01
   0.147712514E+00   0.200847074E+00  -0.388239808E-01   0.663818419E-01
   0.146602318E+00   0.206284210E+00  -0.422974899E-01   0.702569634E-01
   0.145701990E+00   0.213732764E+00  -0.465615503E-01   0.744565129E-01
   0.145115897E+00   0.224186108E+00  -0.520023145E-01   0.788977370E-01
   0.145248026E+00   0.239380792E+00  -0.591073595E-01   0.839681551E-01
   0.146431446E+00   0.261558801E+00  -0.686127022E-01   0.893631503E-01
   0.149441227E+00   0.294529319E+00  -0.815857947E-01   0.953393728E-01
   0.155313313E+00   0.343823254E+00  -0.994172767E-01   0.101895824E+00
   0.165739194E+00   0.418023705E+00  -0.124171108E+00   0.109083265E+00
   0.183221906E+00   0.529917121E+00  -0.158516631E+00   0.117004670E+00
   0.211662918E+00   0.699980617E+00  -0.206458732E+00   0.125927344E+00
   0.257183522E+00   0.958898067E+00  -0.273298442E+00   0.135473847E+00
   0.328905314E+00   0.135493422E+01  -0.366229117E+00   0.146145791E+00
   0.441554695E+00   0.196376312E+01  -0.495205522E+00   0.157556012E+00
   0.617999554E+00   0.290628505E+01  -0.673584998E+00   0.169815183E+00
   0.893767416E+00   0.436633253E+01  -0.916828394E+00   0.181931853E+00
   0.132458854E+01   0.663480902E+01  -0.124333870E+01   0.192746654E+00
   0.199189854E+01   0.101456804E+02  -0.166757941E+01   0.200879857E+00
   0.301274753E+01   0.155179300E+02  -0.218950796E+01   0.203067914E+00
   0.453425837E+01   0.235254078E+02  -0.276906323E+01   0.194484100E+00
   0.668636036E+01   0.348705559E+02  -0.328613281E+01   0.170391589E+00
   0.946807098E+01   0.495547218E+02  -0.350456786E+01   0.127811015E+00
   0.125405340E+02   0.657892456E+02  -0.310317278E+01   0.719785914E-01
   0.150899725E+02   0.792708511E+02  -0.187005794E+01   0.210747253E-01
   0.161028080E+02   0.846274948E+02  -0.547526042E-05   0.000000000E+00
