   0.872338831E-03   0.152432263E+00  -0.277397855E-09   0.000000000E+00
   0.894712051E-03   0.150359154E+00   0.113315713E-01   0.749227256E-04
   0.954444578E-03   0.144279733E+00   0.217597634E-01   0.285138987E-03
   0.104182679E-02   0.134830624E+00   0.305867009E-01   0.592043274E-03
   0.114013581E-02   0.122861579E+00   0.373053737E-01   0.943497231E-03
   0.123037456E-02   0.109253109E+00   0.416050665E-01   0.128998572E-02
   0.130004087E-02   0.950837731E-01   0.437790602E-01   0.158903317E-02
   0.133098604E-02   0.809348226E-01   0.436968729E-01   0.182030851E-02
   0.131810282E-02   0.675077587E-01   0.418840796E-01   0.193771836E-02
   0.126211741E-02   0.552152693E-01   0.387303717E-01   0.196972932E-02
   0.116984756E-02   0.443054028E-01   0.347200781E-01   0.192913739E-02
   0.103664608E-02   0.347284414E-01   0.297955181E-01   0.178578019E-02
   0.894278579E-03   0.267571062E-01   0.250249300E-01   0.160453143E-02
   0.740416988E-03   0.201122183E-01   0.202031173E-01   0.138495711E-02
   0.583475980E-03   0.146777099E-01   0.155250290E-01   0.112418446E-02
   0.443882658E-03   0.104493629E-01   0.115393028E-01   0.884349865E-03
   0.324125111E-03   0.722769089E-02   0.822923612E-02   0.663848128E-03
   0.218855304E-03   0.475859642E-02   0.536527857E-02   0.448779116E-03
   0.142691133E-03   0.304440339E-02   0.336201186E-02   0.291777396E-03
   0.841169094E-04   0.183902762E-02   0.185374962E-02   0.163649820E-03
   0.463443830E-04   0.107132737E-02   0.923277228E-03   0.819756096E-04
   0.223459101E-04   0.599496299E-03   0.366326276E-03   0.308091439E-04
   0.962455215E-05   0.338698912E-03   0.105914085E-03   0.704764398E-05
   0.397761733E-05   0.208719634E-03   0.256362619E-04   0.121745518E-05
   0.245616206E-05   0.151821339E-03   0.376426906E-04   0.451023743E-05
   0.287302510E-05   0.137343683E-03   0.908682923E-04   0.123501368E-04
   0.378589448E-05   0.132286412E-03   0.146349295E-03   0.211801053E-04
   0.470783198E-05   0.130712389E-03   0.185532001E-03   0.274033137E-04
   0.485998726E-05   0.116922944E-03   0.190751380E-03   0.281696521E-04
   0.459777220E-05   0.101852689E-03   0.179277486E-03   0.269707762E-04
   0.381767359E-05   0.795048909E-04   0.145675731E-03   0.219069279E-04
   0.316889896E-05   0.635935721E-04   0.121744277E-03   0.187314108E-04
   0.253259236E-05   0.483779804E-04   0.934039199E-04   0.141624187E-04
   0.146897401E-05   0.278343141E-04   0.548557764E-04   0.844554233E-05
   0.967581741E-06   0.173525514E-04   0.339643593E-04   0.502704825E-05
   0.611653093E-06   0.103036627E-04   0.201721032E-04   0.281693428E-05
   0.289143543E-06   0.448519631E-05   0.919524791E-05   0.109403209E-05
   0.239304796E-06   0.344869454E-05   0.636074992E-05   0.792903847E-06
   0.152162329E-06   0.139425185E-05  -0.163307021E-07   0.222980134E-06
   0.386120078E-07   0.172642615E-06  -0.190092081E-06  -0.392079507E-07
   0.781064031E-07   0.510398820E-06  -0.179126846E-05   0.302529770E-06
   0.667947688E-07   0.566783342E-06  -0.181998587E-05   0.401559475E-06
   0.258882800E-07   0.554125847E-06  -0.313681845E-07   0.415596787E-06
   0.439897470E-07   0.903437410E-06  -0.323433689E-07   0.671533826E-06
   0.888570781E-07   0.141977864E-05   0.143088243E-06   0.980775440E-06
   0.991120714E-07   0.147578589E-05  -0.771528391E-06   0.107955816E-05
   0.110054856E-06   0.150463734E-05  -0.109334530E-05   0.109669566E-05
   0.912389950E-07   0.113890349E-05  -0.210935423E-05   0.884928568E-06
   0.987251454E-07   0.124522126E-05  -0.860153136E-06   0.879868423E-06
   0.429449116E-07   0.644512170E-06   0.894860591E-06   0.338789192E-06
   0.316260795E-07   0.379003012E-06   0.850280344E-06   0.118360184E-06
   0.889859137E-07   0.672014323E-06  -0.781010328E-06   0.148625745E-06
   0.863958078E-07   0.457359619E-06  -0.163525397E-05   0.121178729E-06
   0.262323141E-06   0.164236735E-05  -0.578769414E-05   0.680122980E-06
   0.616045838E-06   0.413485668E-05  -0.138572605E-04   0.181027690E-05
   0.136519020E-05   0.970316341E-05  -0.336136909E-04   0.506916649E-05
   0.190753963E-05   0.133250369E-04  -0.466606980E-04   0.697686437E-05
   0.338733776E-05   0.237666372E-04  -0.828273987E-04   0.125900506E-04
   0.456046473E-05   0.314525605E-04  -0.108515378E-03   0.159488773E-04
   0.640358257E-05   0.437813760E-04  -0.150230175E-03   0.222064828E-04
   0.790032391E-05   0.539390021E-04  -0.180152696E-03   0.266907318E-04
   0.970745532E-05   0.653997631E-04  -0.212306186E-03   0.312073353E-04
   0.106648467E-04   0.712473775E-04  -0.217667344E-03   0.320048821E-04
   0.112326316E-04   0.735034337E-04  -0.200139912E-03   0.274296453E-04
   0.118193384E-04   0.758902679E-04  -0.173087596E-03   0.242533661E-04
   0.119321185E-04   0.743408382E-04  -0.110226742E-03   0.150634660E-04
   0.133383119E-04   0.780065675E-04  -0.466761485E-04   0.670857798E-05
   0.191560448E-04   0.103203070E-03  -0.339358157E-04   0.513487794E-05
   0.333605603E-04   0.171067033E-03  -0.119598510E-03   0.147119154E-04
   0.643730818E-04   0.322201638E-03  -0.450565625E-03   0.516626205E-04
   0.117395888E-03   0.583372544E-03  -0.105471781E-02   0.114952483E-03
   0.206081037E-03   0.101854187E-02  -0.212330814E-02   0.221703667E-03
   0.335731136E-03   0.165440794E-02  -0.362285017E-02   0.362250110E-03
   0.526592252E-03   0.258964417E-02  -0.580421044E-02   0.556646672E-03
   0.786998600E-03   0.386899058E-02  -0.861650147E-02   0.790309859E-03
   0.112431310E-02   0.554862199E-02  -0.119757755E-01   0.104220386E-02
   0.154883345E-02   0.769512774E-02  -0.158203132E-01   0.129968440E-02
   0.206348859E-02   0.103511466E-01  -0.199481938E-01   0.155321648E-02
   0.267909886E-02   0.136141963E-01  -0.242948458E-01   0.178266445E-02
   0.338965585E-02   0.174973905E-01  -0.285193399E-01   0.195773272E-02
   0.418957463E-02   0.220100842E-01  -0.323186554E-01   0.207596598E-02
   0.507492665E-02   0.271597281E-01  -0.354873724E-01   0.211466989E-02
   0.602857163E-02   0.328817554E-01  -0.376311280E-01   0.204845215E-02
   0.705123367E-02   0.391330346E-01  -0.388014726E-01   0.191520446E-02
   0.809226092E-02   0.456215218E-01  -0.383397937E-01   0.167162064E-02
   0.912346039E-02   0.521211475E-01  -0.361706428E-01   0.135508727E-02
   0.100966478E-01   0.582768694E-01  -0.321787894E-01   0.986145111E-03
   0.109508252E-01   0.636955798E-01  -0.262712482E-01   0.617933751E-03
   0.116243754E-01   0.679542795E-01  -0.186744053E-01   0.296591490E-03
   0.120546324E-01   0.706847087E-01  -0.970468018E-02   0.780824994E-04
   0.122044655E-01   0.716294646E-01  -0.254721861E-07   0.000000000E+00
