   0.343238488E-01   0.295931578E+00   0.000000000E+00   0.000000000E+00
   0.341500826E-01   0.294478536E+00   0.269616321E-01   0.188403981E-03
   0.336104892E-01   0.289602667E+00   0.527760014E-01   0.742941396E-03
   0.327484533E-01   0.282076925E+00   0.764045194E-01   0.161227013E-02
   0.316359773E-01   0.272126913E+00   0.971208438E-01   0.271226093E-02
   0.302835498E-01   0.260025591E+00   0.114259660E+00   0.401311833E-02
   0.287654512E-01   0.245810047E+00   0.127576232E+00   0.534846121E-02
   0.271458831E-01   0.230730206E+00   0.137101918E+00   0.669619488E-02
   0.254455227E-01   0.214793220E+00   0.142847642E+00   0.792560074E-02
   0.237419289E-01   0.198164538E+00   0.145386323E+00   0.903108157E-02
   0.220236667E-01   0.181785509E+00   0.144842893E+00   0.992952287E-02
   0.203742143E-01   0.165487200E+00   0.142135829E+00   0.106704244E-01
   0.187276360E-01   0.149582222E+00   0.137077004E+00   0.111030852E-01
   0.171570238E-01   0.134477451E+00   0.130621299E+00   0.114069544E-01
   0.156497359E-01   0.120050795E+00   0.123005621E+00   0.114784958E-01
   0.141961696E-01   0.106514953E+00   0.114459530E+00   0.113179376E-01
   0.128210364E-01   0.939172879E-01   0.105524532E+00   0.109895598E-01
   0.115191080E-01   0.823402107E-01   0.963510349E-01   0.105406605E-01
   0.102776093E-01   0.717425719E-01   0.870592222E-01   0.989860669E-02
   0.912129693E-02   0.621024854E-01   0.779666975E-01   0.918544270E-02
   0.802675635E-02   0.533472896E-01   0.690455586E-01   0.845909677E-02
   0.701458193E-02   0.455161929E-01   0.605908446E-01   0.768544804E-02
   0.611016154E-02   0.386478677E-01   0.528965071E-01   0.688465266E-02
   0.525375968E-02   0.324843973E-01   0.454659201E-01   0.602456648E-02
   0.448870007E-02   0.270589776E-01   0.387289114E-01   0.525802746E-02
   0.378968823E-02   0.223210808E-01   0.325258672E-01   0.449564215E-02
   0.316665508E-02   0.182352159E-01   0.269665476E-01   0.374481385E-02
   0.264406833E-02   0.148205766E-01   0.223026145E-01   0.311672059E-02
   0.216546119E-02   0.118311606E-01   0.179697797E-01   0.249486649E-02
   0.177051476E-02   0.939164869E-02   0.144534521E-01   0.200680248E-02
   0.141103007E-02   0.727169355E-02   0.112065468E-01   0.153280131E-02
   0.112386944E-02   0.560737588E-02   0.864431076E-02   0.114639802E-02
   0.880444015E-03   0.422789250E-02   0.649034139E-02   0.836047577E-03
   0.685900624E-03   0.312877260E-02   0.478993962E-02   0.600646657E-03
   0.523279596E-03   0.227133301E-02   0.338704186E-02   0.397723663E-03
   0.393062219E-03   0.161494466E-02   0.228467537E-02   0.243326765E-03
   0.286362309E-03   0.109239237E-02   0.142138777E-02   0.136137664E-03
   0.213759180E-03   0.763525080E-03   0.864242727E-03   0.726199796E-04
   0.152700348E-03   0.492203922E-03   0.429595617E-03   0.313901473E-04
   0.111178946E-03   0.329236500E-03   0.166440412E-03   0.153445762E-04
   0.769245817E-04   0.214155807E-03  -0.306985894E-04   0.841066321E-05
   0.562581336E-04   0.143887504E-03  -0.891043092E-04   0.144545129E-04
   0.400300523E-04   0.104322586E-03  -0.124521670E-03   0.225033946E-04
   0.302857607E-04   0.913838594E-04  -0.117044459E-03   0.333053540E-04
   0.252235368E-04   0.788624820E-04  -0.753258864E-04   0.381290993E-04
   0.229465841E-04   0.759823670E-04  -0.267013220E-04   0.390908353E-04
   0.238607954E-04   0.815220992E-04   0.200087088E-04   0.370359012E-04
   0.284866928E-04   0.902811880E-04   0.567156530E-04   0.291586039E-04
   0.374555566E-04   0.102565617E-03   0.662643870E-04   0.166081300E-04
   0.522133050E-04   0.130217086E-03   0.406358231E-04   0.329867066E-05
   0.717334842E-04   0.157033603E-03  -0.270112560E-04  -0.125660927E-04
   0.102968930E-03   0.227926794E-03  -0.176154179E-03  -0.200495524E-04
   0.142416960E-03   0.308458111E-03  -0.398021366E-03  -0.243912382E-04
   0.196752575E-03   0.441620592E-03  -0.713947986E-03  -0.177957936E-04
   0.264664297E-03   0.614151009E-03  -0.114435190E-02   0.549079687E-05
   0.359098893E-03   0.864571019E-03  -0.175945333E-02   0.504871932E-04
   0.474803499E-03   0.120400428E-02  -0.252461690E-02   0.115431227E-03
   0.620694016E-03   0.163225760E-02  -0.350290653E-02   0.213171428E-03
   0.809564081E-03   0.219390588E-02  -0.478383107E-02   0.355258962E-03
   0.102254318E-02   0.286146230E-02  -0.620781770E-02   0.520449714E-03
   0.129510206E-02   0.372781814E-02  -0.802457985E-02   0.719614851E-03
   0.159454113E-02   0.471521216E-02  -0.998981763E-02   0.958378543E-03
   0.195023173E-02   0.593997724E-02  -0.122947386E-01   0.119672203E-02
   0.236007012E-02   0.736468378E-02  -0.149127934E-01   0.147396035E-02
   0.282691303E-02   0.902876072E-02  -0.178510472E-01   0.179594930E-02
   0.333903357E-02   0.109304124E-01  -0.209857598E-01   0.210933085E-02
   0.392121216E-02   0.131489011E-01  -0.245131589E-01   0.244381628E-02
   0.455801329E-02   0.156720672E-01  -0.282790698E-01   0.278546079E-02
   0.520970812E-02   0.184584223E-01  -0.319505893E-01   0.304662902E-02
   0.593888294E-02   0.216385778E-01  -0.360250100E-01   0.334894075E-02
   0.669500232E-02   0.251852553E-01  -0.400872417E-01   0.359452516E-02
   0.748025114E-02   0.291189440E-01  -0.441532023E-01   0.379880727E-02
   0.829358958E-02   0.335022099E-01  -0.482119396E-01   0.395351276E-02
   0.910221320E-02   0.382811129E-01  -0.520084389E-01   0.400702050E-02
   0.991879124E-02   0.435357019E-01  -0.556395203E-01   0.402690610E-02
   0.107129952E-01   0.492141210E-01  -0.588764250E-01   0.397515530E-02
   0.114828618E-01   0.553533994E-01  -0.617166199E-01   0.386462454E-02
   0.122078089E-01   0.619194321E-01  -0.639638975E-01   0.370715931E-02
   0.128799584E-01   0.689472705E-01  -0.655419305E-01   0.350704300E-02
   0.135026062E-01   0.762700438E-01  -0.663892031E-01   0.312221120E-02
   0.140351215E-01   0.838900506E-01  -0.663011745E-01   0.289380457E-02
   0.145072965E-01   0.916639417E-01  -0.651097968E-01   0.244066631E-02
   0.148753151E-01   0.994527191E-01  -0.627717376E-01   0.211006543E-02
   0.151803056E-01   0.107177690E+00  -0.591715313E-01   0.171960867E-02
   0.154035054E-01   0.114403851E+00  -0.542378612E-01   0.130796910E-02
   0.155661739E-01   0.121160515E+00  -0.479139574E-01   0.943987689E-03
   0.156694353E-01   0.127157807E+00  -0.402926728E-01   0.628598849E-03
   0.157194119E-01   0.132134661E+00  -0.314309783E-01   0.367912522E-03
   0.157477632E-01   0.135929525E+00  -0.215695892E-01   0.170379455E-03
   0.157613568E-01   0.138145074E+00  -0.109687820E-01   0.429183347E-04
   0.157724191E-01   0.138971061E+00  -0.267308131E-07   0.000000000E+00
