   0.515548047E-02   0.583591878E+00   0.000000000E+00   0.000000000E+00
   0.509119220E-02   0.572776914E+00   0.364361778E-01   0.306654314E-03
   0.490422454E-02   0.541437209E+00   0.689657182E-01   0.113976141E-02
   0.461249566E-02   0.493933916E+00   0.950763226E-01   0.228729472E-02
   0.423728162E-02   0.434884518E+00   0.112485610E+00   0.346888881E-02
   0.380603597E-02   0.370482266E+00   0.121485829E+00   0.445327768E-02
   0.333583425E-02   0.305333376E+00   0.121620677E+00   0.506931311E-02
   0.285470323E-02   0.244140774E+00   0.115523301E+00   0.530781923E-02
   0.237102923E-02   0.189042583E+00   0.103459172E+00   0.512802601E-02
   0.191590062E-02   0.142255142E+00   0.890895873E-01   0.471894490E-02
   0.148808549E-02   0.103431210E+00   0.721007586E-01   0.404377328E-02
   0.111392315E-02   0.728548318E-01   0.556571409E-01   0.327911135E-02
   0.791678613E-03   0.493154936E-01   0.398787558E-01   0.246823486E-02
   0.537276908E-03   0.321930163E-01   0.269357692E-01   0.173940079E-02
   0.343298801E-03   0.201170612E-01   0.166475661E-01   0.110995071E-02
   0.202756069E-03   0.119285025E-01   0.898456108E-02   0.615611265E-03
   0.109363711E-03   0.671031792E-02   0.395221589E-02   0.264692790E-03
   0.553387872E-04   0.367016112E-02   0.137283199E-02   0.836858890E-04
   0.272607795E-04   0.201590941E-02   0.344727363E-03   0.148854188E-04
   0.144163287E-04   0.119080988E-02   0.165254183E-03   0.136674171E-04
   0.103093653E-04   0.811029633E-03   0.420870085E-03   0.484523116E-04
   0.965800791E-05   0.646610686E-03   0.735237787E-03   0.864262838E-04
   0.970832025E-05   0.551438134E-03   0.930133217E-03   0.109537097E-03
   0.890689898E-05   0.462059921E-03   0.964003557E-03   0.118042750E-03
   0.727675388E-05   0.357590878E-03   0.832347025E-03   0.105225772E-03
   0.595197389E-05   0.280065811E-03   0.699202879E-03   0.901633539E-04
   0.377507740E-05   0.175054811E-03   0.453911576E-03   0.600129570E-04
   0.244297303E-05   0.112119400E-03   0.296322367E-03   0.403587219E-04
   0.105934942E-05   0.511667859E-04   0.135751950E-03   0.201798048E-04
   0.633527065E-06   0.301259715E-04   0.813565857E-04   0.120575078E-04
   0.112137016E-06   0.636039931E-05   0.154435274E-04   0.293613220E-05
   0.333128796E-07   0.203702075E-05   0.450172320E-05   0.924015126E-06
   0.436104619E-08   0.283766695E-06   0.210722618E-06   0.154705532E-06
   0.298533784E-07   0.963684556E-06   0.295616974E-05   0.333673626E-06
   0.802803228E-07   0.271086515E-05   0.808514233E-05   0.973934448E-06
   0.113041786E-06   0.401498664E-05   0.120758432E-04   0.151479037E-05
   0.138510998E-06   0.464004870E-05   0.126438617E-04   0.170133285E-05
   0.169416111E-06   0.609034487E-05   0.159793926E-04   0.243500153E-05
   0.128250122E-06   0.521179300E-05   0.165617494E-04   0.226073257E-05
   0.149744764E-06   0.521957236E-05   0.126640889E-04   0.210546318E-05
   0.467659618E-07   0.173857563E-05   0.539477332E-05   0.702088812E-06
   0.485435478E-07   0.210373423E-05   0.655364011E-05   0.982296797E-06
   0.743573780E-08   0.176814964E-06   0.395734020E-06   0.452110740E-07
   0.251770675E-07   0.100671639E-05   0.307204755E-05   0.436143608E-06
   0.361485331E-08   0.154275028E-06   0.406322499E-06   0.722385991E-07
   0.133191609E-07   0.454417545E-06  -0.126653413E-05   0.341639975E-06
   0.109605769E-08   0.235067450E-07  -0.709699890E-07   0.127932616E-07
   0.977130199E-08   0.176784297E-06  -0.835118612E-06   0.935736182E-07
   0.397556654E-07   0.922009235E-06  -0.397163967E-05   0.584703002E-06
   0.240744491E-07   0.473166835E-06  -0.231206195E-05   0.277781027E-06
   0.752239799E-07   0.169133239E-05  -0.760364310E-05   0.106905838E-05
   0.707659069E-07   0.166900531E-05  -0.736860966E-05   0.115030298E-05
   0.168767571E-06   0.368864653E-05  -0.127321346E-04   0.196240012E-05
   0.188121646E-06   0.401074976E-05  -0.174171364E-04   0.235940479E-05
   0.110922308E-06   0.230409910E-05  -0.109498533E-04   0.141035389E-05
   0.196177524E-06   0.430025420E-05  -0.166535319E-04   0.241219482E-05
   0.153927800E-06   0.319890160E-05  -0.142899898E-04   0.187205990E-05
   0.997879610E-07   0.221091273E-05  -0.867631206E-05   0.128877014E-05
   0.318911231E-08   0.119512592E-06  -0.519536769E-07   0.749091100E-07
   0.444250041E-07   0.137373706E-05  -0.453649045E-05   0.100363809E-05
   0.371578125E-06   0.853490383E-05  -0.362594728E-04   0.535094341E-05
   0.928555494E-06   0.201820349E-04  -0.872025703E-04   0.120251379E-04
   0.200711406E-05   0.433814930E-04  -0.188647551E-03   0.262675621E-04
   0.331717979E-05   0.692094909E-04  -0.301001128E-03   0.405844075E-04
   0.609177550E-05   0.123304548E-03  -0.535799772E-03   0.703629266E-04
   0.990363787E-05   0.193248066E-03  -0.823605747E-03   0.102849706E-03
   0.127596777E-04   0.240585432E-03  -0.988410553E-03   0.120856028E-03
   0.165045712E-04   0.299229607E-03  -0.114491710E-02   0.135351162E-03
   0.189269740E-04   0.325954257E-03  -0.106711988E-02   0.122561542E-03
   0.217349625E-04   0.349749957E-03  -0.819046225E-03   0.908481452E-04
   0.279612395E-04   0.418690383E-03  -0.502317096E-03   0.532391896E-04
   0.409777604E-04   0.574087491E-03  -0.221548282E-03   0.233365427E-04
   0.708985972E-04   0.970465830E-03  -0.304594199E-03   0.303909692E-04
   0.135577167E-03   0.184954738E-02  -0.162461307E-02   0.151017593E-03
   0.252020807E-03   0.344141829E-02  -0.445111515E-02   0.394968141E-03
   0.450232008E-03   0.614920305E-02  -0.972529314E-02   0.823719485E-03
   0.758206355E-03   0.103503680E-01  -0.176835824E-01   0.143032998E-02
   0.121391809E-02   0.165649485E-01  -0.288068112E-01   0.220429176E-02
   0.183775392E-02   0.251127109E-01  -0.419384465E-01   0.305062067E-02
   0.268424582E-02   0.367656983E-01  -0.580069385E-01   0.398947671E-02
   0.375722256E-02   0.516861007E-01  -0.745301321E-01   0.484527089E-02
   0.507404562E-02   0.701948926E-01  -0.903331414E-01   0.552873919E-02
   0.665246556E-02   0.925621912E-01  -0.104854695E+00   0.597770000E-02
   0.846498832E-02   0.118415341E+00  -0.115929998E+00   0.605862448E-02
   0.104660988E-01   0.147031963E+00  -0.121979870E+00   0.573540339E-02
   0.125620645E-01   0.176977322E+00  -0.120934516E+00   0.495554181E-02
   0.146521553E-01   0.206675306E+00  -0.112515271E+00   0.383851002E-02
   0.165597238E-01   0.233587384E+00  -0.951701626E-01   0.251258817E-02
   0.180994347E-01   0.255154252E+00  -0.692263469E-01   0.124721986E-02
   0.191093311E-01   0.269243985E+00  -0.365463011E-01   0.334892684E-03
   0.194670465E-01   0.274207801E+00  -0.984811734E-07   0.000000000E+00
