   0.426492508E-03   0.633746460E-01  -0.112270679E-09   0.000000000E+00
   0.441992568E-03   0.623788014E-01   0.567757525E-02   0.356654964E-04
   0.485383964E-03   0.595200695E-01   0.108532468E-01   0.135368915E-03
   0.547604635E-03   0.550960787E-01   0.150920879E-01   0.279987493E-03
   0.614792574E-03   0.495702922E-01   0.181171969E-01   0.440574513E-03
   0.677396427E-03   0.434592366E-01   0.199462902E-01   0.594126876E-03
   0.720212236E-03   0.371601097E-01   0.205035210E-01   0.721177261E-03
   0.738022674E-03   0.310642011E-01   0.200636610E-01   0.801613322E-03
   0.727031205E-03   0.254201721E-01   0.188059676E-01   0.842686044E-03
   0.688817410E-03   0.203792006E-01   0.169919617E-01   0.837095256E-03
   0.625519373E-03   0.159811843E-01   0.147697255E-01   0.796095293E-03
   0.545575167E-03   0.122510977E-01   0.123874517E-01   0.721452059E-03
   0.455691450E-03   0.916732475E-02   0.999803469E-02   0.622941006E-03
   0.365994783E-03   0.668581249E-02   0.778857060E-02   0.522537448E-03
   0.279221509E-03   0.471754046E-02   0.577072892E-02   0.409630476E-03
   0.201862480E-03   0.320683233E-02   0.404868182E-02   0.303158246E-03
   0.137758805E-03   0.208804547E-02   0.267029135E-02   0.210258440E-03
   0.887231290E-04   0.130185753E-02   0.165161840E-02   0.135579714E-03
   0.529455610E-04   0.770308718E-03   0.932557858E-03   0.780708579E-04
   0.281751200E-04   0.423770020E-03   0.450807100E-03   0.385456769E-04
   0.134446673E-04   0.223704730E-03   0.182732125E-03   0.147744104E-04
   0.586875422E-05   0.118335847E-03   0.599850500E-04   0.424722293E-05
   0.196276233E-05   0.673433897E-04   0.949522018E-05   0.299732733E-06
   0.103002537E-05   0.499860907E-04   0.129037981E-04   0.167118924E-05
   0.132302023E-05   0.481633506E-04   0.359738151E-04   0.495792665E-05
   0.199256260E-05   0.503616466E-04   0.595673046E-04   0.828039902E-05
   0.239057454E-05   0.491738319E-04   0.712286565E-04   0.100888210E-04
   0.240652207E-05   0.439517098E-04   0.724592246E-04   0.105633844E-04
   0.220068569E-05   0.373545081E-04   0.653442985E-04   0.972457292E-05
   0.176528567E-05   0.285957540E-04   0.521955735E-04   0.792801620E-05
   0.124488088E-05   0.196418823E-04   0.367231696E-04   0.572137560E-05
   0.992940159E-06   0.151252361E-04   0.287681178E-04   0.449306481E-05
   0.605345065E-06   0.913473559E-05   0.176744634E-04   0.282384576E-05
   0.375217724E-06   0.561280740E-05   0.110900937E-04   0.180232155E-05
   0.138571806E-06   0.198263911E-05   0.385643352E-05   0.588837224E-06
   0.497708861E-07   0.738117365E-06   0.140285476E-05   0.225348188E-06
   0.257962309E-07   0.327232073E-06   0.563776950E-06   0.854468922E-07
   0.149630832E-07   0.180681866E-06   0.379105131E-06   0.429162945E-07
   0.445163373E-08   0.421235242E-07   0.824576389E-07   0.173719670E-07
   0.108114886E-07   0.176011980E-06   0.317161550E-06   0.810258953E-07
   0.125949260E-07   0.238381887E-06   0.397246907E-06   0.121730110E-06
   0.280004979E-07   0.427631903E-06   0.592316383E-06   0.236185301E-06
   0.189825027E-07   0.297916273E-06   0.239008472E-06   0.187848258E-06
   0.336814061E-07   0.400985982E-06  -0.127509011E-06   0.282606493E-06
   0.453942341E-07   0.433145487E-06  -0.467485251E-06   0.314629602E-06
   0.508183859E-07   0.532350896E-06  -0.358769569E-06   0.378660559E-06
   0.454977318E-07   0.652361621E-06   0.554260055E-06   0.396110636E-06
   0.363634207E-07   0.353905364E-06  -0.588105081E-06   0.274149301E-06
   0.271681841E-07   0.272901445E-06  -0.419235874E-06   0.211377326E-06
   0.182673521E-07   0.161613357E-06  -0.337827004E-06   0.126379874E-06
   0.335189974E-07   0.218133110E-06  -0.585658029E-06   0.159810838E-06
   0.325922400E-07   0.196536817E-06  -0.632455681E-06   0.142560211E-06
   0.183879700E-08   0.141182248E-07   0.319620632E-07   0.220173813E-08
   0.735452765E-08   0.264530513E-07  -0.902690687E-07   0.739243466E-08
   0.454669156E-07   0.239405438E-06  -0.802387660E-06   0.129594596E-06
   0.148523682E-06   0.747393074E-06  -0.273640171E-05   0.453565093E-06
   0.412913067E-06   0.203074501E-05  -0.732837316E-05   0.109980488E-05
   0.925570248E-06   0.459089779E-05  -0.166799582E-04   0.260577099E-05
   0.154662871E-05   0.740692258E-05  -0.274971335E-04   0.429669535E-05
   0.209417772E-05   0.996263589E-05  -0.361272469E-04   0.536305197E-05
   0.366456175E-05   0.172644741E-04  -0.621452928E-04   0.911094503E-05
   0.426724728E-05   0.196484398E-04  -0.701480749E-04   0.102500944E-04
   0.582345820E-05   0.265072194E-04  -0.916987701E-04   0.128515303E-04
   0.709843061E-05   0.316081314E-04  -0.106288200E-03   0.149240350E-04
   0.730035254E-05   0.317822050E-04  -0.983186619E-04   0.132321429E-04
   0.684629958E-05   0.290051776E-04  -0.753451386E-04   0.100411953E-04
   0.637006769E-05   0.257510110E-04  -0.451632586E-04   0.627408917E-05
   0.686409567E-05   0.252687896E-04  -0.178379560E-04   0.262022945E-05
   0.988732245E-05   0.333232310E-04  -0.906133937E-05   0.145415731E-05
   0.193714750E-04   0.621393920E-04  -0.729947933E-04   0.865819493E-05
   0.391968824E-04   0.125035265E-03  -0.239189874E-03   0.263556431E-04
   0.774283180E-04   0.247021846E-03  -0.597088831E-03   0.626282417E-04
   0.136997754E-03   0.437109469E-03  -0.113423518E-02   0.112904039E-03
   0.233676357E-03   0.744759338E-03  -0.201725122E-02   0.189610626E-03
   0.367340632E-03   0.116887933E-02  -0.314579927E-02   0.281439628E-03
   0.554390252E-03   0.176291855E-02  -0.464710547E-02   0.393714698E-03
   0.798291294E-03   0.254266476E-02  -0.643956428E-02   0.517527573E-03
   0.110635639E-02   0.354317622E-02  -0.848654378E-02   0.640710292E-03
   0.147609890E-02   0.477050571E-02  -0.106141437E-01   0.752329477E-03
   0.192066468E-02   0.628257822E-02  -0.128517756E-01   0.850059616E-03
   0.242586876E-02   0.805838592E-02  -0.148884961E-01   0.913934258E-03
   0.300260331E-02   0.101438565E-01  -0.167398136E-01   0.951623253E-03
   0.363888312E-02   0.125146462E-01  -0.181720369E-01   0.945459178E-03
   0.432271836E-02   0.151292523E-01  -0.190017913E-01   0.889525458E-03
   0.503738504E-02   0.179172065E-01  -0.190568063E-01   0.788662757E-03
   0.576922391E-02   0.207986217E-01  -0.183145870E-01   0.651227543E-03
   0.646895636E-02   0.235717725E-01  -0.165142287E-01   0.481066847E-03
   0.709415181E-02   0.260527544E-01  -0.136275683E-01   0.303455134E-03
   0.759293698E-02   0.280327760E-01  -0.975177065E-02   0.147237588E-03
   0.791798066E-02   0.293186549E-01  -0.509490911E-02   0.388526278E-04
   0.803015567E-02   0.297679864E-01  -0.105944453E-07   0.000000000E+00
