   0.565487251E-03   0.117330678E+00   0.000000000E+00   0.000000000E+00
   0.591736229E-03   0.115708604E+00   0.119942725E-01   0.762387572E-04
   0.664977299E-03   0.110983051E+00   0.230991095E-01   0.292576646E-03
   0.774142798E-03   0.103731342E+00   0.326683596E-01   0.614750781E-03
   0.899984268E-03   0.945257470E-01   0.400985330E-01   0.995580340E-03
   0.102370500E-02   0.841441751E-01   0.451761670E-01   0.138695340E-02
   0.112725864E-02   0.733789280E-01   0.479641110E-01   0.173282623E-02
   0.119710655E-02   0.627439767E-01   0.485658720E-01   0.202135742E-02
   0.122280896E-02   0.526847541E-01   0.472470336E-01   0.221057120E-02
   0.120317540E-02   0.435128435E-01   0.444221720E-01   0.230733678E-02
   0.113674637E-02   0.352635570E-01   0.402925350E-01   0.229870318E-02
   0.103641243E-02   0.281250849E-01   0.354871042E-01   0.219740579E-02
   0.904046989E-03   0.219022539E-01   0.300512407E-01   0.201058341E-02
   0.763049175E-03   0.167621262E-01   0.247618500E-01   0.177927909E-02
   0.621234474E-03   0.125535913E-01   0.197689645E-01   0.151730026E-02
   0.483536249E-03   0.911633391E-02   0.151383765E-01   0.123649370E-02
   0.355013297E-03   0.632696599E-02   0.109462859E-01   0.944300264E-03
   0.252966711E-03   0.429106085E-02   0.770823471E-02   0.702493067E-03
   0.169952589E-03   0.276444969E-02   0.511823362E-02   0.491845596E-03
   0.104767307E-03   0.164951500E-02   0.310568279E-02   0.310490635E-03
   0.599079722E-04   0.915293233E-03   0.174210453E-02   0.181512645E-03
   0.302991521E-04   0.453132641E-03   0.853253063E-03   0.914032134E-04
   0.133966878E-04   0.200078372E-03   0.358871359E-03   0.394172093E-04
   0.525956330E-05   0.839500281E-04   0.132309942E-03   0.151076956E-04
   0.186960528E-05   0.391742069E-04   0.457285496E-04   0.523916879E-05
   0.168741121E-05   0.418576201E-04   0.560604967E-04   0.742067687E-05
   0.257425768E-05   0.556774721E-04   0.931817267E-04   0.130667586E-04
   0.384069290E-05   0.752944907E-04   0.138617776E-03   0.193760316E-04
   0.436820028E-05   0.815366002E-04   0.157335075E-03   0.228224344E-04
   0.432075421E-05   0.766371159E-04   0.151245273E-03   0.214656156E-04
   0.430358205E-05   0.753923014E-04   0.151811022E-03   0.224694359E-04
   0.383353927E-05   0.652509261E-04   0.132684567E-03   0.194633631E-04
   0.309452207E-05   0.521497386E-04   0.107657659E-03   0.160956442E-04
   0.196353267E-05   0.319142237E-04   0.658969948E-04   0.949694277E-05
   0.140942427E-05   0.228465633E-04   0.475969209E-04   0.700511873E-05
   0.962992317E-06   0.154890822E-04   0.329560062E-04   0.488676415E-05
   0.596905750E-06   0.891821219E-05   0.192868447E-04   0.257235411E-05
   0.376430563E-06   0.463226206E-05   0.820167588E-05   0.959539079E-06
   0.216463206E-06   0.252708287E-05   0.439748601E-05   0.490742138E-06
   0.979971375E-07   0.578745926E-06   0.135994597E-06  -0.467424428E-07
   0.605611703E-07   0.266068668E-06  -0.661704121E-06  -0.608033535E-08
   0.359572390E-07   0.303309065E-06  -0.566730307E-06   0.197113081E-06
   0.839340544E-07   0.967321398E-06  -0.346437446E-06   0.640681321E-06
   0.102612304E-06   0.143303544E-05   0.492485412E-06   0.921082631E-06
   0.618513383E-07   0.115147122E-05   0.598915619E-06   0.779087486E-06
   0.334772636E-07   0.600294982E-06  -0.400964893E-06   0.468477253E-06
   0.584064956E-07   0.110607516E-05   0.794315724E-06   0.727959161E-06
   0.253556998E-07   0.550966320E-06  -0.288256132E-06   0.433284299E-06
   0.461659582E-07   0.817339753E-06   0.141247483E-05   0.415060100E-06
   0.419435615E-07   0.440212460E-06   0.424185515E-06   0.203788090E-06
   0.387160455E-07   0.326767918E-06   0.771392251E-06   0.247279761E-07
   0.163755061E-06   0.103268678E-05  -0.182507699E-05   0.187251729E-06
   0.161353910E-06   0.800463283E-06  -0.325973315E-05   0.284353291E-06
   0.576947230E-06   0.354190820E-05  -0.118281350E-04   0.138958433E-05
   0.119705942E-05   0.767388156E-05  -0.268506810E-04   0.359646128E-05
   0.171218289E-05   0.111451563E-04  -0.403075501E-04   0.585509679E-05
   0.245205069E-05   0.159291267E-04  -0.575606500E-04   0.837860534E-05
   0.437521248E-05   0.285046463E-04  -0.102456273E-03   0.150484166E-04
   0.560290209E-05   0.366277636E-04  -0.130296889E-03   0.191516338E-04
   0.649955564E-05   0.420043034E-04  -0.150632521E-03   0.226077900E-04
   0.801044280E-05   0.515473985E-04  -0.183086799E-03   0.272289817E-04
   0.888439808E-05   0.564403599E-04  -0.198826034E-03   0.289281634E-04
   0.876502509E-05   0.553227983E-04  -0.191542087E-03   0.277529798E-04
   0.785911288E-05   0.490295897E-04  -0.162617798E-03   0.218399418E-04
   0.595410938E-05   0.372131472E-04  -0.116125942E-03   0.171116608E-04
   0.401872103E-05   0.240159570E-04  -0.630018549E-04   0.878354786E-05
   0.444052785E-05   0.237422682E-04  -0.568289142E-04   0.764431934E-05
   0.981616176E-05   0.487182187E-04  -0.141823897E-03   0.175948117E-04
   0.240300869E-04   0.118860255E-03  -0.386917614E-03   0.463102879E-04
   0.554552098E-04   0.275283703E-03  -0.937190722E-03   0.107631946E-03
   0.114583905E-03   0.563033856E-03  -0.195174082E-02   0.216541201E-03
   0.204985176E-03   0.100077502E-02  -0.344192237E-02   0.363953790E-03
   0.330969342E-03   0.160590361E-02  -0.540776690E-02   0.542773400E-03
   0.511648075E-03   0.246077008E-02  -0.809231121E-02   0.778200978E-03
   0.752848515E-03   0.359990005E-02  -0.114651546E-01   0.104834058E-02
   0.105477357E-02   0.503714196E-02  -0.153659182E-01   0.132827263E-02
   0.142690237E-02   0.682451390E-02  -0.197700486E-01   0.161278027E-02
   0.184809428E-02   0.889758579E-02  -0.241186880E-01   0.185540749E-02
   0.235850620E-02   0.114796329E-01  -0.288747717E-01   0.207253778E-02
   0.291898358E-02   0.144265890E-01  -0.331642888E-01   0.222597108E-02
   0.352783431E-02   0.177794658E-01  -0.367785916E-01   0.228777179E-02
   0.419809902E-02   0.216290653E-01  -0.397298932E-01   0.226686988E-02
   0.491120294E-02   0.259017535E-01  -0.415766276E-01   0.215554400E-02
   0.565194618E-02   0.305133089E-01  -0.420173481E-01   0.196276186E-02
   0.640955148E-02   0.353633426E-01  -0.409535728E-01   0.167471007E-02
   0.715497136E-02   0.402357541E-01  -0.381230190E-01   0.132545573E-02
   0.786133576E-02   0.449113995E-01  -0.335245356E-01   0.956149364E-03
   0.847778562E-02   0.490202457E-01  -0.270945225E-01   0.590088544E-03
   0.896659587E-02   0.522757992E-01  -0.191002339E-01   0.280352746E-03
   0.928056240E-02   0.543799140E-01  -0.988517050E-02   0.734657224E-04
   0.938502420E-02   0.550842248E-01  -0.289865589E-07   0.000000000E+00
