   0.389102101E-02   0.559748650E+00  -0.143001599E-08   0.000000000E+00
   0.386347761E-02   0.550801516E+00   0.334032029E-01   0.266690680E-03
   0.378146442E-02   0.524719894E+00   0.638749227E-01   0.100157980E-02
   0.364812114E-02   0.484217286E+00   0.887527540E-01   0.204246282E-02
   0.346699450E-02   0.433653772E+00   0.106851429E+00   0.317552965E-02
   0.324023515E-02   0.377056420E+00   0.117257446E+00   0.417968957E-02
   0.297311158E-02   0.318818092E+00   0.120407522E+00   0.493004546E-02
   0.267318962E-02   0.262458235E+00   0.117418312E+00   0.534519413E-02
   0.234861067E-02   0.210561812E+00   0.109464280E+00   0.545719871E-02
   0.200450211E-02   0.164398804E+00   0.972790420E-01   0.519740395E-02
   0.166197296E-02   0.125112534E+00   0.831560716E-01   0.472918618E-02
   0.132849801E-02   0.925544724E-01   0.677548498E-01   0.408930285E-02
   0.101709634E-02   0.663253143E-01   0.522030443E-01   0.333135063E-02
   0.750579638E-03   0.462149829E-01   0.386079364E-01   0.257977238E-02
   0.525440846E-03   0.310400706E-01   0.266603101E-01   0.185632543E-02
   0.348217232E-03   0.200665463E-01   0.171226505E-01   0.124433276E-02
   0.212583895E-03   0.123418476E-01   0.966421794E-02   0.713736692E-03
   0.123648089E-03   0.736253755E-02   0.504109124E-02   0.377256947E-03
   0.652347881E-04   0.420280593E-02   0.210228516E-02   0.150103981E-03
   0.314678182E-04   0.235242094E-02   0.596465718E-03   0.347612258E-04
   0.162180659E-04   0.138093089E-02   0.188465347E-03   0.987932526E-05
   0.958265446E-05   0.902562984E-03   0.207473393E-03   0.237733038E-04
   0.825000188E-05   0.673064089E-03   0.441879412E-03   0.556821687E-04
   0.909762457E-05   0.594270066E-03   0.732197252E-03   0.944990970E-04
   0.938729227E-05   0.520246802E-03   0.865579932E-03   0.113054630E-03
   0.896037727E-05   0.447864848E-03   0.878235209E-03   0.117718555E-03
   0.768086011E-05   0.360920531E-03   0.776404107E-03   0.106767955E-03
   0.577770788E-05   0.262177491E-03   0.593392819E-03   0.835455503E-04
   0.447086632E-05   0.199788541E-03   0.476097950E-03   0.696897259E-04
   0.257895704E-05   0.112257840E-03   0.269962678E-03   0.392722141E-04
   0.190522917E-05   0.821348731E-04   0.202987241E-03   0.302582539E-04
   0.867568701E-06   0.389197885E-04   0.946825821E-04   0.151953818E-04
   0.306485049E-06   0.152493258E-04   0.361332204E-04   0.675460888E-05
   0.986280071E-07   0.528065311E-05   0.118003936E-04   0.241345242E-05
   0.156501088E-07   0.103507568E-05   0.151582981E-05   0.577585070E-06
   0.149835344E-08   0.742723074E-07  -0.177481017E-07   0.201377759E-07
   0.231965682E-07   0.643012129E-06   0.171207137E-05   0.191797639E-06
   0.102958630E-06   0.351743938E-05   0.858413659E-05   0.135029552E-05
   0.170823981E-06   0.646631361E-05   0.181518972E-04   0.268892518E-05
   0.293809492E-07   0.106176071E-05   0.254921520E-05   0.429251998E-06
   0.802291069E-07   0.347710329E-05   0.930864280E-05   0.162860840E-05
   0.531439568E-07   0.245897422E-05   0.484904831E-05   0.142435943E-05
   0.617445508E-07   0.300482679E-05   0.759543673E-05   0.154010422E-05
   0.284905575E-07   0.170992575E-05   0.356967394E-05   0.994517904E-06
   0.450375595E-07   0.206323739E-05  -0.250604307E-05   0.163046388E-05
   0.108629399E-07   0.886954126E-06   0.553733287E-06   0.667664608E-06
   0.267518061E-07   0.151371160E-05   0.847164472E-07   0.113645808E-05
   0.107727416E-06   0.294889423E-05  -0.103673819E-04   0.223009351E-05
   0.114995011E-06   0.294534789E-05  -0.110964857E-04   0.215689033E-05
   0.175341427E-06   0.393366008E-05  -0.159501360E-04   0.265867038E-05
   0.165801836E-06   0.403014928E-05  -0.153279561E-04   0.293586504E-05
   0.112427678E-06   0.262254252E-05  -0.980706682E-05   0.189328580E-05
   0.110108481E-06   0.233784090E-05  -0.970315341E-05   0.153375061E-05
   0.163223390E-06   0.322681808E-05  -0.130003937E-04   0.189942705E-05
   0.361975907E-07   0.658005831E-06  -0.285296937E-05   0.421003250E-06
   0.369525410E-08   0.922445693E-07  -0.725966842E-07   0.439173782E-07
   0.462622332E-07   0.128538647E-05  -0.406337494E-05   0.924146377E-06
   0.169492580E-06   0.411237670E-05  -0.142572935E-04   0.291423885E-05
   0.452558595E-06   0.998350697E-05  -0.378314944E-04   0.650012362E-05
   0.146263096E-05   0.298383929E-04  -0.118946293E-03   0.185387398E-04
   0.270635496E-05   0.539697758E-04  -0.214009473E-03   0.322732776E-04
   0.512683437E-05   0.985408915E-04  -0.393670140E-03   0.567557363E-04
   0.630758086E-05   0.118988828E-03  -0.463990116E-03   0.655705007E-04
   0.104839710E-04   0.192157851E-03  -0.743652578E-03   0.101493963E-03
   0.140272550E-04   0.250209094E-03  -0.939068152E-03   0.124322469E-03
   0.172770506E-04   0.299288920E-03  -0.106132636E-02   0.136543706E-03
   0.194776512E-04   0.326693495E-03  -0.103422266E-02   0.131002991E-03
   0.203675045E-04   0.327034184E-03  -0.790712540E-03   0.979715041E-04
   0.236372562E-04   0.358035701E-03  -0.517378212E-03   0.613173397E-04
   0.310722862E-04   0.443773490E-03  -0.236280597E-03   0.290177886E-04
   0.495635104E-04   0.673650182E-03  -0.229198384E-03   0.265102663E-04
   0.877990387E-04   0.117189542E-02  -0.714660157E-03   0.743287455E-04
   0.162456505E-03   0.215297658E-02  -0.237190723E-02   0.233806044E-03
   0.287497591E-03   0.379559188E-02  -0.535793137E-02   0.508529309E-03
   0.491678307E-03   0.647508120E-02  -0.105964178E-01   0.956087490E-03
   0.790599908E-03   0.104023218E-01  -0.178085044E-01   0.153203006E-02
   0.121626991E-02   0.159958843E-01  -0.274742749E-01   0.227171113E-02
   0.179074320E-02   0.236133076E-01  -0.392496884E-01   0.308425305E-02
   0.253788242E-02   0.336283185E-01  -0.527230203E-01   0.392268877E-02
   0.347936410E-02   0.464006029E-01  -0.673462301E-01   0.475064479E-02
   0.461706240E-02   0.620998144E-01  -0.816311091E-01   0.543692708E-02
   0.594914332E-02   0.807897896E-01  -0.943072438E-01   0.587994279E-02
   0.748149026E-02   0.102537759E+00  -0.105053738E+00   0.608302094E-02
   0.918482058E-02   0.126947060E+00  -0.112453230E+00   0.594456494E-02
   0.109937051E-01   0.153042600E+00  -0.114571773E+00   0.542710302E-02
   0.128551349E-01   0.179889202E+00  -0.111262746E+00   0.456690881E-02
   0.146584716E-01   0.205830961E+00  -0.101411127E+00   0.345370104E-02
   0.162679926E-01   0.228886440E+00  -0.842605680E-01   0.221710047E-02
   0.175518692E-01   0.247144014E+00  -0.605992228E-01   0.108277425E-02
   0.183866527E-01   0.258965909E+00  -0.317686610E-01   0.287348288E-03
   0.186736342E-01   0.263006389E+00  -0.877238833E-07   0.000000000E+00
