   0.338670462E+00   0.994086921E+00   0.567431613E-07   0.000000000E+00
   0.337953448E+00   0.994348407E+00   0.973480120E-01   0.507785066E-03
   0.335686386E+00   0.993130505E+00   0.193002269E+00   0.200800830E-02
   0.332155228E+00   0.991762877E+00   0.285480559E+00   0.444051251E-02
   0.327116311E+00   0.989080191E+00   0.373141646E+00   0.771315396E-02
   0.321185857E+00   0.986460805E+00   0.454900831E+00   0.116409473E-01
   0.314089715E+00   0.982366323E+00   0.529941976E+00   0.161579251E-01
   0.306142420E+00   0.977674663E+00   0.597024858E+00   0.210440345E-01
   0.296945214E+00   0.969654918E+00   0.655402303E+00   0.261590164E-01
   0.287241250E+00   0.960279584E+00   0.705217361E+00   0.312050916E-01
   0.276995569E+00   0.949379563E+00   0.746128917E+00   0.362723731E-01
   0.266589552E+00   0.936994016E+00   0.778916836E+00   0.409031548E-01
   0.255471289E+00   0.921026051E+00   0.802745938E+00   0.453570038E-01
   0.244502887E+00   0.904226184E+00   0.818878651E+00   0.492915139E-01
   0.233201906E+00   0.884210765E+00   0.826967895E+00   0.525961779E-01
   0.222101316E+00   0.862770736E+00   0.829007387E+00   0.553608947E-01
   0.210814565E+00   0.838275850E+00   0.824204266E+00   0.574148521E-01
   0.199906677E+00   0.813003957E+00   0.813991070E+00   0.587439463E-01
   0.189167842E+00   0.785980403E+00   0.799137473E+00   0.596327968E-01
   0.178549781E+00   0.757102132E+00   0.779970706E+00   0.603014566E-01
   0.168206334E+00   0.726983607E+00   0.757351160E+00   0.598434359E-01
   0.158356920E+00   0.696844578E+00   0.731766343E+00   0.591875501E-01
   0.148800418E+00   0.665953517E+00   0.703751385E+00   0.578470118E-01
   0.139506325E+00   0.634283066E+00   0.673962176E+00   0.563565344E-01
   0.130641341E+00   0.602801383E+00   0.642940462E+00   0.542960316E-01
   0.122055948E+00   0.571075141E+00   0.611547053E+00   0.521005355E-01
   0.114016257E+00   0.540431023E+00   0.578689516E+00   0.495128781E-01
   0.106296435E+00   0.510048270E+00   0.546287179E+00   0.467145480E-01
   0.988718495E-01   0.480099976E+00   0.514378130E+00   0.439105853E-01
   0.919406861E-01   0.451521695E+00   0.482518286E+00   0.408198684E-01
   0.852987096E-01   0.423538893E+00   0.451529980E+00   0.380378105E-01
   0.791802108E-01   0.397547752E+00   0.421573728E+00   0.346104018E-01
   0.732747540E-01   0.371987104E+00   0.392549396E+00   0.316399261E-01
   0.677958131E-01   0.348030418E+00   0.363986641E+00   0.282849409E-01
   0.626942515E-01   0.325602710E+00   0.337364405E+00   0.252423603E-01
   0.578738227E-01   0.304193735E+00   0.311537445E+00   0.224003568E-01
   0.534134321E-01   0.284560204E+00   0.287277639E+00   0.191844683E-01
   0.493243821E-01   0.266520292E+00   0.264445364E+00   0.162451416E-01
   0.454638004E-01   0.249548510E+00   0.243041277E+00   0.136258053E-01
   0.419611111E-01   0.234112173E+00   0.222071648E+00   0.107349474E-01
   0.387085453E-01   0.220139176E+00   0.203202352E+00   0.824873429E-02
   0.357793979E-01   0.207817957E+00   0.185530677E+00   0.562354503E-02
   0.331004784E-01   0.196617037E+00   0.168543771E+00   0.318650901E-02
   0.306625441E-01   0.186803341E+00   0.152645081E+00   0.849096454E-03
   0.285030361E-01   0.178428635E+00   0.137625799E+00  -0.159082667E-02
   0.265744235E-01   0.171265215E+00   0.123795003E+00  -0.350383949E-02
   0.248463489E-01   0.165132299E+00   0.110130481E+00  -0.566824293E-02
   0.233479645E-01   0.160710409E+00   0.978973135E-01  -0.778038939E-02
   0.220777243E-01   0.157312483E+00   0.857156962E-01  -0.997369923E-02
   0.209716726E-01   0.154967293E+00   0.743616968E-01  -0.118556842E-01
   0.200531632E-01   0.153776184E+00   0.633963570E-01  -0.136748217E-01
   0.192756485E-01   0.153551131E+00   0.526550934E-01  -0.153888939E-01
   0.187088214E-01   0.154454708E+00   0.420178473E-01  -0.172722265E-01
   0.182674397E-01   0.156461537E+00   0.318581089E-01  -0.190230869E-01
   0.179492049E-01   0.159399822E+00   0.220205430E-01  -0.205504354E-01
   0.178004038E-01   0.163309664E+00   0.117785856E-01  -0.224997308E-01
   0.177280046E-01   0.168209031E+00   0.227012089E-02  -0.241150055E-01
   0.178102553E-01   0.173872277E+00  -0.773228891E-02  -0.257680118E-01
   0.179155245E-01   0.180459216E+00  -0.171120483E-01  -0.271970350E-01
   0.181259252E-01   0.187660456E+00  -0.267856084E-01  -0.284771640E-01
   0.184487924E-01   0.195887357E+00  -0.363330133E-01  -0.303569920E-01
   0.187650062E-01   0.204279080E+00  -0.456531271E-01  -0.313018262E-01
   0.191538893E-01   0.213742822E+00  -0.549482293E-01  -0.326961353E-01
   0.195761099E-01   0.223691463E+00  -0.639368370E-01  -0.339461342E-01
   0.199766923E-01   0.234162927E+00  -0.725661516E-01  -0.347653441E-01
   0.204019006E-01   0.245016947E+00  -0.811077207E-01  -0.355636440E-01
   0.208189301E-01   0.256060630E+00  -0.892719030E-01  -0.361417532E-01
   0.212589875E-01   0.267583102E+00  -0.969180614E-01  -0.370066315E-01
   0.215968192E-01   0.278968006E+00  -0.103990614E+00  -0.370753706E-01
   0.219477974E-01   0.290919721E+00  -0.110585451E+00  -0.374219604E-01
   0.221659373E-01   0.302354753E+00  -0.116338611E+00  -0.369093791E-01
   0.223715063E-01   0.313888818E+00  -0.121304505E+00  -0.365648754E-01
   0.224633329E-01   0.325260371E+00  -0.125396669E+00  -0.356496908E-01
   0.225284528E-01   0.336788714E+00  -0.128734574E+00  -0.347899795E-01
   0.225051772E-01   0.347244829E+00  -0.130654067E+00  -0.336664654E-01
   0.223362315E-01   0.357689559E+00  -0.131670326E+00  -0.318480805E-01
   0.220917910E-01   0.367016107E+00  -0.131273866E+00  -0.298965741E-01
   0.217398163E-01   0.376413256E+00  -0.129854783E+00  -0.275397990E-01
   0.213825926E-01   0.384980440E+00  -0.126922444E+00  -0.252839532E-01
   0.208893493E-01   0.392498881E+00  -0.122667938E+00  -0.225962084E-01
   0.203713253E-01   0.399664909E+00  -0.117084391E+00  -0.198403280E-01
   0.198074356E-01   0.406314164E+00  -0.110162862E+00  -0.169707127E-01
   0.191594828E-01   0.411857337E+00  -0.101899736E+00  -0.140050352E-01
   0.185763761E-01   0.416566670E+00  -0.923307985E-01  -0.112373084E-01
   0.179627035E-01   0.421005577E+00  -0.816365406E-01  -0.853868108E-02
   0.174263995E-01   0.424595356E+00  -0.698709264E-01  -0.613345578E-02
   0.169217587E-01   0.427027613E+00  -0.570775010E-01  -0.402859738E-02
   0.165276937E-01   0.429615378E+00  -0.435439423E-01  -0.231040455E-02
   0.162189826E-01   0.430912346E+00  -0.293607172E-01  -0.104144937E-02
   0.160701387E-01   0.431685120E+00  -0.147823999E-01  -0.263848779E-03
   0.159764718E-01   0.431905538E+00  -0.354142315E-07   0.000000000E+00
