   0.338207372E-02   0.147623742E+01   0.000000000E+00   0.000000000E+00
   0.333619630E-02   0.144937193E+01   0.852782875E-01   0.757984642E-03
   0.320253498E-02   0.137317145E+01   0.162096560E+00   0.283031119E-02
   0.299423537E-02   0.125575626E+01   0.223476067E+00   0.568019971E-02
   0.273012347E-02   0.111014771E+01   0.265914530E+00   0.863516796E-02
   0.242869719E-02   0.949409962E+00   0.287485510E+00   0.111279283E-01
   0.210840325E-02   0.786581874E+00   0.289776921E+00   0.127313808E-01
   0.178505387E-02   0.631844580E+00   0.276007622E+00   0.133387167E-01
   0.147192180E-02   0.492578804E+00   0.250207722E+00   0.130326785E-01
   0.117869163E-02   0.372559667E+00   0.216037303E+00   0.119583365E-01
   0.911583018E-03   0.272795886E+00   0.176463768E+00   0.102784168E-01
   0.680896745E-03   0.193676755E+00   0.137544796E+00   0.840379857E-02
   0.484544784E-03   0.132278726E+00   0.994000658E-01   0.636107521E-02
   0.330544863E-03   0.873202831E-01   0.678909346E-01   0.450030016E-02
   0.213045467E-03   0.552629493E-01   0.423715375E-01   0.290886196E-02
   0.128250729E-03   0.333590545E-01   0.232773330E-01   0.163721747E-02
   0.710554887E-04   0.191545133E-01   0.103970934E-01   0.720049662E-03
   0.385672829E-04   0.108528910E-01   0.428754231E-02   0.285067799E-03
   0.188359536E-04   0.595919322E-02   0.820072775E-03   0.348507710E-04
   0.104062738E-04   0.353295379E-02   0.427737134E-03   0.324912180E-04
   0.718541469E-05   0.237554172E-02   0.112750498E-02   0.129044260E-03
   0.618175454E-05   0.180326123E-02   0.191664998E-02   0.226185599E-03
   0.626721885E-05   0.158595818E-02   0.270544318E-02   0.325884757E-03
   0.510268410E-05   0.119253853E-02   0.246103783E-02   0.303161651E-03
   0.438190955E-05   0.966810097E-03   0.228685397E-02   0.290969678E-03
   0.375018999E-05   0.795177359E-03   0.206010905E-02   0.268429751E-03
   0.256086832E-05   0.539311208E-03   0.145752577E-02   0.197412592E-03
   0.168100848E-05   0.345479231E-03   0.955159252E-03   0.129812674E-03
   0.852773383E-06   0.177615875E-03   0.494720764E-03   0.699889933E-04
   0.478508753E-06   0.102108927E-03   0.286952185E-03   0.427341656E-04
   0.123101131E-06   0.269277916E-04   0.712624678E-04   0.111663530E-04
   0.331726042E-07   0.848090804E-05   0.211956740E-04   0.399259807E-05
   0.533994848E-08   0.161146443E-05   0.305957997E-05   0.709209758E-06
   0.800886646E-08   0.722030791E-06  -0.299066119E-05   0.280590541E-06
   0.607181594E-08   0.508781795E-06   0.112264229E-05   0.832239877E-08
   0.595099650E-07   0.101860442E-04   0.316656733E-04   0.427362238E-05
   0.450433006E-07   0.697181031E-05   0.232084094E-04   0.265340918E-05
   0.431869438E-07   0.619871616E-05   0.191653708E-04   0.219189269E-05
   0.846147259E-07   0.131413599E-04   0.315807702E-04   0.541350300E-05
   0.900054076E-07   0.161567059E-04   0.485572273E-04   0.722457116E-05
   0.627284322E-07   0.110885512E-04   0.336219055E-04   0.491505807E-05
   0.502730302E-08   0.110366727E-05   0.779516199E-06   0.731659043E-06
   0.314251238E-07   0.536935613E-05   0.144461210E-04   0.239199812E-05
   0.112490177E-07   0.244888815E-05   0.759396835E-05   0.127677242E-05
   0.353126439E-08   0.877279433E-06   0.228686758E-05   0.492931065E-06
   0.475672779E-09   0.142209288E-06  -0.210155804E-06   0.115147621E-06
   0.700901159E-08   0.115697969E-05  -0.414619262E-05   0.901256897E-06
   0.896192631E-08   0.100985233E-05  -0.467567497E-05   0.676266893E-06
   0.136400349E-07   0.131169520E-05  -0.347762898E-05   0.581770678E-06
   0.220403980E-07   0.245450269E-05  -0.410044913E-05   0.114397028E-05
   0.195668086E-07   0.128260262E-05  -0.504994932E-05   0.306513982E-06
   0.583767452E-07   0.621130812E-05  -0.165849997E-04   0.306717493E-05
   0.561110767E-07   0.594075254E-05  -0.282146138E-04   0.383282486E-05
   0.704340835E-07   0.792907213E-05  -0.366222630E-04   0.537797996E-05
   0.925881594E-07   0.980645291E-05  -0.465115809E-04   0.637858784E-05
   0.697307811E-07   0.706883520E-05  -0.252270929E-04   0.368221595E-05
   0.351101725E-07   0.326393547E-05  -0.154515255E-04   0.185215424E-05
   0.277305414E-07   0.291513493E-05  -0.823283426E-05   0.145953277E-05
   0.836284109E-08   0.119121171E-05  -0.359661703E-05   0.776317393E-06
   0.365153987E-07   0.472871170E-05  -0.173326698E-04   0.313974715E-05
   0.195333470E-06   0.224878131E-04  -0.928175796E-04   0.142425233E-04
   0.678806146E-06   0.758891620E-04  -0.326424168E-03   0.492138315E-04
   0.112119221E-05   0.118899668E-03  -0.512049417E-03   0.722077166E-04
   0.221973528E-05   0.225596785E-03  -0.976961222E-03   0.131011417E-03
   0.354490112E-05   0.352165807E-03  -0.150491658E-02   0.198649053E-03
   0.490622733E-05   0.470837142E-03  -0.196940894E-02   0.253718958E-03
   0.713333748E-05   0.657544646E-03  -0.263452530E-02   0.322000618E-03
   0.857869873E-05   0.757979404E-03  -0.275118370E-02   0.323705957E-03
   0.103749189E-04   0.874033780E-03  -0.267072138E-02   0.306993781E-03
   0.126624391E-04   0.100331323E-02  -0.217565126E-02   0.240575813E-03
   0.159573719E-04   0.117522629E-02  -0.114038342E-02   0.120432218E-03
   0.242876886E-04   0.169943634E-02  -0.497221365E-03   0.499799498E-04
   0.427060950E-04   0.292597897E-02  -0.118962838E-02   0.115818460E-03
   0.779119218E-04   0.532047031E-02  -0.395865971E-02   0.368896144E-03
   0.141651399E-03   0.967316236E-02  -0.108053666E-01   0.969755114E-03
   0.248216413E-03   0.169506297E-01  -0.234724861E-01   0.200599502E-02
   0.412328984E-03   0.281421579E-01  -0.425899886E-01   0.347604649E-02
   0.648839225E-03   0.443038680E-01  -0.677904561E-01   0.526705198E-02
   0.976789393E-03   0.668000579E-01  -0.992343798E-01   0.734347431E-02
   0.140673434E-02   0.965455100E-01  -0.133789867E+00   0.943741761E-02
   0.195952877E-02   0.135080695E+00  -0.171739295E+00   0.114511317E-01
   0.263447734E-02   0.182630330E+00  -0.207547814E+00   0.130497804E-01
   0.343997683E-02   0.239780441E+00  -0.240280256E+00   0.140716787E-01
   0.435953308E-02   0.305393070E+00  -0.264676958E+00   0.142609170E-01
   0.536586717E-02   0.377341360E+00  -0.276651740E+00   0.133977551E-01
   0.642413832E-02   0.452784598E+00  -0.274767458E+00   0.115864975E-01
   0.746502122E-02   0.526693165E+00  -0.254167050E+00   0.894028600E-02
   0.841360074E-02   0.593527257E+00  -0.214737624E+00   0.583993969E-02
   0.917601306E-02   0.646875679E+00  -0.155945510E+00   0.289478735E-02
   0.967573095E-02   0.681616127E+00  -0.823071450E-01   0.773462234E-03
   0.984920841E-02   0.693656862E+00  -0.218264503E-06   0.000000000E+00
