   0.211134972E-02   0.438455850E+00   0.000000000E+00   0.000000000E+00
   0.214513578E-02   0.434677094E+00   0.338991843E-01   0.214289525E-03
   0.223665987E-02   0.423945904E+00   0.661963299E-01   0.833527942E-03
   0.237754453E-02   0.406626344E+00   0.954861641E-01   0.178612000E-02
   0.255451817E-02   0.384038091E+00   0.120654643E+00   0.301188789E-02
   0.274943793E-02   0.357261628E+00   0.141241729E+00   0.438935356E-02
   0.292702601E-02   0.327611834E+00   0.156337559E+00   0.580379739E-02
   0.306579727E-02   0.296264946E+00   0.165854454E+00   0.708628539E-02
   0.317283929E-02   0.264729440E+00   0.170786500E+00   0.833998993E-02
   0.320144673E-02   0.233335555E+00   0.170188859E+00   0.928323902E-02
   0.317578088E-02   0.203535601E+00   0.166076705E+00   0.992838480E-02
   0.307742157E-02   0.175307140E+00   0.158025786E+00   0.103074200E-01
   0.292836665E-02   0.149567246E+00   0.147754908E+00   0.104522277E-01
   0.271683605E-02   0.125849217E+00   0.134797856E+00   0.103041381E-01
   0.246880995E-02   0.104827471E+00   0.120788403E+00   0.982288737E-02
   0.218245550E-02   0.858744606E-01   0.105393924E+00   0.914938841E-02
   0.189917115E-02   0.697058886E-01   0.907482803E-01   0.832962245E-02
   0.161206489E-02   0.557228737E-01   0.763477683E-01   0.739109982E-02
   0.134017516E-02   0.439291559E-01   0.630119368E-01   0.642256439E-02
   0.106834015E-02   0.335675925E-01   0.498063117E-01   0.533426506E-02
   0.836786698E-03   0.253381357E-01   0.387651511E-01   0.432676636E-02
   0.636845012E-03   0.186403766E-01   0.292711295E-01   0.343234371E-02
   0.468693936E-03   0.133529641E-01   0.213631187E-01   0.261036539E-02
   0.330896175E-03   0.925485790E-02   0.149300378E-01   0.187908520E-02
   0.228663499E-03   0.628718128E-02   0.102039753E-01   0.132442790E-02
   0.146572536E-03   0.398968812E-02   0.639503542E-02   0.863365829E-03
   0.856029365E-04   0.235760841E-02   0.359677011E-02   0.496004184E-03
   0.498608533E-04   0.138301332E-02   0.199345406E-02   0.283255707E-03
   0.274614849E-04   0.796940993E-03   0.103832281E-02   0.145680562E-03
   0.128542752E-04   0.425793201E-03   0.423858088E-03   0.561736233E-04
   0.586134092E-05   0.253501959E-03   0.165568767E-03   0.163419609E-04
   0.345056787E-05   0.203881194E-03   0.131093984E-03   0.130587559E-04
   0.376944217E-05   0.222086252E-03   0.207938705E-03   0.266591614E-04
   0.530291209E-05   0.246761512E-03   0.307337556E-03   0.423497404E-04
   0.707614527E-05   0.300833315E-03   0.443605590E-03   0.726885846E-04
   0.824088875E-05   0.317001366E-03   0.503863674E-03   0.822236252E-04
   0.845977684E-05   0.317551458E-03   0.527554250E-03   0.942853003E-04
   0.824504878E-05   0.308390678E-03   0.528211240E-03   0.105743697E-03
   0.849431945E-05   0.317384722E-03   0.546606258E-03   0.114304523E-03
   0.687795227E-05   0.263415743E-03   0.452422886E-03   0.107549604E-03
   0.616171383E-05   0.240533525E-03   0.407693326E-03   0.106293577E-03
   0.499462703E-05   0.208431316E-03   0.329578324E-03   0.104834864E-03
   0.375335844E-05   0.169692124E-03   0.237123400E-03   0.965443178E-04
   0.325074257E-05   0.145915357E-03   0.153194822E-03   0.960762991E-04
   0.305827052E-05   0.128288390E-03   0.693410984E-04   0.945568681E-04
   0.274931062E-05   0.112985319E-03   0.164993617E-04   0.880997686E-04
   0.362951414E-05   0.115808805E-03  -0.660686346E-04   0.942638071E-04
   0.433174409E-05   0.112286521E-03  -0.160741212E-03   0.900187806E-04
   0.538389486E-05   0.121006829E-03  -0.207658552E-03   0.945243082E-04
   0.749957553E-05   0.143391066E-03  -0.308664254E-03   0.103936996E-03
   0.868074676E-05   0.152674969E-03  -0.367125904E-03   0.100821264E-03
   0.104700894E-04   0.172236701E-03  -0.437117269E-03   0.102872895E-03
   0.120086697E-04   0.186680816E-03  -0.487632002E-03   0.103906481E-03
   0.137684301E-04   0.208602083E-03  -0.544248498E-03   0.104351522E-03
   0.135072623E-04   0.199678339E-03  -0.517889566E-03   0.950036410E-04
   0.127644489E-04   0.187154074E-03  -0.466586120E-03   0.786917371E-04
   0.113677052E-04   0.166630925E-03  -0.389448134E-03   0.628856651E-04
   0.964378614E-05   0.138784832E-03  -0.285892980E-03   0.390426976E-04
   0.803005878E-05   0.115765761E-03  -0.185607132E-03   0.232367383E-04
   0.761485353E-05   0.105078427E-03  -0.104956205E-03   0.886623639E-05
   0.110921301E-04   0.132471396E-03  -0.153295186E-03   0.189930124E-04
   0.200274899E-04   0.230763340E-03  -0.382461847E-03   0.585037487E-04
   0.383007064E-04   0.418659329E-03  -0.849601638E-03   0.130275293E-03
   0.733577326E-04   0.800868613E-03  -0.186790049E-02   0.278810301E-03
   0.126137893E-03   0.136224634E-02  -0.334640406E-02   0.488159218E-03
   0.212322338E-03   0.229077763E-02  -0.583170215E-02   0.822509581E-03
   0.324699213E-03   0.352958962E-02  -0.898969639E-02   0.120770512E-02
   0.485931087E-03   0.525962189E-02  -0.134066427E-01   0.175355596E-02
   0.675614283E-03   0.734613324E-02  -0.183399227E-01   0.229964289E-02
   0.933589414E-03   0.101737725E-01  -0.249347985E-01   0.301678642E-02
   0.124625687E-02   0.136764944E-01  -0.325938798E-01   0.376165821E-02
   0.160926778E-02   0.178225506E-01  -0.409483314E-01   0.450287433E-02
   0.204469101E-02   0.228309203E-01  -0.504539236E-01   0.539387949E-02
   0.253593293E-02   0.288211908E-01  -0.605561920E-01   0.606472744E-02
   0.307973009E-02   0.356323086E-01  -0.707501844E-01   0.679127546E-02
   0.367335393E-02   0.434881151E-01  -0.808968544E-01   0.733746216E-02
   0.430323556E-02   0.523064993E-01  -0.903396979E-01   0.779283885E-02
   0.496676704E-02   0.622658804E-01  -0.989317223E-01   0.798824616E-02
   0.566165335E-02   0.733601898E-01  -0.106428392E+00   0.802383944E-02
   0.635974389E-02   0.853914917E-01  -0.111905657E+00   0.788481813E-02
   0.706781773E-02   0.984611660E-01  -0.115486078E+00   0.750778615E-02
   0.776280928E-02   0.112269744E+00  -0.116475329E+00   0.690366048E-02
   0.844919309E-02   0.126702130E+00  -0.115015060E+00   0.616436312E-02
   0.910046324E-02   0.141248807E+00  -0.110470496E+00   0.522288121E-02
   0.970750209E-02   0.155556053E+00  -0.102664009E+00   0.428423099E-02
   0.102611827E-01   0.169106260E+00  -0.917830318E-01   0.324285962E-02
   0.107543143E-01   0.181411684E+00  -0.780430213E-01   0.223107450E-02
   0.111494195E-01   0.191608354E+00  -0.612338409E-01   0.132621243E-02
   0.114494283E-01   0.199479088E+00  -0.422735363E-01   0.616693986E-03
   0.116362227E-01   0.204389542E+00  -0.215825289E-01   0.158365219E-03
   0.116992099E-01   0.205992639E+00  -0.515328900E-07   0.000000000E+00
