   0.924182776E-02   0.152731240E+00   0.000000000E+00   0.000000000E+00
   0.920714904E-02   0.151551709E+00   0.152423168E-01   0.102166588E-03
   0.910079572E-02   0.148029238E+00   0.296595711E-01   0.396219373E-03
   0.893592555E-02   0.142365322E+00   0.425498486E-01   0.852018711E-03
   0.871322770E-02   0.134979934E+00   0.533865727E-01   0.141828496E-02
   0.843740720E-02   0.126261279E+00   0.618086979E-01   0.206278032E-02
   0.812065508E-02   0.116580389E+00   0.677841157E-01   0.270953448E-02
   0.776572665E-02   0.106470115E+00   0.713797361E-01   0.331665296E-02
   0.737894140E-02   0.961897671E-01   0.728193969E-01   0.383752771E-02
   0.695782900E-02   0.860423818E-01   0.722950175E-01   0.431045936E-02
   0.651254877E-02   0.762760788E-01   0.702553019E-01   0.459531648E-02
   0.604841346E-02   0.670552254E-01   0.669819117E-01   0.482077152E-02
   0.556733087E-02   0.584940426E-01   0.627991259E-01   0.489176530E-02
   0.508665200E-02   0.506509840E-01   0.580766499E-01   0.487757334E-02
   0.458935276E-02   0.434582978E-01   0.528119281E-01   0.476293499E-02
   0.409004837E-02   0.369759426E-01   0.473009646E-01   0.453661056E-02
   0.360694295E-02   0.312149785E-01   0.418446027E-01   0.425585592E-02
   0.313841994E-02   0.260826834E-01   0.364446267E-01   0.390111329E-02
   0.269028451E-02   0.215686616E-01   0.312542692E-01   0.352369109E-02
   0.227105431E-02   0.176166333E-01   0.263591595E-01   0.308742141E-02
   0.189596345E-02   0.142464880E-01   0.219718255E-01   0.269641564E-02
   0.155252079E-02   0.113552827E-01   0.179607272E-01   0.228169071E-02
   0.124928483E-02   0.889639556E-02   0.143992715E-01   0.190179422E-02
   0.989383901E-03   0.687854318E-02   0.113576651E-01   0.154220371E-02
   0.770586426E-03   0.521725276E-02   0.878469180E-02   0.122508535E-02
   0.583472662E-03   0.385203422E-02   0.659049861E-02   0.945913605E-03
   0.434470043E-03   0.279395049E-02   0.485145813E-02   0.709891203E-03
   0.307509530E-03   0.191496580E-02   0.336153619E-02   0.505764619E-03
   0.217434470E-03   0.130964490E-02   0.232450617E-02   0.351977826E-03
   0.146888939E-03   0.850645069E-03   0.151581538E-02   0.229283134E-03
   0.975333824E-04   0.532185601E-03   0.957746233E-03   0.145760379E-03
   0.605170171E-04   0.312808610E-03   0.552351878E-03   0.833424856E-04
   0.356504970E-04   0.169808714E-03   0.286377821E-03   0.428528510E-04
   0.200787545E-04   0.919625963E-04   0.131670531E-03   0.215113268E-04
   0.943641135E-05   0.462344906E-04   0.333025928E-04   0.939747042E-05
   0.437823110E-05   0.342294989E-04  -0.181544806E-05   0.915995315E-05
   0.237781819E-05   0.374987831E-04  -0.318739194E-05   0.139305866E-04
   0.227143278E-05   0.470674313E-04   0.375232116E-05   0.236805081E-04
   0.276206970E-05   0.674315088E-04   0.252075970E-04   0.351819544E-04
   0.331871206E-05   0.753071654E-04   0.343534084E-04   0.430872351E-04
   0.454282781E-05   0.848966811E-04   0.353433497E-04   0.534610008E-04
   0.552044412E-05   0.968854001E-04   0.455464287E-04   0.623896194E-04
   0.638657275E-05   0.100109435E-03   0.383040715E-04   0.681795354E-04
   0.714677753E-05   0.103555110E-03   0.314050012E-04   0.731059627E-04
   0.686174008E-05   0.992993955E-04   0.226685752E-04   0.721191100E-04
   0.878735136E-05   0.102579746E-03  -0.287133662E-05   0.775667795E-04
   0.790612285E-05   0.977628006E-04  -0.128762372E-05   0.744467179E-04
   0.877670027E-05   0.946872606E-04  -0.223547195E-04   0.733921333E-04
   0.896865640E-05   0.908788134E-04  -0.264558475E-04   0.704107442E-04
   0.823813571E-05   0.802500144E-04  -0.376911921E-04   0.620916544E-04
   0.729355907E-05   0.700956371E-04  -0.339086328E-04   0.535647887E-04
   0.615887939E-05   0.587750947E-04  -0.276223782E-04   0.438298157E-04
   0.492872687E-05   0.470511659E-04  -0.152208431E-04   0.338946302E-04
   0.399672854E-05   0.352354800E-04  -0.398202656E-05   0.235330754E-04
   0.407343214E-05   0.256298863E-04   0.123132736E-05   0.141817382E-04
   0.632264118E-05   0.225593576E-04  -0.100007182E-04   0.909478149E-05
   0.116163574E-04   0.298132909E-04  -0.438127281E-04   0.926475968E-05
   0.223402785E-04   0.542275629E-04  -0.122890691E-03   0.175162113E-04
   0.420327451E-04   0.103707876E-03  -0.276686798E-03   0.380576930E-04
   0.700807141E-04   0.178607821E-03  -0.492386403E-03   0.691413443E-04
   0.114061317E-03   0.307624112E-03  -0.844090187E-03   0.121037978E-03
   0.175900757E-03   0.487695361E-03  -0.132855226E-02   0.193017608E-03
   0.268193951E-03   0.763933000E-03  -0.205881963E-02   0.294650177E-03
   0.382404076E-03   0.109567214E-02  -0.292437011E-02   0.417927338E-03
   0.530500198E-03   0.153784011E-02  -0.403714366E-02   0.571493350E-03
   0.729559979E-03   0.214216555E-02  -0.552834012E-02   0.761986827E-03
   0.961686601E-03   0.284231617E-02  -0.719375815E-02   0.970760593E-03
   0.124946097E-02   0.372456037E-02  -0.922285952E-02   0.120485201E-02
   0.157263374E-02   0.473226886E-02  -0.114052789E-01   0.144231040E-02
   0.195202231E-02   0.594577054E-02  -0.138961375E-01   0.167404092E-02
   0.238441187E-02   0.736332498E-02  -0.166265741E-01   0.191483367E-02
   0.286441576E-02   0.898109097E-02  -0.195184052E-01   0.216173218E-02
   0.339898956E-02   0.108584361E-01  -0.226068776E-01   0.237505301E-02
   0.396961952E-02   0.129763121E-01  -0.257080756E-01   0.255496334E-02
   0.457251584E-02   0.153480051E-01  -0.287616495E-01   0.270029763E-02
   0.521578128E-02   0.180334747E-01  -0.318185538E-01   0.280373241E-02
   0.586356781E-02   0.210038535E-01  -0.345469303E-01   0.282967906E-02
   0.652690884E-02   0.242914148E-01  -0.370294340E-01   0.280952686E-02
   0.718965475E-02   0.278941151E-01  -0.391060784E-01   0.273928698E-02
   0.784736872E-02   0.318452381E-01  -0.406686328E-01   0.259331684E-02
   0.848556217E-02   0.360694267E-01  -0.416228622E-01   0.238772575E-02
   0.910659041E-02   0.405717827E-01  -0.418966413E-01   0.216664188E-02
   0.968682487E-02   0.452553146E-01  -0.412947163E-01   0.190482521E-02
   0.102285491E-01   0.500184558E-01  -0.397130512E-01   0.158261869E-02
   0.107269706E-01   0.547680296E-01  -0.371120349E-01   0.125950389E-02
   0.111614037E-01   0.592510924E-01  -0.333384499E-01   0.934999145E-03
   0.115233017E-01   0.633566231E-01  -0.284319371E-01   0.647460693E-03
   0.118221007E-01   0.668031648E-01  -0.224526189E-01   0.377020770E-03
   0.120433178E-01   0.695164800E-01  -0.155504066E-01   0.175424648E-03
   0.121756420E-01   0.711754262E-01  -0.795151666E-02   0.448062783E-04
   0.122203231E-01   0.717379451E-01  -0.176556547E-07   0.000000000E+00
