   0.348016061E-02   0.382841229E+00   0.000000000E+00   0.000000000E+00
   0.345409149E-02   0.376194000E+00   0.242010653E-01   0.190796607E-03
   0.337693025E-02   0.357382387E+00   0.461499952E-01   0.715549686E-03
   0.325146294E-02   0.328397602E+00   0.639697686E-01   0.144806423E-02
   0.308060204E-02   0.292148560E+00   0.764465183E-01   0.223691831E-02
   0.286861975E-02   0.252077639E+00   0.833792686E-01   0.292207487E-02
   0.261970283E-02   0.211211264E+00   0.849591121E-01   0.341209094E-02
   0.233978685E-02   0.172088727E+00   0.819713622E-01   0.366131822E-02
   0.203464716E-02   0.136277035E+00   0.751489624E-01   0.364772859E-02
   0.171673205E-02   0.104979321E+00   0.657901913E-01   0.345433084E-02
   0.140465470E-02   0.787232071E-01   0.553505048E-01   0.308980164E-02
   0.110434112E-02   0.572515950E-01   0.442096330E-01   0.261329790E-02
   0.836511550E-03   0.404485278E-01   0.338445269E-01   0.210658112E-02
   0.594796846E-03   0.273605231E-01   0.237566158E-01   0.155639451E-02
   0.404928607E-03   0.179207902E-01   0.158647373E-01   0.107886910E-02
   0.259372406E-03   0.112578850E-01   0.976096001E-02   0.689523062E-03
   0.152294131E-03   0.670324452E-02   0.522280904E-02   0.379250414E-03
   0.834963284E-04   0.384332240E-02   0.244899560E-02   0.174174274E-03
   0.422848498E-04   0.213580113E-02   0.925413799E-03   0.613825978E-04
   0.196027668E-04   0.117995066E-02   0.215493827E-03   0.994055335E-05
   0.102601462E-04   0.708060223E-03   0.100894882E-03   0.851590812E-05
   0.745779653E-05   0.502760755E-03   0.231264537E-03   0.289846957E-04
   0.733201750E-05   0.405870145E-03   0.408094551E-03   0.524921343E-04
   0.844114493E-05   0.375559146E-03   0.580871478E-03   0.736018847E-04
   0.784323584E-05   0.309299066E-03   0.579577172E-03   0.743612472E-04
   0.694568780E-05   0.254286453E-03   0.535283005E-03   0.708594380E-04
   0.625940538E-05   0.215834618E-03   0.489002268E-03   0.657499768E-04
   0.404785260E-05   0.137604467E-03   0.322407315E-03   0.448066421E-04
   0.272062175E-05   0.910724193E-04   0.219093345E-03   0.311983058E-04
   0.167524763E-05   0.567083152E-04   0.139394295E-03   0.208095662E-04
   0.965525942E-06   0.325070396E-04   0.807785254E-04   0.122519923E-04
   0.288552826E-06   0.102253225E-04   0.247166790E-04   0.404084085E-05
   0.749322524E-07   0.286857539E-05   0.619688490E-05   0.116739170E-05
   0.127918360E-07   0.715026715E-06   0.623984988E-07   0.500938597E-06
   0.572030867E-08   0.209857063E-06  -0.155147248E-06   0.137004491E-06
   0.716657667E-07   0.193663686E-05   0.524868847E-05   0.749933747E-06
   0.729939131E-07   0.208094184E-05   0.549981951E-05   0.845351622E-06
   0.388732317E-07   0.956064468E-06   0.278915286E-05   0.331509938E-06
   0.140991489E-06   0.378132518E-05   0.102369158E-04   0.144780904E-05
   0.905124864E-07   0.260291699E-05   0.686899966E-05   0.106630671E-05
   0.710523551E-07   0.208351980E-05   0.535177878E-05   0.874700845E-06
   0.661293882E-07   0.174109823E-05   0.322355004E-05   0.724140591E-06
   0.241671607E-07   0.845167051E-06   0.224094151E-05   0.408335268E-06
   0.171841315E-07   0.736402569E-06   0.164460732E-05   0.403916260E-06
   0.235181083E-07   0.101798264E-05   0.227931650E-05   0.576595028E-06
   0.188005576E-07   0.705502487E-06   0.103701197E-06   0.503324486E-06
   0.224694130E-07   0.775489127E-06   0.101235642E-08   0.549634819E-06
   0.339755282E-07   0.752837593E-06  -0.212748296E-05   0.570578948E-06
   0.445079991E-07   0.996436370E-06  -0.190572632E-05   0.715205204E-06
   0.737751620E-07   0.121163703E-05  -0.499590215E-05   0.847260026E-06
   0.235605725E-06   0.403925696E-05  -0.144771402E-04   0.251690449E-05
   0.977296182E-07   0.152884854E-05  -0.642470604E-05   0.104970002E-05
   0.212503409E-06   0.319289643E-05  -0.140679967E-04   0.206384493E-05
   0.547681758E-07   0.744316480E-06  -0.310346036E-05   0.403675330E-06
   0.163174718E-06   0.236308665E-05  -0.104765431E-04   0.148191498E-05
   0.338387487E-07   0.471003943E-06  -0.211078486E-05   0.289418267E-06
   0.313088648E-07   0.586306157E-06  -0.136748076E-05   0.342381753E-06
   0.291340125E-07   0.793063748E-06  -0.171369697E-05   0.620640776E-06
   0.135319397E-06   0.256912972E-05  -0.893105425E-05   0.184448368E-05
   0.687803322E-06   0.109766615E-04  -0.439503638E-04   0.717451030E-05
   0.155792304E-05   0.235504904E-04  -0.960806938E-04   0.145743097E-04
   0.277093818E-05   0.401968573E-04  -0.165299149E-03   0.239169894E-04
   0.468920962E-05   0.657429773E-04  -0.270502118E-03   0.376437092E-04
   0.773520242E-05   0.106406937E-03  -0.436533155E-03   0.607080656E-04
   0.922933123E-05   0.123735095E-03  -0.489996630E-03   0.663692481E-04
   0.132068062E-04   0.171351072E-03  -0.653799565E-03   0.845683971E-04
   0.158683633E-04   0.197950561E-03  -0.699783093E-03   0.867949857E-04
   0.172972959E-04   0.207437784E-03  -0.621552637E-03   0.770030965E-04
   0.198357211E-04   0.224799078E-03  -0.482045434E-03   0.569423974E-04
   0.241974503E-04   0.256097672E-03  -0.271980738E-03   0.311417389E-04
   0.345976950E-04   0.343569322E-03  -0.111772693E-03   0.135336650E-04
   0.597145736E-04   0.575979939E-03  -0.230649734E-03   0.246164600E-04
   0.114045353E-03   0.108988245E-02  -0.109600031E-02   0.107716987E-03
   0.207157922E-03   0.197516871E-02  -0.267784949E-02   0.252596481E-03
   0.367347442E-03   0.349821663E-02  -0.576507207E-02   0.517558365E-03
   0.618841848E-03   0.588004524E-02  -0.106218150E-01   0.909366703E-03
   0.983534614E-03   0.933992118E-02  -0.171934534E-01   0.139906490E-02
   0.148631539E-02   0.141326934E-01  -0.253578294E-01   0.195244909E-02
   0.216457876E-02   0.206318907E-01  -0.353791751E-01   0.259180926E-02
   0.300863944E-02   0.288478564E-01  -0.454519540E-01   0.315157627E-02
   0.407315744E-02   0.393194258E-01  -0.565411896E-01   0.368980900E-02
   0.532771042E-02   0.518664718E-01  -0.663470551E-01   0.405367976E-02
   0.678450055E-02   0.666223839E-01  -0.746746138E-01   0.423559733E-02
   0.842635706E-02   0.833924934E-01  -0.807786286E-01   0.421345234E-02
   0.101966327E-01   0.101574615E+00  -0.832811594E-01   0.388416252E-02
   0.120282853E-01   0.120402940E+00  -0.815018788E-01   0.330671691E-02
   0.138262799E-01   0.138812378E+00  -0.748538300E-01   0.251272297E-02
   0.154438382E-01   0.155277729E+00  -0.626516566E-01   0.162009092E-02
   0.167392772E-01   0.168419138E+00  -0.452239849E-01   0.800476992E-03
   0.175817106E-01   0.176888153E+00  -0.237302985E-01   0.212318278E-03
   0.178763326E-01   0.179847553E+00  -0.566466802E-07   0.000000000E+00
