   0.174063593E-01   0.599646389E+00   0.000000000E+00   0.000000000E+00
   0.173590258E-01   0.597251117E+00   0.479507558E-01   0.305904483E-03
   0.172135998E-01   0.590504289E+00   0.944162160E-01   0.120315549E-02
   0.170001294E-01   0.579017818E+00   0.138238043E+00   0.263701449E-02
   0.166873280E-01   0.564056039E+00   0.177964464E+00   0.452995859E-02
   0.162988417E-01   0.545037687E+00   0.212870732E+00   0.672021322E-02
   0.158495326E-01   0.523062527E+00   0.242357343E+00   0.917993300E-02
   0.153208496E-01   0.498306096E+00   0.265727460E+00   0.116576534E-01
   0.147456778E-01   0.471478611E+00   0.283229232E+00   0.141676459E-01
   0.141294990E-01   0.442955106E+00   0.295075208E+00   0.165028851E-01
   0.134736681E-01   0.413411796E+00   0.301378995E+00   0.186491571E-01
   0.127652008E-01   0.383275330E+00   0.302187800E+00   0.204370897E-01
   0.120424414E-01   0.353139430E+00   0.298697621E+00   0.220489595E-01
   0.112926392E-01   0.323115289E+00   0.291153193E+00   0.230652522E-01
   0.105214985E-01   0.293947577E+00   0.280227691E+00   0.235874411E-01
   0.975839794E-02   0.265706390E+00   0.266932786E+00   0.237665735E-01
   0.898312684E-02   0.238602102E+00   0.251121491E+00   0.237625334E-01
   0.820536353E-02   0.212840632E+00   0.233543098E+00   0.231955890E-01
   0.747187715E-02   0.188873768E+00   0.215925530E+00   0.223246757E-01
   0.671313843E-02   0.166035816E+00   0.196241975E+00   0.211901814E-01
   0.599368894E-02   0.145117342E+00   0.176823065E+00   0.197035484E-01
   0.532390038E-02   0.126083419E+00   0.158252329E+00   0.181961413E-01
   0.467664842E-02   0.108581603E+00   0.139633223E+00   0.164779313E-01
   0.407740660E-02   0.927417800E-01   0.121981911E+00   0.147623271E-01
   0.352503080E-02   0.786435232E-01   0.105496228E+00   0.130262403E-01
   0.301837572E-02   0.661020577E-01   0.901329964E-01   0.112942914E-01
   0.256849895E-02   0.551361255E-01   0.763459876E-01   0.968552940E-02
   0.215644273E-02   0.455670990E-01   0.636439249E-01   0.804916490E-02
   0.179228303E-02   0.371147878E-01   0.522385687E-01   0.668202946E-02
   0.147579878E-02   0.299990382E-01   0.423770398E-01   0.541119277E-02
   0.120396854E-02   0.240122247E-01   0.338682421E-01   0.426542154E-02
   0.956957520E-03   0.188135728E-01   0.260210726E-01   0.315290131E-02
   0.760806666E-03   0.146115571E-01   0.199281201E-01   0.237230025E-02
   0.594654761E-03   0.111503061E-01   0.147846518E-01   0.169976579E-02
   0.462254480E-03   0.849774200E-02   0.107412999E-01   0.114722515E-02
   0.355098338E-03   0.631183991E-02   0.755850691E-02   0.767609279E-03
   0.270400138E-03   0.462781172E-02   0.513047958E-02   0.489608210E-03
   0.199695176E-03   0.332893990E-02   0.315447897E-02   0.275447121E-03
   0.149881191E-03   0.238788943E-02   0.187238667E-02   0.156464725E-03
   0.108455868E-03   0.166949979E-02   0.863450114E-03   0.827776748E-04
   0.755192086E-04   0.112783664E-02   0.156003647E-03   0.441485645E-04
   0.568437208E-04   0.811485923E-03  -0.113222210E-03   0.540053989E-04
   0.445752084E-04   0.581482600E-03  -0.190193226E-03   0.702912439E-04
   0.332681302E-04   0.452145177E-03  -0.258593558E-03   0.941768303E-04
   0.283381269E-04   0.367099303E-03  -0.176974878E-03   0.106126448E-03
   0.264800747E-04   0.339293678E-03  -0.476156965E-04   0.119128439E-03
   0.294081728E-04   0.331581075E-03   0.553670652E-04   0.106057771E-03
   0.338304017E-04   0.337969861E-03   0.155863236E-03   0.833219237E-04
   0.438469324E-04   0.425877341E-03   0.148007224E-03   0.596335813E-04
   0.562047026E-04   0.505267817E-03   0.802604482E-04   0.210478884E-04
   0.761448973E-04   0.699141237E-03  -0.149165600E-03  -0.790072500E-05
   0.103822138E-03   0.967250147E-03  -0.599722669E-03  -0.283003246E-04
   0.139878728E-03   0.129700184E-02  -0.130384136E-02  -0.353023825E-04
   0.184515113E-03   0.170171191E-02  -0.225434895E-02  -0.182335043E-04
   0.245466596E-03   0.237214775E-02  -0.360096991E-02   0.498726877E-04
   0.323545944E-03   0.324887782E-02  -0.540834107E-02   0.168478771E-03
   0.422947138E-03   0.431997469E-02  -0.777237676E-02   0.368307548E-03
   0.537705782E-03   0.569910323E-02  -0.104781874E-01   0.596493133E-03
   0.680037308E-03   0.739250332E-02  -0.138872406E-01   0.929840375E-03
   0.847733987E-03   0.943010394E-02  -0.178356152E-01   0.131694763E-02
   0.105014862E-02   0.119588841E-01  -0.226614997E-01   0.182256685E-02
   0.127600820E-02   0.147914095E-01  -0.278739445E-01   0.239778170E-02
   0.154144887E-02   0.183056816E-01  -0.339853875E-01   0.298386789E-02
   0.183523458E-02   0.222010259E-01  -0.405725464E-01   0.369416596E-02
   0.216251682E-02   0.267716516E-01  -0.477910787E-01   0.439081853E-02
   0.252471119E-02   0.319822989E-01  -0.556327626E-01   0.514310459E-02
   0.291697471E-02   0.378722623E-01  -0.638734624E-01   0.581210060E-02
   0.334118749E-02   0.444198065E-01  -0.725702867E-01   0.656195544E-02
   0.377840688E-02   0.516286828E-01  -0.811849684E-01   0.724202255E-02
   0.423443597E-02   0.596254803E-01  -0.898426622E-01   0.771103101E-02
   0.470925821E-02   0.684186444E-01  -0.985926688E-01   0.830322132E-02
   0.518730190E-02   0.780165568E-01  -0.106991157E+00   0.863117538E-02
   0.564448675E-02   0.882479623E-01  -0.114378363E+00   0.880094338E-02
   0.609568693E-02   0.992558300E-01  -0.121261202E+00   0.892888568E-02
   0.652474351E-02   0.110999160E+00  -0.127201647E+00   0.877397321E-02
   0.692461571E-02   0.123404890E+00  -0.132076263E+00   0.859516021E-02
   0.727792410E-02   0.136374697E+00  -0.135429233E+00   0.833355542E-02
   0.758606754E-02   0.149816900E+00  -0.137348250E+00   0.791296363E-02
   0.783926435E-02   0.163752094E+00  -0.137433454E+00   0.718678534E-02
   0.804299954E-02   0.177822158E+00  -0.135964438E+00   0.647784909E-02
   0.819229521E-02   0.191982508E+00  -0.132572919E+00   0.570198381E-02
   0.828226842E-02   0.205985934E+00  -0.127149478E+00   0.495611690E-02
   0.832255464E-02   0.219556168E+00  -0.119741082E+00   0.414905138E-02
   0.832318328E-02   0.232392445E+00  -0.110393554E+00   0.333802658E-02
   0.828489196E-02   0.244455308E+00  -0.989503488E-01   0.260334369E-02
   0.823203754E-02   0.255034953E+00  -0.857270062E-01   0.181528192E-02
   0.816025492E-02   0.264196157E+00  -0.708813816E-01   0.120983401E-02
   0.809725374E-02   0.271587223E+00  -0.544911958E-01   0.676064170E-03
   0.803772453E-02   0.277230173E+00  -0.370211639E-01   0.312384567E-03
   0.800109655E-02   0.280423641E+00  -0.187077858E-01   0.782871721E-04
   0.798929948E-02   0.281651825E+00  -0.451539179E-07   0.000000000E+00
