   0.358929462E-02   0.149199748E+01  -0.421013757E-08   0.000000000E+00
   0.353622297E-02   0.146362793E+01   0.881468207E-01   0.793808373E-03
   0.338335079E-02   0.138399136E+01   0.167592764E+00   0.295512029E-02
   0.314597203E-02   0.126089799E+01   0.230004624E+00   0.589784747E-02
   0.284682889E-02   0.110891712E+01   0.271824390E+00   0.892538670E-02
   0.250900723E-02   0.942194700E+00   0.292107105E+00   0.113616111E-01
   0.215491117E-02   0.774641931E+00   0.292499870E+00   0.128531270E-01
   0.180092535E-02   0.616499007E+00   0.275496989E+00   0.133156078E-01
   0.146626611E-02   0.476005077E+00   0.248202547E+00   0.128926774E-01
   0.115510856E-02   0.355537623E+00   0.210946411E+00   0.116028329E-01
   0.878675201E-03   0.256974936E+00   0.170025930E+00   0.986385811E-02
   0.645555789E-03   0.179906726E+00   0.130862311E+00   0.792613532E-02
   0.449789950E-03   0.120781764E+00   0.923733115E-01   0.583912805E-02
   0.297820603E-03   0.778977573E-01   0.603832528E-01   0.397581793E-02
   0.186043078E-03   0.480968952E-01   0.358011723E-01   0.242751720E-02
   0.107729895E-03   0.282162763E-01   0.180617049E-01   0.123995089E-02
   0.591951029E-04   0.160004869E-01   0.790516939E-02   0.530040474E-03
   0.306198126E-04   0.881452020E-02   0.259257015E-02   0.154839057E-03
   0.154948248E-04   0.489549059E-02   0.562796602E-03   0.236282358E-04
   0.906871719E-05   0.300615118E-02   0.712867011E-03   0.745846555E-04
   0.673400700E-05   0.206164015E-02   0.144539762E-02   0.159334842E-03
   0.630497061E-05   0.169965811E-02   0.238879514E-02   0.274675520E-03
   0.540395831E-05   0.132235233E-02   0.250837673E-02   0.298270374E-03
   0.508983157E-05   0.114393013E-02   0.265146140E-02   0.319573999E-03
   0.415752766E-05   0.893118442E-03   0.229188590E-02   0.282635825E-03
   0.289797094E-05   0.609623326E-03   0.164040772E-02   0.208359750E-03
   0.197991949E-05   0.417364005E-03   0.117905426E-02   0.156074995E-03
   0.126954546E-05   0.265313487E-03   0.761255389E-03   0.103389102E-03
   0.625907944E-06   0.131136985E-03   0.381266407E-03   0.526921431E-04
   0.206912205E-06   0.475431989E-04   0.135231719E-03   0.211453589E-04
   0.608209376E-07   0.154694644E-04   0.411275141E-04   0.739715233E-05
   0.679147627E-08   0.222589233E-05   0.419299840E-05   0.118636206E-05
   0.322866001E-07   0.575677359E-05   0.161814969E-04   0.257436272E-05
   0.447731594E-07   0.773238753E-05   0.256828298E-04   0.326567169E-05
   0.562329774E-07   0.873455792E-05   0.226852408E-04   0.345047920E-05
   0.689517634E-07   0.105028375E-04   0.249557288E-04   0.418748414E-05
   0.414194261E-07   0.715503029E-05   0.251699657E-04   0.306867446E-05
   0.756318599E-07   0.123769805E-04   0.319804931E-04   0.524338066E-05
   0.620013765E-07   0.100415555E-04   0.283089175E-04   0.418382069E-05
   0.389410921E-07   0.527716929E-05   0.108819268E-04   0.198750126E-05
   0.214282938E-07   0.321284142E-05   0.963966249E-05   0.124809037E-05
   0.307197610E-07   0.456989301E-05   0.106198404E-04   0.188333001E-05
   0.501533348E-08   0.715069973E-06   0.247517642E-05   0.271675276E-06
   0.122579866E-07   0.232864272E-05   0.769881990E-05   0.112046428E-05
   0.471498929E-08   0.866020684E-06   0.228770341E-05   0.444834342E-06
   0.212493176E-09   0.256167656E-07  -0.537442411E-07   0.147866546E-07
   0.491452745E-08   0.630800571E-06  -0.268588406E-05   0.444847331E-06
   0.249878074E-08   0.490199341E-06   0.202089225E-06   0.295627984E-06
   0.114234187E-07   0.986252417E-06  -0.482249516E-05   0.500362773E-06
   0.396253910E-07   0.501068325E-05  -0.224362302E-04   0.345315198E-05
   0.346808804E-07   0.350311052E-05  -0.103104630E-04   0.167770872E-05
   0.308257242E-07   0.337959705E-05  -0.156410497E-04   0.210829626E-05
   0.782318352E-07   0.958155852E-05  -0.443476056E-04   0.662012417E-05
   0.637056274E-07   0.629423857E-05  -0.231257163E-04   0.315054058E-05
   0.963144728E-07   0.106361722E-04  -0.513856940E-04   0.696827829E-05
   0.600034511E-07   0.626217752E-05  -0.290306725E-04   0.374456613E-05
   0.666812099E-07   0.686196790E-05  -0.313226301E-04   0.401567877E-05
   0.226760246E-07   0.208472943E-05  -0.982903293E-05   0.111844395E-05
   0.989878490E-08   0.151838765E-05  -0.282312158E-06   0.822760853E-06
   0.128574404E-07   0.230981595E-05  -0.622602511E-05   0.174332672E-05
   0.826945694E-07   0.970835117E-05  -0.401356556E-04   0.598837823E-05
   0.257136861E-06   0.292241748E-04  -0.125240709E-03   0.179877679E-04
   0.858345118E-06   0.936200813E-04  -0.416831754E-03   0.572155404E-04
   0.162556421E-05   0.172690576E-03  -0.766709039E-03   0.102739563E-03
   0.282697533E-05   0.290124764E-03  -0.129111018E-02   0.167922888E-03
   0.409929044E-05   0.404700637E-03  -0.176112156E-02   0.219322392E-03
   0.559127739E-05   0.534640683E-03  -0.224560383E-02   0.274505262E-03
   0.805662967E-05   0.740122574E-03  -0.293580373E-02   0.343611493E-03
   0.981263747E-05   0.859821856E-03  -0.302494410E-02   0.346225133E-03
   0.112501539E-04   0.920765218E-03  -0.243458292E-02   0.265255920E-03
   0.143839279E-04   0.109770289E-02  -0.169767952E-02   0.177241236E-03
   0.202995452E-04   0.144794851E-02  -0.742314616E-03   0.756639056E-04
   0.340356601E-04   0.235153106E-02  -0.581251574E-03   0.565452319E-04
   0.631851508E-04   0.433659041E-02  -0.271291053E-02   0.250296638E-03
   0.116753989E-03   0.802160986E-02  -0.816380326E-02   0.728126324E-03
   0.209849371E-03   0.144383777E-01  -0.193299837E-01   0.163920876E-02
   0.356279634E-03   0.245130584E-01  -0.365740359E-01   0.296570593E-02
   0.573202968E-03   0.394567214E-01  -0.603574775E-01   0.466658454E-02
   0.884574489E-03   0.609268025E-01  -0.922555625E-01   0.679963641E-02
   0.129936147E-02   0.897235274E-01  -0.127880558E+00   0.891141407E-02
   0.183593296E-02   0.127260908E+00  -0.166178271E+00   0.110104475E-01
   0.250596227E-02   0.174497783E+00  -0.204578444E+00   0.127768693E-01
   0.331238005E-02   0.231726065E+00  -0.239629373E+00   0.139466953E-01
   0.424294453E-02   0.298097551E+00  -0.266493112E+00   0.142967543E-01
   0.527741062E-02   0.371933997E+00  -0.282236546E+00   0.136283059E-01
   0.636662589E-02   0.449483186E+00  -0.281721294E+00   0.118724518E-01
   0.745149236E-02   0.526283443E+00  -0.262943655E+00   0.921597984E-02
   0.844078790E-02   0.595803380E+00  -0.222761139E+00   0.604810100E-02
   0.924508553E-02   0.651933074E+00  -0.162842616E+00   0.302104652E-02
   0.977181736E-02   0.688439131E+00  -0.861472264E-01   0.809623103E-03
   0.994938985E-02   0.700718641E+00  -0.210826499E-06   0.000000000E+00
