   0.614565657E-02   0.140665665E+00   0.169607013E-07   0.000000000E+00
   0.613699434E-02   0.139421895E+00   0.142037682E-01   0.926645662E-04
   0.610862346E-02   0.135954082E+00   0.276400149E-01   0.359567202E-03
   0.605389848E-02   0.130573317E+00   0.396114513E-01   0.774102868E-03
   0.597516587E-02   0.123414330E+00   0.496204644E-01   0.129069667E-02
   0.587043958E-02   0.114999264E+00   0.574067086E-01   0.185194553E-02
   0.573332515E-02   0.105730608E+00   0.628097728E-01   0.244128401E-02
   0.556556834E-02   0.960572362E-01   0.660070255E-01   0.298974430E-02
   0.535559328E-02   0.862718970E-01   0.671140701E-01   0.343341101E-02
   0.511234161E-02   0.767147988E-01   0.664480552E-01   0.383906369E-02
   0.482975366E-02   0.675666556E-01   0.642935112E-01   0.412309309E-02
   0.451645395E-02   0.589556955E-01   0.610171296E-01   0.426174700E-02
   0.417472515E-02   0.510031730E-01   0.568586476E-01   0.434434507E-02
   0.380544481E-02   0.437175706E-01   0.520511232E-01   0.428630924E-02
   0.341935083E-02   0.371319577E-01   0.468472056E-01   0.411284901E-02
   0.302548311E-02   0.312059429E-01   0.414460301E-01   0.385456160E-02
   0.264973147E-02   0.260241069E-01   0.362424105E-01   0.358838681E-02
   0.227962970E-02   0.214410871E-01   0.311201774E-01   0.325261801E-02
   0.192974228E-02   0.174511001E-01   0.262758415E-01   0.289584813E-02
   0.159846630E-02   0.139771840E-01   0.217081364E-01   0.250022253E-02
   0.130291807E-02   0.110377008E-01   0.176348817E-01   0.212181825E-02
   0.103933003E-02   0.857146550E-02   0.140209822E-01   0.174811506E-02
   0.817387830E-03   0.656150235E-02   0.109773651E-01   0.141522335E-02
   0.620720792E-03   0.485031772E-02   0.827160943E-02   0.111174746E-02
   0.467056467E-03   0.355907064E-02   0.618107803E-02   0.857692386E-03
   0.333930569E-03   0.248228549E-02   0.436334219E-02   0.621768180E-03
   0.233626532E-03   0.168500375E-02   0.300165708E-02   0.442837365E-03
   0.158734285E-03   0.110957259E-02   0.199664664E-02   0.300577434E-03
   0.102220190E-03   0.684397877E-03   0.123970408E-02   0.190535371E-03
   0.628760026E-04   0.398306176E-03   0.722260447E-03   0.112493413E-03
   0.362007559E-04   0.219711161E-03   0.387225911E-03   0.605170135E-04
   0.180504267E-04   0.104288403E-03   0.163936755E-03   0.255824980E-04
   0.857872055E-05   0.500880742E-04   0.583947040E-04   0.921990068E-05
   0.402572823E-05   0.323264248E-04   0.205009874E-04   0.507192863E-05
   0.194519839E-05   0.313499622E-04   0.127188086E-04   0.634605385E-05
   0.156086526E-05   0.427064479E-04   0.268075473E-04   0.112625521E-04
   0.211067049E-05   0.545061775E-04   0.455052214E-04   0.196087331E-04
   0.286916179E-05   0.657454948E-04   0.648470232E-04   0.260257420E-04
   0.393111168E-05   0.799814879E-04   0.851079458E-04   0.350560513E-04
   0.411384508E-05   0.804659867E-04   0.843291273E-04   0.391627254E-04
   0.444388616E-05   0.829808341E-04   0.829912533E-04   0.443018107E-04
   0.463844481E-05   0.829846977E-04   0.726796425E-04   0.488779406E-04
   0.523125073E-05   0.842464069E-04   0.619346683E-04   0.535115978E-04
   0.497885958E-05   0.800201815E-04   0.492035542E-04   0.533699822E-04
   0.524887673E-05   0.760740004E-04   0.278631196E-04   0.541709305E-04
   0.514383873E-05   0.689602966E-04  -0.253507380E-06   0.523743183E-04
   0.632226647E-05   0.694956252E-04  -0.256786298E-04   0.542880480E-04
   0.674024523E-05   0.675316915E-04  -0.414071510E-04   0.531743972E-04
   0.650717175E-05   0.618823833E-04  -0.547258096E-04   0.486097051E-04
   0.804148931E-05   0.641581282E-04  -0.768097307E-04   0.488783626E-04
   0.778175490E-05   0.594370576E-04  -0.807900942E-04   0.437181443E-04
   0.742630800E-05   0.549579418E-04  -0.737820374E-04   0.398753618E-04
   0.690073875E-05   0.478869297E-04  -0.730184547E-04   0.313342389E-04
   0.604993966E-05   0.414523274E-04  -0.588856929E-04   0.262727863E-04
   0.486460749E-05   0.318252751E-04  -0.414145215E-04   0.183742977E-04
   0.408031156E-05   0.250017220E-04  -0.257460015E-04   0.124848902E-04
   0.371959095E-05   0.178463288E-04  -0.122608708E-04   0.637876110E-05
   0.617190335E-05   0.185514509E-04  -0.258493019E-04   0.562506011E-05
   0.124980252E-04   0.325089131E-04  -0.748062303E-04   0.118124844E-04
   0.240681275E-04   0.648968999E-04  -0.172484681E-03   0.266505704E-04
   0.465763078E-04   0.135139329E-03  -0.377620949E-03   0.581410241E-04
   0.798716792E-04   0.237298125E-03  -0.670645910E-03   0.103354520E-03
   0.135376729E-03   0.413224363E-03  -0.117064593E-02   0.178755654E-03
   0.206424360E-03   0.638119120E-03  -0.178791431E-02   0.268628442E-03
   0.310849486E-03   0.979670091E-03  -0.270652119E-02   0.393001857E-03
   0.447092927E-03   0.141431508E-02  -0.385978632E-02   0.545114395E-03
   0.622779364E-03   0.198654085E-02  -0.532834465E-02   0.730514585E-03
   0.838676584E-03   0.268649473E-02  -0.706874812E-02   0.938275713E-03
   0.110034947E-02   0.355388201E-02  -0.912208762E-02   0.116103736E-02
   0.141656108E-02   0.460083969E-02  -0.115170069E-01   0.140855310E-02
   0.178217993E-02   0.583819719E-02  -0.141791450E-01   0.165950460E-02
   0.220894348E-02   0.732160127E-02  -0.171781685E-01   0.191355031E-02
   0.266786758E-02   0.895784330E-02  -0.201893989E-01   0.215364294E-02
   0.317867775E-02   0.108788991E-01  -0.233835112E-01   0.234999089E-02
   0.374024687E-02   0.130806286E-01  -0.267003886E-01   0.251402776E-02
   0.432287762E-02   0.155152660E-01  -0.298218913E-01   0.265082740E-02
   0.492540188E-02   0.182125401E-01  -0.327237323E-01   0.274372962E-02
   0.555257732E-02   0.212638397E-01  -0.354168117E-01   0.273138564E-02
   0.619937386E-02   0.246413350E-01  -0.378252454E-01   0.270056492E-02
   0.682371715E-02   0.282760672E-01  -0.395178385E-01   0.258332421E-02
   0.744332653E-02   0.322089754E-01  -0.406497046E-01   0.242117979E-02
   0.805464853E-02   0.364291742E-01  -0.411068313E-01   0.218810653E-02
   0.863317307E-02   0.408278108E-01  -0.406526551E-01   0.191907526E-02
   0.918249227E-02   0.453695618E-01  -0.392451659E-01   0.164278748E-02
   0.968089513E-02   0.498369336E-01  -0.367063023E-01   0.130987435E-02
   0.101287859E-01   0.541098006E-01  -0.330546238E-01   0.978662167E-03
   0.105157569E-01   0.580338798E-01  -0.282132309E-01   0.670658308E-03
   0.108271176E-01   0.613403805E-01  -0.223030504E-01   0.398115459E-03
   0.110568758E-01   0.638698563E-01  -0.154518671E-01   0.183624899E-03
   0.112013742E-01   0.654755086E-01  -0.791132823E-02   0.468496437E-04
   0.112462873E-01   0.660048872E-01  -0.191031582E-07   0.000000000E+00
