   0.972644310E-03   0.845906883E-01   0.000000000E+00   0.000000000E+00
   0.992498011E-03   0.836217180E-01   0.910918042E-02   0.561708366E-04
   0.105393038E-02   0.806552321E-01   0.176117104E-01   0.216089116E-03
   0.114294270E-02   0.760235712E-01   0.249526724E-01   0.456980517E-03
   0.124592672E-02   0.701564252E-01   0.307724364E-01   0.749158673E-03
   0.134924555E-02   0.634863824E-01   0.349566191E-01   0.105397659E-02
   0.143183768E-02   0.563764609E-01   0.373427123E-01   0.134687976E-02
   0.148782833E-02   0.492776111E-01   0.382136069E-01   0.159577967E-02
   0.150681857E-02   0.424536504E-01   0.377231352E-01   0.178529532E-02
   0.147939927E-02   0.360369459E-01   0.359835289E-01   0.189308054E-02
   0.141598831E-02   0.301835705E-01   0.334149748E-01   0.195381162E-02
   0.131403876E-02   0.249326415E-01   0.301714391E-01   0.192240439E-02
   0.118834595E-02   0.203302540E-01   0.266165510E-01   0.183460244E-02
   0.104488491E-02   0.163359381E-01   0.229032282E-01   0.170440797E-02
   0.888004899E-03   0.128657278E-01   0.191080440E-01   0.152470765E-02
   0.733404362E-03   0.995470583E-02   0.155383367E-01   0.131776067E-02
   0.584889378E-03   0.751270168E-02   0.122255003E-01   0.109864830E-02
   0.450006424E-03   0.550616672E-02   0.929008890E-02   0.885947491E-03
   0.338692393E-03   0.397323584E-02   0.692318520E-02   0.694319780E-03
   0.238733861E-03   0.270625530E-02   0.482378434E-02   0.505136501E-03
   0.163639372E-03   0.179412449E-02   0.327079860E-02   0.359405240E-03
   0.104490129E-03   0.110988994E-02   0.205493602E-02   0.233470812E-03
   0.629183924E-04   0.648842135E-03   0.121449435E-02   0.143103927E-03
   0.363750405E-04   0.362784020E-03   0.685876817E-03   0.833644444E-04
   0.175430923E-04   0.168294762E-03   0.314536272E-03   0.393728587E-04
   0.751112975E-05   0.700528399E-04   0.123590289E-03   0.154658082E-04
   0.295452014E-05   0.303900415E-04   0.447574239E-04   0.559428554E-05
   0.140683289E-05   0.199729893E-04   0.230866608E-04   0.238644520E-05
   0.144956186E-05   0.246761538E-04   0.321627995E-04   0.379601966E-05
   0.244693456E-05   0.388875051E-04   0.582697940E-04   0.713549025E-05
   0.327080170E-05   0.474576991E-04   0.759570539E-04   0.955152609E-05
   0.352631150E-05   0.494943051E-04   0.853450692E-04   0.119276110E-04
   0.395107963E-05   0.531468468E-04   0.931053000E-04   0.130142771E-04
   0.360572562E-05   0.468099643E-04   0.826841424E-04   0.114522227E-04
   0.345944341E-05   0.432541419E-04   0.755539877E-04   0.102744834E-04
   0.272738316E-05   0.332760865E-04   0.601519496E-04   0.815547355E-05
   0.207372045E-05   0.242949754E-04   0.439946380E-04   0.571236114E-05
   0.173621891E-05   0.197776808E-04   0.349844449E-04   0.450578727E-05
   0.132813830E-05   0.146025368E-04   0.241711077E-04   0.316192995E-05
   0.764614754E-06   0.789930618E-05   0.140345046E-04   0.156807937E-05
   0.443115368E-06   0.392188440E-05   0.673141813E-05   0.528104295E-06
   0.386214509E-06   0.358820716E-05   0.533461343E-05   0.599989903E-06
   0.183616081E-06   0.125653969E-05   0.124337782E-05   0.776757432E-07
   0.542572920E-07   0.418096135E-06   0.642766565E-06   0.386912795E-07
   0.480496105E-07   0.200888707E-06  -0.322976263E-06   0.356678136E-07
   0.331114181E-08   0.102937747E-06   0.718262285E-07   0.671162681E-07
   0.110338876E-07   0.993451224E-07  -0.202492657E-06   0.763162333E-07
   0.846803800E-07   0.337123168E-06  -0.830465638E-06   0.548521193E-07
   0.291741685E-06   0.137837139E-05  -0.366931545E-05   0.463253741E-06
   0.556178350E-06   0.258053228E-05  -0.710835093E-05   0.872979911E-06
   0.909419327E-06   0.416559760E-05  -0.116125611E-04   0.138332916E-05
   0.130150181E-05   0.572634326E-05  -0.177175953E-04   0.214456009E-05
   0.228279987E-05   0.107408468E-04  -0.311771655E-04   0.409202812E-05
   0.301904288E-05   0.136949920E-04  -0.426606421E-04   0.563528602E-05
   0.382251847E-05   0.172381897E-04  -0.546520096E-04   0.737359460E-05
   0.525755695E-05   0.238154553E-04  -0.764805955E-04   0.109266057E-04
   0.625968505E-05   0.283665449E-04  -0.897132995E-04   0.124426997E-04
   0.738109702E-05   0.335341319E-04  -0.105338360E-03   0.147441533E-04
   0.738274548E-05   0.330926123E-04  -0.104181352E-03   0.146186412E-04
   0.774052660E-05   0.352324387E-04  -0.106452491E-03   0.143658172E-04
   0.645100317E-05   0.288646752E-04  -0.853279998E-04   0.110826741E-04
   0.526773374E-05   0.234193303E-04  -0.656227785E-04   0.841998553E-05
   0.367009693E-05   0.156562819E-04  -0.387052569E-04   0.443610315E-05
   0.292122763E-05   0.114163313E-04  -0.239331421E-04   0.310032465E-05
   0.586907618E-05   0.203734635E-04  -0.576651364E-04   0.804721913E-05
   0.133069670E-04   0.456646994E-04  -0.143895217E-03   0.197192621E-04
   0.289420532E-04   0.101294732E-03  -0.329973554E-03   0.440261210E-04
   0.620208302E-04   0.218478977E-03  -0.724710815E-03   0.931842806E-04
   0.113348920E-03   0.400876132E-03  -0.132166513E-02   0.162296841E-03
   0.192593769E-03   0.678665761E-03  -0.221628719E-02   0.261369976E-03
   0.300963584E-03   0.105262524E-02  -0.338642905E-02   0.385344116E-03
   0.457430142E-03   0.159645604E-02  -0.503362156E-02   0.544074283E-03
   0.648187532E-03   0.225181226E-02  -0.691666733E-02   0.714910857E-03
   0.895054429E-03   0.310743740E-02  -0.924788043E-02   0.902150176E-03
   0.118823524E-02   0.412468612E-02  -0.118221436E-01   0.110029941E-02
   0.152929756E-02   0.533993728E-02  -0.145917898E-01   0.127596420E-02
   0.192758790E-02   0.679033203E-02  -0.175664853E-01   0.144702313E-02
   0.236995029E-02   0.846411847E-02  -0.205086861E-01   0.158914272E-02
   0.284936302E-02   0.103716953E-01  -0.232618637E-01   0.167481543E-02
   0.337009830E-02   0.125545179E-01  -0.257790312E-01   0.171052210E-02
   0.392239355E-02   0.150010679E-01  -0.278630499E-01   0.170598435E-02
   0.449118158E-02   0.176855698E-01  -0.292744599E-01   0.164288282E-02
   0.508085964E-02   0.206251591E-01  -0.300021656E-01   0.151643076E-02
   0.567470025E-02   0.237451959E-01  -0.298244655E-01   0.133476499E-02
   0.626780977E-02   0.269846804E-01  -0.286895130E-01   0.111524307E-02
   0.683516636E-02   0.301928185E-01  -0.264168158E-01   0.871545868E-03
   0.736013008E-02   0.332254171E-01  -0.230398960E-01   0.618067570E-03
   0.781199196E-02   0.358689241E-01  -0.185022894E-01   0.374427094E-03
   0.815959182E-02   0.379315093E-01  -0.129696298E-01   0.176533969E-03
   0.838281866E-02   0.392631926E-01  -0.668489141E-02   0.458273134E-04
   0.845981203E-02   0.397243761E-01  -0.154828772E-07   0.000000000E+00
