   0.173281075E-02   0.140491769E+00  -0.218705914E-09   0.000000000E+00
   0.175499963E-02   0.139043853E+00   0.137967234E-01   0.855485123E-04
   0.182757538E-02   0.134874389E+00   0.267848521E-01   0.332863070E-03
   0.193380914E-02   0.128364667E+00   0.382788256E-01   0.710374617E-03
   0.205929508E-02   0.119806625E+00   0.477070585E-01   0.117775239E-02
   0.218826113E-02   0.109938115E+00   0.548815168E-01   0.168493204E-02
   0.229456462E-02   0.992636010E-01   0.595489517E-01   0.218522409E-02
   0.237122341E-02   0.882950351E-01   0.619792454E-01   0.262651755E-02
   0.240205694E-02   0.774847344E-01   0.622856729E-01   0.299295899E-02
   0.237550819E-02   0.670722947E-01   0.606210567E-01   0.325988419E-02
   0.229999493E-02   0.573657714E-01   0.575469844E-01   0.342372572E-02
   0.217626942E-02   0.485080630E-01   0.533699803E-01   0.346592511E-02
   0.201285211E-02   0.405352004E-01   0.484196506E-01   0.340885692E-02
   0.180855475E-02   0.333298631E-01   0.427311398E-01   0.325934519E-02
   0.159492483E-02   0.271616057E-01   0.371202342E-01   0.302901538E-02
   0.136461726E-02   0.217244700E-01   0.313404314E-01   0.271125254E-02
   0.114326621E-02   0.171322525E-01   0.259570833E-01   0.239006989E-02
   0.923794229E-03   0.131701687E-01   0.207602344E-01   0.201786729E-02
   0.732249522E-03   0.999120250E-02   0.163201410E-01   0.166164117E-02
   0.561180001E-03   0.736253755E-02   0.124045853E-01   0.133250619E-02
   0.407978659E-03   0.518430118E-02   0.892939139E-02   0.100431114E-02
   0.292219338E-03   0.360407797E-02   0.633820798E-02   0.738099916E-03
   0.195273708E-03   0.234393519E-02   0.417732680E-02   0.507559569E-03
   0.127938954E-03   0.149938522E-02   0.270121498E-02   0.338509737E-03
   0.776496236E-04   0.878544641E-03   0.159672648E-02   0.209900885E-03
   0.432172747E-04   0.479477429E-03   0.858080050E-03   0.114728296E-03
   0.213596632E-04   0.233628642E-03   0.397711847E-03   0.540954752E-04
   0.983492646E-05   0.107303407E-03   0.163396777E-03   0.217503275E-04
   0.392602124E-05   0.516199216E-04   0.571162091E-04   0.662611592E-05
   0.208586857E-05   0.389227498E-04   0.350401569E-04   0.295718633E-05
   0.244098032E-05   0.484282609E-04   0.544792929E-04   0.468324333E-05
   0.336563880E-05   0.624185341E-04   0.862709421E-04   0.978411663E-05
   0.466780693E-05   0.771459818E-04   0.115965973E-03   0.132689802E-04
   0.582868961E-05   0.941343023E-04   0.151468397E-03   0.201171588E-04
   0.606445610E-05   0.929019297E-04   0.156208029E-03   0.210500602E-04
   0.565977871E-05   0.851402729E-04   0.142789810E-03   0.199096139E-04
   0.532168360E-05   0.794255393E-04   0.138916730E-03   0.206373734E-04
   0.422533549E-05   0.604259913E-04   0.106794680E-03   0.151822715E-04
   0.381999325E-05   0.569432705E-04   0.100330632E-03   0.160506079E-04
   0.254067186E-05   0.374887313E-04   0.658663048E-04   0.105713425E-04
   0.193934829E-05   0.302270746E-04   0.527840239E-04   0.953486870E-05
   0.136841527E-05   0.231345439E-04   0.397537442E-04   0.840115263E-05
   0.892458729E-06   0.170272415E-04   0.276376486E-04   0.721035940E-05
   0.662996740E-06   0.129823657E-04   0.181080832E-04   0.700924875E-05
   0.373369573E-06   0.831667512E-05   0.702121133E-05   0.548994922E-05
   0.299130619E-06   0.677850858E-05   0.102724209E-05   0.510985365E-05
   0.593135269E-06   0.756427926E-05  -0.856694078E-05   0.607969787E-05
   0.131029719E-05   0.104912078E-04  -0.240902482E-04   0.763877142E-05
   0.153940528E-05   0.109023676E-04  -0.290585285E-04   0.713145937E-05
   0.224636483E-05   0.143476154E-04  -0.409845343E-04   0.860825639E-05
   0.343294641E-05   0.206804198E-04  -0.599491723E-04   0.102099411E-04
   0.499292400E-05   0.289298841E-04  -0.852816156E-04   0.135820028E-04
   0.640346161E-05   0.375507334E-04  -0.107790373E-03   0.166964128E-04
   0.753354288E-05   0.428815656E-04  -0.126326020E-03   0.194177483E-04
   0.951970651E-05   0.532069353E-04  -0.156228838E-03   0.226501325E-04
   0.109461516E-04   0.615956233E-04  -0.177611393E-03   0.253744038E-04
   0.105407298E-04   0.589212832E-04  -0.167226535E-03   0.229880497E-04
   0.949662171E-05   0.525268333E-04  -0.145655446E-03   0.189788443E-04
   0.811876453E-05   0.442085984E-04  -0.117114454E-03   0.137754396E-04
   0.721700371E-05   0.398540651E-04  -0.966635926E-04   0.109385173E-04
   0.495846325E-05   0.253829094E-04  -0.548935750E-04   0.579666766E-05
   0.444601801E-05   0.211328752E-04  -0.350702248E-04   0.346830484E-05
   0.784851090E-05   0.321505322E-04  -0.707890940E-04   0.937332061E-05
   0.156961214E-04   0.654292307E-04  -0.171536885E-03   0.254726510E-04
   0.351098606E-04   0.148810082E-03  -0.433437322E-03   0.630353316E-04
   0.677034332E-04   0.289302610E-03  -0.867032388E-03   0.122540965E-03
   0.121828925E-03   0.526632939E-03  -0.158838637E-02   0.216197426E-03
   0.206065786E-03   0.894914148E-03  -0.269212644E-02   0.349670183E-03
   0.320966385E-03   0.139079336E-02  -0.413979124E-02   0.516370754E-03
   0.474096363E-03   0.205541984E-02  -0.600750418E-02   0.717561750E-03
   0.681979582E-03   0.294433371E-02  -0.845550187E-02   0.977687072E-03
   0.942147919E-03   0.407513836E-02  -0.113970684E-01   0.125467766E-02
   0.125789398E-02   0.544563401E-02  -0.147733018E-01   0.155496539E-02
   0.162320060E-02   0.707777357E-02  -0.184395220E-01   0.184103567E-02
   0.205422845E-02   0.904291123E-02  -0.225060116E-01   0.212240522E-02
   0.253718928E-02   0.113272620E-01  -0.266967490E-01   0.236707716E-02
   0.306951161E-02   0.139411921E-01  -0.308705866E-01   0.258416706E-02
   0.364095112E-02   0.169033818E-01  -0.348170325E-01   0.273432932E-02
   0.425495859E-02   0.202808566E-01  -0.384882390E-01   0.281029753E-02
   0.488069421E-02   0.239807870E-01  -0.414168835E-01   0.278815371E-02
   0.553977303E-02   0.281128082E-01  -0.437721312E-01   0.273238681E-02
   0.620002532E-02   0.325747095E-01  -0.451125130E-01   0.256674574E-02
   0.685638422E-02   0.373111479E-01  -0.453067943E-01   0.232069893E-02
   0.751060992E-02   0.422765985E-01  -0.443783775E-01   0.201867917E-02
   0.813543517E-02   0.472756848E-01  -0.419898927E-01   0.165273494E-02
   0.872396305E-02   0.521476492E-01  -0.382081382E-01   0.127000455E-02
   0.924552884E-02   0.566170327E-01  -0.328799635E-01   0.883276924E-03
   0.968588516E-02   0.604618676E-01  -0.261303224E-01   0.528658798E-03
   0.100229932E-01   0.634348840E-01  -0.181824770E-01   0.246449286E-03
   0.102329804E-01   0.653292239E-01  -0.933650974E-02   0.639544160E-04
   0.103055891E-01   0.660036653E-01  -0.222313457E-07   0.000000000E+00
