   0.855708029E-03   0.682408452E+00   0.463691023E-07   0.000000000E+00
   0.881952234E-03   0.675278783E+00   0.505612530E-01   0.335475808E-03
   0.956182776E-03   0.654883325E+00   0.985781327E-01   0.129548903E-02
   0.107123610E-02   0.622431874E+00   0.141638398E+00   0.278269174E-02
   0.120979745E-02   0.580105722E+00   0.177903131E+00   0.460557640E-02
   0.135417667E-02   0.530629337E+00   0.205910325E+00   0.658264011E-02
   0.149084360E-02   0.477143139E+00   0.225877196E+00   0.852342974E-02
   0.159895129E-02   0.421713829E+00   0.236712500E+00   0.103058890E-01
   0.167269085E-02   0.367179126E+00   0.240106300E+00   0.118178474E-01
   0.169323140E-02   0.314552158E+00   0.235280156E+00   0.127767595E-01
   0.167075894E-02   0.265926361E+00   0.225019410E+00   0.133946892E-01
   0.159777398E-02   0.221352711E+00   0.209096134E+00   0.135182962E-01
   0.149175711E-02   0.182133362E+00   0.190541044E+00   0.132516213E-01
   0.134553225E-02   0.147188291E+00   0.168264836E+00   0.125751859E-01
   0.117555016E-02   0.116922714E+00   0.144434631E+00   0.114661511E-01
   0.100344920E-02   0.916034877E-01   0.121568389E+00   0.102925561E-01
   0.829240656E-03   0.703821182E-01   0.993203297E-01   0.887477677E-02
   0.658753619E-03   0.526446402E-01   0.780977532E-01   0.735477265E-02
   0.505977951E-03   0.384331644E-01   0.594635792E-01   0.588960387E-02
   0.374582305E-03   0.272859633E-01   0.436608195E-01   0.452410569E-02
   0.264039263E-03   0.186342616E-01   0.304782446E-01   0.328607182E-02
   0.175039313E-03   0.120809199E-01   0.199356806E-01   0.224845298E-02
   0.112262096E-03   0.763757061E-02   0.126096653E-01   0.146745425E-02
   0.670274094E-04   0.455222046E-02   0.736723701E-02   0.882924011E-03
   0.369459485E-04   0.254474184E-02   0.392086105E-02   0.485068304E-03
   0.179063190E-04   0.131312828E-02   0.177755253E-02   0.220892995E-03
   0.782277857E-05   0.674798153E-03   0.713928137E-03   0.869173746E-04
   0.348268691E-05   0.397218333E-03   0.315381534E-03   0.360823396E-04
   0.299230783E-05   0.332739117E-03   0.329680857E-03   0.345324406E-04
   0.398068596E-05   0.375440693E-03   0.503903488E-03   0.546706178E-04
   0.518029947E-05   0.427661318E-03   0.700204808E-03   0.869731884E-04
   0.640114149E-05   0.487498706E-03   0.890364521E-03   0.120349883E-03
   0.716788009E-05   0.515117252E-03   0.999729498E-03   0.139451018E-03
   0.783551877E-05   0.532085483E-03   0.105524668E-02   0.143454250E-03
   0.745542775E-05   0.494177337E-03   0.100107188E-02   0.139122800E-03
   0.636984214E-05   0.410388282E-03   0.846622104E-03   0.116777504E-03
   0.553572727E-05   0.353710202E-03   0.739979907E-03   0.104751431E-03
   0.453202483E-05   0.286102004E-03   0.582938083E-03   0.831610596E-04
   0.363515824E-05   0.229254874E-03   0.464209181E-03   0.681068559E-04
   0.234069353E-05   0.143673125E-03   0.294431782E-03   0.418650416E-04
   0.180002655E-05   0.115461931E-03   0.243133472E-03   0.377543001E-04
   0.111465351E-05   0.717745424E-04   0.153080910E-03   0.241842099E-04
   0.733374293E-06   0.499134694E-04   0.999518816E-04   0.176492103E-04
   0.233221158E-06   0.204129537E-04   0.374930933E-04   0.976321371E-05
   0.159673064E-06   0.156519054E-04   0.185765402E-04   0.104596274E-04
   0.131835620E-06   0.119531232E-04  -0.669710971E-05   0.978678963E-05
   0.157805701E-06   0.104831288E-04  -0.188611048E-04   0.818699300E-05
   0.605920548E-06   0.242429414E-04  -0.687464562E-04   0.152765078E-04
   0.849863000E-06   0.288796746E-04  -0.886561102E-04   0.152542661E-04
   0.158363241E-05   0.536588777E-04  -0.158262628E-03   0.260142424E-04
   0.213869384E-05   0.689083390E-04  -0.204045529E-03   0.302767930E-04
   0.361218963E-05   0.111982867E-03  -0.354116812E-03   0.512845072E-04
   0.495259201E-05   0.153153640E-03  -0.469776685E-03   0.649446083E-04
   0.606969934E-05   0.185239041E-03  -0.579395273E-03   0.793173094E-04
   0.734119249E-05   0.221683527E-03  -0.706550258E-03   0.971608024E-04
   0.899729548E-05   0.272629521E-03  -0.863702153E-03   0.119126533E-03
   0.102451841E-04   0.310866104E-03  -0.972516660E-03   0.132366709E-03
   0.117903019E-04   0.360863109E-03  -0.111000054E-02   0.151730463E-03
   0.101829537E-04   0.307590846E-03  -0.933424395E-03   0.123336242E-03
   0.108952408E-04   0.331509218E-03  -0.956458156E-03   0.120029923E-03
   0.932507010E-05   0.286875787E-03  -0.778222166E-03   0.996773597E-04
   0.715267151E-05   0.219378388E-03  -0.499339949E-03   0.567329189E-04
   0.603088483E-05   0.183308308E-03  -0.302818400E-03   0.312572047E-04
   0.759302020E-05   0.211884500E-03  -0.307477254E-03   0.354970762E-04
   0.134078336E-04   0.357303972E-03  -0.629136281E-03   0.853550300E-04
   0.284317102E-04   0.737883383E-03  -0.166137307E-02   0.225943819E-03
   0.566579474E-04   0.144636002E-02  -0.365065876E-02   0.483584416E-03
   0.102200429E-03   0.259781675E-02  -0.685373647E-02   0.872946170E-03
   0.169886014E-03   0.428985571E-02  -0.114703784E-01   0.140763761E-02
   0.269574375E-03   0.679117162E-02  -0.181452744E-01   0.213920162E-02
   0.409554108E-03   0.102886753E-01  -0.272234753E-01   0.308922934E-02
   0.594440964E-03   0.149280019E-01  -0.386811346E-01   0.419949647E-02
   0.820731279E-03   0.206682589E-01  -0.517647974E-01   0.541248964E-02
   0.110459654E-02   0.279986952E-01  -0.672981068E-01   0.671102433E-02
   0.143721525E-02   0.368375555E-01  -0.839903355E-01   0.795923173E-02
   0.181702792E-02   0.472942479E-01  -0.101142235E+00   0.907179434E-02
   0.226449454E-02   0.599775538E-01  -0.119678400E+00   0.102074165E-01
   0.274219271E-02   0.743038654E-01  -0.136262894E+00   0.109349545E-01
   0.327437394E-02   0.909698308E-01  -0.152105749E+00   0.115320291E-01
   0.383829884E-02   0.109692469E+00  -0.165184289E+00   0.116572846E-01
   0.443250081E-02   0.130477414E+00  -0.174948320E+00   0.114819184E-01
   0.504015572E-02   0.152918607E+00  -0.180064246E+00   0.109735485E-01
   0.568137318E-02   0.177386925E+00  -0.181958809E+00   0.100341607E-01
   0.630402099E-02   0.202337638E+00  -0.177300021E+00   0.879466441E-02
   0.691939052E-02   0.227583468E+00  -0.167423561E+00   0.727640837E-02
   0.750544621E-02   0.252082109E+00  -0.151953563E+00   0.562299369E-02
   0.802955590E-02   0.274403870E+00  -0.130277902E+00   0.394192105E-02
   0.847722497E-02   0.293552101E+00  -0.103376061E+00   0.238337647E-02
   0.881430320E-02   0.308131784E+00  -0.716432333E-01   0.111718581E-02
   0.902629457E-02   0.317308486E+00  -0.366902091E-01   0.288132462E-03
   0.910213217E-02   0.320571184E+00  -0.915915805E-07   0.000000000E+00
