   0.611486509E-01   0.757148489E-01   0.100996093E-09   0.000000000E+00
   0.610936508E-01   0.755993277E-01  -0.109642788E-04   0.669406927E-05
   0.608629994E-01   0.752970800E-01  -0.232996426E-04   0.266995285E-04
   0.605019778E-01   0.746835917E-01  -0.385378298E-04   0.597648177E-04
   0.600346588E-01   0.739904121E-01  -0.569861113E-04   0.105510466E-03
   0.593734533E-01   0.730194524E-01  -0.808992627E-04   0.163356599E-03
   0.586795844E-01   0.719320551E-01  -0.109630695E-03   0.232586928E-03
   0.578094237E-01   0.706228316E-01  -0.146282604E-03   0.312555465E-03
   0.568480417E-01   0.691719204E-01  -0.189446175E-03   0.402134465E-03
   0.558493137E-01   0.676263198E-01  -0.238262030E-03   0.500115159E-03
   0.546949133E-01   0.659260228E-01  -0.298831059E-03   0.606693735E-03
   0.535401478E-01   0.641951710E-01  -0.363155879E-03   0.719271309E-03
   0.523085073E-01   0.623015165E-01  -0.438194111E-03   0.837402476E-03
   0.510235205E-01   0.604059435E-01  -0.519193127E-03   0.960272737E-03
   0.497172512E-01   0.584778115E-01  -0.607997878E-03   0.108695484E-02
   0.484089367E-01   0.564972460E-01  -0.702123507E-03   0.121499912E-02
   0.470796004E-01   0.545808598E-01  -0.802471361E-03   0.134609628E-02
   0.457553789E-01   0.525792874E-01  -0.907898531E-03   0.147568190E-02
   0.444353558E-01   0.506295562E-01  -0.101824000E-02   0.160565134E-02
   0.431296676E-01   0.487617701E-01  -0.113085343E-02   0.173523487E-02
   0.418577269E-01   0.468557775E-01  -0.124802708E-02   0.186140533E-02
   0.406107791E-01   0.450876877E-01  -0.136484392E-02   0.198639464E-02
   0.393866487E-01   0.433321297E-01  -0.148749817E-02   0.210915203E-02
   0.382067561E-01   0.416138135E-01  -0.160788093E-02   0.222574803E-02
   0.370784998E-01   0.399868712E-01  -0.172803993E-02   0.233858800E-02
   0.359862223E-01   0.384511426E-01  -0.184768054E-02   0.244791456E-02
   0.349346474E-01   0.369483754E-01  -0.196882989E-02   0.255229510E-02
   0.339179412E-01   0.355207883E-01  -0.208726781E-02   0.265102391E-02
   0.329624824E-01   0.341887549E-01  -0.220449641E-02   0.274538482E-02
   0.320368260E-01   0.329043381E-01  -0.231965911E-02   0.283348211E-02
   0.311642997E-01   0.317155458E-01  -0.243340293E-02   0.291732745E-02
   0.303321686E-01   0.305641033E-01  -0.254453626E-02   0.299391919E-02
   0.295480210E-01   0.295059178E-01  -0.265350798E-02   0.306655187E-02
   0.287935175E-01   0.284732245E-01  -0.275958818E-02   0.313080428E-02
   0.280901492E-01   0.275428668E-01  -0.286390050E-02   0.319214258E-02
   0.274177361E-01   0.266787522E-01  -0.296511455E-02   0.324816373E-02
   0.267885681E-01   0.258314293E-01  -0.306285103E-02   0.329521205E-02
   0.261930395E-01   0.250775740E-01  -0.315912673E-02   0.334026804E-02
   0.256261136E-01   0.243169740E-01  -0.325129181E-02   0.337429368E-02
   0.251013506E-01   0.236712154E-01  -0.334313838E-02   0.340864016E-02
   0.246035196E-01   0.230648685E-01  -0.342923263E-02   0.343530253E-02
   0.241383314E-01   0.224818569E-01  -0.351547799E-02   0.345601887E-02
   0.237023719E-01   0.219610762E-01  -0.359728397E-02   0.347185018E-02
   0.232909657E-01   0.214652345E-01  -0.367641333E-02   0.348084560E-02
   0.229137167E-01   0.210414305E-01  -0.375278597E-02   0.348679349E-02
   0.225580335E-01   0.206386130E-01  -0.382735743E-02   0.348624820E-02
   0.222239606E-01   0.202757325E-01  -0.389748649E-02   0.347964629E-02
   0.219136085E-01   0.199556015E-01  -0.396521669E-02   0.346824294E-02
   0.216255579E-01   0.196552500E-01  -0.403032172E-02   0.345025118E-02
   0.213603377E-01   0.193986129E-01  -0.409296108E-02   0.342772203E-02
   0.211232435E-01   0.192159805E-01  -0.415101694E-02   0.340215885E-02
   0.208947882E-01   0.190336779E-01  -0.420462620E-02   0.336796581E-02
   0.206938107E-01   0.188978314E-01  -0.425646920E-02   0.332985586E-02
   0.205171071E-01   0.188111980E-01  -0.430458179E-02   0.328747020E-02
   0.203424301E-01   0.187130310E-01  -0.434831297E-02   0.323608611E-02
   0.202049185E-01   0.187098980E-01  -0.438685762E-02   0.318316743E-02
   0.200783052E-01   0.187242813E-01  -0.442098454E-02   0.312352087E-02
   0.199611317E-01   0.187547952E-01  -0.445037195E-02   0.305660139E-02
   0.198764224E-01   0.188482720E-01  -0.447603408E-02   0.298728584E-02
   0.197983757E-01   0.189901851E-01  -0.449307682E-02   0.291145523E-02
   0.197427869E-01   0.191706866E-01  -0.450502103E-02   0.283121504E-02
   0.196937583E-01   0.193259306E-01  -0.451256847E-02   0.274241203E-02
   0.196666010E-01   0.195963234E-01  -0.450985041E-02   0.265179202E-02
   0.196606293E-01   0.199077819E-01  -0.450109737E-02   0.255682576E-02
   0.196660180E-01   0.202259701E-01  -0.448486255E-02   0.245568412E-02
   0.196833052E-01   0.206069630E-01  -0.445900485E-02   0.235037296E-02
   0.197189301E-01   0.210359190E-01  -0.442331890E-02   0.224174885E-02
   0.197688267E-01   0.215130299E-01  -0.437949086E-02   0.212925766E-02
   0.198253077E-01   0.219825897E-01  -0.432430953E-02   0.201159553E-02
   0.198989697E-01   0.225047488E-01  -0.425876724E-02   0.189152965E-02
   0.199897327E-01   0.230805855E-01  -0.418239227E-02   0.176997692E-02
   0.200844519E-01   0.236920211E-01  -0.409275806E-02   0.164613663E-02
   0.201878995E-01   0.243050270E-01  -0.399022363E-02   0.152037770E-02
   0.203054063E-01   0.249461737E-01  -0.387614802E-02   0.139421038E-02
   0.204287171E-01   0.256269947E-01  -0.374777033E-02   0.126863166E-02
   0.205601081E-01   0.263619982E-01  -0.360565423E-02   0.114493631E-02
   0.206908621E-01   0.270566791E-01  -0.344947702E-02   0.102171209E-02
   0.208279081E-01   0.277439281E-01  -0.327917654E-02   0.901485386E-03
   0.209607277E-01   0.284559075E-01  -0.309443916E-02   0.784980832E-03
   0.210904982E-01   0.291344747E-01  -0.289526209E-02   0.673009781E-03
   0.212250762E-01   0.298073683E-01  -0.268336921E-02   0.566942908E-03
   0.213499367E-01   0.303947292E-01  -0.245806715E-02   0.466730096E-03
   0.214713234E-01   0.309958737E-01  -0.222073752E-02   0.374463882E-03
   0.215759594E-01   0.315911174E-01  -0.197081501E-02   0.290824246E-03
   0.216808151E-01   0.320589058E-01  -0.171083328E-02   0.216249347E-03
   0.217672549E-01   0.324894413E-01  -0.144109770E-02   0.151684624E-03
   0.218414888E-01   0.328336023E-01  -0.116302597E-02   0.979103497E-04
   0.218980145E-01   0.331456922E-01  -0.878326769E-03   0.554467188E-04
   0.219425615E-01   0.333775766E-01  -0.588501978E-03   0.247744520E-04
   0.219659433E-01   0.335046872E-01  -0.295113685E-03   0.620693709E-05
   0.219708569E-01   0.335791856E-01  -0.562607461E-09   0.000000000E+00
