   0.101422542E-02   0.252740681E+00   0.000000000E+00   0.000000000E+00
   0.104912964E-02   0.249959439E+00   0.222392250E-01   0.142341174E-03
   0.114825508E-02   0.241690263E+00   0.431057140E-01   0.549978169E-03
   0.130274717E-02   0.228926688E+00   0.617209747E-01   0.117145164E-02
   0.148277381E-02   0.212361842E+00   0.768772438E-01   0.192767836E-02
   0.167488912E-02   0.193375930E+00   0.885427743E-01   0.274371007E-02
   0.184777437E-02   0.172823980E+00   0.961120129E-01   0.354259578E-02
   0.197567674E-02   0.151817337E+00   0.995720252E-01   0.423573796E-02
   0.205469434E-02   0.131292477E+00   0.996761099E-01   0.479272474E-02
   0.207390427E-02   0.111999825E+00   0.968591943E-01   0.516943121E-02
   0.202783127E-02   0.941316560E-01   0.913909152E-01   0.533379195E-02
   0.191514171E-02   0.777790174E-01   0.835528150E-01   0.532903988E-02
   0.176685839E-02   0.635866225E-01   0.749852955E-01   0.518798688E-02
   0.156929740E-02   0.509565733E-01   0.650436580E-01   0.482901651E-02
   0.135716714E-02   0.402785540E-01   0.551808067E-01   0.435922155E-02
   0.113232771E-02   0.311317164E-01   0.452993922E-01   0.381393987E-02
   0.915141252E-03   0.235449243E-01   0.361060873E-01   0.322115025E-02
   0.720071490E-03   0.174878482E-01   0.281007439E-01   0.264911260E-02
   0.534443185E-03   0.124240834E-01   0.206230339E-01   0.203405414E-02
   0.386049767E-03   0.862924196E-02   0.147505710E-01   0.152003637E-02
   0.271033845E-03   0.584597141E-02   0.102641769E-01   0.110536010E-02
   0.175384004E-03   0.368035981E-02   0.655080425E-02   0.738438976E-03
   0.103800594E-03   0.214569131E-02   0.379767711E-02   0.443177123E-03
   0.583901819E-04   0.119354529E-02   0.207862793E-02   0.249488541E-03
   0.302759854E-04   0.618077291E-03   0.103311485E-02   0.126794985E-03
   0.126583463E-04   0.276943145E-03   0.393682101E-03   0.477124740E-04
   0.478354377E-05   0.135204609E-03   0.139681535E-03   0.175399164E-04
   0.272938314E-05   0.949663226E-04   0.896842030E-04   0.971468307E-05
   0.339618919E-05   0.106053994E-03   0.132685003E-03   0.131842962E-04
   0.475235811E-05   0.132777423E-03   0.206901037E-03   0.247561238E-04
   0.668507982E-05   0.173928231E-03   0.303774839E-03   0.406187901E-04
   0.712821065E-05   0.174398141E-03   0.324040855E-03   0.447923921E-04
   0.757534917E-05   0.173596884E-03   0.328051188E-03   0.433572786E-04
   0.772488147E-05   0.172659245E-03   0.333614968E-03   0.452974236E-04
   0.679585992E-05   0.147921979E-03   0.291600561E-03   0.397749754E-04
   0.603313174E-05   0.127421066E-03   0.243178903E-03   0.327647394E-04
   0.481289635E-05   0.100264937E-03   0.197303481E-03   0.267420601E-04
   0.353596715E-05   0.717060320E-04   0.143211277E-03   0.189578732E-04
   0.282930546E-05   0.558770407E-04   0.109026834E-03   0.142583722E-04
   0.168748272E-05   0.309938368E-04   0.585082271E-04   0.693368702E-05
   0.104619232E-05   0.189026032E-04   0.352283823E-04   0.418278614E-05
   0.845051602E-06   0.159056308E-04   0.249544064E-04   0.393397431E-05
   0.396879756E-06   0.764465312E-05   0.138838377E-04   0.197477220E-05
   0.217512152E-06   0.443685076E-05   0.793869822E-05   0.127016756E-05
   0.640442153E-07   0.149047469E-05   0.221906430E-05   0.532744252E-06
   0.282299357E-07   0.544211503E-06  -0.204129108E-06   0.283145368E-06
   0.913798246E-07   0.128660338E-05  -0.336167432E-05   0.899390557E-06
   0.228455292E-06   0.237378981E-05  -0.638697884E-05   0.101403612E-05
   0.787362637E-06   0.768442169E-05  -0.190419214E-04   0.252491509E-05
   0.834843206E-06   0.714900261E-05  -0.224680498E-04   0.250640596E-05
   0.179180131E-05   0.158579605E-04  -0.488413752E-04   0.577387709E-05
   0.250754670E-05   0.232408274E-04  -0.719641030E-04   0.953001381E-05
   0.420538709E-05   0.390948189E-04  -0.120054225E-03   0.157942432E-04
   0.594214544E-05   0.543483657E-04  -0.176693939E-03   0.242373535E-04
   0.712289057E-05   0.664044856E-04  -0.207129357E-03   0.278176740E-04
   0.931666455E-05   0.860368673E-04  -0.274112186E-03   0.373089679E-04
   0.106250682E-04   0.975404546E-04  -0.310663221E-03   0.418365235E-04
   0.119679662E-04   0.109900386E-03  -0.348282541E-03   0.470695886E-04
   0.131066026E-04   0.120975630E-03  -0.378266122E-03   0.515235952E-04
   0.133152498E-04   0.122344980E-03  -0.374590658E-03   0.495338900E-04
   0.114898321E-04   0.105864296E-03  -0.313947879E-03   0.423377351E-04
   0.887244278E-05   0.810841884E-04  -0.218901361E-03   0.269322936E-04
   0.679463983E-05   0.611169453E-04  -0.141161581E-03   0.173948556E-04
   0.606509775E-05   0.519412752E-04  -0.873227182E-04   0.102078920E-04
   0.963697312E-05   0.739726311E-04  -0.139894066E-03   0.182247895E-04
   0.223566585E-04   0.167253020E-03  -0.422531448E-03   0.572781973E-04
   0.479245500E-04   0.356595381E-03  -0.100249820E-02   0.132851623E-03
   0.964746941E-04   0.717651856E-03  -0.212113466E-02   0.270096556E-03
   0.170739033E-03   0.126668869E-02  -0.378339621E-02   0.464430283E-03
   0.283017784E-03   0.209035235E-02  -0.623056153E-02   0.734890287E-03
   0.442335760E-03   0.325422012E-02  -0.958298799E-02   0.108511886E-02
   0.666198670E-03   0.489731226E-02  -0.141534908E-01   0.152516435E-02
   0.944016443E-03   0.693099154E-02  -0.194645785E-01   0.201716018E-02
   0.129656994E-02   0.954104774E-02  -0.258514788E-01   0.255248719E-02
   0.170622312E-02   0.126349349E-01  -0.326520577E-01   0.306354766E-02
   0.220086146E-02   0.164549090E-01  -0.402976051E-01   0.357534387E-02
   0.275796396E-02   0.209134482E-01  -0.479898602E-01   0.402436405E-02
   0.337961921E-02   0.260915495E-01  -0.555313155E-01   0.440113153E-02
   0.406356435E-02   0.320968106E-01  -0.626478344E-01   0.461648172E-02
   0.479938462E-02   0.388795696E-01  -0.688412115E-01   0.474837329E-02
   0.556748081E-02   0.464041121E-01  -0.735421777E-01   0.469019869E-02
   0.637612818E-02   0.547265075E-01  -0.767518431E-01   0.450804224E-02
   0.720374193E-02   0.636788309E-01  -0.779063925E-01   0.417629303E-02
   0.803318154E-02   0.730591640E-01  -0.767215341E-01   0.366919558E-02
   0.884484965E-02   0.825874060E-01  -0.729195699E-01   0.306244870E-02
   0.962327421E-02   0.919111744E-01  -0.665805563E-01   0.236669811E-02
   0.103333127E-01   0.100545198E+00  -0.574861504E-01   0.165550364E-02
   0.109419702E-01   0.108068548E+00  -0.459067784E-01   0.101432425E-02
   0.114010405E-01   0.113748863E+00  -0.319316313E-01   0.472648477E-03
   0.116912303E-01   0.117428184E+00  -0.163879246E-01   0.123360544E-03
   0.117952069E-01   0.118676737E+00  -0.448391262E-07   0.000000000E+00
