   0.165893510E-02   0.217553198E+00   0.000000000E+00   0.000000000E+00
   0.166611199E-02   0.214162111E+00   0.147715844E-01   0.105182742E-03
   0.168629549E-02   0.204511836E+00   0.283100251E-01   0.398882781E-03
   0.171059591E-02   0.189553440E+00   0.394908935E-01   0.821017602E-03
   0.172663759E-02   0.170638174E+00   0.476190187E-01   0.128713110E-02
   0.172535318E-02   0.149577111E+00   0.527147800E-01   0.172958930E-02
   0.169086666E-02   0.127659678E+00   0.544518270E-01   0.206529954E-02
   0.162068533E-02   0.106368229E+00   0.535182692E-01   0.229825149E-02
   0.150937203E-02   0.865096822E-01   0.502358787E-01   0.237398176E-02
   0.136557838E-02   0.687619224E-01   0.454212911E-01   0.233821431E-02
   0.119135878E-02   0.533311889E-01   0.393577404E-01   0.217481283E-02
   0.100349938E-02   0.403783284E-01   0.328646861E-01   0.195140729E-02
   0.808179262E-03   0.296993293E-01   0.261196159E-01   0.164520589E-02
   0.623893109E-03   0.212420989E-01   0.198687408E-01   0.131685671E-02
   0.461781397E-03   0.147438226E-01   0.144638633E-01   0.101530447E-02
   0.322488544E-03   0.984603353E-02   0.983985141E-02   0.723002246E-03
   0.210751256E-03   0.630128756E-02   0.617322139E-02   0.468990562E-03
   0.130610337E-03   0.389071205E-02   0.362654612E-02   0.286331924E-03
   0.730619940E-04   0.227501104E-02   0.182590098E-02   0.143859434E-03
   0.365755841E-04   0.127410528E-02   0.744021730E-03   0.559283144E-04
   0.169816867E-04   0.711733417E-03   0.237326938E-03   0.150677160E-04
   0.774103955E-05   0.417208794E-03   0.594044250E-04   0.240185818E-05
   0.428159046E-05   0.282454741E-03   0.611376163E-04   0.732706758E-05
   0.426105953E-05   0.228277699E-03   0.147339466E-03   0.198347643E-04
   0.478268430E-05   0.193860731E-03   0.213862018E-03   0.291745582E-04
   0.548175376E-05   0.181737734E-03   0.274666469E-03   0.387621440E-04
   0.618252989E-05   0.174190980E-03   0.310342264E-03   0.424188183E-04
   0.540519886E-05   0.143928293E-03   0.280709675E-03   0.406582403E-04
   0.410514303E-05   0.105500832E-03   0.216310247E-03   0.323775312E-04
   0.342638373E-05   0.849291391E-04   0.181600495E-03   0.277527015E-04
   0.210523353E-05   0.514953317E-04   0.111082918E-03   0.172725031E-04
   0.142134809E-05   0.338318277E-04   0.733521738E-04   0.114164814E-04
   0.780425694E-06   0.187911774E-04   0.419579956E-04   0.676302216E-05
   0.345491799E-06   0.825524876E-05   0.182257136E-04   0.293550670E-05
   0.154189294E-06   0.396233827E-05   0.871295561E-05   0.157216641E-05
   0.420954471E-07   0.101099590E-05   0.196219207E-05   0.339608363E-06
   0.608936324E-08   0.128202075E-06   0.267615775E-06   0.437972396E-07
   0.934953981E-08   0.179498954E-06   0.240412419E-06   0.774732669E-07
   0.513684064E-07   0.941950759E-06   0.218619493E-05   0.423923467E-06
   0.573868562E-07   0.137682650E-05   0.323662039E-05   0.639568555E-06
   0.397981488E-07   0.999091867E-06   0.170460203E-05   0.572988824E-06
   0.453070115E-07   0.126614339E-05   0.260620686E-05   0.674167040E-06
   0.604415931E-07   0.156393435E-05   0.204762250E-05   0.963671255E-06
   0.832951272E-07   0.232597608E-05   0.488101068E-05   0.119594688E-05
   0.129378577E-06   0.239902852E-05  -0.664525089E-06   0.165003291E-05
   0.257105999E-07   0.914289217E-06   0.778732101E-06   0.634498576E-06
   0.253569219E-07   0.786711041E-06  -0.113839960E-06   0.600361830E-06
   0.352864618E-07   0.742304053E-06  -0.152184396E-05   0.608958374E-06
   0.704107137E-07   0.149492598E-05  -0.288397388E-06   0.106539903E-05
   0.112274641E-06   0.138250255E-05  -0.439391306E-05   0.102736362E-05
   0.902216186E-07   0.109549251E-05  -0.388984472E-05   0.785599582E-06
   0.629376515E-07   0.705187176E-06  -0.263772631E-05   0.486915553E-06
   0.308633545E-07   0.354616134E-06  -0.592963033E-06   0.232815879E-06
   0.136437990E-07   0.132703974E-06  -0.496440748E-06   0.810384719E-07
   0.133108591E-07   0.124146865E-06  -0.301200203E-06   0.457483686E-07
   0.743657367E-07   0.734270088E-06  -0.243752652E-05   0.373578672E-06
   0.187904931E-06   0.185805095E-05  -0.670257259E-05   0.104938044E-05
   0.656606574E-06   0.668867597E-05  -0.248459655E-04   0.428302201E-05
   0.157588170E-05   0.154046720E-04  -0.583062028E-04   0.943737632E-05
   0.286669888E-05   0.269292632E-04  -0.102445956E-03   0.155145553E-04
   0.391983122E-05   0.361458224E-04  -0.136620059E-03   0.203977470E-04
   0.644741112E-05   0.586972346E-04  -0.219723399E-03   0.324457942E-04
   0.862399702E-05   0.765544173E-04  -0.283206755E-03   0.410818466E-04
   0.115458552E-04   0.100201352E-03  -0.360429112E-03   0.507626610E-04
   0.118746639E-04   0.101142985E-03  -0.334842684E-03   0.457905662E-04
   0.140394550E-04   0.115664327E-03  -0.348300906E-03   0.462980934E-04
   0.144075875E-04   0.114499802E-03  -0.267886149E-03   0.341747509E-04
   0.158452403E-04   0.119799763E-03  -0.172880435E-03   0.221764512E-04
   0.196968722E-04   0.139026815E-03  -0.719966774E-04   0.942198312E-05
   0.306267975E-04   0.203794261E-03  -0.673388859E-04   0.858998010E-05
   0.552921520E-04   0.358303922E-03  -0.271298573E-03   0.299070525E-04
   0.104202372E-03   0.667404733E-03  -0.878539984E-03   0.915922283E-04
   0.191865343E-03   0.122321339E-02  -0.213681790E-02   0.211202103E-03
   0.328045804E-03   0.208234694E-02  -0.404678052E-02   0.383437698E-03
   0.531282916E-03   0.336548476E-02  -0.681386981E-02   0.617823156E-03
   0.823262613E-03   0.521131186E-02  -0.106298989E-01   0.916471297E-03
   0.122367055E-02   0.775417220E-02  -0.155269587E-01   0.127300434E-02
   0.173142122E-02   0.110263675E-01  -0.209310427E-01   0.162386347E-02
   0.236580544E-02   0.151784075E-01  -0.268073212E-01   0.197006250E-02
   0.314933108E-02   0.203989428E-01  -0.331749357E-01   0.229340140E-02
   0.405878946E-02   0.266077183E-01  -0.389738716E-01   0.253349147E-02
   0.511520449E-02   0.339638032E-01  -0.443504713E-01   0.267767510E-02
   0.628909841E-02   0.423093401E-01  -0.483959280E-01   0.269523426E-02
   0.756606692E-02   0.515293777E-01  -0.507943667E-01   0.258248369E-02
   0.891777407E-02   0.613788888E-01  -0.512610115E-01   0.232552527E-02
   0.102877775E-01   0.714099780E-01  -0.492422432E-01   0.192575098E-02
   0.116055459E-01   0.810603127E-01  -0.444988757E-01   0.144148851E-02
   0.127714872E-01   0.895690769E-01  -0.367105976E-01   0.912170042E-03
   0.137069197E-01   0.963641480E-01  -0.263344366E-01   0.443301251E-03
   0.143041788E-01   0.100703523E+00  -0.137441121E-01   0.117454198E-03
   0.145123489E-01   0.102197282E+00  -0.400485618E-07   0.000000000E+00
