   0.407725293E-02   0.563489735E+00   0.000000000E+00   0.000000000E+00
   0.404499657E-02   0.554257810E+00   0.337750465E-01   0.271860074E-03
   0.394851482E-02   0.527430058E+00   0.645286068E-01   0.102244725E-02
   0.379292853E-02   0.485922426E+00   0.895653442E-01   0.207114522E-02
   0.358457374E-02   0.434130430E+00   0.107580565E+00   0.320770731E-02
   0.333002373E-02   0.376476973E+00   0.117984831E+00   0.422730343E-02
   0.303303380E-02   0.317142367E+00   0.120638415E+00   0.496299984E-02
   0.270825136E-02   0.260092676E+00   0.117454171E+00   0.535289757E-02
   0.235547521E-02   0.207438320E+00   0.108433269E+00   0.539389532E-02
   0.199474720E-02   0.161152527E+00   0.960513130E-01   0.514436327E-02
   0.163761468E-02   0.121842489E+00   0.814687684E-01   0.465026265E-02
   0.129734795E-02   0.895374194E-01   0.659502894E-01   0.395370834E-02
   0.981993158E-03   0.636287034E-01   0.502635203E-01   0.319492910E-02
   0.715287810E-03   0.439117588E-01   0.366590619E-01   0.243600830E-02
   0.494635897E-03   0.292038098E-01   0.249798056E-01   0.172838010E-02
   0.320934050E-03   0.186098199E-01   0.155509422E-01   0.111290731E-02
   0.191686282E-03   0.112739690E-01   0.845234841E-02   0.621816725E-03
   0.109881883E-03   0.665529631E-02   0.427668262E-02   0.316358841E-03
   0.565142946E-04   0.375125022E-02   0.163684320E-02   0.111808484E-03
   0.276612791E-04   0.210895599E-02   0.457947230E-03   0.246040800E-04
   0.139504618E-04   0.124906807E-02   0.121445453E-03   0.659418811E-05
   0.934892159E-05   0.840079796E-03   0.271119119E-03   0.321950720E-04
   0.851771802E-05   0.653528026E-03   0.537586515E-03   0.692417743E-04
   0.930622537E-05   0.577076164E-03   0.797958521E-03   0.102148049E-03
   0.903999717E-05   0.486713194E-03   0.857202453E-03   0.110839348E-03
   0.774162345E-05   0.388392014E-03   0.790136226E-03   0.107340486E-03
   0.693895345E-05   0.327588234E-03   0.732930203E-03   0.101691490E-03
   0.498281133E-05   0.226038290E-03   0.524466683E-03   0.733523702E-04
   0.339690496E-05   0.151394997E-03   0.363943807E-03   0.520547546E-04
   0.237942072E-05   0.103736304E-03   0.251535443E-03   0.367434914E-04
   0.141977091E-05   0.646573462E-04   0.161306627E-03   0.255201903E-04
   0.581523466E-06   0.263508227E-04   0.648264613E-04   0.102973900E-04
   0.218700833E-06   0.112560665E-04   0.267271880E-04   0.519522746E-05
   0.726093461E-07   0.392773109E-05   0.900912892E-05   0.182091560E-05
   0.100296953E-07   0.642579437E-06   0.628731812E-06   0.388774225E-06
   0.642115339E-08   0.148865780E-06  -0.386090591E-06   0.664893491E-07
   0.505203630E-07   0.165953759E-05   0.410140456E-05   0.613242435E-06
   0.870613945E-07   0.323022050E-05   0.779766015E-05   0.133683557E-05
   0.880694344E-07   0.258976570E-05   0.549283823E-05   0.873724616E-06
   0.566450247E-07   0.212196460E-05   0.624764789E-05   0.886429234E-06
   0.978165744E-07   0.399051260E-05   0.109589082E-04   0.176428193E-05
   0.220119301E-07   0.105195898E-05   0.265078938E-05   0.549751803E-06
   0.915425318E-07   0.417597175E-05   0.101294390E-04   0.222486688E-05
   0.187144682E-07   0.109016548E-05   0.107112805E-05   0.751506150E-06
   0.399344877E-07   0.170688588E-05  -0.894816992E-06   0.125126394E-05
   0.580534234E-07   0.296145595E-05   0.456885664E-05   0.186015552E-05
   0.780505403E-07   0.245110004E-05  -0.691339665E-05   0.189263483E-05
   0.717562187E-07   0.199734700E-05  -0.720039679E-05   0.151038546E-05
   0.505105859E-07   0.151291863E-05  -0.466498614E-05   0.116510034E-05
   0.154929154E-06   0.365665528E-05  -0.131717152E-04   0.232015827E-05
   0.105539364E-06   0.245948922E-05  -0.962690956E-05   0.175548485E-05
   0.141074693E-06   0.304504442E-05  -0.102727427E-04   0.170175122E-05
   0.187169491E-06   0.411601968E-05  -0.173438166E-04   0.282305905E-05
   0.188348878E-06   0.375029731E-05  -0.158911662E-04   0.227053283E-05
   0.165019301E-06   0.331361525E-05  -0.139492677E-04   0.202936326E-05
   0.499835622E-07   0.103408490E-05  -0.325378596E-05   0.544058594E-06
   0.183925426E-07   0.418138058E-06  -0.141266514E-05   0.267254478E-06
   0.139630728E-06   0.313751684E-05  -0.117151940E-04   0.194392032E-05
   0.578723075E-06   0.122362007E-04  -0.492029067E-04   0.766415906E-05
   0.100335967E-05   0.211205879E-04  -0.847831616E-04   0.134579450E-04
   0.181217513E-05   0.372946633E-04  -0.148620893E-03   0.227825494E-04
   0.400443560E-05   0.801641145E-04  -0.323568267E-03   0.485696764E-04
   0.569337317E-05   0.110345914E-03  -0.443156547E-03   0.646171611E-04
   0.857718715E-05   0.160864729E-03  -0.633439340E-03   0.874260295E-04
   0.131472198E-04   0.238332097E-03  -0.922959473E-03   0.121774312E-03
   0.158009425E-04   0.278318330E-03  -0.102287135E-02   0.132050103E-03
   0.177615457E-04   0.303450943E-03  -0.100234069E-02   0.127923471E-03
   0.197139107E-04   0.321495114E-03  -0.854620594E-03   0.103653976E-03
   0.225122621E-04   0.347079651E-03  -0.598697516E-03   0.710834574E-04
   0.288137526E-04   0.417219097E-03  -0.301245309E-03   0.354695803E-04
   0.438562383E-04   0.603424502E-03  -0.164948360E-03   0.199769220E-04
   0.772862913E-04   0.103832525E-02  -0.516032276E-03   0.539097200E-04
   0.142434903E-03   0.189915032E-02  -0.182236487E-02   0.179505601E-03
   0.256657222E-03   0.341083552E-02  -0.453366432E-02   0.430567976E-03
   0.442675489E-03   0.587210711E-02  -0.919698179E-02   0.827857119E-03
   0.729883381E-03   0.966131035E-02  -0.164309721E-01   0.141685840E-02
   0.113928411E-02   0.150808878E-01  -0.260059722E-01   0.213333778E-02
   0.169879652E-02   0.225184299E-01  -0.378711112E-01   0.296309637E-02
   0.242461544E-02   0.322892144E-01  -0.511140786E-01   0.378314988E-02
   0.335160829E-02   0.448988676E-01  -0.658625141E-01   0.461352151E-02
   0.448100688E-02   0.604934059E-01  -0.804442316E-01   0.534561044E-02
   0.581793580E-02   0.792353153E-01  -0.938213319E-01   0.584022002E-02
   0.735645741E-02   0.101077020E+00  -0.104904659E+00   0.607638527E-02
   0.907693151E-02   0.125708908E+00  -0.112740949E+00   0.595410494E-02
   0.109199695E-01   0.152247116E+00  -0.115543157E+00   0.547699956E-02
   0.128193581E-01   0.179596528E+00  -0.112624727E+00   0.463808049E-02
   0.146646816E-01   0.206067950E+00  -0.102904297E+00   0.350851100E-02
   0.163222868E-01   0.229735687E+00  -0.858887807E-01   0.226024026E-02
   0.176456124E-01   0.248500034E+00  -0.618688762E-01   0.110635126E-02
   0.184990466E-01   0.260566711E+00  -0.323828869E-01   0.294173107E-03
   0.188029688E-01   0.264860690E+00  -0.763142722E-07   0.000000000E+00
