   0.171272755E+00   0.633906364E+00   0.325983116E-07   0.000000000E+00
   0.170343742E+00   0.631541371E+00   0.482908078E-01   0.338803424E-03
   0.167684302E+00   0.624475002E+00   0.948566869E-01   0.132991164E-02
   0.163372591E+00   0.613032460E+00   0.138101771E+00   0.290952832E-02
   0.157554135E+00   0.596781135E+00   0.176605478E+00   0.492624752E-02
   0.150610894E+00   0.577289760E+00   0.209580809E+00   0.729137706E-02
   0.142820939E+00   0.554859281E+00   0.236424118E+00   0.980277080E-02
   0.134327337E+00   0.529516578E+00   0.256883174E+00   0.123973321E-01
   0.125453651E+00   0.502002358E+00   0.271015733E+00   0.148431705E-01
   0.116630606E+00   0.474023819E+00   0.279636562E+00   0.171038453E-01
   0.107766911E+00   0.444437653E+00   0.282862931E+00   0.190365836E-01
   0.992411897E-01   0.415161073E+00   0.281797498E+00   0.207076222E-01
   0.909688845E-01   0.385550231E+00   0.276672393E+00   0.220876411E-01
   0.831547976E-01   0.356360525E+00   0.268618375E+00   0.230500419E-01
   0.758206993E-01   0.327979714E+00   0.258191168E+00   0.235814415E-01
   0.689721704E-01   0.300466806E+00   0.245908514E+00   0.237244479E-01
   0.626021847E-01   0.274181843E+00   0.232362792E+00   0.237522405E-01
   0.566893406E-01   0.249110579E+00   0.217814192E+00   0.234543569E-01
   0.512116291E-01   0.225454375E+00   0.202638134E+00   0.228480212E-01
   0.462014377E-01   0.203178123E+00   0.187567830E+00   0.218324009E-01
   0.415682755E-01   0.182474047E+00   0.172353432E+00   0.209273007E-01
   0.373368822E-01   0.163100585E+00   0.157735482E+00   0.197734777E-01
   0.334467925E-01   0.145295247E+00   0.143366650E+00   0.186995454E-01
   0.298574418E-01   0.128914133E+00   0.129414216E+00   0.172311272E-01
   0.266017485E-01   0.113816008E+00   0.116391964E+00   0.160689149E-01
   0.236512721E-01   0.100227773E+00   0.104194388E+00   0.147056272E-01
   0.209384505E-01   0.878511667E-01   0.926211104E-01   0.133915776E-01
   0.184696652E-01   0.766741484E-01   0.818615109E-01   0.120996982E-01
   0.162607767E-01   0.666706488E-01   0.721456334E-01   0.109395823E-01
   0.142425327E-01   0.576969050E-01   0.630730912E-01   0.975237787E-02
   0.123881567E-01   0.496877693E-01   0.545766428E-01   0.855576526E-02
   0.107732313E-01   0.426366031E-01   0.472239815E-01   0.757872500E-02
   0.931855291E-02   0.364318527E-01   0.405574962E-01   0.666849641E-02
   0.801330432E-02   0.309475102E-01   0.345441625E-01   0.579409860E-02
   0.685253553E-02   0.261689834E-01   0.292131975E-01   0.505295862E-02
   0.583865307E-02   0.220101047E-01   0.245518629E-01   0.440602936E-02
   0.495104259E-02   0.184819829E-01   0.205315780E-01   0.379539048E-02
   0.417365413E-02   0.154241715E-01   0.169685427E-01   0.326187210E-02
   0.351589173E-02   0.128536634E-01   0.139764417E-01   0.285054883E-02
   0.294203311E-02   0.106321536E-01   0.112674907E-01   0.244958373E-02
   0.246874243E-02   0.886354875E-02   0.911904313E-02   0.211835722E-02
   0.207639975E-02   0.737972325E-02   0.721222768E-02   0.184079725E-02
   0.177169242E-02   0.619106693E-02   0.562585285E-02   0.163475634E-02
   0.151580328E-02   0.525887730E-02   0.418154616E-02   0.140699081E-02
   0.134878035E-02   0.456568925E-02   0.291044428E-02   0.127168489E-02
   0.123462710E-02   0.409316830E-02   0.182985223E-02   0.113879016E-02
   0.118077022E-02   0.381378690E-02   0.707557541E-03   0.101410283E-02
   0.119123817E-02   0.373594742E-02  -0.222290459E-03   0.953379204E-03
   0.124626141E-02   0.382990111E-02  -0.126233592E-02   0.857634877E-03
   0.137057621E-02   0.410070410E-02  -0.238542166E-02   0.797744666E-03
   0.153934257E-02   0.456984853E-02  -0.351702329E-02   0.752051303E-03
   0.178120914E-02   0.522201601E-02  -0.482395058E-02   0.759409391E-03
   0.205947529E-02   0.604101643E-02  -0.618332438E-02   0.753465283E-03
   0.241114292E-02   0.713345828E-02  -0.784978736E-02   0.757868343E-03
   0.281715486E-02   0.841375440E-02  -0.966373365E-02   0.795366475E-03
   0.328665832E-02   0.998085365E-02  -0.117401378E-01   0.817817228E-03
   0.380705227E-02   0.117315883E-01  -0.139684947E-01   0.912261079E-03
   0.441463245E-02   0.138147064E-01  -0.166151933E-01   0.105116458E-02
   0.506751053E-02   0.162538663E-01  -0.194019098E-01   0.104900252E-02
   0.578322029E-02   0.189780220E-01  -0.224796142E-01   0.117641385E-02
   0.656082993E-02   0.220868122E-01  -0.258226674E-01   0.130169070E-02
   0.742249284E-02   0.256163795E-01  -0.295732971E-01   0.147234963E-02
   0.832298025E-02   0.295764711E-01  -0.334214345E-01   0.154061371E-02
   0.928302761E-02   0.339158848E-01  -0.376173742E-01   0.181489368E-02
   0.103084128E-01   0.389367789E-01  -0.419631638E-01   0.174437871E-02
   0.113522895E-01   0.443486571E-01  -0.464642569E-01   0.192043988E-02
   0.124610076E-01   0.503466539E-01  -0.512756594E-01   0.210365537E-02
   0.135952495E-01   0.570269115E-01  -0.560748242E-01   0.207369938E-02
   0.147781856E-01   0.642806739E-01  -0.611144714E-01   0.207718345E-02
   0.159264598E-01   0.721252188E-01  -0.660184994E-01   0.222559320E-02
   0.171019156E-01   0.807743669E-01  -0.708516762E-01   0.205838750E-02
   0.182641298E-01   0.900103524E-01  -0.757066682E-01   0.207254384E-02
   0.193824302E-01   0.999648124E-01  -0.802388936E-01   0.202339422E-02
   0.204845537E-01   0.110654972E+00  -0.845945776E-01   0.188767782E-02
   0.215258840E-01   0.121991962E+00  -0.885700732E-01   0.175390078E-02
   0.225112680E-01   0.134060100E+00  -0.920286924E-01   0.152406283E-02
   0.234078225E-01   0.146720454E+00  -0.948711112E-01   0.129763014E-02
   0.241893660E-01   0.159988180E+00  -0.969470069E-01   0.119227276E-02
   0.248606913E-01   0.173575103E+00  -0.981388465E-01   0.103684689E-02
   0.254337378E-01   0.187662125E+00  -0.982390493E-01   0.853001431E-03
   0.258778725E-01   0.201821029E+00  -0.970704779E-01   0.665869098E-03
   0.261979103E-01   0.216061816E+00  -0.945644677E-01   0.507573714E-03
   0.263713580E-01   0.229901299E+00  -0.903979987E-01   0.420211843E-03
   0.264529902E-01   0.243302360E+00  -0.845478028E-01   0.319342071E-03
   0.264226254E-01   0.255792648E+00  -0.769443735E-01   0.232780760E-03
   0.263201240E-01   0.267381549E+00  -0.675941408E-01   0.179290233E-03
   0.262222681E-01   0.277157605E+00  -0.565083846E-01   0.897409627E-04
   0.260578766E-01   0.285287470E+00  -0.438923314E-01   0.557456078E-04
   0.259287339E-01   0.291129500E+00  -0.300100837E-01   0.218855639E-04
   0.258702282E-01   0.294979006E+00  -0.152433477E-01   0.525433916E-05
   0.258886032E-01   0.295898497E+00  -0.346886502E-07   0.000000000E+00
