   0.396963730E+02   0.430127602E+02   0.180662801E-05   0.000000000E+00
   0.387462692E+02   0.420049896E+02   0.158014083E+01   0.145310061E-01
   0.360639648E+02   0.391609993E+02   0.293881655E+01   0.543175712E-01
   0.321290474E+02   0.349825478E+02   0.392098618E+01   0.109710597E+00
   0.275326347E+02   0.300875416E+02   0.446921921E+01   0.168784931E+00
   0.228457870E+02   0.250825577E+02   0.461996269E+01   0.221808046E+00
   0.184644051E+02   0.203838272E+02   0.445993519E+01   0.262233377E+00
   0.146354351E+02   0.162585163E+02   0.409872627E+01   0.288336903E+00
   0.114432030E+02   0.127989292E+02   0.363215613E+01   0.300548196E+00
   0.887335300E+01   0.999663639E+01   0.313387275E+01   0.301788211E+00
   0.685705471E+01   0.778141928E+01   0.265208697E+01   0.294596374E+00
   0.530532932E+01   0.606362915E+01   0.221490812E+01   0.282303929E+00
   0.412339211E+01   0.474389362E+01   0.183268213E+01   0.266902477E+00
   0.323265195E+01   0.374010086E+01   0.150890410E+01   0.250210285E+00
   0.256659555E+01   0.298255777E+01   0.124124610E+01   0.233800665E+00
   0.206826520E+01   0.240965080E+01   0.102203918E+01   0.217659563E+00
   0.169659746E+01   0.197803020E+01   0.845078230E+00   0.202750117E+00
   0.141805315E+01   0.165128052E+01   0.702664912E+00   0.189345166E+00
   0.120955145E+01   0.140408194E+01   0.589104652E+00   0.177104339E+00
   0.105171609E+01   0.121513128E+01   0.498051077E+00   0.166361257E+00
   0.932158113E+00   0.107067108E+01   0.425588071E+00   0.156777367E+00
   0.840658844E+00   0.959175467E+00   0.367691606E+00   0.148203284E+00
   0.769631445E+00   0.872065902E+00   0.321055591E+00   0.140763387E+00
   0.713567078E+00   0.802805185E+00   0.282987237E+00   0.133944318E+00
   0.668948174E+00   0.747515440E+00   0.251997530E+00   0.127789825E+00
   0.632713020E+00   0.702521324E+00   0.226342246E+00   0.122331902E+00
   0.602572381E+00   0.665129364E+00   0.204735205E+00   0.117272601E+00
   0.577283144E+00   0.633732975E+00   0.186375558E+00   0.112871476E+00
   0.555586994E+00   0.606935859E+00   0.170598164E+00   0.108750977E+00
   0.536305785E+00   0.583278954E+00   0.156592444E+00   0.104730695E+00
   0.519481122E+00   0.562640011E+00   0.144284904E+00   0.101284601E+00
   0.504207850E+00   0.544120371E+00   0.133184493E+00   0.980010480E-01
   0.490226418E+00   0.527240813E+00   0.122986339E+00   0.949682891E-01
   0.477353275E+00   0.511831284E+00   0.113626122E+00   0.921097174E-01
   0.465464652E+00   0.497734100E+00   0.104983844E+00   0.894950479E-01
   0.454212755E+00   0.484575808E+00   0.968278125E-01   0.870117620E-01
   0.443746597E+00   0.472431868E+00   0.891722962E-01   0.848312005E-01
   0.433918208E+00   0.461175412E+00   0.819815323E-01   0.828134269E-01
   0.424657315E+00   0.450723141E+00   0.751891285E-01   0.809492245E-01
   0.415680766E+00   0.440780520E+00   0.685167387E-01   0.792644098E-01
   0.407341808E+00   0.431741595E+00   0.623431504E-01   0.777479559E-01
   0.399536312E+00   0.423440963E+00   0.564893819E-01   0.764561668E-01
   0.391885698E+00   0.415569752E+00   0.506717898E-01   0.753025860E-01
   0.384847760E+00   0.408516407E+00   0.452892631E-01   0.743340552E-01
   0.378133148E+00   0.402092069E+00   0.400201008E-01   0.736069530E-01
   0.371842682E+00   0.396294057E+00   0.349824391E-01   0.730404556E-01
   0.365770906E+00   0.391034991E+00   0.301432628E-01   0.725975931E-01
   0.360160887E+00   0.386474609E+00   0.255428348E-01   0.723839998E-01
   0.354775369E+00   0.382422537E+00   0.210239161E-01   0.723084435E-01
   0.349706918E+00   0.378955841E+00   0.166601557E-01   0.724031553E-01
   0.344924241E+00   0.376083881E+00   0.123947859E-01   0.726778582E-01
   0.340353966E+00   0.373801172E+00   0.814349670E-02   0.731133223E-01
   0.336220056E+00   0.372147024E+00   0.421158690E-02   0.737839043E-01
   0.332205415E+00   0.371010751E+00   0.211424238E-03   0.745454878E-01
   0.328523815E+00   0.370618075E+00  -0.368727255E-02   0.755728036E-01
   0.325028718E+00   0.370737672E+00  -0.759834703E-02   0.766763315E-01
   0.321808726E+00   0.371604323E+00  -0.114369327E-01   0.780265778E-01
   0.318714708E+00   0.373071402E+00  -0.152674159E-01   0.794797093E-01
   0.315829158E+00   0.375343263E+00  -0.192008708E-01   0.810794383E-01
   0.313228041E+00   0.378482908E+00  -0.231552888E-01   0.829155222E-01
   0.310812533E+00   0.382611483E+00  -0.273190197E-01   0.848389491E-01
   0.308655828E+00   0.388008803E+00  -0.316462517E-01   0.870380327E-01
   0.306669205E+00   0.394747257E+00  -0.363283344E-01   0.892074630E-01
   0.305060744E+00   0.403284252E+00  -0.414036699E-01   0.916495696E-01
   0.303824991E+00   0.414182007E+00  -0.470626280E-01   0.943544954E-01
   0.303029269E+00   0.427955031E+00  -0.535152182E-01   0.971582010E-01
   0.302783996E+00   0.445518434E+00  -0.610135421E-01   0.100148305E+00
   0.303314865E+00   0.468102902E+00  -0.698656887E-01   0.103579797E+00
   0.304744363E+00   0.497189313E+00  -0.805579126E-01   0.106934682E+00
   0.307414263E+00   0.534990966E+00  -0.935709327E-01   0.110506862E+00
   0.311737239E+00   0.584355175E+00  -0.109638795E+00   0.114182346E+00
   0.318203837E+00   0.649270535E+00  -0.129515216E+00   0.118361197E+00
   0.327540159E+00   0.734986722E+00  -0.154381052E+00   0.122503318E+00
   0.340604246E+00   0.848494947E+00  -0.185389787E+00   0.126915529E+00
   0.358615667E+00   0.999179423E+00  -0.224053159E+00   0.131252334E+00
   0.383044004E+00   0.119942200E+01  -0.271997124E+00   0.135605484E+00
   0.415823609E+00   0.146639872E+01  -0.331297010E+00   0.139999077E+00
   0.459414333E+00   0.182014334E+01  -0.403445274E+00   0.143753186E+00
   0.517182112E+00   0.228923202E+01  -0.490395993E+00   0.146474317E+00
   0.592514992E+00   0.290673709E+01  -0.592646182E+00   0.148033246E+00
   0.689564109E+00   0.371071553E+01  -0.709239602E+00   0.147491112E+00
   0.812894642E+00   0.474993753E+01  -0.837538481E+00   0.144708306E+00
   0.967195630E+00   0.606233025E+01  -0.969387174E+00   0.137926906E+00
   0.115438223E+01   0.768314171E+01  -0.109224045E+01   0.127207577E+00
   0.137521482E+01   0.961518288E+01  -0.118662143E+01   0.111477599E+00
   0.162269056E+01   0.118107004E+02  -0.122685874E+01   0.911984593E-01
   0.188385582E+01   0.141516724E+02  -0.118509436E+01   0.675019771E-01
   0.213662648E+01   0.164415188E+02  -0.103851914E+01   0.429112464E-01
   0.235107589E+01   0.183915901E+02  -0.777519345E+00   0.208879150E-01
   0.249471831E+01   0.197185669E+02  -0.417737335E+00   0.553760771E-02
   0.254636478E+01   0.201909122E+02  -0.111961697E-05   0.000000000E+00
