   0.306918495E-02   0.202903032E+00   0.000000000E+00   0.000000000E+00
   0.302908942E-02   0.198599562E+00   0.145028280E-01   0.116518619E-03
   0.291276327E-02   0.186464086E+00   0.273483619E-01   0.429271633E-03
   0.273135351E-02   0.168074772E+00   0.372554250E-01   0.849446165E-03
   0.249852124E-02   0.145632312E+00   0.434160531E-01   0.126159959E-02
   0.223070988E-02   0.121652529E+00   0.459567383E-01   0.158149551E-02
   0.193921058E-02   0.980194882E-01   0.450563841E-01   0.175802666E-02
   0.163953390E-02   0.763618946E-01   0.416575782E-01   0.179348129E-02
   0.134225341E-02   0.575063042E-01   0.364118256E-01   0.168825837E-02
   0.105704053E-02   0.417923555E-01   0.299950372E-01   0.148344936E-02
   0.799640256E-03   0.293271244E-01   0.234432928E-01   0.122435612E-02
   0.574018050E-03   0.197491944E-01   0.170779731E-01   0.944416272E-03
   0.389390712E-03   0.127314078E-01   0.115467208E-01   0.665193482E-03
   0.245762407E-03   0.778680667E-02   0.705364440E-02   0.425128150E-03
   0.145735699E-03   0.454997504E-02   0.395109178E-02   0.244888128E-03
   0.764587603E-04   0.246671564E-02   0.174647942E-02   0.107647997E-03
   0.368771944E-04   0.128493120E-02   0.604460714E-03   0.342558706E-04
   0.165923175E-04   0.663977466E-03   0.126111379E-03   0.420576680E-05
   0.837696098E-05   0.374557625E-03   0.553968130E-04   0.345808121E-05
   0.582123312E-05   0.250975805E-03   0.132371642E-03   0.138410815E-04
   0.595829761E-05   0.212386483E-03   0.263509137E-03   0.287002131E-04
   0.566280687E-05   0.174078988E-03   0.307071226E-03   0.344979926E-04
   0.566119979E-05   0.155398404E-03   0.335541205E-03   0.382738290E-04
   0.469993938E-05   0.122356345E-03   0.292782701E-03   0.346082088E-04
   0.316004184E-05   0.801726128E-04   0.201873758E-03   0.245824394E-04
   0.236596702E-05   0.586881579E-04   0.154659632E-03   0.192947009E-04
   0.130564808E-05   0.318388411E-04   0.846684488E-04   0.107700589E-04
   0.584833458E-06   0.145968434E-04   0.394580020E-04   0.525058613E-05
   0.218648140E-06   0.582624625E-05   0.156566257E-04   0.229275793E-05
   0.288603879E-07   0.925752431E-06   0.217913976E-05   0.412974572E-06
   0.350960794E-08   0.155803818E-06   0.212098698E-06   0.775623263E-07
   0.291693905E-07   0.561717968E-06   0.161166224E-05   0.204466147E-06
   0.555869377E-07   0.113677049E-05   0.336320227E-05   0.429843084E-06
   0.937181426E-07   0.186732234E-05   0.527780958E-05   0.700919202E-06
   0.375616125E-07   0.807538129E-06   0.255473992E-05   0.321424039E-06
   0.502242514E-07   0.948329784E-06   0.294301344E-05   0.336989416E-06
   0.383838241E-07   0.523013341E-06   0.101488524E-05   0.147472491E-06
   0.474932058E-07   0.830110139E-06   0.237730001E-05   0.287079018E-06
   0.528406758E-07   0.820848754E-06   0.154906786E-05   0.292743607E-06
   0.257927493E-07   0.516629314E-06   0.151971312E-05   0.203809861E-06
   0.257024393E-07   0.253570818E-06  -0.123474047E-05   0.146344931E-06
   0.174747505E-07   0.288104985E-06   0.463970110E-06   0.116753753E-06
   0.207995061E-07   0.251246377E-06  -0.106445282E-05   0.161661731E-06
   0.104321582E-07   0.150972312E-06  -0.326973293E-06   0.892134793E-07
   0.122758814E-08   0.241423361E-07  -0.503551973E-07   0.177323862E-07
   0.740095096E-09   0.369961519E-07   0.994739580E-08   0.275057950E-07
   0.203509876E-09   0.993461136E-08  -0.147756225E-07   0.849517789E-08
   0.978831016E-09   0.259902482E-07  -0.299488825E-07   0.187311162E-07
   0.119086829E-08   0.243958080E-07   0.483163873E-07   0.112706502E-07
   0.690780100E-08   0.476633915E-07  -0.227974681E-06   0.165181913E-07
   0.245746925E-07   0.277563288E-06  -0.356521610E-06   0.114232066E-06
   0.423754827E-07   0.433906621E-06  -0.209859536E-05   0.261600093E-06
   0.810230105E-07   0.893022786E-06  -0.372267982E-05   0.526780752E-06
   0.891213148E-07   0.101464241E-05  -0.467465907E-05   0.650633922E-06
   0.433267786E-07   0.466086732E-06  -0.228482600E-05   0.295376282E-06
   0.668870541E-07   0.690549086E-06  -0.316942237E-05   0.398073666E-06
   0.708594285E-07   0.708570951E-06  -0.280703784E-05   0.353726506E-06
   0.194782416E-06   0.220586571E-05  -0.103769198E-04   0.143209013E-05
   0.110137719E-06   0.124019414E-05  -0.607564834E-05   0.836721824E-06
   0.725715594E-07   0.816048441E-06  -0.341752252E-05   0.492959430E-06
   0.261953748E-07   0.368706367E-06  -0.113426711E-05   0.244147259E-06
   0.623012539E-07   0.760104172E-06  -0.322726669E-05   0.518156469E-06
   0.544569843E-06   0.593722007E-05  -0.278729403E-04   0.382032476E-05
   0.880836865E-06   0.928147801E-05  -0.435304428E-04   0.580884989E-05
   0.205274819E-05   0.207261564E-04  -0.977541931E-04   0.123754262E-04
   0.370754447E-05   0.359237492E-04  -0.168587358E-03   0.203085983E-04
   0.546262436E-05   0.513195992E-04  -0.237725020E-03   0.282566343E-04
   0.844886199E-05   0.764979341E-04  -0.345212931E-03   0.397508666E-04
   0.113414217E-04   0.981515041E-04  -0.416921073E-03   0.459372714E-04
   0.138907499E-04   0.113701280E-03  -0.428609172E-03   0.456934467E-04
   0.160385516E-04   0.121944257E-03  -0.343945663E-03   0.348537396E-04
   0.190999581E-04   0.131506735E-03  -0.181346724E-03   0.178120681E-04
   0.285229326E-04   0.181997530E-03  -0.665996922E-04   0.650741185E-05
   0.526778858E-04   0.329216302E-03  -0.182994088E-03   0.171547490E-04
   0.104860803E-03   0.658726087E-03  -0.775013352E-03   0.676055206E-04
   0.204594166E-03   0.129328563E-02  -0.217670179E-02   0.179098439E-03
   0.375062431E-03   0.237377686E-02  -0.463283854E-02   0.361070648E-03
   0.645552936E-03   0.408222014E-02  -0.838904921E-02   0.617233163E-03
   0.105041463E-02   0.663106330E-02  -0.136162592E-01   0.948778528E-03
   0.160587870E-02   0.101349121E-01  -0.196719710E-01   0.129209168E-02
   0.235508522E-02   0.148824900E-01  -0.267341435E-01   0.165510352E-02
   0.330596231E-02   0.209531784E-01  -0.338436700E-01   0.196336117E-02
   0.446875393E-02   0.284378547E-01  -0.403431393E-01   0.217919075E-02
   0.584808830E-02   0.373650640E-01  -0.457811840E-01   0.227271137E-02
   0.740464823E-02   0.474662669E-01  -0.491013080E-01   0.219945656E-02
   0.908511318E-02   0.583518893E-01  -0.496923439E-01   0.194829935E-02
   0.107985493E-01   0.693887845E-01  -0.469981655E-01   0.153920718E-02
   0.123938425E-01   0.795736983E-01  -0.403193273E-01   0.102323771E-02
   0.137127265E-01   0.879348069E-01  -0.296994373E-01   0.516699220E-03
   0.145836277E-01   0.934165046E-01  -0.157905109E-01   0.139601558E-03
   0.148868989E-01   0.953143910E-01  -0.364250141E-07   0.000000000E+00
