   0.166589243E-02   0.295123100E+00  -0.741685713E-09   0.000000000E+00
   0.168094772E-02   0.291054517E+00   0.190083999E-01   0.133077745E-03
   0.172500161E-02   0.279296726E+00   0.365282409E-01   0.507830817E-03
   0.178628892E-02   0.261017144E+00   0.514432043E-01   0.105491653E-02
   0.185023597E-02   0.237725437E+00   0.628551990E-01   0.168473308E-02
   0.189542118E-02   0.211136341E+00   0.700743049E-01   0.228663418E-02
   0.191514136E-02   0.183343947E+00   0.738046542E-01   0.281483866E-02
   0.188661006E-02   0.155581892E+00   0.736134425E-01   0.317133754E-02
   0.181154616E-02   0.129251719E+00   0.705366135E-01   0.336288242E-02
   0.169258204E-02   0.105217203E+00   0.652960613E-01   0.341186929E-02
   0.152659114E-02   0.837664902E-01   0.580565743E-01   0.328065059E-02
   0.133140478E-02   0.652961135E-01   0.498808734E-01   0.301835639E-02
   0.112825190E-02   0.498781502E-01   0.417153947E-01   0.269680261E-02
   0.911201350E-03   0.370325856E-01   0.331131369E-01   0.227457611E-02
   0.710803200E-03   0.268634465E-01   0.254220273E-01   0.183091196E-02
   0.528495177E-03   0.188825112E-01   0.185205787E-01   0.140530150E-02
   0.376370619E-03   0.128898341E-01   0.128854839E-01   0.102666928E-02
   0.252161757E-03   0.846792758E-02   0.833492167E-02   0.684572966E-03
   0.155798145E-03   0.529977772E-02   0.484077819E-02   0.407274347E-03
   0.915368364E-04   0.322493538E-02   0.261949887E-02   0.225117343E-03
   0.466899291E-04   0.186055608E-02   0.111236062E-02   0.916816498E-04
   0.231307968E-04   0.108002499E-02   0.416427647E-03   0.310235118E-04
   0.963439106E-05   0.636796118E-03   0.816145257E-04   0.329684167E-05
   0.517692388E-05   0.424097962E-03   0.572229510E-04   0.561031266E-05
   0.445238356E-05   0.325103872E-03   0.141812678E-03   0.197452937E-04
   0.518812431E-05   0.281400949E-03   0.245631672E-03   0.347432688E-04
   0.694460687E-05   0.285978254E-03   0.384811952E-03   0.559074688E-04
   0.727352972E-05   0.254501851E-03   0.408687018E-03   0.597025646E-04
   0.615887393E-05   0.195583125E-03   0.343783613E-03   0.500658607E-04
   0.615583212E-05   0.181433745E-03   0.350790942E-03   0.527491538E-04
   0.504877062E-05   0.142363890E-03   0.286716415E-03   0.437299168E-04
   0.397703161E-05   0.107865839E-03   0.220923743E-03   0.337300698E-04
   0.263137167E-05   0.694346454E-04   0.143817830E-03   0.219870162E-04
   0.181672681E-05   0.477927024E-04   0.101980062E-03   0.160490908E-04
   0.109038092E-05   0.273569858E-04   0.591680910E-04   0.886788985E-05
   0.594433118E-06   0.139691047E-04   0.283385543E-04   0.414735814E-05
   0.331599296E-06   0.785923748E-05   0.172016062E-04   0.245360616E-05
   0.120767169E-06   0.236628512E-05   0.409350878E-05   0.536745347E-06
   0.737446726E-07   0.121889320E-05   0.176269100E-05   0.213680252E-06
   0.612967952E-07   0.537131484E-06  -0.173212482E-05   0.250212480E-06
   0.413191188E-07   0.731098112E-06  -0.452932994E-06   0.510806615E-06
   0.296946556E-07   0.677923992E-06  -0.100316436E-05   0.545852799E-06
   0.419266541E-07   0.140477346E-05   0.288404379E-06   0.105462391E-05
   0.167728544E-06   0.318390471E-05  -0.338199470E-05   0.236526421E-05
   0.106612376E-06   0.250531798E-05  -0.930928536E-06   0.185317413E-05
   0.747003526E-07   0.219527283E-05  -0.208150979E-06   0.165566826E-05
   0.151911962E-06   0.320601475E-05  -0.135068137E-05   0.230771548E-05
   0.484743730E-07   0.165055110E-05   0.791164950E-06   0.119547838E-05
   0.101870995E-06   0.194154472E-05  -0.439349878E-05   0.153760834E-05
   0.431174563E-07   0.139370127E-05   0.220525885E-05   0.832733576E-06
   0.244295784E-07   0.645741807E-06   0.118238984E-05   0.345765699E-06
   0.331847581E-07   0.412437288E-06   0.724236713E-06   0.344281865E-07
   0.451447768E-07   0.354352636E-06  -0.388317574E-06  -0.121193882E-07
   0.160611478E-06   0.151811469E-05  -0.534399896E-05   0.617078740E-06
   0.385078948E-06   0.385590329E-05  -0.146078610E-04   0.204432786E-05
   0.762550485E-06   0.825043389E-05  -0.294752026E-04   0.449955087E-05
   0.200975433E-05   0.215353539E-04  -0.746170990E-04   0.108791219E-04
   0.282202882E-05   0.301069576E-04  -0.107044354E-03   0.160404834E-04
   0.477873346E-05   0.510554237E-04  -0.179490715E-03   0.269805441E-04
   0.661851709E-05   0.701464378E-04  -0.247287564E-03   0.381472491E-04
   0.818733315E-05   0.853562597E-04  -0.294330908E-03   0.441889642E-04
   0.113849692E-04   0.116904492E-03  -0.394277769E-03   0.580285086E-04
   0.148193667E-04   0.150058506E-03  -0.485676748E-03   0.693662660E-04
   0.159109823E-04   0.158035618E-03  -0.470048399E-03   0.648567657E-04
   0.153182009E-04   0.149875981E-03  -0.373801362E-03   0.527033262E-04
   0.171362735E-04   0.163709279E-03  -0.307264650E-03   0.419381322E-04
   0.183635439E-04   0.166712503E-03  -0.158995404E-03   0.213072744E-04
   0.241752041E-04   0.206954559E-03  -0.632978554E-04   0.863991500E-05
   0.388270309E-04   0.314739445E-03  -0.119532997E-03   0.153056026E-04
   0.696613643E-04   0.547954754E-03  -0.461237127E-03   0.530015350E-04
   0.128289350E-03   0.991058187E-03  -0.134011416E-02   0.146995415E-03
   0.223616546E-03   0.171464751E-02  -0.284192734E-02   0.297402119E-03
   0.368667097E-03   0.281663355E-02  -0.511456374E-02   0.513047969E-03
   0.585680129E-03   0.446003769E-02  -0.852134265E-02   0.822311384E-03
   0.892797834E-03   0.678873714E-02  -0.131874401E-01   0.121801544E-02
   0.129463035E-02   0.987513456E-02  -0.187641568E-01   0.164475571E-02
   0.180855743E-02   0.138774430E-01  -0.252355952E-01   0.209629140E-02
   0.244686170E-02   0.189282913E-01  -0.323930830E-01   0.257242797E-02
   0.322299311E-02   0.252134111E-01  -0.400968902E-01   0.298871449E-02
   0.412927940E-02   0.327381790E-01  -0.475899465E-01   0.336482981E-02
   0.515484065E-02   0.415118858E-01  -0.542270653E-01   0.358424592E-02
   0.630095415E-02   0.515743606E-01  -0.597425215E-01   0.366518856E-02
   0.755776605E-02   0.628389269E-01  -0.637926608E-01   0.361534511E-02
   0.889798719E-02   0.750642419E-01  -0.658315495E-01   0.339053734E-02
   0.102859652E-01   0.878651217E-01  -0.654044300E-01   0.299042114E-02
   0.116594201E-01   0.100635886E+00  -0.618917122E-01   0.243373145E-02
   0.129523808E-01   0.112681828E+00  -0.550869443E-01   0.178171322E-02
   0.140918046E-01   0.123287275E+00  -0.450844914E-01   0.112016604E-02
   0.149855083E-01   0.131577641E+00  -0.320008732E-01   0.538391294E-03
   0.155525953E-01   0.136842504E+00  -0.166237298E-01   0.141727942E-03
   0.157527868E-01   0.138683781E+00  -0.403167064E-07   0.000000000E+00
