   0.224804576E-02   0.361188322E+00   0.439684342E-07   0.000000000E+00
   0.227892352E-02   0.358085662E+00   0.291073788E-01   0.183506025E-03
   0.237780833E-02   0.349083304E+00   0.568801910E-01   0.717835443E-03
   0.251814630E-02   0.334648043E+00   0.818987489E-01   0.154626346E-02
   0.269940007E-02   0.315774947E+00   0.103579082E+00   0.258706184E-02
   0.288055488E-02   0.293287486E+00   0.120707743E+00   0.372883980E-02
   0.305416621E-02   0.268665850E+00   0.133322731E+00   0.494165253E-02
   0.318643148E-02   0.242533684E+00   0.141076729E+00   0.602566358E-02
   0.327799679E-02   0.216344103E+00   0.144707143E+00   0.702782394E-02
   0.329898903E-02   0.190412015E+00   0.143916115E+00   0.783066265E-02
   0.326337270E-02   0.165907338E+00   0.140143469E+00   0.838484801E-02
   0.315316673E-02   0.142725989E+00   0.133034319E+00   0.871111825E-02
   0.298728328E-02   0.121540807E+00   0.123912223E+00   0.876814593E-02
   0.276042963E-02   0.102137305E+00   0.112672523E+00   0.861715525E-02
   0.249422365E-02   0.848041549E-01   0.100384176E+00   0.819191616E-02
   0.221223361E-02   0.696371496E-01   0.879372060E-01   0.766603835E-02
   0.191310653E-02   0.562817976E-01   0.752065703E-01   0.697804336E-02
   0.161501428E-02   0.448608734E-01   0.629468560E-01   0.613359408E-02
   0.132734375E-02   0.350782201E-01   0.513185933E-01   0.524972798E-02
   0.106569217E-02   0.269630924E-01   0.409163982E-01   0.439120363E-02
   0.830344274E-03   0.202447325E-01   0.316556506E-01   0.354994647E-02
   0.629868999E-03   0.148819908E-01   0.238548145E-01   0.278808549E-02
   0.456304406E-03   0.105364248E-01   0.171337761E-01   0.207514549E-02
   0.322674459E-03   0.726904115E-02   0.119808791E-01   0.151599373E-02
   0.214233267E-03   0.475959759E-02   0.782531034E-02   0.102403597E-02
   0.137017967E-03   0.300602126E-02   0.489372760E-02   0.663873740E-03
   0.834540260E-04   0.182300934E-02   0.289136101E-02   0.402974023E-03
   0.485388227E-04   0.106399204E-02   0.160940806E-02   0.227262557E-03
   0.226612683E-04   0.544288603E-03   0.683699618E-03   0.962333434E-04
   0.116859901E-04   0.307672803E-03   0.319222658E-03   0.426747793E-04
   0.468497365E-05   0.178738919E-03   0.105370083E-03   0.909515529E-05
   0.342543422E-05   0.152902168E-03   0.103963459E-03   0.836115578E-05
   0.394616745E-05   0.165083286E-03   0.168751852E-03   0.202647097E-04
   0.567680172E-05   0.213207124E-03   0.278334192E-03   0.390002569E-04
   0.710488894E-05   0.243232920E-03   0.362655293E-03   0.588548646E-04
   0.794672906E-05   0.248248893E-03   0.393846334E-03   0.632416632E-04
   0.837899461E-05   0.253594015E-03   0.427206483E-03   0.752847991E-04
   0.795539563E-05   0.238731809E-03   0.409776723E-03   0.769551261E-04
   0.708422704E-05   0.218412868E-03   0.376276643E-03   0.808300392E-04
   0.691007017E-05   0.213425199E-03   0.368700043E-03   0.824371818E-04
   0.579339940E-05   0.185420795E-03   0.313214900E-03   0.812942890E-04
   0.450092512E-05   0.152603723E-03   0.242438196E-03   0.754562643E-04
   0.389141405E-05   0.133671361E-03   0.182591219E-03   0.771845298E-04
   0.361494563E-05   0.124786500E-03   0.146131992E-03   0.781581839E-04
   0.270012765E-05   0.959562240E-04   0.663868050E-04   0.683063772E-04
   0.283778650E-05   0.877982966E-04   0.903195883E-06   0.687676002E-04
   0.309152188E-05   0.828945049E-04  -0.423869024E-04   0.671144808E-04
   0.395892539E-05   0.875225887E-04  -0.105153493E-03   0.709522137E-04
   0.562179321E-05   0.978030730E-04  -0.189355153E-03   0.738518938E-04
   0.728714349E-05   0.110872017E-03  -0.253997627E-03   0.766529702E-04
   0.873358294E-05   0.121900091E-03  -0.299760199E-03   0.794101870E-04
   0.977689433E-05   0.127454565E-03  -0.330314069E-03   0.752137494E-04
   0.115999719E-04   0.144593127E-03  -0.382137019E-03   0.778255417E-04
   0.141254250E-04   0.169674837E-03  -0.454066991E-03   0.878092251E-04
   0.143152301E-04   0.169961873E-03  -0.447797473E-03   0.807107281E-04
   0.132846608E-04   0.156086695E-03  -0.393600145E-03   0.626449473E-04
   0.130785866E-04   0.153026893E-03  -0.370888010E-03   0.571852615E-04
   0.104332576E-04   0.122221842E-03  -0.257438980E-03   0.335988188E-04
   0.817073669E-05   0.942845363E-04  -0.165511214E-03   0.210389771E-04
   0.770053248E-05   0.815502426E-04  -0.982284109E-04   0.803239709E-05
   0.102838840E-04   0.972326307E-04  -0.120793302E-03   0.142607551E-04
   0.181784944E-04   0.161240256E-03  -0.269000855E-03   0.393971750E-04
   0.354926015E-04   0.311430980E-03  -0.660977559E-03   0.101329533E-03
   0.684322949E-04   0.589194708E-03  -0.141825178E-02   0.214176776E-03
   0.121852405E-03   0.105703110E-02  -0.269322889E-02   0.392523390E-03
   0.198758469E-03   0.174563110E-02  -0.451193936E-02   0.628864160E-03
   0.314236153E-03   0.274551287E-02  -0.717340223E-02   0.967515516E-03
   0.465049146E-03   0.405574450E-02  -0.105343191E-01   0.138291193E-02
   0.669153931E-03   0.585201988E-02  -0.150097990E-01   0.188945734E-02
   0.922668667E-03   0.808576681E-02  -0.203181393E-01   0.246181758E-02
   0.124142831E-02   0.109516568E-01  -0.267961714E-01   0.307939574E-02
   0.161849661E-02   0.143685117E-01  -0.340194590E-01   0.376230991E-02
   0.206459267E-02   0.184878968E-01  -0.421244428E-01   0.447832560E-02
   0.255127368E-02   0.232071336E-01  -0.502500460E-01   0.507455273E-02
   0.310914498E-02   0.288099218E-01  -0.589935444E-01   0.563050713E-02
   0.372412684E-02   0.352394916E-01  -0.677990392E-01   0.613924349E-02
   0.438607018E-02   0.425695181E-01  -0.762732923E-01   0.654006749E-02
   0.506561436E-02   0.506771244E-01  -0.836101100E-01   0.669647893E-02
   0.577663770E-02   0.597026087E-01  -0.899917707E-01   0.676520495E-02
   0.650176452E-02   0.695997179E-01  -0.949128345E-01   0.667751860E-02
   0.722779986E-02   0.803061649E-01  -0.980364755E-01   0.630043354E-02
   0.795120932E-02   0.917197540E-01  -0.991532207E-01   0.583844166E-02
   0.866159517E-02   0.103608832E+00  -0.980822742E-01   0.522009982E-02
   0.933505688E-02   0.115656108E+00  -0.943163261E-01   0.446164794E-02
   0.996764842E-02   0.127519965E+00  -0.878424719E-01   0.360032124E-02
   0.105499309E-01   0.138861910E+00  -0.787899643E-01   0.274324790E-02
   0.110571906E-01   0.149048433E+00  -0.670035556E-01   0.188807887E-02
   0.114771165E-01   0.157672480E+00  -0.527565032E-01   0.112083449E-02
   0.117890341E-01   0.164215535E+00  -0.364435688E-01   0.521628128E-03
   0.119810011E-01   0.168254629E+00  -0.185793284E-01   0.133074034E-03
   0.120448945E-01   0.169655442E+00  -0.474442636E-07   0.000000000E+00
