   0.123432348E-02   0.123172514E+00   0.151612127E-07   0.000000000E+00
   0.123761431E-02   0.120980896E+00   0.923828222E-02   0.654288524E-04
   0.124495151E-02   0.114747629E+00   0.175606012E-01   0.244516676E-03
   0.125140091E-02   0.105252162E+00   0.242786147E-01   0.496903376E-03
   0.124777842E-02   0.934202820E-01   0.288882665E-01   0.767276506E-03
   0.122706103E-02   0.804707631E-01   0.314133652E-01   0.100758101E-02
   0.118100818E-02   0.673260763E-01   0.318546891E-01   0.118057488E-02
   0.110768329E-02   0.548292994E-01   0.306279548E-01   0.127123657E-02
   0.100672862E-02   0.434792489E-01   0.280591920E-01   0.128278078E-02
   0.881661486E-03   0.335395150E-01   0.245091654E-01   0.121452927E-02
   0.744776858E-03   0.252106562E-01   0.205826070E-01   0.109707389E-02
   0.600498752E-03   0.183745231E-01   0.164131317E-01   0.936980883E-03
   0.462217111E-03   0.129698329E-01   0.124569889E-01   0.755336601E-03
   0.338230515E-03   0.883925799E-02   0.895254873E-02   0.573647616E-03
   0.233021899E-03   0.578126870E-02   0.600819290E-02   0.404162041E-03
   0.149679632E-03   0.360515364E-02   0.370351807E-02   0.258962595E-03
   0.888551222E-04   0.213573920E-02   0.205830275E-02   0.148376683E-03
   0.480318158E-04   0.120050041E-02   0.993067282E-03   0.721632387E-04
   0.231631366E-04   0.644180982E-03   0.382285943E-03   0.258709242E-04
   0.102104204E-04   0.344389235E-03   0.107913751E-03   0.570887869E-05
   0.432864908E-05   0.197335845E-03   0.234504860E-04   0.109173072E-05
   0.280573749E-05   0.137966621E-03   0.453274915E-04   0.535459640E-05
   0.306975517E-05   0.116009869E-03   0.100512523E-03   0.128555585E-04
   0.377381639E-05   0.108132910E-03   0.147206127E-03   0.185571189E-04
   0.398805832E-05   0.984370490E-04   0.168721454E-03   0.223284223E-04
   0.368590304E-05   0.818037224E-04   0.156291309E-03   0.207057783E-04
   0.304102582E-05   0.634055395E-04   0.129281863E-03   0.174188299E-04
   0.257644456E-05   0.518068118E-04   0.111614827E-03   0.155285688E-04
   0.171865724E-05   0.340845436E-04   0.754791763E-04   0.108410914E-04
   0.101952401E-05   0.203918389E-04   0.458468749E-04   0.693021457E-05
   0.447802904E-06   0.894078767E-05   0.194884233E-04   0.303436173E-05
   0.298874454E-06   0.606970616E-05   0.135462578E-04   0.220285256E-05
   0.762460033E-07   0.188435729E-05   0.382884264E-05   0.856768793E-06
   0.215791012E-07   0.563289802E-06   0.110690951E-05   0.251491741E-06
   0.195407912E-08   0.414032151E-07   0.626996481E-07   0.178274888E-07
   0.208781881E-07   0.295991043E-06   0.693347999E-06   0.100011896E-06
   0.603162178E-07   0.891291506E-06   0.226342740E-05   0.299282647E-06
   0.493034094E-07   0.796158133E-06   0.183616726E-05   0.293099134E-06
   0.218789680E-07   0.345098670E-06   0.904774481E-06   0.123058499E-06
   0.585460178E-07   0.909641813E-06   0.183706095E-05   0.336846256E-06
   0.285001001E-07   0.466428133E-06   0.104281241E-05   0.176723063E-06
   0.222978347E-07   0.421803009E-06   0.105417053E-05   0.184308348E-06
   0.366785642E-07   0.757496252E-06   0.177899051E-05   0.343345505E-06
   0.692208602E-08   0.967148068E-07   0.476847930E-07   0.436779040E-07
   0.546024159E-08   0.165890924E-06   0.282354932E-06   0.973311458E-07
   0.776987985E-08   0.188064973E-06  -0.969673835E-07   0.144620955E-06
   0.199236183E-07   0.230717163E-06  -0.751663038E-06   0.171541728E-06
   0.955069179E-08   0.199408149E-06  -0.167367304E-06   0.152625461E-06
   0.282668893E-07   0.278616113E-06  -0.104215690E-05   0.207355356E-06
   0.268557372E-07   0.278889445E-06  -0.974784371E-06   0.212011301E-06
   0.758083161E-07   0.623078904E-06  -0.242512192E-05   0.387451877E-06
   0.611782980E-07   0.473715403E-06  -0.191715731E-05   0.286010561E-06
   0.766866677E-07   0.589062722E-06  -0.235300467E-05   0.347433826E-06
   0.662391031E-07   0.479255618E-06  -0.212739315E-05   0.311796356E-06
   0.381067480E-07   0.281249953E-06  -0.116679485E-05   0.166228801E-06
   0.146034136E-07   0.843374082E-07  -0.390728729E-06   0.445098607E-07
   0.510349585E-08   0.535202958E-07  -0.122961836E-06   0.340613013E-07
   0.444411903E-07   0.458777862E-06  -0.149239474E-05   0.336876667E-06
   0.171212960E-06   0.142401120E-05  -0.548349180E-05   0.933075114E-06
   0.411020579E-06   0.334892229E-05  -0.129914060E-04   0.225660619E-05
   0.983030304E-06   0.736890206E-05  -0.298150317E-04   0.451724509E-05
   0.216717422E-05   0.155803791E-04  -0.634989265E-04   0.900738814E-05
   0.357389445E-05   0.250980956E-04  -0.102689766E-03   0.144730093E-04
   0.483997974E-05   0.331973206E-04  -0.133853318E-03   0.184633172E-04
   0.705706179E-05   0.468792714E-04  -0.185326338E-03   0.243277736E-04
   0.826177438E-05   0.533025159E-04  -0.200415961E-03   0.253438302E-04
   0.987703334E-05   0.618850027E-04  -0.215778899E-03   0.269514949E-04
   0.103222292E-04   0.620336577E-04  -0.181555937E-03   0.226516277E-04
   0.114485711E-04   0.646968547E-04  -0.133061010E-03   0.160684467E-04
   0.133165968E-04   0.691535752E-04  -0.584588670E-04   0.692623507E-05
   0.200465911E-04   0.971760965E-04  -0.343482061E-04   0.427105306E-05
   0.370387970E-04   0.174879315E-03  -0.140937060E-03   0.149986190E-04
   0.723279809E-04   0.340499100E-03  -0.488023710E-03   0.479535556E-04
   0.139221476E-03   0.655082753E-03  -0.126817357E-02   0.118074851E-03
   0.247436750E-03   0.116198545E-02  -0.251044193E-02   0.222400384E-03
   0.415882503E-03   0.194842101E-02  -0.440448755E-02   0.371281436E-03
   0.659844023E-03   0.308677019E-02  -0.697008055E-02   0.555948005E-03
   0.995290349E-03   0.465636654E-02  -0.101770516E-01   0.770404877E-03
   0.143669511E-02   0.674120476E-02  -0.139169153E-01   0.990818604E-03
   0.199801521E-02   0.942541659E-02  -0.180322286E-01   0.121091562E-02
   0.267967535E-02   0.127425855E-01  -0.221216641E-01   0.138939545E-02
   0.348223047E-02   0.167245697E-01  -0.258285124E-01   0.151371700E-02
   0.441430369E-02   0.214194953E-01  -0.290704127E-01   0.157713774E-02
   0.545432465E-02   0.267366432E-01  -0.313034393E-01   0.154678558E-02
   0.657600397E-02   0.325223505E-01  -0.322039239E-01   0.142379326E-02
   0.774539867E-02   0.385717526E-01  -0.315485187E-01   0.120817462E-02
   0.888686627E-02   0.444685929E-01  -0.288988817E-01   0.913783035E-03
   0.992237031E-02   0.497999340E-01  -0.241520517E-01   0.590495358E-03
   0.107619381E-01   0.540926419E-01  -0.174864884E-01   0.290658965E-03
   0.113116698E-01   0.568884462E-01  -0.920079928E-02   0.773614811E-04
   0.114961090E-01   0.578244887E-01  -0.221776517E-07   0.000000000E+00
