   0.340092964E+02   0.666271896E+02   0.313715191E-05   0.000000000E+00
   0.319783401E+02   0.626754799E+02   0.237678409E+01   0.194529425E-01
   0.267944832E+02   0.525874748E+02   0.398208547E+01   0.655660927E-01
   0.204252090E+02   0.401765671E+02   0.455099392E+01   0.113476880E+00
   0.145305319E+02   0.286684341E+02   0.431249619E+01   0.145313144E+00
   0.988297844E+01   0.195747337E+02   0.365983987E+01   0.157118797E+00
   0.655191422E+01   0.130357361E+02   0.290203404E+01   0.153142914E+00
   0.429615736E+01   0.859183788E+01   0.220749998E+01   0.140189752E+00
   0.281564975E+01   0.566141415E+01   0.163761580E+01   0.123272173E+00
   0.186126101E+01   0.376370478E+01   0.119907737E+01   0.106284872E+00
   0.125017726E+01   0.254132271E+01   0.873316288E+00   0.905462205E-01
   0.859549165E+00   0.175552440E+01   0.636877894E+00   0.772013888E-01
   0.609498441E+00   0.124874938E+01   0.467645019E+00   0.658594817E-01
   0.448364377E+00   0.920103133E+00   0.347434402E+00   0.568356737E-01
   0.343776345E+00   0.705035090E+00   0.262416780E+00   0.494559072E-01
   0.275122941E+00   0.562801421E+00   0.202417538E+00   0.436445624E-01
   0.229291216E+00   0.467065692E+00   0.159927949E+00   0.390512608E-01
   0.198177770E+00   0.401468605E+00   0.129879341E+00   0.352690481E-01
   0.176242277E+00   0.354808778E+00   0.108190000E+00   0.323130228E-01
   0.160308719E+00   0.320554525E+00   0.924185738E-01   0.298840608E-01
   0.148156136E+00   0.294155955E+00   0.806581229E-01   0.277714338E-01
   0.138455302E+00   0.272834688E+00   0.716576278E-01   0.259755813E-01
   0.130387828E+00   0.254845768E+00   0.645545051E-01   0.244582072E-01
   0.123301774E+00   0.238880232E+00   0.586696081E-01   0.231048483E-01
   0.117019847E+00   0.224577859E+00   0.537522063E-01   0.218042694E-01
   0.111201286E+00   0.211146131E+00   0.493764319E-01   0.206993800E-01
   0.105830304E+00   0.198659942E+00   0.455258340E-01   0.196019765E-01
   0.100674354E+00   0.186534390E+00   0.418551564E-01   0.185980108E-01
   0.958586261E-01   0.175132677E+00   0.385146849E-01   0.176358428E-01
   0.912439525E-01   0.164095506E+00   0.352998525E-01   0.167312361E-01
   0.869521722E-01   0.153780878E+00   0.323710702E-01   0.158648025E-01
   0.828690827E-01   0.143879876E+00   0.295464322E-01   0.150698004E-01
   0.790194348E-01   0.134490848E+00   0.268649645E-01   0.143272839E-01
   0.753764212E-01   0.125599310E+00   0.243074801E-01   0.136120692E-01
   0.719269216E-01   0.117189415E+00   0.218514390E-01   0.129379518E-01
   0.687618107E-01   0.109410167E+00   0.195779465E-01   0.123359859E-01
   0.658401251E-01   0.102199785E+00   0.174378660E-01   0.117973648E-01
   0.631403476E-01   0.955731273E-01   0.154491765E-01   0.112972232E-01
   0.606653802E-01   0.894863158E-01   0.135610113E-01   0.108603854E-01
   0.583418272E-01   0.838280171E-01   0.117049841E-01   0.104569439E-01
   0.562800914E-01   0.788250342E-01   0.100356489E-01   0.101128584E-01
   0.544145182E-01   0.743496567E-01   0.846340880E-02   0.981390662E-02
   0.527068079E-01   0.703258589E-01   0.692686392E-02   0.955764670E-02
   0.512356535E-01   0.669009835E-01   0.551630976E-02   0.936984923E-02
   0.499368161E-01   0.639478341E-01   0.414955104E-02   0.922362413E-02
   0.488061644E-01   0.614745468E-01   0.281900959E-02   0.912729092E-02
   0.478500389E-01   0.594751984E-01   0.152934389E-02   0.906650815E-02
   0.470780171E-01   0.579768233E-01   0.308864983E-03   0.905720331E-02
   0.464823805E-01   0.569645092E-01  -0.887442846E-03   0.910848379E-02
   0.459961779E-01   0.563366637E-01  -0.207971060E-02   0.918222684E-02
   0.456966497E-01   0.562047511E-01  -0.327601214E-02   0.932372920E-02
   0.454973541E-01   0.564324260E-01  -0.449593598E-02   0.946883019E-02
   0.454980806E-01   0.571542084E-01  -0.565878674E-02   0.970246363E-02
   0.455977693E-01   0.582366064E-01  -0.687755365E-02   0.994572043E-02
   0.458450317E-01   0.597361661E-01  -0.809630379E-02   0.102467947E-01
   0.462147668E-01   0.616390221E-01  -0.938047655E-02   0.105750859E-01
   0.466597266E-01   0.638481528E-01  -0.106563186E-01   0.109315589E-01
   0.472720899E-01   0.664868057E-01  -0.119737964E-01   0.113523081E-01
   0.479595885E-01   0.694472939E-01  -0.133332415E-01   0.117846839E-01
   0.487696715E-01   0.727847070E-01  -0.147403087E-01   0.122668734E-01
   0.496278815E-01   0.763576552E-01  -0.161388032E-01   0.127686039E-01
   0.506467558E-01   0.803499743E-01  -0.176155940E-01   0.133601706E-01
   0.517160147E-01   0.846488252E-01  -0.191574357E-01   0.139456810E-01
   0.528279878E-01   0.891759768E-01  -0.207180530E-01   0.145586608E-01
   0.540660322E-01   0.940939784E-01  -0.223723706E-01   0.152730364E-01
   0.553183891E-01   0.992743894E-01  -0.241064876E-01   0.159544125E-01
   0.567298569E-01   0.104986191E+00  -0.260323975E-01   0.167212002E-01
   0.582316741E-01   0.111118898E+00  -0.281327479E-01   0.175575912E-01
   0.599308535E-01   0.118066005E+00  -0.305936206E-01   0.184201859E-01
   0.619011708E-01   0.125999168E+00  -0.335241631E-01   0.194837432E-01
   0.643100142E-01   0.135649234E+00  -0.372206978E-01   0.205709785E-01
   0.673697665E-01   0.147682115E+00  -0.420031436E-01   0.219118241E-01
   0.714481175E-01   0.163504571E+00  -0.483622178E-01   0.231945552E-01
   0.771108940E-01   0.185209975E+00  -0.570690036E-01   0.249349326E-01
   0.852004364E-01   0.216002822E+00  -0.691276714E-01   0.269342139E-01
   0.970398039E-01   0.260850340E+00  -0.859912932E-01   0.292377807E-01
   0.114657007E+00   0.327774316E+00  -0.109787650E+00   0.320584849E-01
   0.141096815E+00   0.428886324E+00  -0.143295422E+00   0.354591794E-01
   0.181203112E+00   0.583192110E+00  -0.190371424E+00   0.392983854E-01
   0.242301017E+00   0.821772575E+00  -0.256594718E+00   0.441928208E-01
   0.335758895E+00   0.119063091E+01  -0.348382264E+00   0.496117920E-01
   0.479084164E+00   0.176296830E+01  -0.474006206E+00   0.555063412E-01
   0.698401988E+00   0.265165639E+01  -0.642500460E+00   0.618845150E-01
   0.103239465E+01   0.401991558E+01  -0.859943390E+00   0.674853399E-01
   0.153252685E+01   0.609221506E+01  -0.112351906E+01   0.711089149E-01
   0.225894499E+01   0.913091183E+01  -0.140845609E+01   0.705560148E-01
   0.325722170E+01   0.133454390E+02  -0.165072799E+01   0.635698065E-01
   0.450867414E+01   0.186615181E+02  -0.173386204E+01   0.485082716E-01
   0.584625340E+01   0.243775158E+02  -0.151136422E+01   0.276007373E-01
   0.692782974E+01   0.290128174E+02  -0.899843812E+00   0.810713042E-02
   0.735127068E+01   0.308286018E+02  -0.222136896E-05   0.000000000E+00
