   0.467825332E-03   0.708091855E-01  -0.886358278E-10   0.000000000E+00
   0.484107179E-03   0.697213933E-01   0.621159002E-02   0.391907924E-04
   0.529744895E-03   0.665733069E-01   0.118570868E-01   0.148897496E-03
   0.595947145E-03   0.617342480E-01   0.165234879E-01   0.307695358E-03
   0.669771689E-03   0.556956008E-01   0.199343842E-01   0.488455815E-03
   0.735459093E-03   0.489496663E-01   0.219506696E-01   0.655744807E-03
   0.785783224E-03   0.420239344E-01   0.227437690E-01   0.800647947E-03
   0.805789139E-03   0.352551267E-01   0.223110951E-01   0.894551340E-03
   0.795968517E-03   0.289541706E-01   0.209919494E-01   0.945628213E-03
   0.754621404E-03   0.232878365E-01   0.189904366E-01   0.944545201E-03
   0.688093191E-03   0.183340479E-01   0.165814124E-01   0.901535212E-03
   0.604122237E-03   0.141432760E-01   0.140171768E-01   0.822273840E-03
   0.508184719E-03   0.106467530E-01   0.113999825E-01   0.717605930E-03
   0.410459732E-03   0.781337731E-02   0.893452577E-02   0.600006490E-03
   0.315481477E-03   0.555032864E-02   0.667058863E-02   0.477481808E-03
   0.232707651E-03   0.383082544E-02   0.478821201E-02   0.359766389E-03
   0.161206903E-03   0.252875709E-02   0.321446941E-02   0.254789396E-03
   0.104972358E-03   0.159559888E-02   0.201355107E-02   0.165021687E-03
   0.637134217E-04   0.957132608E-03   0.115984178E-02   0.975455696E-04
   0.343772263E-04   0.534183637E-03   0.571924320E-03   0.487348370E-04
   0.174219495E-04   0.290228520E-03   0.254585175E-03   0.214987122E-04
   0.730329975E-05   0.151325628E-03   0.793272338E-04   0.583990004E-05
   0.264253958E-05   0.850135693E-04   0.146037137E-04   0.529028114E-06
   0.120408686E-05   0.606938193E-04   0.113274227E-04   0.120374284E-05
   0.133668186E-05   0.556876948E-04   0.350582486E-04   0.493412836E-05
   0.190631522E-05   0.546989577E-04   0.591070311E-04   0.866159462E-05
   0.234968456E-05   0.528850360E-04   0.734211862E-04   0.107476453E-04
   0.266813004E-05   0.510152677E-04   0.813355873E-04   0.117317268E-04
   0.252482482E-05   0.445159276E-04   0.771327614E-04   0.114526920E-04
   0.209057794E-05   0.348421490E-04   0.631353760E-04   0.953231211E-05
   0.179707047E-05   0.285696387E-04   0.535643921E-04   0.813205770E-05
   0.118983189E-05   0.186663892E-04   0.350236296E-04   0.548636262E-05
   0.734679816E-06   0.112225234E-04   0.211970091E-04   0.331847195E-05
   0.511123687E-06   0.781280232E-05   0.150597434E-04   0.244197190E-05
   0.332944722E-06   0.474529634E-05   0.916010231E-05   0.139216934E-05
   0.134044967E-06   0.195501025E-05   0.381432915E-05   0.594755591E-06
   0.819993744E-07   0.105853098E-05   0.181104178E-05   0.284363978E-06
   0.106777813E-07   0.110612817E-06   0.214888502E-06   0.156764877E-07
   0.141593404E-07   0.650861125E-07  -0.240602589E-06   0.278262213E-07
   0.959346558E-08   0.756181890E-07  -0.515708152E-07   0.490566308E-07
   0.103478479E-07   0.183304650E-06   0.298868628E-06   0.959025641E-07
   0.241016824E-07   0.327629294E-06   0.242275604E-06   0.203789341E-06
   0.346221043E-07   0.443548231E-06   0.193658039E-06   0.285422971E-06
   0.221911236E-07   0.429275332E-06   0.585626594E-06   0.246366284E-06
   0.392103594E-07   0.419536605E-06  -0.771853820E-06   0.332741450E-06
   0.430381029E-07   0.632634908E-06   0.454365249E-06   0.396830274E-06
   0.689520547E-07   0.786659825E-06  -0.272031144E-07   0.524095697E-06
   0.744867137E-07   0.602691898E-06  -0.134824495E-05   0.458210309E-06
   0.143306904E-07   0.286628477E-06   0.154147216E-06   0.195395558E-06
   0.827965962E-07   0.569329814E-06  -0.137388190E-05   0.412387749E-06
   0.587515423E-07   0.377500669E-06  -0.670866257E-06   0.249037072E-06
   0.893665142E-08   0.865031424E-07   0.170231296E-07   0.525426849E-07
   0.518052845E-08   0.248126604E-07   0.116176215E-07  -0.114820498E-08
   0.254056172E-07   0.101102472E-06  -0.361891523E-06   0.306393844E-07
   0.113142505E-06   0.552334825E-06  -0.205378478E-05   0.296184254E-06
   0.227543694E-06   0.117576610E-05  -0.421967570E-05   0.655802523E-06
   0.561342176E-06   0.284276734E-05  -0.103771281E-04   0.159643139E-05
   0.987242743E-06   0.497714382E-05  -0.181102896E-04   0.278771472E-05
   0.184812995E-05   0.924334745E-05  -0.336157063E-04   0.519690502E-05
   0.279558617E-05   0.139414942E-04  -0.495717759E-04   0.742204384E-05
   0.387209002E-05   0.189343173E-04  -0.673430623E-04   0.101034384E-04
   0.511787766E-05   0.244950024E-04  -0.856235783E-04   0.123019445E-04
   0.644091369E-05   0.304591140E-04  -0.103672530E-03   0.149099278E-04
   0.702171474E-05   0.326417758E-04  -0.104858089E-03   0.146224056E-04
   0.770678434E-05   0.351123708E-04  -0.103124235E-03   0.140576176E-04
   0.741838448E-05   0.326976988E-04  -0.791192360E-04   0.107304168E-04
   0.689659601E-05   0.287989023E-04  -0.420780598E-04   0.565277423E-05
   0.783074120E-05   0.297912502E-04  -0.157788254E-04   0.257998158E-05
   0.121470830E-04   0.423953352E-04  -0.165934725E-04   0.232257571E-05
   0.240254139E-04   0.809222838E-04  -0.103925740E-03   0.121917310E-04
   0.478226721E-04   0.160747644E-03  -0.313140481E-03   0.340783263E-04
   0.906387650E-04   0.303468958E-03  -0.711375091E-03   0.743360870E-04
   0.164115307E-03   0.548724318E-03  -0.142369757E-02   0.141609038E-03
   0.271288300E-03   0.905070861E-03  -0.240814849E-02   0.228441873E-03
   0.421413220E-03   0.140498171E-02  -0.370613090E-02   0.332861237E-03
   0.626396795E-03   0.208802777E-02  -0.536948116E-02   0.458301482E-03
   0.891198113E-03   0.298153353E-02  -0.733394781E-02   0.590128009E-03
   0.122423295E-02   0.412010355E-02  -0.957248919E-02   0.725013088E-03
   0.162501773E-02   0.552311121E-02  -0.119229807E-01   0.847786723E-03
   0.210037245E-02   0.722918659E-02  -0.143277841E-01   0.957906770E-03
   0.264031393E-02   0.923600234E-02  -0.165282041E-01   0.102337659E-02
   0.325086690E-02   0.115728471E-01  -0.184819959E-01   0.105578580E-02
   0.392429298E-02   0.142269228E-01  -0.199964941E-01   0.104203017E-02
   0.464241067E-02   0.171357114E-01  -0.208101738E-01   0.983314938E-03
   0.539676100E-02   0.202421658E-01  -0.208696835E-01   0.867227849E-03
   0.615585735E-02   0.234137680E-01  -0.199358575E-01   0.713413581E-03
   0.688169990E-02   0.264567547E-01  -0.179118924E-01   0.522843387E-03
   0.753282942E-02   0.291972831E-01  -0.147866653E-01   0.331785413E-03
   0.804773625E-02   0.313613340E-01  -0.105622150E-01   0.160511510E-03
   0.838452205E-02   0.327701122E-01  -0.551596703E-02   0.422334524E-04
   0.849834550E-02   0.332549550E-01  -0.160695102E-07   0.000000000E+00
