   0.201473165E+01   0.354299951E+01   0.000000000E+00   0.000000000E+00
   0.198604953E+01   0.349655819E+01   0.174959078E+00   0.110943592E-02
   0.190594983E+01   0.336770606E+01   0.334365577E+00   0.422407966E-02
   0.178061569E+01   0.316492748E+01   0.465162516E+00   0.875797216E-02
   0.162525678E+01   0.291270304E+01   0.560298264E+00   0.139464550E-01
   0.145346320E+01   0.263203478E+01   0.617994010E+00   0.190181509E-01
   0.127631032E+01   0.234063172E+01   0.640492737E+00   0.234374423E-01
   0.110645449E+01   0.205797291E+01   0.635009170E+00   0.266923439E-01
   0.950177193E+00   0.179502618E+01   0.608906627E+00   0.287498347E-01
   0.810423613E+00   0.155671012E+01   0.568903029E+00   0.296235923E-01
   0.689106345E+00   0.134682989E+01   0.521628082E+00   0.295332298E-01
   0.585908830E+00   0.116571462E+01   0.472076714E+00   0.289330669E-01
   0.499036223E+00   0.101034176E+01   0.423141241E+00   0.276931264E-01
   0.426545024E+00   0.878246963E+00   0.376992911E+00   0.261883307E-01
   0.366600066E+00   0.766982436E+00   0.335050225E+00   0.247431416E-01
   0.317071736E+00   0.673052430E+00   0.297586232E+00   0.231395867E-01
   0.275664806E+00   0.592896342E+00   0.264050484E+00   0.216950867E-01
   0.241333246E+00   0.524980307E+00   0.234736502E+00   0.201856159E-01
   0.212380484E+00   0.466570139E+00   0.208885491E+00   0.191042237E-01
   0.187990457E+00   0.416319400E+00   0.186188534E+00   0.179919153E-01
   0.167116657E+00   0.372421026E+00   0.166115835E+00   0.168990903E-01
   0.149266601E+00   0.334243268E+00   0.148369148E+00   0.159422234E-01
   0.133759573E+00   0.300464749E+00   0.132592499E+00   0.150482729E-01
   0.120266885E+00   0.270635039E+00   0.118539408E+00   0.142390598E-01
   0.108375385E+00   0.243967518E+00   0.105847433E+00   0.135169309E-01
   0.979102105E-01   0.220203057E+00   0.945505872E-01   0.127805481E-01
   0.885872096E-01   0.198837399E+00   0.842527822E-01   0.119930552E-01
   0.802604705E-01   0.179498211E+00   0.749339834E-01   0.114382412E-01
   0.728516355E-01   0.162181914E+00   0.666349158E-01   0.107581373E-01
   0.661661029E-01   0.146449059E+00   0.590255223E-01   0.102360658E-01
   0.601860546E-01   0.132302955E+00   0.522184186E-01   0.963869039E-02
   0.548052005E-01   0.119512394E+00   0.460279770E-01   0.909319334E-02
   0.499703400E-01   0.107955001E+00   0.404835939E-01   0.864785258E-02
   0.456202067E-01   0.975763798E-01   0.355178602E-01   0.815707725E-02
   0.417113975E-01   0.882140845E-01   0.310373381E-01   0.774552999E-02
   0.382002629E-01   0.798449442E-01   0.270261485E-01   0.732457265E-02
   0.350597873E-01   0.723395869E-01   0.234357323E-01   0.697532948E-02
   0.322369337E-01   0.656287298E-01   0.201779380E-01   0.662138686E-02
   0.297502186E-01   0.597365275E-01   0.173694622E-01   0.633224985E-02
   0.275166091E-01   0.544842556E-01   0.147379236E-01   0.601578737E-02
   0.255871173E-01   0.499642976E-01   0.125247231E-01   0.580208236E-02
   0.238737594E-01   0.460307263E-01   0.104828961E-01   0.553612504E-02
   0.223989170E-01   0.426821746E-01   0.864925142E-02   0.534467679E-02
   0.211128630E-01   0.398573838E-01   0.697687827E-02   0.511251390E-02
   0.200530998E-01   0.375658982E-01   0.544537883E-02   0.495892251E-02
   0.191680472E-01   0.357730500E-01   0.408322876E-02   0.478710979E-02
   0.184561536E-01   0.344362967E-01   0.275530713E-02   0.462113786E-02
   0.179227293E-01   0.335650779E-01   0.152307667E-02   0.449528638E-02
   0.175418146E-01   0.331421196E-01   0.264037924E-03   0.434595020E-02
   0.173183121E-01   0.331508555E-01  -0.910601404E-03   0.423569605E-02
   0.172374640E-01   0.335996673E-01  -0.215482013E-02   0.409048377E-02
   0.173146389E-01   0.344878882E-01  -0.340489973E-02   0.400441978E-02
   0.175207071E-01   0.357786603E-01  -0.471245404E-02   0.387170655E-02
   0.178752262E-01   0.375301912E-01  -0.609237514E-02   0.378994364E-02
   0.183658153E-01   0.397662520E-01  -0.761296600E-02   0.363717787E-02
   0.189880002E-01   0.424360707E-01  -0.919434335E-02   0.353192003E-02
   0.197539236E-01   0.456269719E-01  -0.109262113E-01   0.346869463E-02
   0.206499361E-01   0.493181273E-01  -0.127964308E-01   0.333600165E-02
   0.216885563E-01   0.535577536E-01  -0.148392599E-01   0.327086286E-02
   0.228879992E-01   0.584142581E-01  -0.171149746E-01   0.313983927E-02
   0.242077149E-01   0.638714358E-01  -0.195300728E-01   0.302741746E-02
   0.256842598E-01   0.700211972E-01  -0.221806690E-01   0.289808330E-02
   0.273323189E-01   0.769207701E-01  -0.251165535E-01   0.281741028E-02
   0.291315522E-01   0.846466646E-01  -0.282550640E-01   0.261249952E-02
   0.311127864E-01   0.932658687E-01  -0.317399278E-01   0.256525213E-02
   0.332768410E-01   0.102862976E+00  -0.355017073E-01   0.244045258E-02
   0.356738865E-01   0.113664381E+00  -0.396593548E-01   0.226425542E-02
   0.382861570E-01   0.125756592E+00  -0.442360900E-01   0.225316756E-02
   0.412169546E-01   0.139425173E+00  -0.492937230E-01   0.199570809E-02
   0.444205292E-01   0.154826269E+00  -0.548803471E-01   0.197104854E-02
   0.479783379E-01   0.172302768E+00  -0.611076877E-01   0.205098558E-02
   0.520338900E-01   0.192406341E+00  -0.681364536E-01   0.200457033E-02
   0.566247329E-01   0.215557799E+00  -0.760089830E-01   0.196882803E-02
   0.618230030E-01   0.242429137E+00  -0.849259272E-01   0.216104509E-02
   0.678377375E-01   0.273793131E+00  -0.949586034E-01   0.220530550E-02
   0.747308210E-01   0.310815424E+00  -0.106340528E+00   0.257461495E-02
   0.826838017E-01   0.354229093E+00  -0.118944004E+00   0.288262754E-02
   0.918886885E-01   0.405843318E+00  -0.132993713E+00   0.335477316E-02
   0.102572620E+00   0.466923356E+00  -0.148159906E+00   0.376061397E-02
   0.114745155E+00   0.538764358E+00  -0.164033756E+00   0.424512243E-02
   0.128646046E+00   0.623158991E+00  -0.180093825E+00   0.465262216E-02
   0.144154862E+00   0.720473766E+00  -0.194940299E+00   0.498481374E-02
   0.161390826E+00   0.831218183E+00  -0.207231119E+00   0.500630168E-02
   0.179662988E+00   0.954202771E+00  -0.214834347E+00   0.498461118E-02
   0.198776022E+00   0.108574772E+01  -0.215360060E+00   0.452842982E-02
   0.217640758E+00   0.122161305E+01  -0.206602409E+00   0.389880803E-02
   0.235614359E+00   0.135199952E+01  -0.186383769E+00   0.289632566E-02
   0.251415342E+00   0.147009754E+01  -0.154203340E+00   0.185952731E-02
   0.263939768E+00   0.156448257E+01  -0.110535651E+00   0.904593384E-03
   0.271749139E+00   0.162555313E+01  -0.577737093E-01   0.241181740E-03
   0.274350762E+00   0.164631748E+01  -0.136078043E-06   0.000000000E+00
