   0.100235327E-02   0.680225641E-01  -0.134933578E-09   0.000000000E+00
   0.996942283E-03   0.665737838E-01   0.563435722E-02   0.403924896E-04
   0.980725163E-03   0.624134652E-01   0.105964821E-01   0.149209824E-03
   0.951957016E-03   0.561164208E-01   0.143748755E-01   0.295005797E-03
   0.909289112E-03   0.485458523E-01   0.167317260E-01   0.439031632E-03
   0.850402808E-03   0.404654779E-01   0.176011566E-01   0.551634410E-03
   0.775299384E-03   0.325904861E-01   0.172146019E-01   0.618577469E-03
   0.685613079E-03   0.254027545E-01   0.158619136E-01   0.631894334E-03
   0.583497924E-03   0.191426091E-01   0.137780514E-01   0.596939470E-03
   0.476826070E-03   0.139596816E-01   0.113719879E-01   0.532489736E-03
   0.371717848E-03   0.982731301E-02   0.888184924E-02   0.445385551E-03
   0.273447717E-03   0.663419673E-02   0.647800788E-02   0.344699802E-03
   0.189261613E-03   0.428440375E-02   0.440650573E-02   0.247500750E-03
   0.122322759E-03   0.263350783E-02   0.276557216E-02   0.163361197E-03
   0.728476225E-04   0.152824342E-02   0.156252098E-02   0.955209980E-04
   0.384549858E-04   0.822519127E-03   0.735940877E-03   0.455082882E-04
   0.181936521E-04   0.419170829E-03   0.280770560E-03   0.165131805E-04
   0.762348054E-05   0.207660691E-03   0.716548093E-04   0.316750470E-05
   0.317700506E-05   0.111077155E-03   0.132493751E-04   0.288654775E-06
   0.203886043E-05   0.736011134E-04   0.286943996E-04   0.287580519E-05
   0.218188757E-05   0.625743996E-04   0.646347326E-04   0.719493846E-05
   0.242490569E-05   0.556117448E-04   0.873466270E-04   0.980624191E-05
   0.254068823E-05   0.506290344E-04   0.978487224E-04   0.112673624E-04
   0.213649082E-05   0.394198651E-04   0.839461427E-04   0.988891043E-05
   0.166845894E-05   0.293432386E-04   0.663873871E-04   0.802018349E-05
   0.109519419E-05   0.188969316E-04   0.442579330E-04   0.553988366E-05
   0.599850864E-06   0.101318919E-04   0.240373793E-04   0.305941694E-05
   0.289083573E-06   0.497967358E-05   0.119980932E-04   0.161709579E-05
   0.136518324E-06   0.241427892E-05   0.588992862E-05   0.836014351E-06
   0.239180018E-07   0.451476041E-06   0.100735781E-05   0.161658647E-06
   0.135171374E-08   0.412155785E-07   0.307044381E-07   0.222880931E-07
   0.138724134E-07   0.181348597E-06   0.444854493E-06   0.633094643E-07
   0.155343329E-07   0.208664460E-06   0.582971154E-06   0.700344813E-07
   0.150107216E-07   0.170081137E-06   0.435822415E-06   0.486050560E-07
   0.299573735E-07   0.402150249E-06   0.108976963E-05   0.135294172E-06
   0.314822870E-07   0.424843819E-06   0.115544833E-05   0.145242225E-06
   0.383986922E-07   0.463191810E-06   0.889329215E-06   0.163777770E-06
   0.254925254E-07   0.262219658E-06   0.509524284E-06   0.791900803E-07
   0.209068975E-07   0.266315510E-06   0.759548698E-06   0.877494841E-07
   0.244042102E-07   0.241196830E-06   0.270444701E-06   0.847747614E-07
   0.102685656E-07   0.794944697E-07   0.792695971E-07   0.208331539E-07
   0.297969893E-08   0.248008281E-07   0.769270656E-07   0.444128379E-08
   0.403020017E-08   0.493679444E-07   0.142906060E-06   0.160440106E-07
   0.611574791E-08   0.488513443E-07  -0.967835092E-07   0.249099639E-07
   0.228809763E-09   0.586788618E-08  -0.111083565E-08   0.420988133E-08
   0.273981438E-08   0.218098393E-07  -0.862180300E-07   0.147912411E-07
   0.325900129E-08   0.343328104E-07  -0.810488672E-07   0.225114345E-07
   0.468979167E-08   0.362281369E-07  -0.749573630E-07   0.181335302E-07
   0.248036769E-08   0.253378367E-07  -0.555024222E-07   0.168454513E-07
   0.470166261E-08   0.309281560E-07   0.116239773E-07   0.674515732E-08
   0.253766466E-07   0.161884444E-06  -0.535688628E-06   0.804767879E-07
   0.629226982E-08   0.287971975E-07  -0.148133950E-06   0.125511814E-07
   0.400190316E-07   0.252851095E-06  -0.125451515E-05   0.166224055E-06
   0.184247941E-07   0.114827479E-06  -0.570744930E-06   0.738922168E-07
   0.318869589E-07   0.195787607E-06  -0.882876350E-06   0.112458714E-06
   0.373995057E-07   0.239073216E-06  -0.114643422E-05   0.152622391E-06
   0.477441162E-07   0.289332633E-06  -0.141496719E-05   0.177766395E-06
   0.438664181E-07   0.279248667E-06  -0.125342603E-05   0.166400781E-06
   0.503934636E-07   0.322515916E-06  -0.156007411E-05   0.211469654E-06
   0.248931240E-07   0.189990132E-06  -0.634028311E-06   0.112902043E-06
   0.546985568E-08   0.470066013E-07  -0.158796169E-06   0.339459767E-07
   0.531573896E-07   0.365301190E-06  -0.157339173E-05   0.240660427E-06
   0.242295528E-06   0.152110840E-05  -0.697687847E-05   0.957788870E-06
   0.789402691E-06   0.467850032E-05  -0.219992053E-04   0.280677205E-05
   0.140772079E-05   0.816689681E-05  -0.383324259E-04   0.485145802E-05
   0.244415560E-05   0.137343750E-04  -0.640403305E-04   0.783391624E-05
   0.373683815E-05   0.202935025E-04  -0.934850759E-04   0.111322843E-04
   0.580758478E-05   0.302611352E-04  -0.136440023E-03   0.154395530E-04
   0.646097124E-05   0.323170279E-04  -0.134974151E-03   0.147980045E-04
   0.764216838E-05   0.360801896E-04  -0.132746107E-03   0.139700087E-04
   0.820435889E-05   0.357312310E-04  -0.939011370E-04   0.948514662E-05
   0.970219844E-05   0.379918820E-04  -0.435123329E-04   0.439708811E-05
   0.150141514E-04   0.545115508E-04  -0.218178648E-04   0.241060206E-05
   0.292846744E-04   0.105088649E-03  -0.952830451E-04   0.901141721E-05
   0.617686965E-04   0.224244897E-03  -0.394591334E-03   0.342162748E-04
   0.123303646E-03   0.450209045E-03  -0.101731101E-02   0.829398996E-04
   0.228496196E-03   0.833820377E-03  -0.208086823E-02   0.160160344E-03
   0.391071837E-03   0.142304727E-02  -0.360332918E-02   0.260889268E-03
   0.629130052E-03   0.228215009E-02  -0.562406750E-02   0.383798819E-03
   0.960894453E-03   0.348101859E-02  -0.811317191E-02   0.519066292E-03
   0.139630644E-02   0.506380899E-02  -0.108428635E-01   0.649911875E-03
   0.194599398E-02   0.707978290E-02  -0.136138536E-01   0.761582516E-03
   0.261912984E-02   0.957442634E-02  -0.162287112E-01   0.841226836E-03
   0.340521825E-02   0.125161689E-01  -0.182784554E-01   0.868268136E-03
   0.429983065E-02   0.158788450E-01  -0.196304098E-01   0.835781917E-03
   0.526114320E-02   0.194960702E-01  -0.198296551E-01   0.737218419E-03
   0.624654256E-02   0.231872015E-01  -0.187392365E-01   0.580397609E-03
   0.716844294E-02   0.266155694E-01  -0.160712712E-01   0.385915104E-03
   0.793394074E-02   0.294402819E-01  -0.118350508E-01   0.194556545E-03
   0.844223890E-02   0.313028283E-01  -0.628582947E-02   0.525059186E-04
   0.861974154E-02   0.319512747E-01  -0.146787587E-07   0.000000000E+00
