   0.878103194E-03   0.622037686E-01   0.000000000E+00   0.000000000E+00
   0.894597382E-03   0.614175349E-01   0.707209157E-02   0.432905981E-04
   0.941728649E-03   0.591142513E-01   0.136227282E-01   0.166241603E-03
   0.101134821E-02   0.555167198E-01   0.192201417E-01   0.350599323E-03
   0.109176268E-02   0.510153025E-01   0.236092731E-01   0.569833617E-03
   0.116704521E-02   0.459127501E-01   0.266053323E-01   0.799357833E-03
   0.122651085E-02   0.405502915E-01   0.282511357E-01   0.101347221E-02
   0.125752320E-02   0.352234393E-01   0.286308285E-01   0.118837925E-02
   0.125999853E-02   0.301610362E-01   0.280155260E-01   0.132220285E-02
   0.122628384E-02   0.254532807E-01   0.265186504E-01   0.139469991E-02
   0.116057857E-02   0.212021470E-01   0.243978444E-01   0.141835620E-02
   0.107212237E-02   0.174613483E-01   0.219368041E-01   0.139131269E-02
   0.956517179E-03   0.141271045E-01   0.191055238E-01   0.131597242E-02
   0.833591213E-03   0.112945223E-01   0.163025595E-01   0.121515605E-02
   0.700456032E-03   0.883478671E-02   0.134533849E-01   0.106836529E-02
   0.570648524E-03   0.676569762E-02   0.107895061E-01   0.916232821E-03
   0.451915839E-03   0.508770859E-02   0.843617134E-02   0.756564667E-03
   0.343491120E-03   0.369764119E-02   0.633409293E-02   0.599149615E-03
   0.251120800E-03   0.259810057E-02   0.457760645E-02   0.456610549E-03
   0.176356669E-03   0.176040246E-02   0.317837391E-02   0.333068398E-03
   0.118879885E-03   0.114858069E-02   0.211796351E-02   0.231994098E-03
   0.744510617E-04   0.695752853E-03   0.130449363E-02   0.148233594E-03
   0.424881509E-04   0.382422644E-03   0.726099068E-03   0.855439648E-04
   0.230403766E-04   0.198501628E-03   0.381535327E-03   0.465103731E-04
   0.109203711E-04   0.892580574E-04   0.170980711E-03   0.212435534E-04
   0.462686648E-05   0.362994542E-04   0.665154657E-04   0.825478764E-05
   0.137607992E-05   0.130484414E-04   0.165948604E-04   0.178108678E-05
   0.103428374E-05   0.132219775E-04   0.161715707E-04   0.144832711E-05
   0.127162343E-05   0.200210889E-04   0.277026684E-04   0.363905997E-05
   0.195128700E-05   0.278362440E-04   0.432211273E-04   0.588942976E-05
   0.249391701E-05   0.326394838E-04   0.535510662E-04   0.719973559E-05
   0.272317470E-05   0.340023362E-04   0.573985926E-04   0.785978136E-05
   0.277714162E-05   0.331447045E-04   0.571676464E-04   0.778244703E-05
   0.261940909E-05   0.304303849E-04   0.516540422E-04   0.707203208E-05
   0.210873554E-05   0.236487667E-04   0.413174203E-04   0.555524639E-05
   0.184624116E-05   0.201817184E-04   0.362115352E-04   0.485722512E-05
   0.137227187E-05   0.147843839E-04   0.265462913E-04   0.357791828E-05
   0.944289695E-06   0.969279881E-05   0.179069302E-04   0.226101338E-05
   0.725462257E-06   0.705638422E-05   0.121914136E-04   0.146367404E-05
   0.461838027E-06   0.415248815E-05   0.722989353E-05   0.750920833E-06
   0.296136960E-06   0.228539534E-05   0.337473421E-05   0.288422086E-06
   0.161358855E-06   0.124885185E-05   0.191825279E-05   0.161661546E-06
   0.960990718E-07   0.556734847E-06   0.164291123E-06   0.542389884E-07
   0.403474658E-07   0.117786605E-06  -0.205047144E-06  -0.933997146E-08
   0.244294274E-07   0.111866640E-06  -0.107628459E-06   0.145433390E-07
   0.664561295E-08   0.223014798E-07   0.547548229E-08   0.392832744E-08
   0.169596515E-07   0.933424289E-07   0.159363992E-06   0.343445650E-08
   0.344514639E-07   0.131759165E-06  -0.148558271E-06   0.434066827E-08
   0.130466560E-06   0.492533843E-06  -0.974634759E-06   0.682574779E-07
   0.312224614E-06   0.119392394E-05  -0.307605251E-05   0.306013391E-06
   0.542604766E-06   0.221547612E-05  -0.567614097E-05   0.673990428E-06
   0.871356292E-06   0.343112697E-05  -0.976224510E-05   0.115391276E-05
   0.123735845E-05   0.470218265E-05  -0.146998100E-04   0.178508583E-05
   0.179355015E-05   0.693639231E-05  -0.214135416E-04   0.265874701E-05
   0.258653040E-05   0.987890689E-05  -0.322444612E-04   0.434037202E-05
   0.327942166E-05   0.127014409E-04  -0.414775241E-04   0.590708123E-05
   0.474390708E-05   0.186885954E-04  -0.597715261E-04   0.854879090E-05
   0.540866631E-05   0.211692259E-04  -0.672782407E-04   0.943488521E-05
   0.606312233E-05   0.236287979E-04  -0.745553989E-04   0.103801176E-04
   0.575318882E-05   0.221481168E-04  -0.698307194E-04   0.987088424E-05
   0.552261235E-05   0.212027862E-04  -0.652837916E-04   0.907485537E-05
   0.477290041E-05   0.184100554E-04  -0.538308486E-04   0.726687449E-05
   0.313437749E-05   0.116632673E-04  -0.316217011E-04   0.403458944E-05
   0.222523272E-05   0.776324305E-05  -0.183856300E-04   0.254905990E-05
   0.291606261E-05   0.835700939E-05  -0.215030104E-04   0.278160383E-05
   0.750034042E-05   0.218530568E-04  -0.703762998E-04   0.965213985E-05
   0.196752171E-04   0.580855049E-04  -0.199491013E-03   0.264520932E-04
   0.429472530E-04   0.129884924E-03  -0.446406251E-03   0.567030547E-04
   0.813688821E-04   0.245569914E-03  -0.839847897E-03   0.103358856E-03
   0.142080447E-03   0.428029482E-03  -0.144608074E-02   0.170471627E-03
   0.227288445E-03   0.681029225E-03  -0.226275064E-02   0.254724378E-03
   0.348455127E-03   0.103771361E-02  -0.338374404E-02   0.364423904E-03
   0.508341531E-03   0.150519225E-02  -0.479487609E-02   0.492468942E-03
   0.708444917E-03   0.209123874E-02  -0.646603433E-02   0.628215552E-03
   0.954788993E-03   0.281361118E-02  -0.840037502E-02   0.773315958E-03
   0.124467048E-02   0.367385917E-02  -0.105064316E-01   0.917603204E-03
   0.158083520E-02   0.469801575E-02  -0.127533199E-01   0.104449689E-02
   0.196080026E-02   0.589417387E-02  -0.150386617E-01   0.115104218E-02
   0.237704883E-02   0.726045901E-02  -0.172174275E-01   0.122945162E-02
   0.282788742E-02   0.881844573E-02  -0.192038286E-01   0.126934145E-02
   0.330513250E-02   0.105688646E-01  -0.208465140E-01   0.126358215E-02
   0.381042110E-02   0.125309061E-01  -0.220832378E-01   0.121224555E-02
   0.433283672E-02   0.146772154E-01  -0.227528159E-01   0.112670299E-02
   0.487359380E-02   0.169989318E-01  -0.228224248E-01   0.100099377E-02
   0.541240675E-02   0.194189008E-01  -0.220750608E-01   0.842116948E-03
   0.593323819E-02   0.218385402E-01  -0.204486251E-01   0.660638092E-03
   0.642295694E-02   0.241592657E-01  -0.179307070E-01   0.468823069E-03
   0.684595108E-02   0.261876360E-01  -0.144682396E-01   0.285135669E-03
   0.717550609E-02   0.277982838E-01  -0.101813730E-01   0.135015493E-03
   0.738846324E-02   0.288353655E-01  -0.526475022E-02   0.351217132E-04
   0.746158324E-02   0.291984603E-01  -0.134003866E-07   0.000000000E+00
