   0.118742571E+02   0.595825386E+01   0.000000000E+00   0.000000000E+00
   0.118161001E+02   0.593380928E+01   0.395485133E+00   0.205479772E-02
   0.116444778E+02   0.586364269E+01   0.777603507E+00   0.806949195E-02
   0.113708820E+02   0.575070524E+01   0.113447118E+01   0.175840370E-01
   0.110049095E+02   0.559979010E+01   0.145574546E+01   0.299382824E-01
   0.105533447E+02   0.541220665E+01   0.173225737E+01   0.442780778E-01
   0.100453110E+02   0.519988394E+01   0.196083117E+01   0.596677996E-01
   0.949593925E+01   0.496929979E+01   0.213933730E+01   0.753192455E-01
   0.891642570E+01   0.472348309E+01   0.226699376E+01   0.903614536E-01
   0.833023548E+01   0.447286272E+01   0.234846759E+01   0.104160748E+00
   0.774562502E+01   0.421995640E+01   0.238678670E+01   0.116147622E+00
   0.717706299E+01   0.397176147E+01   0.238854027E+01   0.126299277E+00
   0.663598967E+01   0.373347402E+01   0.236092758E+01   0.134583652E+00
   0.612498856E+01   0.350561118E+01   0.230882621E+01   0.140832812E+00
   0.564410973E+01   0.328820062E+01   0.223623896E+01   0.145262942E+00
   0.520452070E+01   0.308722639E+01   0.215230918E+01   0.147978142E+00
   0.479865837E+01   0.289876342E+01   0.205797195E+01   0.149022222E+00
   0.443128014E+01   0.272632933E+01   0.195981956E+01   0.149398640E+00
   0.409878349E+01   0.256821680E+01   0.185963702E+01   0.148966208E+00
   0.379803634E+01   0.242319655E+01   0.175934887E+01   0.147990882E+00
   0.352888513E+01   0.229167962E+01   0.166204309E+01   0.146114796E+00
   0.328724480E+01   0.217208838E+01   0.156786788E+01   0.144010425E+00
   0.307140899E+01   0.206416321E+01   0.147851980E+01   0.142575994E+00
   0.287735295E+01   0.196579421E+01   0.139339066E+01   0.140569627E+00
   0.270361972E+01   0.187676537E+01   0.131332648E+01   0.139110520E+00
   0.254631734E+01   0.179505336E+01   0.123723221E+01   0.137389287E+00
   0.240602756E+01   0.172157669E+01   0.116681302E+01   0.136266425E+00
   0.227925134E+01   0.165450656E+01   0.110069501E+01   0.135083094E+00
   0.216512060E+01   0.159361839E+01   0.103907084E+01   0.133623078E+00
   0.206168056E+01   0.153795135E+01   0.981311977E+00   0.132249817E+00
   0.196703899E+01   0.148650956E+01   0.926835418E+00   0.131683543E+00
   0.188151753E+01   0.143983924E+01   0.876188457E+00   0.130890235E+00
   0.180294013E+01   0.139680254E+01   0.828492343E+00   0.129841909E+00
   0.173115671E+01   0.135720563E+01   0.783500791E+00   0.128853396E+00
   0.166511977E+01   0.132056761E+01   0.740894258E+00   0.127877101E+00
   0.160438132E+01   0.128712153E+01   0.701042414E+00   0.126437843E+00
   0.154819608E+01   0.125606608E+01   0.663199365E+00   0.125391543E+00
   0.149610043E+01   0.122734928E+01   0.627229333E+00   0.124005929E+00
   0.144811440E+01   0.120092821E+01   0.592939913E+00   0.122248814E+00
   0.140345252E+01   0.117670250E+01   0.560773253E+00   0.120577112E+00
   0.136213756E+01   0.115451539E+01   0.530197918E+00   0.118970804E+00
   0.132361841E+01   0.113413095E+01   0.500904202E+00   0.116558626E+00
   0.128798890E+01   0.111567044E+01   0.473250747E+00   0.114400752E+00
   0.125470066E+01   0.109879923E+01   0.446768969E+00   0.111903317E+00
   0.122362208E+01   0.108352125E+01   0.421512932E+00   0.109537758E+00
   0.119491756E+01   0.106999111E+01   0.397294670E+00   0.106210709E+00
   0.116807628E+01   0.105784047E+01   0.374243349E+00   0.103376709E+00
   0.114332557E+01   0.104749334E+01   0.352294892E+00   0.999324843E-01
   0.112022471E+01   0.103836858E+01   0.331056356E+00   0.964288488E-01
   0.109882009E+01   0.103074396E+01   0.310604215E+00   0.927734748E-01
   0.107913470E+01   0.102467167E+01   0.291244537E+00   0.889735520E-01
   0.106088316E+01   0.101998317E+01   0.272393256E+00   0.851468071E-01
   0.104413354E+01   0.101679397E+01   0.253985822E+00   0.805075392E-01
   0.102882671E+01   0.101516485E+01   0.236377835E+00   0.763824433E-01
   0.101484430E+01   0.101493430E+01   0.219021305E+00   0.716239959E-01
   0.100207305E+01   0.101624656E+01   0.201788828E+00   0.664857253E-01
   0.990664482E+00   0.101921308E+01   0.185306638E+00   0.617010854E-01
   0.980321109E+00   0.102371180E+01   0.168832794E+00   0.570884533E-01
   0.971288323E+00   0.103011501E+01   0.152495131E+00   0.517200343E-01
   0.963343620E+00   0.103842676E+01   0.136339456E+00   0.467569567E-01
   0.956442297E+00   0.104863787E+01   0.119768478E+00   0.414539054E-01
   0.950593829E+00   0.106096315E+01   0.103410013E+00   0.367458649E-01
   0.945787132E+00   0.107561958E+01   0.866892263E-01   0.318189412E-01
   0.941924870E+00   0.109290159E+01   0.694799647E-01   0.270700697E-01
   0.939132392E+00   0.111308110E+01   0.517958775E-01   0.219731089E-01
   0.937241018E+00   0.113640952E+01   0.338680446E-01   0.174502507E-01
   0.936269999E+00   0.116330349E+01   0.151126171E-01   0.128823919E-01
   0.936066926E+00   0.119374847E+01  -0.415075058E-02   0.879971962E-02
   0.936705291E+00   0.122856140E+01  -0.241991486E-01   0.484446995E-02
   0.938073337E+00   0.126831961E+01  -0.448372811E-01   0.146262080E-02
   0.940138519E+00   0.131365848E+01  -0.664438084E-01  -0.162428559E-02
   0.942745090E+00   0.136417675E+01  -0.880952701E-01  -0.412614364E-02
   0.945976853E+00   0.142118394E+01  -0.110347666E+00  -0.643724995E-02
   0.949639201E+00   0.148504806E+01  -0.132742405E+00  -0.822428241E-02
   0.953527272E+00   0.155533540E+01  -0.154649660E+00  -0.945599005E-02
   0.957861841E+00   0.163357604E+01  -0.176182896E+00  -0.105207497E-01
   0.961699188E+00   0.171942759E+01  -0.196428299E+00  -0.103018023E-01
   0.965893745E+00   0.181273842E+01  -0.214803830E+00  -0.102041671E-01
   0.969937623E+00   0.191168666E+01  -0.230261564E+00  -0.987676345E-02
   0.973637283E+00   0.201724410E+01  -0.242448226E+00  -0.913501531E-02
   0.976858914E+00   0.212758422E+01  -0.250395834E+00  -0.812989287E-02
   0.979921520E+00   0.224135637E+01  -0.253230423E+00  -0.710497657E-02
   0.982252836E+00   0.235586953E+01  -0.250189394E+00  -0.590967527E-02
   0.983814061E+00   0.246682405E+01  -0.240196303E+00  -0.463748816E-02
   0.985198259E+00   0.257492852E+01  -0.223621368E+00  -0.348763145E-02
   0.986436248E+00   0.267248821E+01  -0.199851885E+00  -0.254297443E-02
   0.986714721E+00   0.275940657E+01  -0.169453263E+00  -0.162199431E-02
   0.987064362E+00   0.283199716E+01  -0.133117393E+00  -0.924289809E-03
   0.987240791E+00   0.288397026E+01  -0.916221812E-01  -0.415618531E-03
   0.987169325E+00   0.291727090E+01  -0.467277691E-01  -0.103236336E-03
   0.987250090E+00   0.292851233E+01  -0.111253563E-06   0.000000000E+00
