   0.278128886E+01   0.351478434E+01   0.184130514E-06   0.000000000E+00
   0.275842166E+01   0.348993111E+01   0.181038335E+00   0.936861848E-03
   0.269131899E+01   0.341669440E+01   0.351872146E+00   0.362358056E-02
   0.258484030E+01   0.329992414E+01   0.503537714E+00   0.770907290E-02
   0.244554663E+01   0.314686203E+01   0.629245520E+00   0.127268257E-01
   0.228445482E+01   0.296774697E+01   0.725886405E+00   0.180349741E-01
   0.210767341E+01   0.277008939E+01   0.791675568E+00   0.231941380E-01
   0.192434573E+01   0.256298184E+01   0.828328073E+00   0.277608112E-01
   0.174421418E+01   0.235706472E+01   0.840605497E+00   0.314737447E-01
   0.157026017E+01   0.215549898E+01   0.831605732E+00   0.341607518E-01
   0.140858293E+01   0.196512997E+01   0.807482898E+00   0.357017033E-01
   0.125971448E+01   0.178739524E+01   0.771830618E+00   0.365584157E-01
   0.112398827E+01   0.162208641E+01   0.727951467E+00   0.364785530E-01
   0.100382721E+01   0.147304642E+01   0.680899560E+00   0.358093679E-01
   0.897176325E+00   0.133808506E+01   0.632150710E+00   0.347367972E-01
   0.803151011E+00   0.121668017E+01   0.583695650E+00   0.336002819E-01
   0.720841527E+00   0.110791862E+01   0.536986649E+00   0.320485942E-01
   0.649082422E+00   0.101109731E+01   0.492840946E+00   0.305517428E-01
   0.585942328E+00   0.923995852E+00   0.451293319E+00   0.291558933E-01
   0.530794382E+00   0.846218526E+00   0.412841529E+00   0.277743302E-01
   0.482254654E+00   0.776294053E+00   0.377313375E+00   0.265075248E-01
   0.439310551E+00   0.713109314E+00   0.344465315E+00   0.253746994E-01
   0.401423216E+00   0.656276643E+00   0.314337403E+00   0.244065598E-01
   0.367637664E+00   0.604592144E+00   0.286584407E+00   0.234715920E-01
   0.337585926E+00   0.557835579E+00   0.261125118E+00   0.224838220E-01
   0.310655147E+00   0.515241265E+00   0.237817734E+00   0.217385124E-01
   0.286304355E+00   0.476190716E+00   0.216219217E+00   0.211093519E-01
   0.264405340E+00   0.440598637E+00   0.196442172E+00   0.204080958E-01
   0.244574979E+00   0.408015788E+00   0.178294241E+00   0.197171569E-01
   0.226581171E+00   0.378215700E+00   0.161597773E+00   0.191682298E-01
   0.210239410E+00   0.350862056E+00   0.146236613E+00   0.186087564E-01
   0.195350930E+00   0.325860590E+00   0.132212669E+00   0.179599058E-01
   0.181730896E+00   0.302891046E+00   0.119224332E+00   0.175121240E-01
   0.169330537E+00   0.281954348E+00   0.107437737E+00   0.169792790E-01
   0.158025280E+00   0.262819231E+00   0.966282636E-01   0.164232198E-01
   0.147664070E+00   0.245340779E+00   0.867512152E-01   0.159299951E-01
   0.138199702E+00   0.229482040E+00   0.776886791E-01   0.153945610E-01
   0.129598886E+00   0.215130731E+00   0.694791973E-01   0.149906045E-01
   0.121715166E+00   0.202152312E+00   0.619570762E-01   0.144918663E-01
   0.114570118E+00   0.190563649E+00   0.552447140E-01   0.139989154E-01
   0.108078487E+00   0.180198491E+00   0.489357859E-01   0.134491976E-01
   0.102169849E+00   0.170970783E+00   0.431918502E-01   0.129495356E-01
   0.968574882E-01   0.162993371E+00   0.381538644E-01   0.125261648E-01
   0.920546427E-01   0.156038240E+00   0.332344361E-01   0.118945716E-01
   0.877740383E-01   0.150149763E+00   0.289273672E-01   0.114287473E-01
   0.839759260E-01   0.145288616E+00   0.248756111E-01   0.109289121E-01
   0.805970132E-01   0.141363710E+00   0.210478343E-01   0.103626261E-01
   0.776600167E-01   0.138456702E+00   0.174629763E-01   0.978402607E-02
   0.750984251E-01   0.136455312E+00   0.140199475E-01   0.907611847E-02
   0.729367137E-01   0.135297954E+00   0.107174963E-01   0.852568727E-02
   0.711409748E-01   0.135166526E+00   0.747349812E-02   0.781601202E-02
   0.696804523E-01   0.135879576E+00   0.433269562E-02   0.718922447E-02
   0.685547665E-01   0.137447879E+00   0.114497170E-02   0.648635067E-02
   0.677397624E-01   0.139973074E+00  -0.203467696E-02   0.575170107E-02
   0.672352836E-01   0.143376112E+00  -0.535521377E-02   0.497067906E-02
   0.670271516E-01   0.147711352E+00  -0.878151879E-02   0.407550950E-02
   0.671184808E-01   0.153063521E+00  -0.123482728E-01   0.315610250E-02
   0.674898028E-01   0.159293339E+00  -0.161242522E-01   0.224471861E-02
   0.681087300E-01   0.166598678E+00  -0.200315993E-01   0.127843604E-02
   0.690231323E-01   0.174938247E+00  -0.242464580E-01   0.256865227E-03
   0.701654106E-01   0.184377164E+00  -0.286779180E-01  -0.669360801E-03
   0.715863556E-01   0.194984317E+00  -0.334414206E-01  -0.170259201E-02
   0.732783824E-01   0.206840336E+00  -0.385882668E-01  -0.274891593E-02
   0.752665251E-01   0.220144704E+00  -0.440736376E-01  -0.398374815E-02
   0.774993226E-01   0.234812751E+00  -0.499795005E-01  -0.510042999E-02
   0.799826756E-01   0.251103491E+00  -0.563025437E-01  -0.612648856E-02
   0.827736184E-01   0.269153744E+00  -0.631751865E-01  -0.715705380E-02
   0.858847424E-01   0.289243937E+00  -0.705733374E-01  -0.822334271E-02
   0.892549455E-01   0.311445415E+00  -0.785691217E-01  -0.899504125E-02
   0.930770114E-01   0.336354375E+00  -0.872594938E-01  -0.100054368E-01
   0.972057432E-01   0.363886863E+00  -0.965568423E-01  -0.107765952E-01
   0.101728737E+00   0.394630611E+00  -0.106622301E+00  -0.113892183E-01
   0.106683135E+00   0.429151982E+00  -0.117459029E+00  -0.118044876E-01
   0.112132609E+00   0.467817694E+00  -0.129001990E+00  -0.121657578E-01
   0.117959835E+00   0.511120796E+00  -0.141253307E+00  -0.120813670E-01
   0.124209210E+00   0.559815705E+00  -0.154043123E+00  -0.116085494E-01
   0.131209612E+00   0.614212215E+00  -0.167068556E+00  -0.115452260E-01
   0.138464525E+00   0.675203621E+00  -0.180159956E+00  -0.107361618E-01
   0.146272898E+00   0.743111491E+00  -0.192688048E+00  -0.988198910E-02
   0.154380977E+00   0.817772746E+00  -0.203992397E+00  -0.883705541E-02
   0.162652537E+00   0.899202347E+00  -0.213103741E+00  -0.752787478E-02
   0.171182573E+00   0.987132847E+00  -0.219232723E+00  -0.626360998E-02
   0.179802284E+00   0.107930958E+01  -0.220948547E+00  -0.515384274E-02
   0.187989980E+00   0.117504692E+01  -0.217341766E+00  -0.389537797E-02
   0.195555508E+00   0.127020383E+01  -0.206992015E+00  -0.274630333E-02
   0.202848524E+00   0.136274660E+01  -0.189430401E+00  -0.186418439E-02
   0.209001735E+00   0.144609451E+01  -0.163878873E+00  -0.115319714E-02
   0.214306071E+00   0.151704371E+01  -0.130865216E+00  -0.652169751E-03
   0.217779428E+00   0.157162023E+01  -0.913205147E-01  -0.269975746E-03
   0.220239460E+00   0.160537672E+01  -0.469412580E-01  -0.688840810E-04
   0.220874712E+00   0.161801970E+01  -0.118250924E-06   0.000000000E+00
