   0.843815331E-03   0.746950880E-01  -0.271387551E-09   0.000000000E+00
   0.846567447E-03   0.732627437E-01   0.611883495E-02   0.423697929E-04
   0.853075180E-03   0.691267774E-01   0.115607753E-01   0.157877075E-03
   0.858470448E-03   0.628764778E-01   0.158673115E-01   0.316611549E-03
   0.856515311E-03   0.552366823E-01   0.187210832E-01   0.482970732E-03
   0.839901855E-03   0.469458327E-01   0.200514998E-01   0.624125125E-03
   0.804068986E-03   0.386871174E-01   0.200280435E-01   0.720516138E-03
   0.746267033E-03   0.309566334E-01   0.188754350E-01   0.761904346E-03
   0.669107074E-03   0.240777005E-01   0.169398487E-01   0.749148836E-03
   0.577559869E-03   0.182125941E-01   0.145318927E-01   0.697848678E-03
   0.475866138E-03   0.133487890E-01   0.118294982E-01   0.610290619E-03
   0.373300601E-03   0.946422946E-02   0.913943816E-02   0.504682132E-03
   0.278277759E-03   0.647503277E-02   0.669268286E-02   0.392516202E-03
   0.195090193E-03   0.424580369E-02   0.458090473E-02   0.284431444E-03
   0.128132815E-03   0.265946914E-02   0.291262497E-02   0.190060993E-03
   0.762361378E-04   0.155962363E-02   0.162968610E-02   0.109814886E-03
   0.412252812E-04   0.862804009E-03   0.796589185E-03   0.544427530E-04
   0.203072686E-04   0.455813570E-03   0.330464594E-03   0.216936442E-04
   0.868400548E-05   0.232159015E-03   0.954880452E-04   0.517901481E-05
   0.347952187E-05   0.125197475E-03   0.175302375E-04   0.393333323E-06
   0.192874882E-05   0.813095685E-04   0.207829253E-04   0.216010039E-05
   0.197753434E-05   0.668725843E-04   0.523649542E-04   0.625650182E-05
   0.260661773E-05   0.659819561E-04   0.901657186E-04   0.108714976E-04
   0.278608718E-05   0.592818287E-04   0.101441583E-03   0.124648186E-04
   0.243363115E-05   0.471908024E-04   0.908609800E-04   0.114688128E-04
   0.215963519E-05   0.394607159E-04   0.818046392E-04   0.106991811E-04
   0.141829184E-05   0.253253402E-04   0.542551534E-04   0.735704589E-05
   0.105391928E-05   0.180944335E-04   0.400065401E-04   0.545983494E-05
   0.549734523E-06   0.961336264E-05   0.214439660E-04   0.311908229E-05
   0.378656125E-06   0.659604029E-05   0.150738251E-04   0.224903260E-05
   0.138063839E-06   0.251283950E-05   0.568735095E-05   0.914821840E-06
   0.224037962E-07   0.501022441E-06   0.997811298E-06   0.214672767E-06
   0.777085862E-08   0.188993795E-06   0.342886494E-06   0.869814443E-07
   0.101402344E-07   0.105308573E-06   0.519716714E-07   0.432264571E-07
   0.734069783E-08   0.519434913E-07   0.987806672E-07   0.537897149E-08
   0.479819704E-07   0.547849993E-06   0.991161187E-06   0.174987662E-06
   0.322996030E-07   0.356153322E-06   0.742417797E-06   0.102411029E-06
   0.336930377E-07   0.348203855E-06   0.414947380E-06   0.113695592E-06
   0.238846525E-07   0.215793193E-06   0.246275818E-06   0.599219732E-07
   0.335111991E-07   0.414299393E-06   0.100003763E-05   0.132528356E-06
   0.113863337E-07   0.105458859E-06   0.288052604E-06   0.209247464E-07
   0.123521193E-07   0.111583240E-06   0.170258630E-06   0.292992528E-07
   0.187201508E-07   0.287556873E-06   0.733311367E-06   0.111916627E-06
   0.858524896E-08   0.134483301E-06   0.346637393E-06   0.533848379E-07
   0.426897850E-08   0.319333502E-07  -0.722019564E-07   0.160612075E-07
   0.423593516E-08   0.539972369E-07   0.606714607E-07   0.229642456E-07
   0.539672862E-09   0.763808394E-08   0.169913184E-08   0.437608128E-08
   0.672156997E-08   0.579223425E-07  -0.112863930E-06   0.379857106E-07
   0.253462371E-07   0.174146777E-06  -0.749766514E-06   0.116864882E-06
   0.187500060E-07   0.118462424E-06  -0.490104128E-06   0.785673251E-07
   0.626372127E-07   0.411228172E-06  -0.174348463E-05   0.259338805E-06
   0.455630911E-07   0.267915738E-06  -0.125742076E-05   0.168718174E-06
   0.487792704E-07   0.293980037E-06  -0.107363849E-05   0.146472004E-06
   0.467206505E-07   0.273052507E-06  -0.110103440E-05   0.142366488E-06
   0.785773793E-07   0.492627521E-06  -0.197212785E-05   0.278508821E-06
   0.444375736E-07   0.259483215E-06  -0.108020436E-05   0.138809597E-06
   0.432067040E-07   0.265134730E-06  -0.120626862E-05   0.170964313E-06
   0.733014260E-09   0.625034291E-08   0.130888216E-07   0.163463387E-08
   0.852067306E-08   0.963822444E-07  -0.238192428E-06   0.751200773E-07
   0.750754481E-07   0.533342302E-06  -0.208752272E-05   0.359740937E-06
   0.243227504E-06   0.157248883E-05  -0.654893620E-05   0.102814420E-05
   0.705032676E-06   0.430098362E-05  -0.183606226E-04   0.264417031E-05
   0.151372399E-05   0.886085127E-05  -0.383244151E-04   0.527940165E-05
   0.239570500E-05   0.136336339E-04  -0.585757844E-04   0.778921276E-05
   0.343627062E-05   0.189770763E-04  -0.805370437E-04   0.103512821E-04
   0.525612904E-05   0.281981684E-04  -0.117655720E-03   0.146468747E-04
   0.614557439E-05   0.318836283E-04  -0.127462001E-03   0.155590187E-04
   0.778890262E-05   0.390063469E-04  -0.144757680E-03   0.170178082E-04
   0.777863715E-05   0.369242771E-04  -0.113025628E-03   0.130953304E-04
   0.892746266E-05   0.395884163E-04  -0.840807406E-04   0.950926824E-05
   0.103322136E-04   0.414150345E-04  -0.307075607E-04   0.357622662E-05
   0.166749778E-04   0.624863314E-04  -0.310455798E-04   0.355597172E-05
   0.329806862E-04   0.122322628E-03  -0.144435471E-03   0.143474062E-04
   0.670083027E-04   0.249873468E-03  -0.466328842E-03   0.431077715E-04
   0.128286134E-03   0.478715898E-03  -0.107815524E-02   0.946209402E-04
   0.232788487E-03   0.867915514E-03  -0.215128064E-02   0.178120434E-03
   0.389334105E-03   0.144687574E-02  -0.364027522E-02   0.285001588E-03
   0.613198383E-03   0.227413303E-02  -0.558170117E-02   0.412077643E-03
   0.923752901E-03   0.342405960E-02  -0.803720579E-02   0.560188200E-03
   0.132611406E-02   0.492790900E-02  -0.107682338E-01   0.701972982E-03
   0.182746071E-02   0.682651903E-02  -0.135720233E-01   0.828921387E-03
   0.243339990E-02   0.915867463E-02  -0.162444785E-01   0.926904730E-03
   0.315120723E-02   0.119628888E-01  -0.186636653E-01   0.982879777E-03
   0.396439293E-02   0.151830697E-01  -0.204225983E-01   0.979974982E-03
   0.486330735E-02   0.187701993E-01  -0.213799495E-01   0.917925441E-03
   0.580991572E-02   0.225608796E-01  -0.211875997E-01   0.788998324E-03
   0.675516017E-02   0.263369456E-01  -0.196658690E-01   0.607297814E-03
   0.762219541E-02   0.297871232E-01  -0.165803935E-01   0.396276475E-03
   0.833411701E-02   0.325976498E-01  -0.120889889E-01   0.196732202E-03
   0.880293548E-02   0.344424397E-01  -0.638418598E-02   0.528133860E-04
   0.896675605E-02   0.350802466E-01  -0.175007511E-07   0.000000000E+00
