   0.482983334E-03   0.712106004E-01  -0.218271803E-09   0.000000000E+00
   0.497947214E-03   0.700715855E-01   0.617235899E-02   0.392497350E-04
   0.540823559E-03   0.668350160E-01   0.117745502E-01   0.149217682E-03
   0.602266518E-03   0.618461855E-01   0.163939502E-01   0.306852686E-03
   0.669234956E-03   0.556043051E-01   0.196948107E-01   0.484575925E-03
   0.728600717E-03   0.486893281E-01   0.216347612E-01   0.651355775E-03
   0.769130187E-03   0.415877365E-01   0.222694483E-01   0.786677352E-03
   0.782920397E-03   0.347116627E-01   0.217795447E-01   0.875359110E-03
   0.765777309E-03   0.283273794E-01   0.203679018E-01   0.913674012E-03
   0.721750141E-03   0.226461105E-01   0.183781255E-01   0.908377115E-03
   0.652919058E-03   0.177101959E-01   0.159700383E-01   0.859810272E-03
   0.564872578E-03   0.135093061E-01   0.133165456E-01   0.775051187E-03
   0.468773593E-03   0.100536207E-01   0.106952898E-01   0.665570435E-03
   0.373022485E-03   0.728710881E-02   0.826730859E-02   0.551852107E-03
   0.282311696E-03   0.510673365E-02   0.607950846E-02   0.430106593E-03
   0.203495452E-03   0.346050644E-02   0.425884733E-02   0.316508260E-03
   0.138282019E-03   0.224793819E-02   0.280097499E-02   0.217806533E-03
   0.883501998E-04   0.139653659E-02   0.171896711E-02   0.138571355E-03
   0.506576653E-04   0.806849974E-03   0.920343737E-03   0.762714553E-04
   0.262966987E-04   0.441668904E-03   0.427519844E-03   0.352533498E-04
   0.120863106E-04   0.232113875E-03   0.159785108E-03   0.123606342E-04
   0.478426045E-05   0.123674894E-03   0.407760999E-04   0.232335378E-05
   0.193433516E-05   0.748867315E-04   0.100290190E-04   0.309472512E-06
   0.120613879E-05   0.581237800E-04   0.207708217E-04   0.289825948E-05
   0.164257983E-05   0.554623402E-04   0.463516408E-04   0.635995184E-05
   0.226613565E-05   0.565182963E-04   0.711910252E-04   0.991737306E-05
   0.265343715E-05   0.546496085E-04   0.832000733E-04   0.117041191E-04
   0.252775726E-05   0.467098325E-04   0.787762765E-04   0.112740827E-04
   0.241971043E-05   0.416339135E-04   0.748127350E-04   0.109587390E-04
   0.180634265E-05   0.301684195E-04   0.564743896E-04   0.860266300E-05
   0.136294454E-05   0.218015448E-04   0.418024647E-04   0.634625167E-05
   0.946263242E-06   0.149549032E-04   0.291303331E-04   0.455474446E-05
   0.624313088E-06   0.962312879E-05   0.191645922E-04   0.299162389E-05
   0.330066456E-06   0.515711145E-05   0.103421471E-04   0.168366364E-05
   0.144896930E-06   0.229377429E-05   0.452588165E-05   0.756537247E-06
   0.661977495E-07   0.102217132E-05   0.204518187E-05   0.330440827E-06
   0.884180640E-08   0.127726750E-06   0.234637696E-06   0.332331176E-07
   0.410615053E-08   0.509763183E-07   0.101069986E-06   0.894656971E-08
   0.196088634E-08   0.152007846E-07  -0.877746409E-08   0.890617446E-08
   0.506533437E-08   0.935812281E-07   0.163993860E-06   0.455552076E-07
   0.476375472E-08   0.111210127E-06   0.157848589E-06   0.640182591E-07
   0.405245864E-07   0.614780845E-06   0.116936553E-05   0.289470250E-06
   0.163799054E-07   0.290160898E-06   0.143548135E-06   0.196568521E-06
   0.153234598E-07   0.346994113E-06   0.428496520E-06   0.209193232E-06
   0.481671911E-07   0.526796441E-06  -0.331829312E-06   0.371521423E-06
   0.476263224E-07   0.638246092E-06   0.190220788E-06   0.417498910E-06
   0.495032353E-07   0.476503033E-06  -0.119565823E-05   0.372649595E-06
   0.842430694E-07   0.701050169E-06  -0.128693705E-05   0.513467057E-06
   0.355123468E-07   0.356903286E-06  -0.659882460E-06   0.278484322E-06
   0.355542760E-07   0.364920368E-06  -0.309899860E-06   0.260770548E-06
   0.825397564E-07   0.509254164E-06  -0.176725382E-05   0.363825478E-06
   0.303371870E-07   0.231388100E-06  -0.324966408E-06   0.158592385E-06
   0.652586074E-08   0.383132246E-07  -0.142494571E-06   0.266138986E-07
   0.704070224E-08   0.442246169E-07  -0.120793345E-06   0.293934868E-07
   0.306258983E-07   0.159764227E-06  -0.551776623E-06   0.797462718E-07
   0.140279440E-06   0.738327515E-06  -0.275496018E-05   0.459738914E-06
   0.445400474E-06   0.240474901E-05  -0.869203268E-05   0.135792220E-05
   0.806262676E-06   0.426468478E-05  -0.158337261E-04   0.253174630E-05
   0.131004197E-05   0.680711037E-05  -0.251076235E-04   0.385848307E-05
   0.238682196E-05   0.120793829E-04  -0.447008097E-04   0.661489184E-05
   0.305996559E-05   0.153863530E-04  -0.564959919E-04   0.858700787E-05
   0.451949245E-05   0.222578237E-04  -0.810113706E-04   0.119877122E-04
   0.545738476E-05   0.264455721E-04  -0.933850388E-04   0.133259673E-04
   0.703487103E-05   0.333557400E-04  -0.114573675E-03   0.162409433E-04
   0.719869649E-05   0.335979312E-04  -0.106094871E-03   0.147469791E-04
   0.788110719E-05   0.356971104E-04  -0.991786219E-04   0.131999232E-04
   0.721388778E-05   0.312121447E-04  -0.621244762E-04   0.832685146E-05
   0.751587049E-05   0.302298886E-04  -0.274601534E-04   0.391846379E-05
   0.101768965E-04   0.370233392E-04  -0.111928221E-04   0.171783631E-05
   0.183476859E-04   0.633525706E-04  -0.512452680E-04   0.621141498E-05
   0.377405122E-04   0.129070482E-03  -0.219466820E-03   0.240286136E-04
   0.722797049E-04   0.246216310E-03  -0.530340476E-03   0.554733488E-04
   0.135533381E-03   0.461701653E-03  -0.115479075E-02   0.114459704E-03
   0.227326906E-03   0.772670377E-03  -0.199678261E-02   0.188433303E-03
   0.368313893E-03   0.124935212E-02  -0.328095607E-02   0.293871475E-03
   0.558195228E-03   0.189183617E-02  -0.486703869E-02   0.414322189E-03
   0.811020960E-03   0.275188545E-02  -0.682366826E-02   0.551399833E-03
   0.113374938E-02   0.386806088E-02  -0.908700749E-02   0.687558728E-03
   0.152180705E-02   0.523562962E-02  -0.114286887E-01   0.813225633E-03
   0.198798790E-02   0.691965502E-02  -0.138608143E-01   0.922409643E-03
   0.252694241E-02   0.892303884E-02  -0.161607545E-01   0.100088527E-02
   0.314148283E-02   0.112738917E-01  -0.182257239E-01   0.104261038E-02
   0.381755643E-02   0.139367338E-01  -0.197775904E-01   0.103703770E-02
   0.455585029E-02   0.169046316E-01  -0.207885802E-01   0.984707731E-03
   0.532380166E-02   0.200552959E-01  -0.208787248E-01   0.875047175E-03
   0.610764977E-02   0.232978668E-01  -0.200547352E-01   0.720164739E-03
   0.686263433E-02   0.264392328E-01  -0.181090478E-01   0.535318686E-03
   0.753762247E-02   0.292502232E-01  -0.149627356E-01   0.339261052E-03
   0.807618536E-02   0.314890333E-01  -0.107139181E-01   0.164714147E-03
   0.842630025E-02   0.329412855E-01  -0.560338516E-02   0.435366419E-04
   0.854593236E-02   0.334350802E-01  -0.116635883E-07   0.000000000E+00
