   0.487556041E-03   0.643119663E-01  -0.896265076E-10   0.000000000E+00
   0.499831396E-03   0.632241741E-01   0.559268426E-02   0.360820632E-04
   0.533705868E-03   0.600824803E-01   0.106340032E-01   0.136094211E-03
   0.581450004E-03   0.552780703E-01   0.147184683E-01   0.278629450E-03
   0.631485949E-03   0.493173152E-01   0.175775457E-01   0.433910900E-03
   0.673164614E-03   0.427675508E-01   0.191639867E-01   0.577113999E-03
   0.695169554E-03   0.361020267E-01   0.195017271E-01   0.686041370E-03
   0.693857903E-03   0.297413114E-01   0.188710913E-01   0.751784595E-03
   0.664407678E-03   0.239076596E-01   0.173978359E-01   0.771197607E-03
   0.612033589E-03   0.187793914E-01   0.154283810E-01   0.752246706E-03
   0.538676628E-03   0.143838460E-01   0.130981151E-01   0.692509697E-03
   0.455739704E-03   0.107539529E-01   0.107321944E-01   0.610103249E-03
   0.366623222E-03   0.779813854E-02   0.837613549E-02   0.513170031E-03
   0.281935732E-03   0.548844878E-02   0.626475504E-02   0.408101769E-03
   0.205438861E-03   0.372503768E-02   0.443877885E-02   0.306667265E-03
   0.140428092E-03   0.241592224E-02   0.293478346E-02   0.213230596E-03
   0.891526433E-04   0.148858747E-02   0.178310147E-02   0.133732276E-03
   0.522422015E-04   0.868315285E-03   0.982742407E-03   0.761516785E-04
   0.286071063E-04   0.484916440E-03   0.494306849E-03   0.388650951E-04
   0.134611828E-04   0.253328151E-03   0.195608780E-03   0.146451666E-04
   0.545683179E-05   0.130547691E-03   0.541993504E-04   0.325731776E-05
   0.189625155E-05   0.749120445E-04   0.847859610E-05   0.220533892E-06
   0.120559730E-05   0.562691821E-04   0.188830345E-04   0.239735255E-05
   0.160793343E-05   0.528656419E-04   0.454455112E-04   0.594262747E-05
   0.202442925E-05   0.499154739E-04   0.640160579E-04   0.858755993E-05
   0.226919042E-05   0.467617174E-04   0.733693450E-04   0.101313417E-04
   0.226320276E-05   0.413639609E-04   0.722227487E-04   0.100024381E-04
   0.192746938E-05   0.329890681E-04   0.607856055E-04   0.860820546E-05
   0.155250882E-05   0.256511012E-04   0.499063317E-04   0.731847604E-05
   0.114290458E-05   0.180917032E-04   0.359047444E-04   0.524227926E-05
   0.651636583E-06   0.103730845E-04   0.208380425E-04   0.320596018E-05
   0.480251856E-06   0.742444627E-05   0.150964743E-04   0.231711647E-05
   0.182163106E-06   0.302133640E-05   0.600689009E-05   0.103739671E-05
   0.736309644E-07   0.118971673E-05   0.237161748E-05   0.396473013E-06
   0.187581186E-07   0.356035287E-06   0.668320013E-06   0.143904572E-06
   0.424314672E-08   0.104231859E-06   0.160925325E-06   0.480178457E-07
   0.172289241E-07   0.200702615E-06   0.368723136E-06   0.692957656E-07
   0.918140852E-08   0.105485498E-06   0.261583779E-06   0.377681459E-07
   0.323588658E-07   0.418279143E-06   0.876631645E-06   0.145375935E-06
   0.223679919E-07   0.327228747E-06   0.670908832E-06   0.149268558E-06
   0.149493662E-07   0.202354599E-06   0.446758492E-06   0.728727514E-07
   0.429299511E-07   0.657274370E-06   0.143461557E-05   0.265656354E-06
   0.218572662E-07   0.367551763E-06   0.750956360E-06   0.169827942E-06
   0.142580676E-07   0.267446893E-06   0.399984799E-06   0.149309571E-06
   0.117576962E-07   0.201606412E-06   0.138161080E-09   0.143483760E-06
   0.263635744E-07   0.514001329E-06   0.829271357E-06   0.275590139E-06
   0.558715634E-07   0.444711759E-06  -0.121373034E-05   0.337611851E-06
   0.115007204E-07   0.151150971E-06  -0.275127718E-06   0.122745362E-06
   0.433584120E-07   0.338726466E-06  -0.738494123E-06   0.245371496E-06
   0.607598452E-07   0.410610795E-06  -0.145773924E-05   0.284880940E-06
   0.496662480E-07   0.277502835E-06  -0.111907741E-05   0.184363159E-06
   0.169801062E-07   0.105507226E-06  -0.400465524E-06   0.740223669E-07
   0.485285874E-07   0.268152803E-06  -0.106426558E-05   0.183338472E-06
   0.106550502E-07   0.513965119E-07  -0.203832926E-06   0.334816441E-07
   0.136192364E-07   0.941973965E-07  -0.283322862E-06   0.586762496E-07
   0.102049578E-07   0.598586141E-07  -0.214446104E-06   0.381269061E-07
   0.549700481E-07   0.352366499E-06  -0.120677350E-05   0.241300711E-06
   0.294836099E-06   0.167577161E-05  -0.628591442E-05   0.105279560E-05
   0.452402304E-06   0.246583659E-05  -0.931252271E-05   0.146995217E-05
   0.100638670E-05   0.528885539E-05  -0.202502742E-04   0.305737262E-05
   0.199282840E-05   0.101538490E-04  -0.392886177E-04   0.574409569E-05
   0.282567930E-05   0.140813981E-04  -0.545022485E-04   0.792333776E-05
   0.399931378E-05   0.195230696E-04  -0.747701342E-04   0.106730022E-04
   0.510305472E-05   0.243027589E-04  -0.908150832E-04   0.123762275E-04
   0.617520436E-05   0.287220391E-04  -0.103616418E-03   0.138819541E-04
   0.713608279E-05   0.324182874E-04  -0.109329507E-03   0.144280511E-04
   0.737139726E-05   0.323870991E-04  -0.942964034E-04   0.120026352E-04
   0.677257276E-05   0.280915829E-04  -0.569138283E-04   0.741910253E-05
   0.740356290E-05   0.279859196E-04  -0.241643211E-04   0.303802653E-05
   0.106146972E-04   0.369935260E-04  -0.115019757E-04   0.171146326E-05
   0.202537612E-04   0.678577562E-04  -0.700361343E-04   0.793535037E-05
   0.404880666E-04   0.134932459E-03  -0.233126979E-03   0.244101011E-04
   0.797864850E-04   0.266353542E-03  -0.600333151E-03   0.591062817E-04
   0.148680367E-03   0.495665125E-03  -0.127126311E-02   0.119228222E-03
   0.250960147E-03   0.834598846E-03  -0.220402027E-02   0.196175009E-03
   0.403696031E-03   0.133905967E-02  -0.354957674E-02   0.299213047E-03
   0.609890616E-03   0.202221028E-02  -0.520058861E-02   0.413704925E-03
   0.883215689E-03   0.293409918E-02  -0.719301216E-02   0.538899971E-03
   0.122813357E-02   0.410021003E-02  -0.941177551E-02   0.661768601E-03
   0.164739415E-02   0.554623548E-02  -0.117043601E-01   0.772552681E-03
   0.214416906E-02   0.730215339E-02  -0.139424484E-01   0.856594939E-03
   0.272345007E-02   0.939632952E-02  -0.160378236E-01   0.913235359E-03
   0.337485643E-02   0.118120685E-01  -0.177141856E-01   0.927614747E-03
   0.409176433E-02   0.145237911E-01  -0.188324116E-01   0.894289697E-03
   0.485843187E-02   0.174660645E-01  -0.192165375E-01   0.808923447E-03
   0.564170768E-02   0.205001365E-01  -0.186076220E-01   0.673512346E-03
   0.640882971E-02   0.234786775E-01  -0.169317555E-01   0.505015894E-03
   0.710179145E-02   0.261665154E-01  -0.140992450E-01   0.323679415E-03
   0.765870837E-02   0.283187367E-01  -0.101536410E-01   0.158278097E-03
   0.802102964E-02   0.297149494E-01  -0.532066962E-02   0.419959142E-04
   0.814877730E-02   0.302026290E-01  -0.113722942E-07   0.000000000E+00
