   0.151285564E-02   0.249591365E+00   0.181932585E-07   0.000000000E+00
   0.152856868E-02   0.246016562E+00   0.165769402E-01   0.115891373E-03
   0.157144340E-02   0.235909313E+00   0.318786949E-01   0.440637057E-03
   0.163105002E-02   0.220022067E+00   0.447363704E-01   0.911333482E-03
   0.169326866E-02   0.199936837E+00   0.545223504E-01   0.144828216E-02
   0.174065086E-02   0.177173451E+00   0.608299784E-01   0.196360354E-02
   0.175723131E-02   0.153305262E+00   0.636081025E-01   0.240721623E-02
   0.173499575E-02   0.129738048E+00   0.634606779E-01   0.271534454E-02
   0.166379975E-02   0.107361443E+00   0.605267026E-01   0.287529710E-02
   0.154847256E-02   0.869896263E-01   0.556464568E-01   0.288398517E-02
   0.139228185E-02   0.689319894E-01   0.492222458E-01   0.277288677E-02
   0.121128757E-02   0.534803011E-01   0.421392769E-01   0.253681419E-02
   0.101539702E-02   0.405375436E-01   0.347571559E-01   0.223975745E-02
   0.815841428E-03   0.299325325E-01   0.274409968E-01   0.185865804E-02
   0.633522868E-03   0.215694178E-01   0.209648721E-01   0.150883687E-02
   0.465500023E-03   0.150193172E-01   0.150664980E-01   0.113612623E-02
   0.324209919E-03   0.100847045E-01   0.101860203E-01   0.807990727E-03
   0.216753018E-03   0.658350298E-02   0.658804225E-02   0.543091446E-03
   0.133160080E-03   0.409073243E-02   0.381220970E-02   0.317294674E-03
   0.755495566E-04   0.243657082E-02   0.196499913E-02   0.166422571E-03
   0.378065379E-04   0.138642010E-02   0.805048214E-03   0.652589079E-04
   0.173429744E-04   0.789982558E-03   0.252914964E-03   0.169413870E-04
   0.802754403E-05   0.474949367E-03   0.717826042E-04   0.383316365E-05
   0.413820590E-05   0.326246198E-03   0.588454786E-04   0.766851372E-05
   0.411086967E-05   0.258178014E-03   0.139283729E-03   0.193138640E-04
   0.498209056E-05   0.229733021E-03   0.229618920E-03   0.325622132E-04
   0.642229634E-05   0.230923091E-03   0.325992500E-03   0.469104089E-04
   0.609897506E-05   0.190134742E-03   0.310794247E-03   0.443688259E-04
   0.593828145E-05   0.169660940E-03   0.309714989E-03   0.460611409E-04
   0.517106218E-05   0.139109092E-03   0.269690383E-03   0.406913823E-04
   0.420850347E-05   0.107140695E-03   0.214218060E-03   0.320730505E-04
   0.303592014E-05   0.763560529E-04   0.157032700E-03   0.244387575E-04
   0.200136287E-05   0.480263370E-04   0.100598809E-03   0.151202830E-04
   0.137405038E-05   0.327365415E-04   0.698392469E-04   0.107506758E-04
   0.630479178E-06   0.152830962E-04   0.328647511E-04   0.522621576E-05
   0.327989085E-06   0.743721921E-05   0.159851897E-04   0.234145318E-05
   0.147819648E-06   0.284526368E-05   0.571343435E-05   0.694766300E-06
   0.502101081E-07   0.717170508E-06   0.109928339E-05   0.803817741E-07
   0.290314670E-07   0.193633582E-06  -0.475004583E-06   0.343708062E-08
   0.131078970E-07   0.191194204E-06   0.721446156E-07   0.105205153E-06
   0.273436722E-07   0.618358001E-06   0.153056217E-07   0.447050695E-06
   0.622483896E-07   0.128626107E-05   0.245361292E-06   0.884822896E-06
   0.387610797E-07   0.127427393E-05   0.517888054E-06   0.936009087E-06
   0.670876616E-07   0.211333395E-05   0.256041153E-05   0.136477115E-05
   0.119589515E-06   0.247817525E-05  -0.195992584E-05   0.187763953E-05
   0.174065661E-06   0.353647170E-05   0.983015070E-06   0.236537562E-05
   0.972260210E-07   0.196798919E-05  -0.232997195E-05   0.153034023E-05
   0.117391764E-06   0.222374410E-05  -0.187512103E-05   0.165217318E-05
   0.153053648E-06   0.236874143E-05  -0.561925481E-05   0.183880525E-05
   0.158717874E-07   0.427879428E-06  -0.588187959E-06   0.351329419E-06
   0.390497341E-07   0.789135015E-06   0.869168048E-06   0.465301042E-06
   0.370858686E-07   0.628642567E-06   0.155673592E-05   0.211782890E-06
   0.201558130E-07   0.135320377E-06  -0.608332797E-07   0.329389938E-08
   0.570094336E-07   0.433464038E-06  -0.157062414E-05   0.138737718E-06
   0.325957217E-06   0.300018564E-05  -0.110570563E-04   0.151104905E-05
   0.794378252E-06   0.774228647E-05  -0.280245749E-04   0.420218976E-05
   0.155008684E-05   0.152079956E-04  -0.552951205E-04   0.850825472E-05
   0.239381757E-05   0.234161907E-04  -0.850157885E-04   0.132380210E-04
   0.367945040E-05   0.357022036E-04  -0.128854794E-03   0.200225331E-04
   0.594412631E-05   0.567499446E-04  -0.204890137E-03   0.316726364E-04
   0.815840485E-05   0.769175749E-04  -0.271762488E-03   0.405508581E-04
   0.995910159E-05   0.928727095E-04  -0.318804057E-03   0.469798470E-04
   0.122206538E-04   0.112425907E-03  -0.369468791E-03   0.531273799E-04
   0.136125918E-04   0.122742567E-03  -0.377879187E-03   0.538641107E-04
   0.142558565E-04   0.126257015E-03  -0.336567144E-03   0.469917031E-04
   0.159371884E-04   0.137159775E-03  -0.290044409E-03   0.386705578E-04
   0.160810323E-04   0.131090419E-03  -0.153236615E-03   0.204999888E-04
   0.205530032E-04   0.159161966E-03  -0.643602252E-04   0.935337357E-05
   0.319293758E-04   0.232334845E-03  -0.725883074E-04   0.963644288E-05
   0.572943645E-04   0.402917794E-03  -0.315073063E-03   0.363117688E-04
   0.105582636E-03   0.729876163E-03  -0.941824634E-03   0.102630314E-03
   0.189910003E-03   0.130056846E-02  -0.218544342E-02   0.230518301E-03
   0.323925196E-03   0.220895908E-02  -0.421670265E-02   0.422045647E-03
   0.517655455E-03   0.351829338E-02  -0.701111555E-02   0.674241688E-03
   0.790767546E-03   0.537346303E-02  -0.107842898E-01   0.986017403E-03
   0.116058509E-02   0.790125504E-02  -0.155799231E-01   0.135713909E-02
   0.163612678E-02   0.111887772E-01  -0.211670380E-01   0.175870233E-02
   0.223291153E-02   0.153914355E-01  -0.274672285E-01   0.215959153E-02
   0.295274029E-02   0.205736160E-01  -0.340254754E-01   0.253087725E-02
   0.380067644E-02   0.268335957E-01  -0.405309498E-01   0.283446210E-02
   0.478223898E-02   0.342594981E-01  -0.467289053E-01   0.305661978E-02
   0.586634502E-02   0.427069850E-01  -0.516011231E-01   0.314790499E-02
   0.707097538E-02   0.522708222E-01  -0.554603226E-01   0.312727783E-02
   0.834838767E-02   0.626209453E-01  -0.572985150E-01   0.293485634E-02
   0.967838056E-02   0.735165700E-01  -0.570207834E-01   0.259063486E-02
   0.110097462E-01   0.844802335E-01  -0.542275533E-01   0.211461633E-02
   0.122639369E-01   0.948426351E-01  -0.484274402E-01   0.155121274E-02
   0.133664934E-01   0.103957713E+00  -0.396291316E-01   0.978383818E-03
   0.142341061E-01   0.111106239E+00  -0.281771850E-01   0.472058455E-03
   0.147927739E-01   0.115694970E+00  -0.146710202E-01   0.124145779E-03
   0.149842808E-01   0.117253169E+00  -0.358585872E-07   0.000000000E+00
