   0.173578609E-02   0.838128567E+00   0.000000000E+00   0.000000000E+00
   0.174724439E-02   0.832406163E+00   0.554899834E-01   0.348088914E-03
   0.178991770E-02   0.816052794E+00   0.109086506E+00   0.136988272E-02
   0.184969313E-02   0.789347172E+00   0.158721566E+00   0.296766637E-02
   0.191786385E-02   0.753666461E+00   0.202323437E+00   0.500962278E-02
   0.199856120E-02   0.711017251E+00   0.239470795E+00   0.742920907E-02
   0.206534844E-02   0.662436604E+00   0.268182904E+00   0.990827009E-02
   0.212810468E-02   0.610364735E+00   0.289832294E+00   0.123756723E-01
   0.216853316E-02   0.556183696E+00   0.303225636E+00   0.147298938E-01
   0.218170788E-02   0.501454234E+00   0.308837652E+00   0.168816466E-01
   0.215974194E-02   0.447224677E+00   0.306941390E+00   0.185363088E-01
   0.211157906E-02   0.395305455E+00   0.299808711E+00   0.196712222E-01
   0.203060615E-02   0.345886409E+00   0.287021339E+00   0.203977264E-01
   0.192461943E-02   0.299943537E+00   0.270368963E+00   0.207289606E-01
   0.179277372E-02   0.257646561E+00   0.250385463E+00   0.204040986E-01
   0.163434970E-02   0.218613222E+00   0.226840839E+00   0.196727999E-01
   0.147603347E-02   0.184172630E+00   0.203654215E+00   0.188247636E-01
   0.130139256E-02   0.153237551E+00   0.178776920E+00   0.172776803E-01
   0.112946145E-02   0.125945106E+00   0.154337689E+00   0.158121251E-01
   0.958911027E-03   0.102151848E+00   0.130508319E+00   0.139691019E-01
   0.800446549E-03   0.818326548E-01   0.108502738E+00   0.121011604E-01
   0.656586315E-03   0.647250265E-01   0.886716545E-01   0.102669895E-01
   0.520745351E-03   0.500077866E-01   0.700226650E-01   0.842336658E-02
   0.407543790E-03   0.381060727E-01   0.544433892E-01   0.678003393E-02
   0.308546500E-03   0.283168685E-01   0.408764780E-01   0.526669947E-02
   0.232024890E-03   0.209465176E-01   0.305245183E-01   0.398757961E-02
   0.162259588E-03   0.146382889E-01   0.209902655E-01   0.281511783E-02
   0.112317444E-03   0.101323137E-01   0.142477257E-01   0.193581649E-02
   0.735501453E-04   0.672607264E-02   0.903695822E-02   0.124113145E-02
   0.469572697E-04   0.441767974E-02   0.557007361E-02   0.769576116E-03
   0.275755829E-04   0.274836225E-02   0.303511880E-02   0.410197332E-03
   0.149375728E-04   0.170757866E-02   0.150157092E-02   0.205806835E-03
   0.786158580E-05   0.107343728E-02   0.671764137E-03   0.956570075E-04
   0.367050620E-05   0.735612120E-03   0.273150275E-03   0.680630401E-04
   0.194858967E-05   0.583464920E-03   0.179632756E-03   0.824311282E-04
   0.155192004E-05   0.551783596E-03   0.263316848E-03   0.118066258E-03
   0.196777592E-05   0.572402787E-03   0.397207565E-03   0.193491171E-03
   0.297406245E-05   0.669197354E-03   0.618215592E-03   0.284278940E-03
   0.358338343E-05   0.697125797E-03   0.692018890E-03   0.348788075E-03
   0.412126474E-05   0.738385541E-03   0.813202350E-03   0.388013752E-03
   0.480270273E-05   0.770610524E-03   0.820264162E-03   0.452076696E-03
   0.496295070E-05   0.770663144E-03   0.766714453E-03   0.485837169E-03
   0.501242357E-05   0.740539166E-03   0.586991606E-03   0.510853948E-03
   0.499601674E-05   0.719649426E-03   0.475636160E-03   0.519234804E-03
   0.516887985E-05   0.685605453E-03   0.251637393E-03   0.525553129E-03
   0.587515842E-05   0.717081944E-03   0.207669931E-03   0.557704188E-03
   0.585785347E-05   0.661986065E-03  -0.115096635E-03   0.537530053E-03
   0.633506534E-05   0.667696761E-03  -0.204205877E-03   0.545100716E-03
   0.670466079E-05   0.634856231E-03  -0.442322140E-03   0.517458597E-03
   0.633384616E-05   0.580523687E-03  -0.503019313E-03   0.466180238E-03
   0.614168448E-05   0.541098649E-03  -0.535108848E-03   0.423903373E-03
   0.633906984E-05   0.514412648E-03  -0.637039309E-03   0.376409938E-03
   0.546629826E-05   0.438624789E-03  -0.545680232E-03   0.295569014E-03
   0.495005406E-05   0.403296202E-03  -0.410617184E-03   0.260903762E-03
   0.439894757E-05   0.340329745E-03  -0.306770729E-03   0.177068941E-03
   0.429091870E-05   0.309546536E-03  -0.195251574E-03   0.122385900E-03
   0.503156252E-05   0.304786314E-03  -0.144565463E-03   0.744577992E-04
   0.742640032E-05   0.366373977E-03  -0.208735277E-03   0.503610063E-04
   0.128603624E-04   0.566913397E-03  -0.590677606E-03   0.955655341E-04
   0.227155324E-04   0.913960219E-03  -0.135519053E-02   0.190228675E-03
   0.389697561E-04   0.151102047E-02  -0.270481082E-02   0.375807984E-03
   0.635633332E-04   0.242388062E-02  -0.479805935E-02   0.668013061E-03
   0.970129622E-04   0.368592096E-02  -0.762481056E-02   0.106526481E-02
   0.145580474E-03   0.551077863E-02  -0.117648989E-01   0.163260789E-02
   0.210005150E-03   0.800884794E-02  -0.172723103E-01   0.233808043E-02
   0.290516473E-03   0.110886628E-01  -0.238458067E-01   0.316660665E-02
   0.396414718E-03   0.151382070E-01  -0.323909968E-01   0.422116881E-02
   0.518621819E-03   0.199262872E-01  -0.417580828E-01   0.531855552E-02
   0.673570205E-03   0.261231568E-01  -0.535691679E-01   0.658041378E-02
   0.850182842E-03   0.333219394E-01  -0.662807524E-01   0.785442814E-02
   0.105716428E-02   0.420452021E-01  -0.806951895E-01   0.917510595E-02
   0.128411176E-02   0.519676954E-01  -0.954174697E-01   0.104143433E-01
   0.153014273E-02   0.632669255E-01  -0.110207543E+00   0.115185529E-01
   0.179969415E-02   0.762473270E-01  -0.125321478E+00   0.125644458E-01
   0.209497474E-02   0.912354738E-01  -0.140905842E+00   0.133524938E-01
   0.239336560E-02   0.107528090E+00  -0.154395655E+00   0.140702156E-01
   0.270131929E-02   0.125644818E+00  -0.166566819E+00   0.144045418E-01
   0.300874491E-02   0.145373553E+00  -0.176405191E+00   0.142962849E-01
   0.332494639E-02   0.167061388E+00  -0.184658840E+00   0.139212376E-01
   0.362841133E-02   0.189920619E+00  -0.189309210E+00   0.133333541E-01
   0.392442243E-02   0.214122280E+00  -0.190881029E+00   0.124031138E-01
   0.420272537E-02   0.238978297E+00  -0.188374743E+00   0.112476526E-01
   0.447034650E-02   0.264364660E+00  -0.182610825E+00   0.967160985E-02
   0.471366057E-02   0.289365381E+00  -0.172357231E+00   0.816374831E-02
   0.493300101E-02   0.313362122E+00  -0.157909691E+00   0.652932515E-02
   0.512590120E-02   0.335675120E+00  -0.139306262E+00   0.487549510E-02
   0.529071083E-02   0.355303556E+00  -0.117026217E+00   0.328520220E-02
   0.541997002E-02   0.371516049E+00  -0.909689441E-01   0.193579902E-02
   0.551788229E-02   0.383862972E+00  -0.624278001E-01   0.889357470E-03
   0.557511626E-02   0.391303182E+00  -0.317031071E-01   0.226753153E-03
   0.559574040E-02   0.393946320E+00  -0.796459929E-07   0.000000000E+00
