   0.132080738E-02   0.868816450E-01  -0.574738146E-09   0.000000000E+00
   0.131056807E-02   0.850164518E-01   0.691573182E-02   0.508863923E-04
   0.128020043E-02   0.797342062E-01   0.130228847E-01   0.187772646E-03
   0.123023312E-02   0.717622116E-01   0.176843591E-01   0.372308452E-03
   0.116055144E-02   0.621200800E-01   0.205778163E-01   0.554970815E-03
   0.107193412E-02   0.518373773E-01   0.217183810E-01   0.696509844E-03
   0.965693907E-03   0.417870432E-01   0.212969743E-01   0.778537069E-03
   0.844117138E-03   0.325720534E-01   0.196251310E-01   0.794531021E-03
   0.712384412E-03   0.245685782E-01   0.171105191E-01   0.755771878E-03
   0.576607708E-03   0.179011878E-01   0.140936170E-01   0.666165026E-03
   0.445418613E-03   0.125787333E-01   0.109660253E-01   0.554002821E-03
   0.327642920E-03   0.851687975E-02   0.807245262E-02   0.434461137E-03
   0.225382202E-03   0.549688144E-02   0.546995504E-02   0.310129719E-03
   0.144217469E-03   0.336763263E-02   0.338609517E-02   0.200814698E-03
   0.855280960E-04   0.195502094E-02   0.189761282E-02   0.116520387E-03
   0.455436966E-04   0.106159726E-02   0.898501137E-03   0.556434679E-04
   0.220689890E-04   0.549058139E-03   0.352013158E-03   0.206997447E-04
   0.921772244E-05   0.273127196E-03   0.829652345E-04   0.349110928E-05
   0.410931762E-05   0.147969215E-03   0.196432211E-04   0.642075747E-06
   0.266801726E-05   0.992414498E-04   0.417056544E-04   0.428620615E-05
   0.286052546E-05   0.845834657E-04   0.916196150E-04   0.100791831E-04
   0.312320662E-05   0.750810141E-04   0.121444878E-03   0.136859226E-04
   0.306469337E-05   0.648933274E-04   0.127807361E-03   0.147402225E-04
   0.248718857E-05   0.492848303E-04   0.107124688E-03   0.127693638E-04
   0.201374837E-05   0.379071826E-04   0.879395520E-04   0.106705838E-04
   0.117261743E-05   0.215045020E-04   0.511902144E-04   0.632626097E-05
   0.841860924E-06   0.151629110E-04   0.374677475E-04   0.474796752E-05
   0.312340092E-06   0.575206241E-05   0.141645596E-04   0.189212005E-05
   0.120885232E-06   0.234503864E-05   0.582144867E-05   0.841971087E-06
   0.316940039E-07   0.646801936E-06   0.148377217E-05   0.237852916E-06
   0.186939264E-08   0.421450324E-07   0.708952186E-07   0.148945736E-07
   0.211230695E-07   0.304873055E-06   0.754043413E-06   0.110752907E-06
   0.465011922E-07   0.664105926E-06   0.144129808E-05   0.244021066E-06
   0.180618169E-07   0.165590947E-06   0.206687460E-06   0.411303134E-07
   0.352964165E-07   0.502977969E-06   0.130585454E-05   0.174562345E-06
   0.463902161E-07   0.712513156E-06   0.208697634E-05   0.260418375E-06
   0.370811328E-07   0.377026339E-06   0.573578859E-06   0.112035664E-06
   0.465858676E-07   0.734563912E-06   0.211762153E-05   0.278792669E-06
   0.106671552E-07   0.104513951E-06   0.258857511E-06   0.243243292E-07
   0.134698599E-07   0.142068743E-06   0.276514555E-06   0.427857785E-07
   0.528988808E-08   0.302409049E-07  -0.521217345E-07   0.718452853E-08
   0.127608599E-07   0.153472669E-06   0.338068190E-06   0.528895292E-07
   0.100463404E-08   0.106514291E-07  -0.351405980E-07   0.745375495E-08
   0.179630644E-08   0.215334133E-07  -0.674805065E-07   0.166981771E-07
   0.403828571E-08   0.433069438E-07   0.234382647E-07   0.182032966E-07
   0.182561521E-09   0.911790465E-08   0.142185486E-08   0.698733027E-08
   0.180705423E-09   0.325963678E-08   0.851615134E-08   0.143106027E-08
   0.927390720E-09   0.273894312E-07   0.521303534E-07   0.160126845E-07
   0.413607548E-08   0.511058751E-07   0.122971841E-06   0.171539938E-07
   0.669351996E-08   0.437009895E-07  -0.207154088E-06   0.269151226E-07
   0.308948813E-07   0.241099514E-06  -0.833091576E-06   0.136426380E-06
   0.210686277E-07   0.142766197E-06  -0.614223381E-06   0.794220227E-07
   0.268454023E-07   0.184200033E-06  -0.844313604E-06   0.108657268E-06
   0.698990164E-07   0.505464129E-06  -0.229108582E-05   0.312762381E-06
   0.665645672E-07   0.470226638E-06  -0.199936426E-05   0.269963039E-06
   0.634651087E-07   0.460024125E-06  -0.221466939E-05   0.300636287E-06
   0.918166592E-07   0.658007309E-06  -0.316735805E-05   0.426497081E-06
   0.802999551E-07   0.580486812E-06  -0.279025699E-05   0.380437172E-06
   0.433358629E-07   0.314926666E-06  -0.120013442E-05   0.170094822E-06
   0.421403090E-08   0.247181777E-07  -0.123378939E-06   0.146596637E-07
   0.137412703E-07   0.131740123E-06  -0.444574539E-06   0.974025340E-07
   0.880983606E-07   0.667056895E-06  -0.295436780E-05   0.452891470E-06
   0.357690027E-06   0.248650235E-05  -0.115480971E-04   0.156554802E-05
   0.895554251E-06   0.597313647E-05  -0.280946770E-04   0.364041307E-05
   0.147440085E-05   0.954338066E-05  -0.444866673E-04   0.557086196E-05
   0.257396687E-05   0.161625303E-04  -0.753036511E-04   0.926386201E-05
   0.460529191E-05   0.277210784E-04  -0.128186846E-03   0.149145562E-04
   0.654937639E-05   0.380565434E-04  -0.170853324E-03   0.191561703E-04
   0.708305834E-05   0.393560695E-04  -0.163690143E-03   0.179157414E-04
   0.875811475E-05   0.462006974E-04  -0.168542814E-03   0.177530655E-04
   0.999500935E-05   0.489026643E-04  -0.132429297E-03   0.136131384E-04
   0.114056775E-04   0.498710215E-04  -0.556493724E-04   0.548652724E-05
   0.178180835E-04   0.725332939E-04  -0.294611127E-04   0.315211696E-05
   0.344669861E-04   0.138582429E-03  -0.119052056E-03   0.111962354E-04
   0.719456730E-04   0.292299083E-03  -0.489074213E-03   0.423121492E-04
   0.140762175E-03   0.574392441E-03  -0.121170154E-02   0.989409091E-04
   0.259951456E-03   0.106096559E-02  -0.249975082E-02   0.192672363E-03
   0.446350547E-03   0.181711919E-02  -0.439414801E-02   0.319898449E-03
   0.718592026E-03   0.291759497E-02  -0.689031370E-02   0.472047715E-03
   0.109418377E-02   0.443822006E-02  -0.987966638E-02   0.636531098E-03
   0.159500050E-02   0.647704536E-02  -0.132975401E-01   0.802764553E-03
   0.222048000E-02   0.904744677E-02  -0.166230425E-01   0.938872108E-03
   0.299169472E-02   0.122457445E-01  -0.198386591E-01   0.103965250E-02
   0.389297795E-02   0.160169713E-01  -0.223583113E-01   0.107362482E-02
   0.491938042E-02   0.203272775E-01  -0.240386631E-01   0.103698566E-02
   0.602113176E-02   0.249576829E-01  -0.242866203E-01   0.914884615E-03
   0.714327116E-02   0.296518747E-01  -0.228888430E-01   0.718972762E-03
   0.819664821E-02   0.340223014E-01  -0.196390506E-01   0.478410919E-03
   0.906776451E-02   0.376095511E-01  -0.144585259E-01   0.240929759E-03
   0.964718405E-02   0.399788544E-01  -0.769144436E-02   0.651058290E-04
   0.985106826E-02   0.408114158E-01  -0.155007349E-07   0.000000000E+00
