   0.550286733E-01   0.371584743E+00   0.846124448E-09   0.000000000E+00
   0.547295287E-01   0.369846314E+00   0.325494334E-01   0.230426129E-03
   0.538903289E-01   0.364961296E+00   0.638446584E-01   0.900979794E-03
   0.524761267E-01   0.356341243E+00   0.926640257E-01   0.196970510E-02
   0.506570563E-01   0.345534861E+00   0.118156314E+00   0.333761424E-02
   0.484658331E-01   0.331958771E+00   0.139632821E+00   0.490755029E-02
   0.459794179E-01   0.316195458E+00   0.156673789E+00   0.661470043E-02
   0.433186479E-01   0.299112856E+00   0.169218555E+00   0.829373393E-02
   0.405589454E-01   0.280869126E+00   0.177452564E+00   0.986135192E-02
   0.377724655E-01   0.261656612E+00   0.181747004E+00   0.113279177E-01
   0.350138843E-01   0.242307857E+00   0.182495028E+00   0.124924751E-01
   0.323145278E-01   0.222924471E+00   0.180199951E+00   0.134551618E-01
   0.297002923E-01   0.203903720E+00   0.175282866E+00   0.141912401E-01
   0.271923505E-01   0.185355768E+00   0.168319210E+00   0.146299163E-01
   0.248199888E-01   0.167477295E+00   0.159909740E+00   0.148661081E-01
   0.225802474E-01   0.150469109E+00   0.150410816E+00   0.148572354E-01
   0.204655938E-01   0.134533554E+00   0.140102163E+00   0.145088155E-01
   0.184716731E-01   0.119618043E+00   0.129305407E+00   0.139691159E-01
   0.166122168E-01   0.105727002E+00   0.118407689E+00   0.134324012E-01
   0.148662636E-01   0.929416791E-01   0.107449502E+00   0.126432944E-01
   0.132267326E-01   0.811234638E-01   0.965569392E-01   0.118173808E-01
   0.117345490E-01   0.705696270E-01   0.863800272E-01   0.108338045E-01
   0.103343660E-01   0.609449744E-01   0.764108077E-01   0.979313254E-02
   0.904757343E-02   0.522537902E-01   0.670335069E-01   0.883239135E-02
   0.790521502E-02   0.446282849E-01   0.585782267E-01   0.787348486E-02
   0.682741776E-02   0.377489962E-01   0.504426025E-01   0.690566795E-02
   0.587091781E-02   0.317526422E-01   0.431309156E-01   0.596198253E-02
   0.499220705E-02   0.264299754E-01   0.363388285E-01   0.504680444E-02
   0.422421843E-02   0.218178220E-01   0.303737558E-01   0.426259777E-02
   0.356285018E-02   0.179290250E-01   0.252598040E-01   0.354284910E-02
   0.296615437E-02   0.145451622E-01   0.206200890E-01   0.287152478E-02
   0.246173539E-02   0.117189297E-01   0.167268869E-01   0.230129715E-02
   0.201512105E-02   0.929757394E-02   0.132909724E-01   0.181722885E-02
   0.163758197E-02   0.729388744E-02   0.104227485E-01   0.140547613E-02
   0.131113443E-02   0.562084280E-02   0.794660952E-02   0.104219140E-02
   0.105455774E-02   0.434749061E-02   0.609714771E-02   0.773051288E-03
   0.821561960E-03   0.320995785E-02   0.439290935E-02   0.542858033E-03
   0.640571176E-03   0.238575717E-02   0.315279048E-02   0.367306144E-03
   0.489760190E-03   0.170277746E-02   0.214206218E-02   0.238537919E-03
   0.375492295E-03   0.120611023E-02   0.142497243E-02   0.147678293E-03
   0.285815942E-03   0.826046977E-03   0.913746597E-03   0.922771214E-04
   0.212691171E-03   0.539317378E-03   0.503411808E-03   0.436457049E-04
   0.164449666E-03   0.343731488E-03   0.279424625E-03   0.232413695E-04
   0.125985884E-03   0.208406142E-03   0.982755737E-04   0.137517600E-05
   0.102995000E-03   0.122888043E-03  -0.177471702E-04  -0.126507275E-04
   0.955102150E-04   0.798687033E-04  -0.624508612E-04  -0.199165879E-04
   0.955912983E-04   0.763351854E-04  -0.125227394E-03  -0.328881251E-04
   0.111964568E-03   0.105809762E-03  -0.210251892E-03  -0.420067154E-04
   0.137116789E-03   0.147088344E-03  -0.289965566E-03  -0.496807334E-04
   0.184249875E-03   0.257029576E-03  -0.510388869E-03  -0.535051804E-04
   0.234985477E-03   0.387645385E-03  -0.721254677E-03  -0.623170199E-04
   0.318345963E-03   0.596676720E-03  -0.115016301E-02  -0.498839327E-04
   0.409610337E-03   0.833083875E-03  -0.160966883E-02  -0.364256775E-04
   0.527313910E-03   0.115920405E-02  -0.223926664E-02  -0.101881587E-04
   0.672243070E-03   0.157422130E-02  -0.305663119E-02   0.396451214E-04
   0.858316314E-03   0.211446313E-02  -0.414910819E-02   0.120743854E-03
   0.107287837E-02   0.274922559E-02  -0.541678630E-02   0.229281097E-03
   0.132318086E-02   0.352599472E-02  -0.689906860E-02   0.357546087E-03
   0.162158080E-02   0.450995658E-02  -0.869399961E-02   0.506575743E-03
   0.196903385E-02   0.567254098E-02  -0.107862726E-01   0.692850037E-03
   0.236419332E-02   0.701546576E-02  -0.131650148E-01   0.937618141E-03
   0.282129063E-02   0.860479288E-02  -0.159014985E-01   0.121184532E-02
   0.330358371E-02   0.104027605E-01  -0.187174119E-01   0.147890404E-02
   0.388030498E-02   0.125662144E-01  -0.221023969E-01   0.175814168E-02
   0.447878661E-02   0.149421971E-01  -0.255197790E-01   0.207838928E-02
   0.514915818E-02   0.177026168E-01  -0.293196589E-01   0.238174526E-02
   0.586007861E-02   0.207970012E-01  -0.332573354E-01   0.266756094E-02
   0.662727002E-02   0.242462493E-01  -0.374639891E-01   0.301947212E-02
   0.743828155E-02   0.281577017E-01  -0.418040715E-01   0.326452637E-02
   0.828341767E-02   0.325191319E-01  -0.461894795E-01   0.338494009E-02
   0.915192254E-02   0.372512490E-01  -0.506484061E-01   0.369567680E-02
   0.100297136E-01   0.425360799E-01  -0.549200065E-01   0.370730762E-02
   0.109125106E-01   0.482562222E-01  -0.591444820E-01   0.388149451E-02
   0.117879706E-01   0.544810519E-01  -0.631327182E-01   0.389614189E-02
   0.126298927E-01   0.611960627E-01  -0.667051226E-01   0.383743970E-02
   0.134457303E-01   0.684446543E-01  -0.699356198E-01   0.373106496E-02
   0.142137613E-01   0.762099624E-01  -0.726487413E-01   0.352592394E-02
   0.149071142E-01   0.843936279E-01  -0.746435076E-01   0.334405922E-02
   0.155499466E-01   0.930421725E-01  -0.760298371E-01   0.306587503E-02
   0.160957593E-01   0.101915613E+00  -0.763956904E-01   0.271727028E-02
   0.165490527E-01   0.111045882E+00  -0.758371875E-01   0.243319664E-02
   0.169006791E-01   0.120292105E+00  -0.740962252E-01   0.213528378E-02
   0.171756037E-01   0.129455104E+00  -0.710469335E-01   0.175295258E-02
   0.173490494E-01   0.138367340E+00  -0.666333064E-01   0.141642429E-02
   0.174576510E-01   0.146826237E+00  -0.607860424E-01   0.106562348E-02
   0.174754187E-01   0.154401198E+00  -0.534668863E-01   0.768065976E-03
   0.174518470E-01   0.161128819E+00  -0.447725467E-01   0.513589242E-03
   0.174277723E-01   0.166739315E+00  -0.348310322E-01   0.291752978E-03
   0.173745751E-01   0.170958564E+00  -0.238484219E-01   0.135480048E-03
   0.173511095E-01   0.173394203E+00  -0.121186245E-01   0.329180184E-04
   0.173312072E-01   0.174270436E+00  -0.326671525E-07   0.000000000E+00
