   0.964616309E-03   0.678093731E-01  -0.378530818E-09   0.000000000E+00
   0.960752135E-03   0.663692057E-01   0.561456708E-02   0.400460012E-04
   0.948061584E-03   0.622622035E-01   0.105645470E-01   0.147964733E-03
   0.924685446E-03   0.560652167E-01   0.143398521E-01   0.292441371E-03
   0.888746581E-03   0.486009456E-01   0.167367887E-01   0.438324787E-03
   0.836756895E-03   0.406219698E-01   0.176511221E-01   0.552957412E-03
   0.768118713E-03   0.328112990E-01   0.173087884E-01   0.621114275E-03
   0.684071740E-03   0.256637242E-01   0.159998704E-01   0.637560966E-03
   0.586942246E-03   0.194303468E-01   0.139784422E-01   0.607451540E-03
   0.483830139E-03   0.142481048E-01   0.116158258E-01   0.545369170E-03
   0.379087025E-03   0.100678224E-01   0.907979347E-02   0.456380076E-03
   0.281391811E-03   0.684297690E-02   0.667660683E-02   0.356409699E-03
   0.196791152E-03   0.445448514E-02   0.459017465E-02   0.259321590E-03
   0.128619562E-03   0.276216306E-02   0.291621103E-02   0.173366556E-03
   0.776782763E-04   0.161980453E-02   0.167780987E-02   0.103655897E-03
   0.425061335E-04   0.890629890E-03   0.839474320E-03   0.528827004E-04
   0.200278118E-04   0.453093031E-03   0.320484687E-03   0.193134310E-04
   0.820072091E-05   0.222888935E-03   0.781654453E-04   0.346469074E-05
   0.357720160E-05   0.118928292E-03   0.184786459E-04   0.489117269E-06
   0.203983677E-05   0.765890218E-04   0.246111194E-04   0.247582875E-05
   0.204683442E-05   0.618118283E-04   0.557287931E-04   0.611987889E-05
   0.242998908E-05   0.574287842E-04   0.856282204E-04   0.966972220E-05
   0.244891248E-05   0.501438481E-04   0.928831432E-04   0.108712047E-04
   0.214574789E-05   0.401239740E-04   0.833237937E-04   0.989396176E-05
   0.175383320E-05   0.313425771E-04   0.699961529E-04   0.863324840E-05
   0.118140167E-05   0.203676882E-04   0.469413135E-04   0.588117518E-05
   0.691474042E-06   0.117394884E-04   0.276128048E-04   0.355869270E-05
   0.394996874E-06   0.659832176E-05   0.157536488E-04   0.206544064E-05
   0.130193243E-06   0.236181950E-05   0.559155296E-05   0.830233603E-06
   0.425090150E-07   0.744690965E-06   0.170566534E-05   0.248619614E-06
   0.428080860E-08   0.680621071E-07   0.135286484E-06   0.202195203E-07
   0.796626587E-08   0.100439784E-06   0.143275813E-06   0.425249453E-07
   0.115114505E-07   0.110296462E-06   0.171718412E-06   0.307100159E-07
   0.207816644E-07   0.254612758E-06   0.630914656E-06   0.799942228E-07
   0.401353830E-07   0.476514401E-06   0.968346285E-06   0.156657336E-06
   0.311269837E-07   0.295108094E-06   0.492479501E-06   0.802558517E-07
   0.322885292E-07   0.463906701E-06   0.129679472E-05   0.167871519E-06
   0.316679305E-07   0.398658784E-06   0.101125511E-05   0.132965795E-06
   0.219515908E-07   0.285615471E-06   0.815774797E-06   0.958643724E-07
   0.164970704E-07   0.191846695E-06   0.433944763E-06   0.633887822E-07
   0.930062427E-08   0.129645656E-06   0.348628276E-06   0.474326036E-07
   0.110577885E-07   0.939374516E-07   0.328716716E-07   0.330309717E-07
   0.108101341E-07   0.110653865E-06   0.117701703E-06   0.417355288E-07
   0.321560667E-09   0.218147767E-08  -0.256629096E-08   0.970954650E-09
   0.526863442E-08   0.375849183E-07  -0.165880337E-06   0.251561740E-07
   0.324576743E-08   0.343182620E-07  -0.118972764E-06   0.265270170E-07
   0.394412947E-08   0.497358492E-07   0.481242601E-07   0.226297416E-07
   0.535026601E-08   0.411037071E-07  -0.126489411E-06   0.239588864E-07
   0.169558607E-07   0.108778174E-06  -0.527662564E-06   0.726303995E-07
   0.128402684E-07   0.798872364E-07  -0.286525989E-06   0.410787564E-07
   0.562564617E-08   0.246305731E-07  -0.231118999E-07   0.875593709E-09
   0.467064787E-08   0.245954208E-07  -0.120613649E-06   0.135829650E-07
   0.368894106E-07   0.236380771E-06  -0.102955551E-05   0.141536447E-06
   0.910119908E-07   0.618830882E-06  -0.259027706E-05   0.381598909E-06
   0.435257625E-07   0.260953271E-06  -0.124629787E-05   0.156965342E-06
   0.751743059E-07   0.490143861E-06  -0.211289603E-05   0.295142570E-06
   0.872932020E-07   0.579123082E-06  -0.232903631E-05   0.335346897E-06
   0.722518934E-07   0.453503702E-06  -0.217366733E-05   0.292088487E-06
   0.217986109E-07   0.139855899E-06  -0.552814413E-06   0.771500694E-07
   0.502423303E-08   0.417987636E-07  -0.726717175E-07   0.212447109E-07
   0.186318445E-07   0.140479827E-06  -0.552246036E-06   0.991460638E-07
   0.666993358E-07   0.430461313E-06  -0.189277034E-05   0.274847054E-06
   0.395462990E-06   0.242697479E-05  -0.111736663E-04   0.152261350E-05
   0.725451116E-06   0.430954924E-05  -0.198236394E-04   0.260981687E-05
   0.161930052E-05   0.927379006E-05  -0.429829670E-04   0.544522982E-05
   0.315259081E-05   0.173872031E-04  -0.803728472E-04   0.967817141E-05
   0.429328020E-05   0.229740162E-04  -0.104532250E-03   0.123807531E-04
   0.556053237E-05   0.286017948E-04  -0.125441904E-03   0.142449398E-04
   0.693771244E-05   0.343024658E-04  -0.140746342E-03   0.156735714E-04
   0.756061627E-05   0.351970339E-04  -0.122490368E-03   0.130242133E-04
   0.813513725E-05   0.348247595E-04  -0.822691509E-04   0.862618435E-05
   0.991487286E-05   0.380611637E-04  -0.338888931E-04   0.360564400E-05
   0.162026154E-04   0.584047266E-04  -0.243577160E-04   0.264736582E-05
   0.326084664E-04   0.116971052E-03  -0.131665220E-03   0.123018399E-04
   0.674323892E-04   0.244208553E-03  -0.451421074E-03   0.392842485E-04
   0.134230519E-03   0.488456048E-03  -0.114312908E-02   0.934040290E-04
   0.243011920E-03   0.883194385E-03  -0.221269880E-02   0.170483210E-03
   0.412337016E-03   0.149360613E-02  -0.378737622E-02   0.275537546E-03
   0.661327387E-03   0.238882308E-02  -0.591822574E-02   0.404043647E-03
   0.996089191E-03   0.359490002E-02  -0.834773108E-02   0.535318977E-03
   0.143506692E-02   0.518739456E-02  -0.110309245E-01   0.663570245E-03
   0.198743423E-02   0.721268822E-02  -0.137487520E-01   0.770939805E-03
   0.266058580E-02   0.970462058E-02  -0.163105242E-01   0.847245858E-03
   0.344507000E-02   0.126403570E-01  -0.183184892E-01   0.868791598E-03
   0.433034729E-02   0.159715693E-01  -0.195587482E-01   0.833449594E-03
   0.528477551E-02   0.195645522E-01  -0.197411682E-01   0.733184686E-03
   0.625738176E-02   0.232125334E-01  -0.186075699E-01   0.575299026E-03
   0.716816774E-02   0.266048834E-01  -0.159548912E-01   0.383014849E-03
   0.791728869E-02   0.293730702E-01  -0.117104752E-01   0.192176463E-03
   0.841593184E-02   0.312020499E-01  -0.621398957E-02   0.517406588E-04
   0.859403983E-02   0.318566225E-01  -0.177215629E-07   0.000000000E+00
