   0.511550829E-01   0.330530822E+00   0.728872407E-09   0.000000000E+00
   0.508282706E-01   0.328629315E+00   0.281017367E-01   0.200593407E-03
   0.498777144E-01   0.323100835E+00   0.549263693E-01   0.784862845E-03
   0.483644903E-01   0.314131975E+00   0.793390572E-01   0.169919175E-02
   0.464012660E-01   0.302505672E+00   0.100495093E+00   0.285819429E-02
   0.440612808E-01   0.288154453E+00   0.117803112E+00   0.417734822E-02
   0.414468981E-01   0.271826953E+00   0.130926758E+00   0.554543315E-02
   0.386883430E-01   0.254413247E+00   0.139972836E+00   0.693298550E-02
   0.358854383E-01   0.236252353E+00   0.145237118E+00   0.819664914E-02
   0.330849476E-01   0.217473164E+00   0.147016540E+00   0.924808718E-02
   0.303705223E-01   0.198937669E+00   0.145949513E+00   0.101759220E-01
   0.277696382E-01   0.180668801E+00   0.142520711E+00   0.108778421E-01
   0.252882503E-01   0.163187563E+00   0.137070745E+00   0.112510175E-01
   0.229604635E-01   0.146448806E+00   0.130249798E+00   0.114750564E-01
   0.207755137E-01   0.130761698E+00   0.122399494E+00   0.115600470E-01
   0.187583547E-01   0.116015241E+00   0.113986604E+00   0.113884630E-01
   0.168648418E-01   0.102442995E+00   0.105096534E+00   0.110407686E-01
   0.150622642E-01   0.899325088E-01   0.957401618E-01   0.105760703E-01
   0.134422835E-01   0.785612911E-01   0.868233666E-01   0.100457231E-01
   0.119233280E-01   0.681823865E-01   0.779262856E-01   0.936656352E-02
   0.105387717E-01   0.589375682E-01   0.695121363E-01   0.861181132E-02
   0.924476702E-02   0.505597591E-01   0.613055117E-01   0.782009773E-02
   0.806110725E-02   0.430786721E-01   0.536274239E-01   0.706820842E-02
   0.699840253E-02   0.365438424E-01   0.465894975E-01   0.625498500E-02
   0.603312626E-02   0.307580419E-01   0.400950983E-01   0.546919741E-02
   0.515408441E-02   0.256616790E-01   0.340940803E-01   0.474750390E-02
   0.438009528E-02   0.212863795E-01   0.287796725E-01   0.403945521E-02
   0.367692439E-02   0.174302701E-01   0.238877665E-01   0.337466784E-02
   0.307520386E-02   0.141855842E-01   0.197217204E-01   0.280354708E-02
   0.254979567E-02   0.114244251E-01   0.160532240E-01   0.227942970E-02
   0.209612609E-02   0.912404526E-02   0.129201096E-01   0.181301346E-02
   0.170515419E-02   0.717874756E-02   0.102212299E-01   0.142106717E-02
   0.136705744E-02   0.556814391E-02   0.788073801E-02   0.105610513E-02
   0.109647156E-02   0.429984927E-02   0.606368203E-02   0.786150165E-03
   0.867082039E-03   0.323124020E-02   0.454283133E-02   0.580310880E-03
   0.672378403E-03   0.240093237E-02   0.325268903E-02   0.380524376E-03
   0.517072913E-03   0.173918309E-02   0.228193006E-02   0.254261249E-03
   0.389436667E-03   0.122125563E-02   0.149781967E-02   0.151587781E-03
   0.296152779E-03   0.861259643E-03   0.968060922E-03   0.863526075E-04
   0.222659379E-03   0.586829847E-03   0.589123287E-03   0.480343624E-04
   0.160036638E-03   0.382137951E-03   0.273404148E-03   0.144809537E-04
   0.118850905E-03   0.247882417E-03   0.110456844E-03   0.260091178E-05
   0.879610234E-04   0.153372646E-03   0.144008127E-04  -0.164877110E-05
   0.673584873E-04   0.920720995E-04  -0.351436793E-04  -0.454921337E-05
   0.542958187E-04   0.596690988E-04  -0.498386980E-04  -0.630896693E-05
   0.493798834E-04   0.445093392E-04  -0.543095812E-04  -0.891837863E-05
   0.510636564E-04   0.472694483E-04  -0.471781350E-04  -0.135473147E-04
   0.615163954E-04   0.608869486E-04  -0.582504581E-04  -0.198644739E-04
   0.760083058E-04   0.915708515E-04  -0.706882929E-04  -0.300442061E-04
   0.106026775E-03   0.138745891E-03  -0.168852639E-03  -0.354771109E-04
   0.141199838E-03   0.213368839E-03  -0.276403356E-03  -0.445220066E-04
   0.196039196E-03   0.318037404E-03  -0.512242783E-03  -0.420679098E-04
   0.257776992E-03   0.455408881E-03  -0.766973477E-03  -0.414072128E-04
   0.340717146E-03   0.636551820E-03  -0.115695701E-02  -0.234113995E-04
   0.451848668E-03   0.899784442E-03  -0.170839392E-02   0.114971035E-04
   0.580743479E-03   0.120571756E-02  -0.235066493E-02   0.597176513E-04
   0.743641867E-03   0.162106846E-02  -0.318652345E-02   0.129190463E-03
   0.949174573E-03   0.214469689E-02  -0.427021412E-02   0.239165747E-03
   0.118951395E-02   0.280815037E-02  -0.553310104E-02   0.356621982E-03
   0.147315895E-02   0.358045055E-02  -0.702606188E-02   0.523331109E-03
   0.179450761E-02   0.448994664E-02  -0.868614577E-02   0.709832355E-03
   0.216669845E-02   0.558767607E-02  -0.105977487E-01   0.915290962E-03
   0.259711128E-02   0.689174002E-02  -0.127850519E-01   0.114154140E-02
   0.309081702E-02   0.846365467E-02  -0.152846733E-01   0.136746070E-02
   0.362913404E-02   0.102057494E-01  -0.179386418E-01   0.163535622E-02
   0.424637506E-02   0.122785233E-01  -0.209665447E-01   0.190741220E-02
   0.489901844E-02   0.146123376E-01  -0.240715817E-01   0.215243734E-02
   0.563030411E-02   0.172621422E-01  -0.275218748E-01   0.245812652E-02
   0.638857158E-02   0.202451423E-01  -0.309730619E-01   0.269594486E-02
   0.721153617E-02   0.236081854E-01  -0.346601605E-01   0.296078785E-02
   0.806501228E-02   0.274028014E-01  -0.383361429E-01   0.312693603E-02
   0.896414928E-02   0.315889791E-01  -0.421177819E-01   0.327298394E-02
   0.987847894E-02   0.362507142E-01  -0.457948074E-01   0.337023381E-02
   0.108076399E-01   0.413902774E-01  -0.493781976E-01   0.346918590E-02
   0.117455581E-01   0.470180549E-01  -0.528085381E-01   0.349279353E-02
   0.126886340E-01   0.532427430E-01  -0.560092367E-01   0.338087953E-02
   0.135958707E-01   0.599382184E-01  -0.587656982E-01   0.327042420E-02
   0.144778686E-01   0.671152920E-01  -0.611327477E-01   0.313153188E-02
   0.153223164E-01   0.748470053E-01  -0.629681572E-01   0.295009394E-02
   0.161143392E-01   0.829967782E-01  -0.640515238E-01   0.266463356E-02
   0.168350395E-01   0.915614143E-01  -0.642535686E-01   0.241134246E-02
   0.174722672E-01   0.100270346E+00  -0.635248423E-01   0.213411846E-02
   0.180452913E-01   0.109194130E+00  -0.616525859E-01   0.181531336E-02
   0.185230412E-01   0.117911719E+00  -0.584613830E-01   0.147693488E-02
   0.189305469E-01   0.126338348E+00  -0.539075769E-01   0.112440810E-02
   0.192473494E-01   0.134266168E+00  -0.479237363E-01   0.824372401E-03
   0.194800124E-01   0.141314626E+00  -0.404827148E-01   0.561930705E-03
   0.196457691E-01   0.147016302E+00  -0.317063332E-01   0.321455678E-03
   0.197575409E-01   0.151460305E+00  -0.218335763E-01   0.146793143E-03
   0.198141206E-01   0.154246375E+00  -0.111290887E-01   0.379615267E-04
   0.198329017E-01   0.155152857E+00  -0.271107066E-07   0.000000000E+00
