   0.345300555E+01   0.515307045E+01   0.270284062E-06   0.000000000E+00
   0.340398550E+01   0.508420897E+01   0.246515259E+00   0.156663370E-02
   0.326553011E+01   0.489215851E+01   0.471012622E+00   0.595752196E-02
   0.304952335E+01   0.459262514E+01   0.655180454E+00   0.123760551E-01
   0.278443813E+01   0.422249365E+01   0.789789021E+00   0.196973793E-01
   0.248700714E+01   0.380602598E+01   0.870372534E+00   0.269136932E-01
   0.218349218E+01   0.337716246E+01   0.902080536E+00   0.329865925E-01
   0.189134765E+01   0.296111465E+01   0.893786252E+00   0.375120901E-01
   0.162242913E+01   0.257472014E+01   0.855995059E+00   0.403135195E-01
   0.138201833E+01   0.222580886E+01   0.798323750E+00   0.415495709E-01
   0.117377806E+01   0.191991210E+01   0.730398357E+00   0.414285883E-01
   0.996571124E+00   0.165610301E+01   0.658748031E+00   0.402503945E-01
   0.848032951E+00   0.143164337E+01   0.588402510E+00   0.383551866E-01
   0.724796593E+00   0.124271977E+01   0.522406638E+00   0.362627469E-01
   0.622915030E+00   0.108376825E+01   0.462103218E+00   0.338657647E-01
   0.539125383E+00   0.950780809E+00   0.408522815E+00   0.315494239E-01
   0.470119178E+00   0.839271545E+00   0.361373097E+00   0.293304455E-01
   0.412746429E+00   0.744926214E+00   0.320060313E+00   0.275667906E-01
   0.365283400E+00   0.665356934E+00   0.284374326E+00   0.258553494E-01
   0.325262696E+00   0.596937597E+00   0.253051102E+00   0.242131762E-01
   0.291468233E+00   0.538181305E+00   0.225868955E+00   0.230092108E-01
   0.262592107E+00   0.487019300E+00   0.201952726E+00   0.218245368E-01
   0.237794042E+00   0.442333341E+00   0.180992231E+00   0.207248926E-01
   0.216205180E+00   0.402810723E+00   0.162417710E+00   0.198807307E-01
   0.197322637E+00   0.367737085E+00   0.145888582E+00   0.190749541E-01
   0.180663034E+00   0.336369365E+00   0.131069526E+00   0.182931218E-01
   0.165851668E+00   0.308096290E+00   0.117775537E+00   0.176250264E-01
   0.152620137E+00   0.282596529E+00   0.105734833E+00   0.169753246E-01
   0.140752122E+00   0.259483397E+00   0.949181095E-01   0.163391866E-01
   0.130012110E+00   0.238432556E+00   0.849986449E-01   0.157358460E-01
   0.120340072E+00   0.219290689E+00   0.760548562E-01   0.152563471E-01
   0.111594006E+00   0.201920733E+00   0.680098459E-01   0.147669725E-01
   0.103598073E+00   0.185967252E+00   0.604963787E-01   0.141261853E-01
   0.963948146E-01   0.171568826E+00   0.538773350E-01   0.137291243E-01
   0.898321047E-01   0.158440843E+00   0.478372090E-01   0.132579235E-01
   0.838232562E-01   0.146468252E+00   0.422354676E-01   0.127231972E-01
   0.783876926E-01   0.135645181E+00   0.372126438E-01   0.123008657E-01
   0.735017955E-01   0.125921085E+00   0.327506550E-01   0.119979046E-01
   0.690317526E-01   0.117175713E+00   0.286376253E-01   0.115548903E-01
   0.650174767E-01   0.109362744E+00   0.249333959E-01   0.112279281E-01
   0.614143424E-01   0.102431372E+00   0.215992015E-01   0.108975014E-01
   0.581538081E-01   0.963085815E-01   0.184729993E-01   0.105573526E-01
   0.552550852E-01   0.910245329E-01   0.157291982E-01   0.102352928E-01
   0.527069680E-01   0.864966512E-01   0.131894024E-01   0.999926403E-02
   0.504609309E-01   0.826936662E-01   0.108501893E-01   0.973417610E-02
   0.484725162E-01   0.795426965E-01   0.862444099E-02   0.941993576E-02
   0.467902869E-01   0.771175697E-01   0.656056125E-02   0.919144507E-02
   0.453707539E-01   0.753567219E-01   0.459214859E-02   0.896510947E-02
   0.441901796E-01   0.741980672E-01   0.267697335E-02   0.869732257E-02
   0.432545356E-01   0.737113655E-01   0.814893923E-03   0.845657848E-02
   0.425414443E-01   0.738238543E-01  -0.978271361E-03   0.821760297E-02
   0.420716815E-01   0.746109858E-01  -0.282948185E-02   0.802268740E-02
   0.417979583E-01   0.759590492E-01  -0.467393780E-02   0.779612781E-02
   0.417241231E-01   0.779652074E-01  -0.658544013E-02   0.753825670E-02
   0.418670848E-01   0.805766806E-01  -0.857913215E-02   0.732001010E-02
   0.422076285E-01   0.838623792E-01  -0.106907208E-01   0.707782060E-02
   0.427543260E-01   0.878398195E-01  -0.129548470E-01   0.682975771E-02
   0.434604101E-01   0.924584195E-01  -0.152869597E-01   0.649448996E-02
   0.443764031E-01   0.978493989E-01  -0.178134348E-01   0.623752270E-02
   0.454961769E-01   0.103993617E+00  -0.205522645E-01   0.597401382E-02
   0.467960648E-01   0.110942893E+00  -0.234675352E-01   0.569406478E-02
   0.483215451E-01   0.118775822E+00  -0.266752969E-01   0.536158495E-02
   0.500382669E-01   0.127588362E+00  -0.301135872E-01   0.506155984E-02
   0.519970208E-01   0.137414515E+00  -0.338917077E-01   0.469092373E-02
   0.541709252E-01   0.148432478E+00  -0.379512236E-01   0.428687036E-02
   0.566005036E-01   0.160743907E+00  -0.424176939E-01   0.396248978E-02
   0.593270957E-01   0.174581960E+00  -0.473720506E-01   0.367136393E-02
   0.624056980E-01   0.190177560E+00  -0.528722182E-01   0.325972331E-02
   0.658332333E-01   0.207806662E+00  -0.589570403E-01   0.295948959E-02
   0.697355121E-01   0.227932215E+00  -0.658368468E-01   0.264098751E-02
   0.741595030E-01   0.251017570E+00  -0.735807866E-01   0.238620467E-02
   0.791614577E-01   0.277595460E+00  -0.824077576E-01   0.241511199E-02
   0.849669501E-01   0.308613360E+00  -0.924057066E-01   0.228649261E-02
   0.917002782E-01   0.345178485E+00  -0.103976920E+00   0.235849945E-02
   0.995622650E-01   0.388266712E+00  -0.117073178E+00   0.231920392E-02
   0.108536676E+00   0.439346731E+00  -0.131982595E+00   0.283792452E-02
   0.119167089E+00   0.500449181E+00  -0.148817062E+00   0.314741791E-02
   0.131409913E+00   0.573450983E+00  -0.167526796E+00   0.382628827E-02
   0.145673439E+00   0.660574257E+00  -0.187902927E+00   0.442869961E-02
   0.162133038E+00   0.764087141E+00  -0.209328592E+00   0.502943899E-02
   0.180769399E+00   0.886609137E+00  -0.231093705E+00   0.582115864E-02
   0.201729655E+00   0.102827835E+01  -0.251262516E+00   0.625967886E-02
   0.224911019E+00   0.118939877E+01  -0.267855138E+00   0.632058689E-02
   0.249610320E+00   0.136950266E+01  -0.278437436E+00   0.631235167E-02
   0.275450081E+00   0.156318748E+01  -0.279796690E+00   0.579574192E-02
   0.301169038E+00   0.176243699E+01  -0.268777311E+00   0.490005687E-02
   0.325469166E+00   0.195661044E+01  -0.242965370E+00   0.372738088E-02
   0.346706152E+00   0.213056278E+01  -0.201133922E+00   0.239919522E-02
   0.363593787E+00   0.226922965E+01  -0.144181192E+00   0.116740877E-02
   0.374087214E+00   0.235878086E+01  -0.753598288E-01   0.310935575E-03
   0.378089935E+00   0.239026666E+01  -0.211364750E-06   0.000000000E+00
