   0.352165895E-02   0.218561009E+00   0.000000000E+00   0.000000000E+00
   0.354528031E-02   0.216660529E+00   0.198566746E-01   0.124581260E-03
   0.359980646E-02   0.211361423E+00   0.386948325E-01   0.482784293E-03
   0.369254570E-02   0.202930823E+00   0.556783415E-01   0.104792009E-02
   0.379543542E-02   0.191774502E+00   0.700946748E-01   0.174853671E-02
   0.390384416E-02   0.178585172E+00   0.816166922E-01   0.253399881E-02
   0.398567272E-02   0.164070964E+00   0.898623466E-01   0.333629805E-02
   0.403056527E-02   0.148787618E+00   0.948988497E-01   0.410139468E-02
   0.404115953E-02   0.133364171E+00   0.972433835E-01   0.479125604E-02
   0.397929735E-02   0.118095726E+00   0.966351628E-01   0.530103035E-02
   0.386294094E-02   0.103506289E+00   0.938177928E-01   0.573435146E-02
   0.368416216E-02   0.897245854E-01   0.890814736E-01   0.595797366E-02
   0.345362048E-02   0.769738406E-01   0.829066783E-01   0.601291610E-02
   0.318447314E-02   0.654063672E-01   0.758194476E-01   0.593056809E-02
   0.287266634E-02   0.549063794E-01   0.678530708E-01   0.567550585E-02
   0.254849112E-02   0.456277691E-01   0.597527884E-01   0.528693153E-02
   0.221069949E-02   0.373380817E-01   0.514401011E-01   0.485638762E-02
   0.187978637E-02   0.301652942E-01   0.434539951E-01   0.432689022E-02
   0.157516904E-02   0.241301898E-01   0.362176076E-01   0.379438419E-02
   0.127077580E-02   0.187546443E-01   0.290481877E-01   0.320008886E-02
   0.101516559E-02   0.144696049E-01   0.230963062E-01   0.264548766E-02
   0.788129109E-03   0.108647449E-01   0.178110078E-01   0.214825920E-02
   0.588402618E-03   0.793388486E-02   0.132164238E-01   0.163663505E-02
   0.432045577E-03   0.565320952E-02   0.960652623E-02   0.124948809E-02
   0.300798536E-03   0.386210252E-02   0.661170110E-02   0.885324727E-03
   0.204035052E-03   0.256023835E-02   0.440866360E-02   0.607658993E-03
   0.129165332E-03   0.159546186E-02   0.272274041E-02   0.385098712E-03
   0.821010253E-04   0.985008548E-03   0.167690963E-02   0.245435920E-03
   0.460217270E-04   0.546544732E-03   0.887304719E-03   0.131137858E-03
   0.244135936E-04   0.293321646E-03   0.434058718E-03   0.642158047E-04
   0.112340249E-04   0.148313484E-03   0.171323103E-03   0.243905724E-04
   0.476711057E-05   0.849699572E-04   0.574519945E-04   0.594471294E-05
   0.266419534E-05   0.741878102E-04   0.457691640E-04   0.554562666E-05
   0.280583208E-05   0.871933298E-04   0.790844133E-04   0.132117257E-04
   0.390817877E-05   0.103874831E-03   0.120328776E-03   0.202029696E-04
   0.476007835E-05   0.118441429E-03   0.157435905E-03   0.311015028E-04
   0.583598103E-05   0.136330302E-03   0.195441768E-03   0.407896987E-04
   0.664002164E-05   0.148642488E-03   0.223929514E-03   0.506966826E-04
   0.650565062E-05   0.144619320E-03   0.219992580E-03   0.557661770E-04
   0.618162812E-05   0.139384269E-03   0.210903876E-03   0.572459721E-04
   0.548143453E-05   0.128024389E-03   0.185952711E-03   0.592354627E-04
   0.450646758E-05   0.110829540E-03   0.151598972E-03   0.561721426E-04
   0.447770299E-05   0.102813407E-03   0.115378614E-03   0.615807221E-04
   0.337921233E-05   0.846271141E-04   0.751496264E-04   0.553463178E-04
   0.403476406E-05   0.876361664E-04   0.584597110E-04   0.607972543E-04
   0.366538302E-05   0.757024318E-04   0.105727531E-04   0.577131759E-04
   0.455535519E-05   0.740194519E-04  -0.399980636E-04   0.592905199E-04
   0.600570411E-05   0.800162379E-04  -0.780343616E-04   0.639611462E-04
   0.666913456E-05   0.787807221E-04  -0.117845571E-03   0.613445882E-04
   0.814767918E-05   0.836297477E-04  -0.151990695E-03   0.620355786E-04
   0.959068529E-05   0.888398135E-04  -0.185116951E-03   0.616477118E-04
   0.108643681E-04   0.927181973E-04  -0.209398306E-03   0.596242171E-04
   0.113485494E-04   0.941459512E-04  -0.220082016E-03   0.535003601E-04
   0.115728226E-04   0.920248349E-04  -0.217018547E-03   0.487184479E-04
   0.103111806E-04   0.798481196E-04  -0.184371020E-03   0.372721988E-04
   0.946245382E-05   0.727955994E-04  -0.159904026E-03   0.322240048E-04
   0.801397255E-05   0.605260539E-04  -0.119680022E-03   0.214348947E-04
   0.639594327E-05   0.474913468E-04  -0.751318876E-04   0.133531212E-04
   0.603659100E-05   0.383981933E-04  -0.462653406E-04   0.632597630E-05
   0.874859234E-05   0.459246003E-04  -0.606073918E-04   0.778647518E-05
   0.165355723E-04   0.822173824E-04  -0.160428055E-03   0.247464122E-04
   0.328721580E-04   0.160883399E-03  -0.379751844E-03   0.600470303E-04
   0.657251003E-04   0.328871596E-03  -0.863993191E-03   0.132894012E-03
   0.108724118E-03   0.554850732E-03  -0.147663616E-02   0.222890114E-03
   0.182230855E-03   0.942301820E-03  -0.254388968E-02   0.367403642E-03
   0.287181349E-03   0.148435740E-02  -0.402730564E-02   0.568533374E-03
   0.426864193E-03   0.221692794E-02  -0.596232805E-02   0.805664691E-03
   0.609662849E-03   0.316150859E-02  -0.840932503E-02   0.110862637E-02
   0.838363834E-03   0.436642300E-02  -0.113837654E-01   0.144159317E-02
   0.112779706E-02   0.589893432E-02  -0.150383823E-01   0.182378106E-02
   0.147096917E-02   0.773780653E-02  -0.191742498E-01   0.223094830E-02
   0.187871023E-02   0.995738897E-02  -0.238800701E-01   0.266986713E-02
   0.234647305E-02   0.125782350E-01  -0.290071126E-01   0.308556808E-02
   0.286006671E-02   0.155703118E-01  -0.342422053E-01   0.346580520E-02
   0.343805924E-02   0.190730095E-01  -0.397969969E-01   0.379906711E-02
   0.404236466E-02   0.229566656E-01  -0.450093485E-01   0.405124482E-02
   0.470366655E-02   0.274210051E-01  -0.502722599E-01   0.425944710E-02
   0.535999658E-02   0.322532281E-01  -0.546289757E-01   0.431091851E-02
   0.605479535E-02   0.377040021E-01  -0.586299188E-01   0.430832291E-02
   0.673477957E-02   0.435600914E-01  -0.614750348E-01   0.416555302E-02
   0.741467066E-02   0.498865135E-01  -0.633009076E-01   0.397186447E-02
   0.808362477E-02   0.566273481E-01  -0.639624074E-01   0.362956896E-02
   0.872281287E-02   0.636210740E-01  -0.631257445E-01   0.322923437E-02
   0.932047702E-02   0.707003847E-01  -0.606140010E-01   0.273287646E-02
   0.988741312E-02   0.777557269E-01  -0.566150211E-01   0.220338162E-02
   0.103878882E-01   0.844077691E-01  -0.507293642E-01   0.166759908E-02
   0.108259507E-01   0.904374793E-01  -0.431560613E-01   0.113718444E-02
   0.111796847E-01   0.955233350E-01  -0.340086296E-01   0.678297190E-03
   0.114432909E-01   0.994169414E-01  -0.234639980E-01   0.314192730E-03
   0.116086919E-01   0.101830557E+00  -0.119936699E-01   0.799588961E-04
   0.116607687E-01   0.102648184E+00  -0.289300743E-07   0.000000000E+00
