   0.408650236E-02   0.863067925E+00  -0.113665277E-08   0.000000000E+00
   0.405443972E-02   0.849585772E+00   0.487919711E-01   0.398232718E-03
   0.395959942E-02   0.810425878E+00   0.932547376E-01   0.150046323E-02
   0.380629208E-02   0.749866605E+00   0.130079240E+00   0.307084247E-02
   0.359964138E-02   0.673284650E+00   0.156703591E+00   0.477119163E-02
   0.334861106E-02   0.587799609E+00   0.172963783E+00   0.630856026E-02
   0.306018326E-02   0.499390543E+00   0.178844586E+00   0.750748254E-02
   0.273774657E-02   0.412824333E+00   0.174671501E+00   0.816245098E-02
   0.239498168E-02   0.332698137E+00   0.163225800E+00   0.831542816E-02
   0.204583188E-02   0.261558592E+00   0.146814197E+00   0.802135468E-02
   0.169465062E-02   0.200229019E+00   0.126119405E+00   0.734675582E-02
   0.135885994E-02   0.149235219E+00   0.103782170E+00   0.639806734E-02
   0.105076702E-02   0.108128399E+00   0.815387145E-01   0.527325785E-02
   0.778590853E-03   0.759258941E-01   0.606511347E-01   0.411378872E-02
   0.545404211E-03   0.513271131E-01   0.417381823E-01   0.295533054E-02
   0.368133682E-03   0.337199904E-01   0.275235884E-01   0.202561519E-02
   0.233845596E-03   0.212918222E-01   0.165799875E-01   0.125336193E-02
   0.135037233E-03   0.127515374E-01   0.837008096E-02   0.634657859E-03
   0.733158085E-04   0.741600152E-02   0.361524126E-02   0.265328388E-03
   0.374286392E-04   0.424654875E-02   0.120315398E-02   0.766397789E-04
   0.189470829E-04   0.248498004E-02   0.302975008E-03   0.142896733E-04
   0.110280553E-04   0.158539985E-02   0.280402339E-03   0.313814817E-04
   0.888249178E-05   0.115529564E-02   0.632576237E-03   0.797091998E-04
   0.870894837E-05   0.939157966E-03   0.100286817E-02   0.131039895E-03
   0.951327547E-05   0.859400898E-03   0.136382121E-02   0.183201511E-03
   0.939597703E-05   0.750475621E-03   0.144689390E-02   0.194816719E-03
   0.764688320E-05   0.578983687E-03   0.123942259E-02   0.173494263E-03
   0.697383030E-05   0.501472910E-03   0.115591509E-02   0.165638194E-03
   0.479997743E-05   0.337991631E-03   0.806697470E-03   0.118036529E-03
   0.326548866E-05   0.223886222E-03   0.548400974E-03   0.803224539E-04
   0.183142083E-05   0.125311184E-03   0.305445574E-03   0.461281124E-04
   0.854426673E-06   0.587925242E-04   0.145626822E-03   0.223551178E-04
   0.493961579E-06   0.362624705E-04   0.905574780E-04   0.155784728E-04
   0.254776353E-06   0.190493301E-04   0.475435045E-04   0.843477574E-05
   0.467811816E-07   0.431146054E-05   0.914106568E-05   0.217250204E-05
   0.124176402E-07   0.100283967E-05   0.116661863E-05   0.565947801E-06
   0.261909623E-07   0.148867730E-05   0.430701448E-05   0.623313326E-06
   0.195700895E-07   0.627308793E-06   0.995770392E-06   0.100488670E-06
   0.657113048E-07   0.411345718E-05   0.117509107E-04   0.187848286E-05
   0.916294169E-07   0.604293609E-05   0.168464976E-04   0.283787381E-05
   0.680853987E-07   0.475327579E-05   0.127449339E-04   0.231390050E-05
   0.475091149E-07   0.392354059E-05   0.823855589E-05   0.234757204E-05
   0.533662536E-07   0.479387609E-05   0.106174102E-04   0.283320423E-05
   0.614742746E-07   0.503818592E-05   0.102649619E-04   0.303139132E-05
   0.108609839E-06   0.747250306E-05   0.440584881E-05   0.506625793E-05
   0.320077582E-07   0.262141862E-05   0.927415726E-06   0.190362323E-05
   0.848019184E-07   0.483308895E-05  -0.122883057E-04   0.385028670E-05
   0.730993790E-07   0.404058937E-05  -0.106518110E-04   0.321222524E-05
   0.645298641E-07   0.359528121E-05  -0.993560298E-05   0.287421403E-05
   0.991125617E-07   0.489083004E-05  -0.115340908E-04   0.372225873E-05
   0.154161000E-06   0.593791765E-05  -0.229389789E-04   0.426629049E-05
   0.102674584E-06   0.372344880E-05  -0.143344660E-04   0.239643578E-05
   0.125077889E-06   0.434321146E-05  -0.175024525E-04   0.278858352E-05
   0.850966302E-07   0.279617188E-05  -0.117034497E-04   0.188722447E-05
   0.198389838E-07   0.541092902E-06  -0.220085735E-05   0.319208851E-06
   0.118281616E-07   0.340167844E-06  -0.105889160E-05   0.175604228E-06
   0.424325215E-07   0.173916624E-05  -0.548230355E-05   0.112167743E-05
   0.214700719E-06   0.784500662E-05  -0.288165284E-04   0.500360511E-05
   0.659311354E-06   0.239037290E-04  -0.897826976E-04   0.159447172E-04
   0.137263828E-05   0.465607955E-04  -0.179841634E-03   0.289651853E-04
   0.260182196E-05   0.850591241E-04  -0.332036288E-03   0.514027233E-04
   0.438382813E-05   0.136963848E-03  -0.536681793E-03   0.779916882E-04
   0.721898459E-05   0.220757676E-03  -0.859439897E-03   0.122650701E-03
   0.102706608E-04   0.308679591E-03  -0.116422609E-02   0.162073207E-03
   0.126761124E-04   0.369074376E-03  -0.133624580E-02   0.180207076E-03
   0.152790581E-04   0.432127621E-03  -0.143824704E-02   0.187318044E-03
   0.175592595E-04   0.479944341E-03  -0.136758259E-02   0.172365471E-03
   0.202409556E-04   0.530310674E-03  -0.114509324E-02   0.142725155E-03
   0.234746149E-04   0.580538006E-03  -0.658502511E-03   0.819076522E-04
   0.326416666E-04   0.765337434E-03  -0.306626520E-03   0.401634425E-04
   0.528485798E-04   0.119593518E-02  -0.271624536E-03   0.304411187E-04
   0.940835234E-04   0.209376006E-02  -0.123933109E-02   0.127949563E-03
   0.170154352E-03   0.375567120E-02  -0.381730171E-02   0.375865551E-03
   0.298365805E-03   0.655455235E-02  -0.874657836E-02   0.830143807E-03
   0.498837500E-03   0.109268567E-01  -0.166182611E-01   0.151071569E-02
   0.791754865E-03   0.173210800E-01  -0.276150741E-01   0.240730261E-02
   0.120293070E-02   0.263327044E-01  -0.420693234E-01   0.349799590E-02
   0.175877172E-02   0.386032425E-01  -0.600274056E-01   0.476641534E-02
   0.246543833E-02   0.544150211E-01  -0.794774741E-01   0.598554779E-02
   0.334634585E-02   0.744014382E-01  -0.100062527E+00   0.716656307E-02
   0.441297563E-02   0.989717767E-01  -0.120596923E+00   0.815369561E-02
   0.565436296E-02   0.128051400E+00  -0.138541669E+00   0.878323521E-02
   0.707705552E-02   0.161752313E+00  -0.153669253E+00   0.902895071E-02
   0.864298455E-02   0.199219555E+00  -0.163331226E+00   0.879303087E-02
   0.103063900E-01   0.239210844E+00  -0.165912867E+00   0.799355004E-02
   0.120152300E-01   0.280255765E+00  -0.161166176E+00   0.671934057E-02
   0.136479773E-01   0.319396824E+00  -0.146000117E+00   0.503139803E-02
   0.151072508E-01   0.354227841E+00  -0.121104896E+00   0.322623760E-02
   0.162672587E-01   0.381767929E+00  -0.869006887E-01   0.157719501E-02
   0.170155298E-01   0.399417251E+00  -0.454751737E-01   0.417030882E-03
   0.172730796E-01   0.405511826E+00  -0.104826654E-06   0.000000000E+00
