   0.473100282E-01   0.376763672E+00   0.336736719E-07   0.000000000E+00
   0.470661931E-01   0.375134140E+00   0.339349881E-01   0.237983520E-03
   0.464387201E-01   0.370565325E+00   0.666762739E-01   0.931244984E-03
   0.453626737E-01   0.362550557E+00   0.969965458E-01   0.202886807E-02
   0.439439863E-01   0.352415800E+00   0.123989999E+00   0.345364213E-02
   0.422365479E-01   0.339485884E+00   0.147032589E+00   0.509891612E-02
   0.403076783E-01   0.324699044E+00   0.165696338E+00   0.687689940E-02
   0.382061377E-01   0.308062792E+00   0.179818943E+00   0.862625800E-02
   0.359963067E-01   0.290356755E+00   0.189439684E+00   0.104055004E-01
   0.337300859E-01   0.271703362E+00   0.194853455E+00   0.119848521E-01
   0.314584747E-01   0.252727985E+00   0.196507305E+00   0.133645711E-01
   0.292176120E-01   0.233369380E+00   0.194898561E+00   0.144020049E-01
   0.270353705E-01   0.214297712E+00   0.190596238E+00   0.153068472E-01
   0.248817969E-01   0.195573956E+00   0.183701798E+00   0.157886650E-01
   0.228426773E-01   0.177398145E+00   0.175268218E+00   0.161206257E-01
   0.208714511E-01   0.159951717E+00   0.165367097E+00   0.160545651E-01
   0.190135948E-01   0.143450454E+00   0.154719263E+00   0.157506838E-01
   0.172328968E-01   0.127899855E+00   0.143247947E+00   0.154416561E-01
   0.155350408E-01   0.113334253E+00   0.131371155E+00   0.146436216E-01
   0.139492070E-01   0.998938978E-01   0.119576074E+00   0.139347203E-01
   0.124294451E-01   0.874768570E-01   0.107655719E+00   0.129676806E-01
   0.110441456E-01   0.761725083E-01   0.963617042E-01   0.118895173E-01
   0.975158438E-02   0.659050569E-01   0.854917765E-01   0.108607607E-01
   0.853077695E-02   0.565266050E-01   0.749058574E-01   0.973362848E-02
   0.746016484E-02   0.483614914E-01   0.655725002E-01   0.869219657E-02
   0.642693276E-02   0.408542790E-01   0.562477410E-01   0.756636309E-02
   0.553962588E-02   0.343948156E-01   0.482539423E-01   0.662002293E-02
   0.472419709E-02   0.286810640E-01   0.408287942E-01   0.564183900E-02
   0.400341488E-02   0.237492360E-01   0.342005529E-01   0.471764756E-02
   0.334063033E-02   0.193883050E-01   0.280774385E-01   0.384790194E-02
   0.279372372E-02   0.157494526E-01   0.230611898E-01   0.316902692E-02
   0.230482523E-02   0.126367910E-01   0.185794681E-01   0.252731307E-02
   0.187848217E-02   0.100074261E-01   0.146841435E-01   0.196115882E-02
   0.151745381E-02   0.782508124E-02   0.114112021E-01   0.148560177E-02
   0.121206534E-02   0.600694446E-02   0.866952538E-02   0.110183610E-02
   0.960872159E-03   0.457470166E-02   0.648850901E-02   0.793040206E-03
   0.753233966E-03   0.339147169E-02   0.472204434E-02   0.564088346E-03
   0.586975832E-03   0.248842617E-02   0.335747283E-02   0.382690894E-03
   0.453807384E-03   0.180483854E-02   0.233478262E-02   0.252709899E-03
   0.341053586E-03   0.124896842E-02   0.147961918E-02   0.146925740E-03
   0.254655752E-03   0.832211168E-03   0.872996694E-03   0.789964906E-04
   0.189176615E-03   0.540656212E-03   0.469278049E-03   0.369575500E-04
   0.144278281E-03   0.349869253E-03   0.241695569E-03   0.144370633E-04
   0.107480351E-03   0.200265233E-03   0.355030315E-04  -0.811221162E-05
   0.899040097E-04   0.116749725E-03  -0.302367825E-04  -0.150107180E-04
   0.836606050E-04   0.738788003E-04  -0.106401341E-03  -0.226088341E-04
   0.863321329E-04   0.673120012E-04  -0.132965186E-03  -0.317990161E-04
   0.979651159E-04   0.897915816E-04  -0.172127009E-03  -0.432436318E-04
   0.126200670E-03   0.155016314E-03  -0.304170215E-03  -0.514488165E-04
   0.165544101E-03   0.274688733E-03  -0.498928071E-03  -0.601833126E-04
   0.216049171E-03   0.398381293E-03  -0.747695623E-03  -0.638794736E-04
   0.286101480E-03   0.602295389E-03  -0.114653853E-02  -0.586506831E-04
   0.377043703E-03   0.882004853E-03  -0.170271122E-02  -0.425774451E-04
   0.485915749E-03   0.122827163E-02  -0.239420123E-02  -0.126020741E-04
   0.621508399E-03   0.164676888E-02  -0.330270221E-02   0.522017071E-04
   0.796990120E-03   0.222538109E-02  -0.452857371E-02   0.149108062E-03
   0.998446485E-03   0.293928478E-02  -0.593347615E-02   0.255078397E-03
   0.123638124E-02   0.382602983E-02  -0.762333674E-02   0.391038600E-03
   0.152587879E-02   0.486634951E-02  -0.969375204E-02   0.590913813E-03
   0.184917066E-02   0.608638534E-02  -0.119930711E-01   0.821229420E-03
   0.223943009E-02   0.764627894E-02  -0.147896847E-01   0.105668115E-02
   0.265033287E-02   0.929361023E-02  -0.176495370E-01   0.135157141E-02
   0.313952705E-02   0.113454713E-01  -0.210818071E-01   0.165593182E-02
   0.368125481E-02   0.136784762E-01  -0.248469282E-01   0.200522714E-02
   0.425396068E-02   0.162422899E-01  -0.287129451E-01   0.237577711E-02
   0.489196274E-02   0.192261953E-01  -0.329774953E-01   0.272433017E-02
   0.558711169E-02   0.226284694E-01  -0.375725776E-01   0.308233243E-02
   0.630301470E-02   0.262991618E-01  -0.421542041E-01   0.345999305E-02
   0.705962395E-02   0.305091161E-01  -0.468672551E-01   0.363898464E-02
   0.786007475E-02   0.351477973E-01  -0.517892279E-01   0.388785987E-02
   0.867060106E-02   0.401901193E-01  -0.566532761E-01   0.422158698E-02
   0.948124472E-02   0.457464643E-01  -0.612725243E-01   0.426559290E-02
   0.103033651E-01   0.517989621E-01  -0.658436194E-01   0.431162212E-02
   0.111004570E-01   0.583041832E-01  -0.700653121E-01   0.433641160E-02
   0.118513964E-01   0.652843416E-01  -0.737815797E-01   0.437006587E-02
   0.125828264E-01   0.728092566E-01  -0.771219134E-01   0.415240042E-02
   0.132495174E-01   0.807727724E-01  -0.798024088E-01   0.395796308E-02
   0.138386562E-01   0.891261473E-01  -0.816383734E-01   0.365937757E-02
   0.143428370E-01   0.978076011E-01  -0.826669335E-01   0.345307658E-02
   0.147684645E-01   0.106677368E+00  -0.827041119E-01   0.306586432E-02
   0.150882453E-01   0.115750343E+00  -0.815575495E-01   0.268268841E-02
   0.153233195E-01   0.124938779E+00  -0.792750344E-01   0.231581111E-02
   0.154544413E-01   0.133778870E+00  -0.755635276E-01   0.189845008E-02
   0.155163556E-01   0.142611802E+00  -0.705112517E-01   0.154248264E-02
   0.155079793E-01   0.150619552E+00  -0.639646053E-01   0.114659732E-02
   0.154401911E-01   0.157957032E+00  -0.560225658E-01   0.824043236E-03
   0.153410286E-01   0.164364219E+00  -0.467379354E-01   0.535900472E-03
   0.152251562E-01   0.169630885E+00  -0.362361968E-01   0.315075944E-03
   0.151492665E-01   0.173570737E+00  -0.247414671E-01   0.140270844E-03
   0.150836315E-01   0.175871938E+00  -0.125483461E-01   0.348095891E-04
   0.150477253E-01   0.176461518E+00  -0.322662785E-07   0.000000000E+00
