   0.602164946E-03   0.662247986E-01   0.739315453E-08   0.000000000E+00
   0.623486005E-03   0.653317198E-01   0.744141685E-02   0.456060443E-04
   0.679220131E-03   0.627773255E-01   0.143241975E-01   0.175129695E-03
   0.762230775E-03   0.587982796E-01   0.202006083E-01   0.368753215E-03
   0.857487554E-03   0.537815429E-01   0.247598533E-01   0.596764381E-03
   0.949977431E-03   0.481119119E-01   0.278410222E-01   0.832780846E-03
   0.102748000E-02   0.422501042E-01   0.295230690E-01   0.105497881E-02
   0.107516779E-02   0.364332125E-01   0.298465788E-01   0.122764672E-02
   0.108712038E-02   0.308890119E-01   0.289894957E-01   0.134954799E-02
   0.106564839E-02   0.258150287E-01   0.272885729E-01   0.141905667E-02
   0.100829173E-02   0.212390553E-01   0.248748884E-01   0.142396335E-02
   0.924481370E-03   0.172289703E-01   0.220642649E-01   0.138035754E-02
   0.819322944E-03   0.137414550E-01   0.190018080E-01   0.128692877E-02
   0.700616685E-03   0.107499668E-01   0.158619490E-01   0.115510146E-02
   0.581849308E-03   0.826589484E-02   0.129085938E-01   0.100669393E-02
   0.464000885E-03   0.618046150E-02   0.101185823E-01   0.843122310E-03
   0.356544071E-03   0.449876348E-02   0.766175520E-02   0.675383606E-03
   0.262712099E-03   0.316649512E-02   0.557283778E-02   0.518157496E-03
   0.183344077E-03   0.212326180E-02   0.383793749E-02   0.374897645E-03
   0.122416182E-03   0.136716152E-02   0.252955640E-02   0.259055319E-03
   0.764197102E-04   0.823918323E-03   0.155349181E-02   0.165700520E-03
   0.441344346E-04   0.460084499E-03   0.878794526E-03   0.973153801E-04
   0.238699977E-04   0.239133937E-03   0.462391239E-03   0.529909339E-04
   0.112380421E-04   0.109344764E-03   0.208473983E-03   0.245128722E-04
   0.398155134E-05   0.383501429E-04   0.663218307E-04   0.775990975E-05
   0.149522452E-05   0.176885296E-04   0.242684218E-04   0.294266852E-05
   0.102386775E-05   0.163787390E-04   0.214032425E-04   0.263108200E-05
   0.159242677E-05   0.262531648E-04   0.389231973E-04   0.493607058E-05
   0.227097348E-05   0.347664973E-04   0.576166567E-04   0.816497140E-05
   0.285984243E-05   0.407829248E-04   0.707830113E-04   0.100287689E-04
   0.288649812E-05   0.390221685E-04   0.701498939E-04   0.989151795E-05
   0.268676899E-05   0.355051416E-04   0.649289868E-04   0.939978418E-05
   0.277432150E-05   0.354286494E-04   0.655307012E-04   0.939789334E-05
   0.199604870E-05   0.244906714E-04   0.450834887E-04   0.623296319E-05
   0.176364370E-05   0.215469972E-04   0.400155041E-04   0.571511919E-05
   0.110703638E-05   0.132944569E-04   0.252920927E-04   0.359340652E-05
   0.785440363E-06   0.839979839E-05   0.152326320E-04   0.185376257E-05
   0.535186416E-06   0.551465655E-05   0.982456731E-05   0.117226932E-05
   0.369630925E-06   0.356933788E-05   0.635317156E-05   0.690637307E-06
   0.246139791E-06   0.171969452E-05   0.151427241E-05   0.183644559E-06
   0.121258211E-06   0.757534110E-06   0.730998124E-06   0.371909117E-07
   0.703807075E-07   0.210057877E-06  -0.382624222E-06  -0.301498311E-07
   0.730077474E-07   0.231649963E-06  -0.794660707E-06   0.433565823E-07
   0.445168347E-07   0.202859567E-06  -0.675573460E-06   0.126338222E-06
   0.695564495E-07   0.452477963E-06  -0.585499095E-06   0.312188462E-06
   0.417299155E-07   0.388507488E-06   0.108459631E-06   0.243876485E-06
   0.462775915E-07   0.400105336E-06   0.409002695E-06   0.203840756E-06
   0.369243942E-07   0.336345693E-06   0.608849632E-06   0.126777636E-06
   0.340580222E-07   0.177129607E-06   0.303319752E-06   0.212485229E-07
   0.100934763E-06   0.488014223E-06  -0.506969627E-06   0.608913098E-07
   0.133591612E-06   0.519610808E-06  -0.888440297E-06   0.247838763E-07
   0.313105375E-06   0.126920884E-05  -0.319760238E-05   0.259909712E-06
   0.715687179E-06   0.320840536E-05  -0.928771169E-05   0.115399337E-05
   0.863778553E-06   0.365016012E-05  -0.125208089E-04   0.163217703E-05
   0.149192522E-05   0.641638553E-05  -0.218822552E-04   0.295819655E-05
   0.225347003E-05   0.992820242E-05  -0.329403010E-04   0.451224560E-05
   0.333952539E-05   0.146041675E-04  -0.500193928E-04   0.730639704E-05
   0.418340460E-05   0.182984659E-04  -0.626130568E-04   0.936260130E-05
   0.531732212E-05   0.231291633E-04  -0.785436787E-04   0.115209232E-04
   0.608256278E-05   0.264984865E-04  -0.886622292E-04   0.128446172E-04
   0.634337994E-05   0.273168371E-04  -0.911093230E-04   0.133110252E-04
   0.587787645E-05   0.251856345E-04  -0.821549766E-04   0.117216341E-04
   0.506199285E-05   0.215369946E-04  -0.674910043E-04   0.922225627E-05
   0.355213228E-05   0.150097894E-04  -0.438637508E-04   0.626028714E-05
   0.252825521E-05   0.101700407E-04  -0.262548583E-04   0.390856394E-05
   0.329038221E-05   0.110786550E-04  -0.301893160E-04   0.388941953E-05
   0.806690696E-05   0.270455330E-04  -0.882076056E-04   0.116016708E-04
   0.202230349E-04   0.684205806E-04  -0.236022213E-03   0.296484286E-04
   0.452623790E-04   0.153329282E-03  -0.536950363E-03   0.647663837E-04
   0.867341150E-04   0.291858305E-03  -0.101901765E-02   0.118240008E-03
   0.152499721E-03   0.509922567E-03  -0.176092761E-02   0.195313449E-03
   0.248234544E-03   0.821014051E-03  -0.279548485E-02   0.298794097E-03
   0.383122126E-03   0.125888980E-02  -0.419599377E-02   0.427024468E-03
   0.556297717E-03   0.181464863E-02  -0.588853238E-02   0.570465403E-03
   0.774410029E-03   0.251975283E-02  -0.789189246E-02   0.720694021E-03
   0.104912836E-02   0.340743293E-02  -0.102547035E-01   0.888394890E-03
   0.136779924E-02   0.445530936E-02  -0.127494773E-01   0.104198791E-02
   0.173272437E-02   0.569424080E-02  -0.153137352E-01   0.116694800E-02
   0.214130338E-02   0.712448824E-02  -0.178162884E-01   0.127141166E-02
   0.259738741E-02   0.879369862E-02  -0.202026889E-01   0.133679865E-02
   0.308433571E-02   0.106704626E-01  -0.221978761E-01   0.135618553E-02
   0.360650499E-02   0.127913887E-01  -0.237575267E-01   0.132184650E-02
   0.415834971E-02   0.151428841E-01  -0.247362684E-01   0.124077406E-02
   0.472101429E-02   0.176581684E-01  -0.248947479E-01   0.110821147E-02
   0.528857717E-02   0.202912018E-01  -0.241698995E-01   0.939248595E-03
   0.584943220E-02   0.229657013E-01  -0.224997364E-01   0.746708014E-03
   0.637044944E-02   0.254980996E-01  -0.197393280E-01   0.530847989E-03
   0.683175214E-02   0.277581234E-01  -0.159725994E-01   0.326274399E-03
   0.719205476E-02   0.295329932E-01  -0.112647014E-01   0.154151479E-03
   0.742320064E-02   0.306826904E-01  -0.582362525E-02   0.402616060E-04
   0.750337821E-02   0.310830586E-01  -0.150469237E-07   0.000000000E+00
