   0.391133316E-02   0.151549244E+01   0.000000000E+00   0.000000000E+00
   0.384648400E-02   0.148501623E+01   0.931166783E-01   0.852093915E-03
   0.366127654E-02   0.139901531E+01   0.176189840E+00   0.315617188E-02
   0.337553374E-02   0.126706910E+01   0.240785405E+00   0.624436792E-02
   0.301826070E-02   0.110446692E+01   0.281417370E+00   0.931924488E-02
   0.262326677E-02   0.929096520E+00   0.300250411E+00   0.117342165E-01
   0.221561641E-02   0.754465580E+00   0.297322184E+00   0.131299375E-01
   0.181608147E-02   0.591557920E+00   0.275969326E+00   0.133269746E-01
   0.144664431E-02   0.449030340E+00   0.244344935E+00   0.125775328E-01
   0.111272256E-02   0.329027236E+00   0.203751221E+00   0.110891117E-01
   0.822692062E-03   0.232427597E+00   0.159562826E+00   0.913473591E-02
   0.584419526E-03   0.158391044E+00   0.118144177E+00   0.705198711E-02
   0.394150265E-03   0.103441805E+00   0.805646628E-01   0.501280744E-02
   0.250679062E-03   0.645112246E-01   0.497862101E-01   0.320104882E-02
   0.149164305E-03   0.382924378E-01   0.270922668E-01   0.178369693E-02
   0.832411824E-04   0.217335094E-01   0.126801822E-01   0.829189026E-03
   0.430733307E-04   0.118087353E-01   0.442201132E-02   0.269557815E-03
   0.217990364E-04   0.639228197E-02   0.113255868E-02   0.525426076E-04
   0.116977671E-04   0.365521573E-02   0.559983018E-03   0.420906617E-04
   0.787570480E-05   0.241499906E-02   0.134863972E-02   0.143124562E-03
   0.650812717E-05   0.179664046E-02   0.218806951E-02   0.238933018E-03
   0.636000641E-05   0.156668574E-02   0.301070046E-02   0.338451588E-03
   0.543083206E-05   0.125109055E-02   0.294694584E-02   0.341808773E-03
   0.415404884E-05   0.924649765E-03   0.242525712E-02   0.291687495E-03
   0.298593795E-05   0.643784297E-03   0.179802394E-02   0.219197769E-03
   0.197731879E-05   0.424323865E-03   0.123437936E-02   0.156220878E-03
   0.137223833E-05   0.292058918E-03   0.880463165E-03   0.113791190E-03
   0.689249703E-06   0.150247113E-03   0.463499833E-03   0.624013992E-04
   0.253412992E-06   0.575467275E-04   0.173693334E-03   0.249648183E-04
   0.504749842E-07   0.124651160E-04   0.349158545E-04   0.559727368E-05
   0.460400251E-08   0.110972303E-05   0.204356866E-05   0.379493258E-06
   0.293258733E-07   0.489433069E-05   0.109612729E-04   0.217361412E-05
   0.297407272E-07   0.512509314E-05   0.167455510E-04   0.212558120E-05
   0.494198176E-07   0.797636585E-05   0.248902343E-04   0.311198505E-05
   0.353438239E-07   0.678390779E-05   0.240208847E-04   0.307436244E-05
   0.821733153E-07   0.148756353E-04   0.480192975E-04   0.650884476E-05
   0.371905280E-07   0.496212760E-05   0.124018343E-04   0.170989938E-05
   0.681810093E-07   0.130659282E-04   0.444461875E-04   0.600336307E-05
   0.332144445E-07   0.515688725E-05   0.175933146E-04   0.201297917E-05
   0.384822449E-07   0.605758260E-05   0.180483039E-04   0.250234962E-05
   0.251894221E-07   0.350016603E-05   0.316247042E-05   0.157431691E-05
   0.483063634E-08   0.357915525E-06  -0.101484477E-05   0.918146199E-07
   0.375137654E-08   0.443484083E-06  -0.218537207E-05   0.291868048E-06
   0.576732107E-09   0.813313932E-07   0.537272165E-07   0.411847410E-07
   0.244215825E-08   0.396051490E-06   0.123882876E-05   0.170451202E-06
   0.331609540E-08   0.899707857E-06   0.274257104E-05   0.520558785E-06
   0.242771714E-08   0.409795177E-06  -0.157122395E-05   0.310857075E-06
   0.543434853E-08   0.747222884E-06  -0.149944185E-05   0.433636814E-06
   0.164951997E-08   0.135271307E-06  -0.631782541E-06   0.611816162E-07
   0.240566447E-07   0.280545032E-05  -0.717714329E-05   0.148382924E-05
   0.130659217E-07   0.114284944E-05  -0.512890938E-05   0.527215605E-06
   0.466465160E-07   0.554373401E-05  -0.235192783E-04   0.343182637E-05
   0.407797955E-07   0.448475885E-05  -0.216061562E-04   0.274558192E-05
   0.412489456E-07   0.422859875E-05  -0.172991622E-04   0.222646713E-05
   0.967210596E-07   0.111466406E-04  -0.518345769E-04   0.696321467E-05
   0.631509280E-07   0.749174660E-05  -0.372762988E-04   0.507700179E-05
   0.122703668E-06   0.143755924E-04  -0.665765328E-04   0.908519269E-05
   0.475324029E-07   0.517204262E-05  -0.246120235E-04   0.309920188E-05
   0.250841339E-07   0.243695331E-05  -0.110190758E-04   0.123542952E-05
   0.883396556E-08   0.858461647E-06  -0.172621151E-05   0.310148863E-06
   0.538658274E-08   0.102503850E-05  -0.150349001E-05   0.729792816E-06
   0.577368873E-07   0.767795427E-05  -0.316796322E-04   0.519970718E-05
   0.340939607E-06   0.400439458E-04  -0.184889082E-03   0.256690455E-04
   0.836809875E-06   0.949240202E-04  -0.442689634E-03   0.594224839E-04
   0.151234497E-05   0.163980541E-03  -0.757091562E-03   0.963485145E-04
   0.271300792E-05   0.285071641E-03  -0.131852040E-02   0.164195124E-03
   0.429745160E-05   0.434074755E-03  -0.196478376E-02   0.234845065E-03
   0.626702331E-05   0.609375304E-03  -0.265957881E-02   0.308433082E-03
   0.858443582E-05   0.794423046E-03  -0.323252310E-02   0.357143959E-03
   0.101380201E-04   0.885987480E-03  -0.305812922E-02   0.329132774E-03
   0.120041750E-04   0.968313776E-03  -0.231652684E-02   0.237358108E-03
   0.161680637E-04   0.120541966E-02  -0.141906599E-02   0.137952549E-03
   0.249624991E-04   0.175485061E-02  -0.588482944E-03   0.525577598E-04
   0.447748207E-04   0.309360889E-02  -0.116759993E-02   0.105969222E-03
   0.842753143E-04   0.582987210E-02  -0.450546620E-02   0.395992451E-03
   0.157232731E-03   0.109201754E-01  -0.129204886E-01   0.108807895E-02
   0.280408596E-03   0.195111856E-01  -0.282919351E-01   0.226802169E-02
   0.470485189E-03   0.327453241E-01  -0.507494435E-01   0.386663084E-02
   0.749275030E-03   0.521689057E-01  -0.809377134E-01   0.587269478E-02
   0.113569107E-02   0.791781768E-01  -0.117152095E+00   0.806596596E-02
   0.165166939E-02   0.115395948E+00  -0.158356920E+00   0.103230719E-01
   0.231202343E-02   0.162018210E+00  -0.201412693E+00   0.123536466E-01
   0.311414711E-02   0.219017982E+00  -0.239549950E+00   0.137700858E-01
   0.406235131E-02   0.286590517E+00  -0.271555334E+00   0.143719474E-01
   0.512728048E-02   0.362536639E+00  -0.290845603E+00   0.139100496E-01
   0.626770593E-02   0.443591982E+00  -0.293866932E+00   0.123131834E-01
   0.741421804E-02   0.524531245E+00  -0.276634991E+00   0.966443028E-02
   0.847456418E-02   0.598741949E+00  -0.236680582E+00   0.639522076E-02
   0.934006274E-02   0.658907890E+00  -0.173686698E+00   0.321565056E-02
   0.991130527E-02   0.698324621E+00  -0.922244936E-01   0.866383081E-03
   0.101089235E-01   0.711903274E+00  -0.254195356E-06   0.000000000E+00
