   0.255914842E-03   0.201949459E-01   0.000000000E+00   0.000000000E+00
   0.262826739E-03   0.198212527E-01   0.241433224E-02   0.140945513E-04
   0.283264730E-03   0.187336281E-01   0.455768732E-02   0.532405793E-04
   0.311399752E-03   0.171064511E-01   0.623067794E-02   0.108491695E-03
   0.341364270E-03   0.151306046E-01   0.733910687E-02   0.168709230E-03
   0.365863933E-03   0.130171319E-01   0.787271652E-02   0.224306496E-03
   0.379792444E-03   0.109364651E-01   0.790440571E-02   0.267915311E-03
   0.381442806E-03   0.899594184E-02   0.755630946E-02   0.295792444E-03
   0.369089656E-03   0.725582428E-02   0.692559546E-02   0.306422531E-03
   0.342496380E-03   0.574350078E-02   0.609869231E-02   0.300714048E-03
   0.307626178E-03   0.446859701E-02   0.521412725E-02   0.282972062E-03
   0.264947594E-03   0.339951972E-02   0.429366203E-02   0.254342711E-03
   0.220139831E-03   0.253507472E-02   0.342923612E-02   0.218984147E-03
   0.175460809E-03   0.183889642E-02   0.263620610E-02   0.181284806E-03
   0.133823356E-03   0.129460928E-02   0.194598513E-02   0.142556295E-03
   0.969217144E-04   0.874417776E-03   0.136394543E-02   0.106018175E-03
   0.668927169E-04   0.566865841E-03   0.910471252E-03   0.748067396E-04
   0.427359046E-04   0.343071209E-03   0.557827821E-03   0.477088215E-04
   0.257256233E-04   0.195651883E-03   0.319078943E-03   0.285825590E-04
   0.140189486E-04   0.101934776E-03   0.161041447E-03   0.146823804E-04
   0.706081619E-05   0.492504078E-04   0.724244164E-04   0.671048929E-05
   0.275021875E-05   0.203058371E-04   0.210932376E-04   0.179857057E-05
   0.954328925E-06   0.943534906E-05   0.389490106E-05   0.224023623E-06
   0.284044148E-06   0.697455152E-05   0.854650523E-06   0.617529992E-07
   0.277158506E-06   0.791116508E-05   0.496193934E-05   0.684530050E-06
   0.485554551E-06   0.993692902E-05   0.105247791E-04   0.143534476E-05
   0.627471138E-06   0.103003567E-04   0.133722315E-04   0.189460616E-05
   0.711729967E-06   0.102164804E-04   0.148003037E-04   0.213781163E-05
   0.715164902E-06   0.946641921E-05   0.144964606E-04   0.214471265E-05
   0.614653629E-06   0.759976547E-05   0.120837531E-04   0.177779168E-05
   0.518063359E-06   0.620576702E-05   0.101468177E-04   0.154698057E-05
   0.337437911E-06   0.396820178E-05   0.661496506E-05   0.103803529E-05
   0.209079388E-06   0.238184725E-05   0.399495002E-05   0.619220828E-06
   0.120209862E-06   0.138399218E-05   0.230970591E-05   0.375763420E-06
   0.606327148E-07   0.705103730E-06   0.118958519E-05   0.200078006E-06
   0.258410608E-07   0.279586715E-06   0.492876893E-06   0.756076872E-07
   0.129013404E-07   0.135942599E-06   0.213918923E-06   0.338036017E-07
   0.301123593E-08   0.276094223E-07   0.359900909E-07   0.549369572E-08
   0.339613160E-08   0.852339266E-08  -0.238367530E-07   0.459391414E-08
   0.290724889E-08   0.143488821E-07  -0.306016119E-07   0.109419407E-07
   0.347101103E-08   0.332872858E-07   0.262856421E-07   0.188355003E-07
   0.104993925E-07   0.641781455E-07  -0.280907226E-07   0.413225294E-07
   0.193674818E-07   0.114353938E-06  -0.342280804E-08   0.663725928E-07
   0.590348659E-08   0.744048947E-07   0.449785382E-07   0.450566979E-07
   0.125282886E-07   0.842181294E-07  -0.727814964E-07   0.592052380E-07
   0.156144253E-07   0.100044645E-06  -0.117364458E-06   0.725903746E-07
   0.957460156E-08   0.580774575E-07  -0.121545497E-06   0.452016486E-07
   0.123850734E-07   0.742408233E-07  -0.936224254E-07   0.535574891E-07
   0.103238289E-07   0.615081177E-07  -0.970126095E-07   0.461915590E-07
   0.723881621E-08   0.459318272E-07  -0.583997313E-07   0.338314656E-07
   0.361203067E-08   0.308770574E-07  -0.169353209E-08   0.202012700E-07
   0.886265550E-08   0.362460177E-07  -0.424941611E-07   0.223141630E-07
   0.525193844E-08   0.194826910E-07   0.632841424E-08   0.702784009E-08
   0.728172722E-08   0.186236768E-07  -0.373351625E-07   0.186959781E-08
   0.259405528E-07   0.743443920E-07  -0.243171911E-06   0.320407132E-07
   0.101546476E-06   0.303501167E-06  -0.108405845E-05   0.175096091E-06
   0.244896285E-06   0.708267464E-06  -0.256744761E-05   0.398929586E-06
   0.364422590E-06   0.105628237E-05  -0.378760978E-05   0.590444643E-06
   0.659317493E-06   0.187540104E-05  -0.673633895E-05   0.102794559E-05
   0.955886321E-06   0.267514133E-05  -0.954412826E-05   0.141461805E-05
   0.151482595E-05   0.413089901E-05  -0.147750452E-04   0.215147702E-05
   0.196299493E-05   0.530020452E-05  -0.186780399E-04   0.274634226E-05
   0.244329181E-05   0.646543094E-05  -0.223335246E-04   0.318898765E-05
   0.291769402E-05   0.755078190E-05  -0.252007467E-04   0.345015224E-05
   0.264486744E-05   0.675737056E-05  -0.206484892E-04   0.274988611E-05
   0.239847395E-05   0.591981870E-05  -0.155254711E-04   0.209503310E-05
   0.187082037E-05   0.422802532E-05  -0.708075277E-05   0.904179046E-06
   0.184617420E-05   0.354589406E-05  -0.182086944E-05   0.364743954E-06
   0.312640464E-05   0.523131303E-05  -0.605164269E-05   0.887249712E-06
   0.788562102E-05   0.136221879E-04  -0.378838049E-04   0.450073185E-05
   0.179674971E-04   0.319002211E-04  -0.106544881E-03   0.118117123E-04
   0.369850823E-04   0.669125584E-04  -0.237429384E-03   0.247011594E-04
   0.679910008E-04   0.123161575E-03  -0.442437187E-03   0.438434363E-04
   0.116734380E-03   0.211150938E-03  -0.754932989E-03   0.708092339E-04
   0.186922858E-03   0.336699159E-03  -0.118022307E-02   0.104867911E-03
   0.282580324E-03   0.507363642E-03  -0.172314188E-02   0.144016158E-03
   0.403263984E-03   0.723794743E-03  -0.234583882E-02   0.183238793E-03
   0.558822823E-03   0.100559893E-02  -0.308663235E-02   0.224883624E-03
   0.747004058E-03   0.135290797E-02  -0.388310384E-02   0.263061142E-03
   0.971056346E-03   0.177784695E-02  -0.471272087E-02   0.295074453E-03
   0.123032031E-02   0.228672591E-02  -0.551887462E-02   0.316994701E-03
   0.152526877E-02   0.288819731E-02  -0.624760007E-02   0.327188376E-03
   0.185877120E-02   0.359241525E-02  -0.686718756E-02   0.324492838E-03
   0.222530309E-02   0.439354405E-02  -0.727913482E-02   0.306416594E-03
   0.262297085E-02   0.528278761E-02  -0.744646601E-02   0.272064150E-03
   0.304068229E-02   0.623522187E-02  -0.727032637E-02   0.226432661E-03
   0.345595065E-02   0.719145779E-02  -0.666874414E-02   0.167975828E-03
   0.383983576E-02   0.808217563E-02  -0.560120726E-02   0.107928892E-03
   0.415515155E-02   0.881303940E-02  -0.406409567E-02   0.525423384E-04
   0.436621951E-02   0.930477213E-02  -0.214343425E-02   0.139841204E-04
   0.443982426E-02   0.947525725E-02  -0.568256553E-08   0.000000000E+00
