   0.134463015E-02   0.296387281E-01   0.000000000E+00   0.000000000E+00
   0.133192807E-02   0.290601421E-01   0.333987107E-02   0.205832948E-04
   0.129478029E-02   0.273674261E-01   0.627202960E-02   0.775905501E-04
   0.123883481E-02   0.248876419E-01   0.851458125E-02   0.157628034E-03
   0.116976677E-02   0.219249371E-01   0.995048042E-02   0.244786555E-03
   0.109332451E-02   0.188281722E-01   0.106258439E-01   0.327079557E-03
   0.101249805E-02   0.158462916E-01   0.106740715E-01   0.393064605E-03
   0.930631999E-03   0.131291924E-01   0.102672419E-01   0.441821292E-03
   0.847666990E-03   0.107516758E-01   0.955735985E-02   0.468086509E-03
   0.763255346E-03   0.872714911E-02   0.866199378E-02   0.475816341E-03
   0.677709992E-03   0.702570751E-02   0.766840251E-02   0.466272002E-03
   0.591956312E-03   0.561058568E-02   0.664414372E-02   0.441781420E-03
   0.509077974E-03   0.444736006E-02   0.565226516E-02   0.408660679E-03
   0.427220279E-03   0.348235434E-02   0.469111092E-02   0.365614163E-03
   0.352263305E-03   0.270174909E-02   0.382626848E-02   0.319097424E-03
   0.282371038E-03   0.205547921E-02   0.303452252E-02   0.270436954E-03
   0.222002724E-03   0.154631620E-02   0.236388459E-02   0.222424831E-03
   0.167827340E-03   0.112535385E-02   0.177024631E-02   0.176546600E-03
   0.123670718E-03   0.802627997E-03   0.129323965E-02   0.135200418E-03
   0.872322344E-04   0.549989403E-03   0.903767359E-03   0.988172396E-04
   0.590325653E-04   0.360710372E-03   0.604433997E-03   0.691840105E-04
   0.384879750E-04   0.227523749E-03   0.388810964E-03   0.464986697E-04
   0.232239545E-04   0.131936511E-03   0.229763362E-03   0.284137586E-04
   0.131651132E-04   0.710776003E-04   0.126660714E-03   0.162733177E-04
   0.687443207E-05   0.343133470E-04   0.632064257E-04   0.838924007E-05
   0.313362239E-05   0.137674870E-04   0.266225779E-04   0.366289873E-05
   0.122133031E-05   0.440568374E-05   0.896469464E-05   0.125733743E-05
   0.450984572E-06   0.151976406E-05   0.274677518E-05   0.328761388E-06
   0.223272963E-06   0.188781792E-05   0.204330104E-05   0.197146576E-06
   0.336218079E-06   0.335081882E-05   0.400153613E-05   0.417645964E-06
   0.463008746E-06   0.460181263E-05   0.603796116E-05   0.795882841E-06
   0.596642792E-06   0.558722286E-05   0.757865701E-05   0.100285126E-05
   0.710545407E-06   0.637993844E-05   0.897111840E-05   0.124173005E-05
   0.639217546E-06   0.553803875E-05   0.793297841E-05   0.111197824E-05
   0.604667321E-06   0.509757047E-05   0.733780098E-05   0.103218167E-05
   0.518691593E-06   0.417430192E-05   0.594161838E-05   0.799301631E-06
   0.396316409E-06   0.304776268E-05   0.429637475E-05   0.555933639E-06
   0.283487964E-06   0.203379500E-05   0.286657087E-05   0.337179358E-06
   0.188915308E-06   0.131073330E-05   0.195052485E-05   0.216170605E-06
   0.137438491E-06   0.873981890E-06   0.116485899E-05   0.120236706E-06
   0.103531647E-06   0.619201273E-06   0.660282637E-06   0.857467342E-07
   0.591114109E-07   0.280188004E-06   0.252184520E-06   0.218421832E-07
   0.320184057E-07   0.117520955E-06   0.793873198E-07  -0.142281673E-09
   0.185967650E-07   0.731873513E-07   0.185345197E-07   0.713283121E-08
   0.127720217E-07   0.276006240E-07  -0.523961994E-07   0.476795048E-08
   0.360264901E-09   0.570496672E-08  -0.946017931E-09   0.360265306E-08
   0.109585798E-07   0.253473722E-07  -0.666427482E-07   0.977570203E-08
   0.308741939E-07   0.924097705E-07  -0.142785183E-06   0.263641837E-07
   0.711238499E-07   0.165906059E-06  -0.362483064E-06   0.425501803E-07
   0.753889253E-07   0.146838929E-06  -0.377740463E-06   0.306344461E-07
   0.198638702E-06   0.417677313E-06  -0.112638611E-05   0.129125098E-06
   0.361479977E-06   0.728864279E-06  -0.220502670E-05   0.285573236E-06
   0.551794642E-06   0.111414022E-05  -0.338227505E-05   0.446277539E-06
   0.810051233E-06   0.172964667E-05  -0.494732740E-05   0.660722890E-06
   0.107504070E-05   0.222831272E-05  -0.662754292E-05   0.907652861E-06
   0.128623913E-05   0.261763262E-05  -0.790456124E-05   0.109853102E-05
   0.164054063E-05   0.336709832E-05  -0.100337256E-04   0.140177053E-05
   0.192198263E-05   0.390647165E-05  -0.116614074E-04   0.167007488E-05
   0.201303442E-05   0.409409085E-05  -0.119912584E-04   0.167874236E-05
   0.191017034E-05   0.389524257E-05  -0.110560377E-04   0.148571200E-05
   0.145202193E-05   0.286340673E-05  -0.801170881E-05   0.106386676E-05
   0.108678535E-05   0.210257417E-05  -0.553396694E-05   0.730869658E-06
   0.681390873E-06   0.113264014E-05  -0.287274725E-05   0.318100120E-06
   0.771578073E-06   0.101532623E-05  -0.344176465E-05   0.491287551E-06
   0.228128010E-05   0.333588673E-05  -0.125624792E-04   0.185231238E-05
   0.664604840E-05   0.102264175E-04  -0.376897515E-04   0.527504744E-05
   0.143776924E-04   0.226161301E-04  -0.808327095E-04   0.109375551E-04
   0.301458913E-04   0.481289098E-04  -0.167528342E-03   0.216193421E-04
   0.537294000E-04   0.854064056E-04  -0.291991513E-03   0.363218387E-04
   0.901560488E-04   0.142812976E-03  -0.478841481E-03   0.570083066E-04
   0.141631041E-03   0.222110320E-03  -0.732181652E-03   0.833499798E-04
   0.211048929E-03   0.328409689E-03  -0.106026058E-02   0.114955321E-03
   0.302823144E-03   0.467186852E-03  -0.147394091E-02   0.152772220E-03
   0.415892893E-03   0.638486352E-03  -0.195548474E-02   0.191761443E-03
   0.558057160E-03   0.854099169E-03  -0.252678944E-02   0.233930827E-03
   0.730818487E-03   0.111966301E-02  -0.317485328E-02   0.274917140E-03
   0.930783397E-03   0.143363117E-02  -0.385881914E-02   0.310526899E-03
   0.116678688E-02   0.181282696E-02  -0.459018210E-02   0.345199805E-03
   0.143900514E-02   0.226876233E-02  -0.533703621E-02   0.368227600E-03
   0.175626052E-02   0.282061961E-02  -0.609691208E-02   0.385035353E-03
   0.211564754E-02   0.347573753E-02  -0.680059195E-02   0.390985719E-03
   0.253177900E-02   0.426516030E-02  -0.745979091E-02   0.383995386E-03
   0.300745200E-02   0.520133693E-02  -0.801037159E-02   0.367048662E-03
   0.354636484E-02   0.629629800E-02  -0.839314610E-02   0.335639692E-03
   0.414747139E-02   0.754506374E-02  -0.853897911E-02   0.293559773E-03
   0.479818787E-02   0.892006606E-02  -0.834446494E-02   0.239393485E-03
   0.546384044E-02   0.103445752E-01  -0.769951614E-02   0.177365349E-03
   0.609324966E-02   0.117011424E-01  -0.651255343E-02   0.112241047E-03
   0.661856262E-02   0.128420396E-01  -0.475934567E-02   0.547818563E-04
   0.697191758E-02   0.136123514E-01  -0.252061314E-02   0.145575323E-04
   0.709645543E-02   0.138844717E-01  -0.637521191E-08   0.000000000E+00
