   0.375312724E-03   0.323178619E-01   0.398602973E-08   0.000000000E+00
   0.378830737E-03   0.316090174E-01   0.308036222E-02   0.202094070E-04
   0.387739361E-03   0.295842830E-01   0.577937346E-02   0.747078011E-04
   0.398055854E-03   0.265633110E-01   0.782145653E-02   0.147809245E-03
   0.404651364E-03   0.229424015E-01   0.907189492E-02   0.221234906E-03
   0.402244274E-03   0.191103164E-01   0.952322595E-02   0.279359199E-03
   0.386827887E-03   0.153867472E-01   0.926356390E-02   0.313388970E-03
   0.358563091E-03   0.120127564E-01   0.851270463E-02   0.322554697E-03
   0.317432772E-03   0.908208266E-02   0.738613307E-02   0.307716051E-03
   0.268204923E-03   0.665430306E-02   0.609717704E-02   0.277362851E-03
   0.214682063E-03   0.470909756E-02   0.476069469E-02   0.232865292E-03
   0.161822521E-03   0.320017943E-02   0.349293509E-02   0.182919786E-03
   0.115256400E-03   0.208878494E-02   0.242159632E-02   0.134898641E-03
   0.760234252E-04   0.129151181E-02   0.154267182E-02   0.905662309E-04
   0.462456046E-04   0.752826396E-03   0.896004960E-03   0.552048950E-04
   0.251166148E-04   0.406164618E-03   0.449552230E-03   0.284238195E-04
   0.117758791E-04   0.201760617E-03   0.180318326E-03   0.111107420E-04
   0.489369631E-05   0.966696534E-04   0.556363339E-04   0.299241947E-05
   0.181665166E-05   0.480903946E-04   0.107331189E-04   0.257961148E-06
   0.854459586E-06   0.301814744E-04   0.786486180E-05   0.710721224E-06
   0.947673584E-06   0.264490263E-04   0.224655614E-04   0.243200748E-05
   0.127119472E-05   0.263695238E-04   0.372120521E-04   0.416434432E-05
   0.132995808E-05   0.236080450E-04   0.411923320E-04   0.480467043E-05
   0.122706160E-05   0.195418124E-04   0.375762102E-04   0.443096496E-05
   0.883836719E-06   0.134449401E-04   0.275710372E-04   0.335652999E-05
   0.729776161E-06   0.107116266E-04   0.229827128E-04   0.290206413E-05
   0.458537016E-06   0.650220909E-05   0.142060462E-04   0.180672214E-05
   0.227581083E-06   0.314967224E-05   0.686519070E-05   0.888702345E-06
   0.806889062E-07   0.117422007E-05   0.255671739E-05   0.360179399E-06
   0.231651835E-07   0.391504045E-06   0.825594213E-06   0.148383052E-06
   0.228932584E-08   0.465224446E-07   0.635580832E-07   0.232838868E-07
   0.136644707E-08   0.125576554E-07  -0.690484603E-08   0.663362387E-08
   0.124794690E-07   0.138980639E-06   0.329540001E-06   0.441594743E-07
   0.126394601E-07   0.136873837E-06   0.311276978E-06   0.424646522E-07
   0.922763910E-08   0.106054074E-06   0.283654089E-06   0.350694549E-07
   0.150588146E-07   0.154798599E-06   0.392792657E-06   0.443072743E-07
   0.185575413E-07   0.187540479E-06   0.455090742E-06   0.542367857E-07
   0.244467415E-07   0.268363266E-06   0.586189230E-06   0.890673562E-07
   0.108173888E-07   0.110485018E-06   0.275811061E-06   0.328514318E-07
   0.995657601E-08   0.952109360E-07   0.252956568E-06   0.261065765E-07
   0.591130744E-08   0.457532892E-07   0.453246116E-07   0.146119259E-07
   0.770367714E-09   0.206043005E-08  -0.700150204E-08   0.429575334E-10
   0.857962701E-09   0.253300403E-08  -0.243711140E-08  -0.265094023E-10
   0.797014010E-09   0.566497960E-08   0.988116788E-08   0.149763468E-08
   0.224195218E-09   0.234975217E-08   0.253685961E-08   0.996216665E-09
   0.835442215E-09   0.676199496E-08   0.416672419E-09   0.288337687E-08
   0.187363658E-08   0.139799328E-07  -0.103894466E-07   0.649704246E-08
   0.359755203E-08   0.222132410E-07  -0.422086295E-07   0.108315845E-07
   0.848484671E-09   0.215934159E-08  -0.563230662E-08  -0.749663387E-10
   0.713105885E-08   0.324779457E-07  -0.134856862E-06   0.178486914E-07
   0.374453801E-08   0.119059678E-07  -0.481268252E-07   0.295328761E-08
   0.196349461E-07   0.921698202E-07  -0.420803417E-06   0.566135228E-07
   0.279340302E-07   0.132739956E-06  -0.597914379E-06   0.814648118E-07
   0.446951276E-07   0.217046420E-06  -0.970815677E-06   0.135760985E-06
   0.131254838E-07   0.533485576E-07  -0.272194541E-06   0.311301704E-07
   0.597158802E-07   0.285140629E-06  -0.127645171E-05   0.175126829E-06
   0.193944292E-07   0.831131715E-07  -0.372044980E-06   0.438394636E-07
   0.431649383E-07   0.206120149E-06  -0.881180199E-06   0.121085066E-06
   0.818866308E-08   0.359618717E-07  -0.162324000E-06   0.201434407E-07
   0.122704091E-08   0.856073878E-08  -0.773353914E-08   0.389081123E-08
   0.767987984E-08   0.538582832E-07  -0.144568389E-06   0.400871016E-07
   0.645453184E-07   0.306305139E-06  -0.135702408E-05   0.197152275E-06
   0.234554051E-06   0.103887442E-05  -0.478218135E-05   0.638117626E-06
   0.543783585E-06   0.235731181E-05  -0.109072598E-04   0.144704711E-05
   0.108037955E-05   0.451046162E-05  -0.208531183E-04   0.261029595E-05
   0.182780286E-05   0.740670521E-05  -0.339975304E-04   0.412254803E-05
   0.265347876E-05   0.104213022E-04  -0.469519618E-04   0.550258346E-05
   0.388819763E-05   0.147026121E-04  -0.646966291E-04   0.731380806E-05
   0.447946786E-05   0.162200831E-04  -0.668900611E-04   0.733280194E-05
   0.484332259E-05   0.166031314E-04  -0.590282398E-04   0.624164159E-05
   0.461097807E-05   0.143897778E-04  -0.333898242E-04   0.349510606E-05
   0.553630434E-05   0.153808396E-04  -0.120993682E-04   0.132609227E-05
   0.927098699E-05   0.240779809E-04  -0.142412300E-04   0.157190050E-05
   0.197659465E-04   0.516752989E-04  -0.824144226E-04   0.768712198E-05
   0.429291649E-04   0.113708644E-03  -0.273553451E-03   0.236022734E-04
   0.862903617E-04   0.229318335E-03  -0.645691296E-03   0.522762421E-04
   0.159230098E-03   0.422046141E-03  -0.125477440E-02   0.955351134E-04
   0.271761644E-03   0.716621114E-03  -0.213005813E-02   0.152247056E-03
   0.433252513E-03   0.113771937E-02  -0.325804763E-02   0.217687004E-03
   0.652401126E-03   0.170926657E-02  -0.458721258E-02   0.287453528E-03
   0.939809601E-03   0.246378477E-02  -0.607934268E-02   0.355152122E-03
   0.129492558E-02   0.340784597E-02  -0.753583480E-02   0.408718974E-03
   0.172878441E-02   0.457584858E-02  -0.893096346E-02   0.445542653E-03
   0.223578350E-02   0.595748145E-02  -0.100608831E-01   0.457267248E-03
   0.280459947E-02   0.752317533E-02  -0.107249068E-01   0.435959286E-03
   0.342250476E-02   0.922758691E-02  -0.108444868E-01   0.383283506E-03
   0.405804720E-02   0.109764785E-01  -0.102571948E-01   0.301280961E-03
   0.465449598E-02   0.126086138E-01  -0.878977310E-02   0.199900038E-03
   0.515163084E-02   0.139580974E-01  -0.647320552E-02   0.100472898E-03
   0.548597937E-02   0.148613853E-01  -0.344660738E-02   0.271880672E-04
   0.560258515E-02   0.151747195E-01  -0.992862770E-08   0.000000000E+00
