   0.114031252E-03   0.143047981E-01   0.000000000E+00   0.000000000E+00
   0.119225733E-03   0.139707047E-01   0.165186229E-02   0.985432143E-05
   0.133031135E-03   0.130252345E-01   0.307973078E-02   0.363462386E-04
   0.151567205E-03   0.116296671E-01   0.413541542E-02   0.717965959E-04
   0.169864667E-03   0.997970160E-02   0.475503877E-02   0.107586035E-03
   0.182462813E-03   0.826525129E-02   0.493610557E-02   0.136141374E-03
   0.186386023E-03   0.662684767E-02   0.476090005E-02   0.152453751E-03
   0.180687930E-03   0.516007096E-02   0.433150074E-02   0.157589573E-03
   0.166092839E-03   0.390921859E-02   0.374842435E-02   0.151674249E-03
   0.143553800E-03   0.286564231E-02   0.306349015E-02   0.136178074E-03
   0.118130447E-03   0.204166817E-02   0.240237359E-02   0.116417512E-03
   0.910476738E-04   0.139640947E-02   0.177161128E-02   0.929674497E-04
   0.654335381E-04   0.911432027E-03   0.122108345E-02   0.686264684E-04
   0.439900905E-04   0.566137314E-03   0.787895115E-03   0.470996929E-04
   0.271511835E-04   0.328947819E-03   0.463499600E-03   0.291505567E-04
   0.151179811E-04   0.176433896E-03   0.241946225E-03   0.157697650E-04
   0.716800196E-05   0.846300318E-04   0.102261103E-03   0.668638040E-05
   0.299618250E-05   0.381444988E-04   0.350426089E-04   0.214271085E-05
   0.100646344E-05   0.169320920E-04   0.718771662E-05   0.273312622E-06
   0.348452460E-06   0.960689067E-05   0.190056971E-05   0.890986840E-07
   0.301280693E-06   0.901511612E-05   0.608753362E-05   0.667568997E-06
   0.492087224E-06   0.989606178E-05   0.121987387E-04   0.135426319E-05
   0.589071533E-06   0.960627494E-05   0.149543384E-04   0.172439081E-05
   0.582235600E-06   0.838147298E-05   0.145356753E-04   0.170994974E-05
   0.478397453E-06   0.643825797E-05   0.117986310E-04   0.142991905E-05
   0.325742917E-06   0.424653126E-05   0.811755308E-05   0.102293416E-05
   0.210561964E-06   0.267382507E-05   0.532155673E-05   0.686845624E-06
   0.120992027E-06   0.152390146E-05   0.305391313E-05   0.407937932E-06
   0.613398115E-07   0.773296279E-06   0.154314773E-05   0.215760963E-06
   0.179716402E-07   0.235289619E-06   0.458688277E-06   0.687873367E-07
   0.500868813E-08   0.790390402E-07   0.140017946E-06   0.306404928E-07
   0.690637825E-09   0.769622677E-08  -0.552594992E-08   0.514059639E-08
   0.374570597E-08   0.308150163E-07   0.394241120E-07   0.999362904E-08
   0.393427424E-08   0.237656259E-07   0.262405049E-07   0.519045917E-08
   0.985176651E-08   0.662080737E-07   0.671131559E-07   0.175251333E-07
   0.111827498E-07   0.103487871E-06   0.216452563E-06   0.288833988E-07
   0.655594867E-08   0.579200226E-07   0.133970431E-06   0.148255701E-07
   0.516796828E-08   0.287893300E-07   0.240345734E-07   0.641967413E-08
   0.584961857E-08   0.501916944E-07   0.124349910E-06   0.126175523E-07
   0.623470697E-08   0.570384522E-07   0.109698398E-06   0.171699277E-07
   0.223544028E-08   0.175893096E-07   0.376786566E-07   0.546344436E-08
   0.762972463E-09   0.432470770E-08   0.869273364E-08   0.985020066E-09
   0.164763891E-08   0.130391768E-07   0.327979066E-07   0.312206194E-08
   0.135426947E-08   0.110090452E-07   0.170189196E-07   0.340660655E-08
   0.238168985E-09   0.271190292E-08   0.266614109E-08   0.133673850E-08
   0.384447418E-09   0.355849239E-08   0.648899423E-08   0.139706224E-08
   0.316991822E-09   0.365352082E-08   0.688479673E-08   0.135213385E-08
   0.898954355E-09   0.848473736E-08   0.166262542E-07   0.265384070E-08
   0.293834013E-09   0.116932175E-08  -0.105066822E-08   0.443174913E-09
   0.155903490E-08   0.414221768E-08  -0.170934005E-07   0.146037316E-08
   0.556132784E-08   0.159641544E-07  -0.730948315E-07   0.779664777E-08
   0.878820927E-08   0.266255960E-07  -0.126413454E-06   0.148302730E-07
   0.756425855E-08   0.245895233E-07  -0.109151920E-06   0.136919480E-07
   0.219659437E-07   0.737780894E-07  -0.348724967E-06   0.471567674E-07
   0.397642843E-07   0.143945158E-06  -0.588756166E-06   0.838769907E-07
   0.205866346E-07   0.711108399E-07  -0.309702358E-06   0.419044497E-07
   0.148712367E-07   0.491524439E-07  -0.212112013E-06   0.269191638E-07
   0.641185149E-08   0.211238262E-07  -0.961348903E-07   0.124227286E-07
   0.632977937E-08   0.225286048E-07  -0.895434766E-07   0.125965745E-07
   0.204176853E-08   0.829998381E-08  -0.309400789E-07   0.554866908E-08
   0.137279894E-07   0.485249778E-07  -0.208115523E-06   0.318851114E-07
   0.940408782E-07   0.312146568E-06  -0.140666884E-05   0.200408110E-06
   0.220170222E-06   0.700188252E-06  -0.319410560E-05   0.428672536E-06
   0.410199419E-06   0.126562202E-05  -0.576623961E-05   0.739479503E-06
   0.809190567E-06   0.242059764E-05  -0.110475739E-04   0.137132190E-05
   0.126158682E-05   0.366162340E-05  -0.165843976E-04   0.198777548E-05
   0.156792271E-05   0.439429459E-05  -0.195642206E-04   0.227501505E-05
   0.235039874E-05   0.638484107E-05  -0.277074905E-04   0.313579494E-05
   0.246494801E-05   0.641831457E-05  -0.258552336E-04   0.282307701E-05
   0.233560695E-05   0.571796181E-05  -0.192154694E-04   0.201651142E-05
   0.221741357E-05   0.489442118E-05  -0.101092392E-04   0.106374557E-05
   0.258819978E-05   0.493426614E-05  -0.329825957E-05   0.414562180E-06
   0.497303881E-05   0.912231189E-05  -0.121245293E-04   0.129787691E-05
   0.118191683E-04   0.222614526E-04  -0.580239030E-04   0.537817004E-05
   0.274146405E-04   0.525475589E-04  -0.176109213E-03   0.150972728E-04
   0.549819633E-04   0.105425192E-03  -0.376633689E-03   0.301597884E-04
   0.101981350E-03   0.194311637E-03  -0.707826577E-03   0.531900696E-04
   0.173397857E-03   0.327850837E-03  -0.117302244E-02   0.822527218E-04
   0.272956269E-03   0.512312457E-03  -0.174914545E-02   0.114507937E-03
   0.407935062E-03   0.762414071E-03  -0.244074524E-02   0.148572799E-03
   0.580482942E-03   0.108457403E-02  -0.318745291E-02   0.179795854E-03
   0.794287538E-03   0.148969179E-02  -0.394132035E-02   0.204416676E-03
   0.105130475E-02   0.198472873E-02  -0.464071706E-02   0.220225338E-03
   0.135441590E-02   0.257840240E-02  -0.523199420E-02   0.224145741E-03
   0.169542269E-02   0.325583899E-02  -0.559348427E-02   0.212949904E-03
   0.207127049E-02   0.400694273E-02  -0.568813412E-02   0.186866237E-03
   0.245866994E-02   0.478272699E-02  -0.538716279E-02   0.146509716E-03
   0.283067464E-02   0.552388327E-02  -0.464952784E-02   0.972939888E-04
   0.314437575E-02   0.614670012E-02  -0.343782292E-02   0.491346218E-04
   0.335725630E-02   0.656621670E-02  -0.183492771E-02   0.132748582E-04
   0.343222613E-02   0.671422388E-02  -0.438794601E-08   0.000000000E+00
