   0.745564178E-01   0.394855976E+00   0.000000000E+00   0.000000000E+00
   0.730887130E-01   0.387642324E+00   0.257848222E-01   0.176169546E-03
   0.689469203E-01   0.367435545E+00   0.483824834E-01   0.661903003E-03
   0.628481880E-01   0.337420881E+00   0.655567050E-01   0.134426740E-02
   0.555235147E-01   0.300980955E+00   0.762740597E-01   0.208688178E-02
   0.478617586E-01   0.262354344E+00   0.809037983E-01   0.276403408E-02
   0.405177660E-01   0.224732250E+00   0.806700066E-01   0.331202056E-02
   0.339065231E-01   0.190130860E+00   0.770712867E-01   0.367769902E-02
   0.281644724E-01   0.159485474E+00   0.714339465E-01   0.392622314E-02
   0.233659074E-01   0.133169562E+00   0.649051517E-01   0.400558487E-02
   0.194167569E-01   0.110992789E+00   0.581905507E-01   0.396907376E-02
   0.161781330E-01   0.923745036E-01   0.516758747E-01   0.388316088E-02
   0.135469362E-01   0.769617185E-01   0.456352085E-01   0.373872439E-02
   0.113898981E-01   0.641022250E-01   0.401024185E-01   0.355900824E-02
   0.961485226E-02   0.534534678E-01   0.351185799E-01   0.336498884E-02
   0.813666917E-02   0.445379689E-01   0.306189079E-01   0.313005713E-02
   0.689701084E-02   0.370809101E-01   0.265947934E-01   0.289275986E-02
   0.584816048E-02   0.308243539E-01   0.229877084E-01   0.263570133E-02
   0.494512962E-02   0.255561955E-01   0.197346676E-01   0.239229505E-02
   0.417323411E-02   0.211260747E-01   0.168515127E-01   0.213111821E-02
   0.350787886E-02   0.173930228E-01   0.142874829E-01   0.189130893E-02
   0.294100470E-02   0.142584825E-01   0.120502319E-01   0.166145456E-02
   0.244669151E-02   0.116297118E-01   0.100567853E-01   0.142178091E-02
   0.201810268E-02   0.940528791E-02   0.829584710E-02   0.121235615E-02
   0.165631203E-02   0.756529672E-02   0.679491274E-02   0.101900764E-02
   0.134785136E-02   0.603624247E-02   0.550303748E-02   0.842955487E-03
   0.108897884E-02   0.478149578E-02   0.441370066E-02   0.686664484E-03
   0.867879426E-03   0.374465389E-02   0.347456452E-02   0.540373498E-03
   0.688036089E-03   0.290371478E-02   0.271109189E-02   0.426285726E-03
   0.537596759E-03   0.222077686E-02   0.207092473E-02   0.326302805E-03
   0.416341994E-03   0.168009789E-02   0.155660452E-02   0.242084992E-03
   0.314739213E-03   0.124304683E-02   0.112663535E-02   0.171758613E-03
   0.238324166E-03   0.917386555E-03   0.808178447E-03   0.116988180E-03
   0.176604924E-03   0.658817240E-03   0.554319180E-03   0.764810902E-04
   0.130557179E-03   0.469774677E-03   0.370235473E-03   0.471744133E-04
   0.946254513E-04   0.327644550E-03   0.228718549E-03   0.254333991E-04
   0.689165536E-04   0.226880875E-03   0.135792448E-03   0.132512605E-04
   0.500631795E-04   0.157716335E-03   0.687308057E-04   0.529109957E-05
   0.354221047E-04   0.106669868E-03   0.206357145E-04   0.112581131E-05
   0.260596680E-04   0.752276464E-04  -0.372317936E-05   0.797789255E-06
   0.201758940E-04   0.569336626E-04  -0.169799077E-04   0.251981805E-05
   0.159780593E-04   0.454325418E-04  -0.235514181E-04   0.482612086E-05
   0.129875316E-04   0.380034180E-04  -0.208534766E-04   0.705967204E-05
   0.115402572E-04   0.350597293E-04  -0.168530278E-04   0.951382299E-05
   0.104084684E-04   0.331741794E-04  -0.944850126E-05   0.108597296E-04
   0.998296218E-05   0.323120112E-04  -0.164191590E-05   0.113143169E-04
   0.102880558E-04   0.328645147E-04   0.619005732E-05   0.110925585E-04
   0.110444016E-04   0.313506571E-04   0.113794003E-04   0.915653982E-05
   0.127277572E-04   0.317706254E-04   0.147977380E-04   0.673903378E-05
   0.158818639E-04   0.343253414E-04   0.152003367E-04   0.391390040E-05
   0.208641850E-04   0.386357387E-04   0.102285421E-04   0.877685295E-06
   0.287083385E-04   0.483966360E-04  -0.295605878E-05  -0.130373780E-05
   0.409590648E-04   0.621218351E-04  -0.308933886E-04  -0.241696739E-05
   0.577712344E-04   0.858587737E-04  -0.685159685E-04  -0.166744678E-05
   0.819262714E-04   0.122804209E-03  -0.127450083E-03   0.224529140E-05
   0.116391726E-03   0.176790723E-03  -0.217241453E-03   0.112592979E-04
   0.159879390E-03   0.246481999E-03  -0.327764603E-03   0.235502084E-04
   0.220720147E-03   0.347522640E-03  -0.488550169E-03   0.435295624E-04
   0.297885214E-03   0.476428744E-03  -0.692756206E-03   0.730583924E-04
   0.397430354E-03   0.647863082E-03  -0.953996670E-03   0.109035245E-03
   0.520659727E-03   0.864883012E-03  -0.127449806E-02   0.153354660E-03
   0.673928531E-03   0.113947864E-02  -0.167001656E-02   0.208403726E-03
   0.860632339E-03   0.147856458E-02  -0.214358070E-02   0.275579019E-03
   0.108787266E-02   0.190117210E-02  -0.271279458E-02   0.350674236E-03
   0.135757937E-02   0.241132569E-02  -0.337185827E-02   0.437099574E-03
   0.167895411E-02   0.303208595E-02  -0.414256426E-02   0.534078106E-03
   0.205443962E-02   0.378059968E-02  -0.502285315E-02   0.640452432E-03
   0.248881988E-02   0.466757454E-02  -0.600642897E-02   0.751345593E-03
   0.298883393E-02   0.572059164E-02  -0.710297236E-02   0.866076909E-03
   0.356439780E-02   0.697768247E-02  -0.832696259E-02   0.979852513E-03
   0.422748690E-02   0.846791454E-02  -0.969519652E-02   0.110513426E-02
   0.497927517E-02   0.102305841E-01  -0.111796167E-01   0.121943140E-02
   0.584100001E-02   0.123114055E-01  -0.128240436E-01   0.135187584E-02
   0.682140747E-02   0.147858318E-01  -0.146014253E-01   0.145284284E-02
   0.794957019E-02   0.177221559E-01  -0.165684223E-01   0.157431338E-02
   0.923841633E-02   0.212108400E-01  -0.186757073E-01   0.165390398E-02
   0.107384427E-01   0.253823567E-01  -0.210117139E-01   0.174084725E-02
   0.124830324E-01   0.303744003E-01  -0.235516913E-01   0.181519589E-02
   0.145332729E-01   0.363807529E-01  -0.263403244E-01   0.189525320E-02
   0.169483349E-01   0.435998812E-01  -0.293473266E-01   0.194453471E-02
   0.198059902E-01   0.522951521E-01  -0.325415470E-01   0.197365461E-02
   0.231720489E-01   0.627058521E-01  -0.358136222E-01   0.197283970E-02
   0.271067042E-01   0.750042871E-01  -0.389145762E-01   0.189155759E-02
   0.316099972E-01   0.892838016E-01  -0.414668396E-01   0.176480773E-02
   0.366133526E-01   0.105458364E+00  -0.429637283E-01   0.158398959E-02
   0.419570208E-01   0.122938611E+00  -0.426532142E-01   0.131954858E-02
   0.473741889E-01   0.140886530E+00  -0.398771614E-01   0.990391942E-03
   0.524414554E-01   0.157877997E+00  -0.340690501E-01   0.635999488E-03
   0.565747879E-01   0.171918675E+00  -0.250326190E-01   0.313720782E-03
   0.593303330E-01   0.181293786E+00  -0.133007523E-01   0.831237703E-04
   0.603003912E-01   0.184598401E+00  -0.336778712E-07   0.000000000E+00
