   0.299790036E-01   0.211812586E+00   0.304544417E-09   0.000000000E+00
   0.295420587E-01   0.208868071E+00   0.159536228E-01   0.111857305E-03
   0.283242036E-01   0.200586706E+00   0.304146539E-01   0.426187093E-03
   0.264613591E-01   0.187858716E+00   0.422168672E-01   0.890011375E-03
   0.241684578E-01   0.171926171E+00   0.507176071E-01   0.142010243E-02
   0.216725972E-01   0.154449925E+00   0.558769628E-01   0.196494674E-02
   0.191496052E-01   0.136345044E+00   0.580054596E-01   0.244550593E-02
   0.167663246E-01   0.119010121E+00   0.577819310E-01   0.285147689E-02
   0.145725794E-01   0.102652870E+00   0.557490699E-01   0.314478739E-02
   0.126282116E-01   0.879365057E-01   0.525828451E-01   0.333865546E-02
   0.109320628E-01   0.748161748E-01   0.487499423E-01   0.342095620E-02
   0.946166087E-02   0.634095669E-01   0.445829555E-01   0.344842882E-02
   0.818915106E-02   0.535144657E-01   0.403155424E-01   0.339525798E-02
   0.708606932E-02   0.449929275E-01   0.361034796E-01   0.327717396E-02
   0.611778442E-02   0.376882069E-01   0.320132561E-01   0.312177977E-02
   0.528225070E-02   0.314787664E-01   0.282083470E-01   0.291566481E-02
   0.454237172E-02   0.261561517E-01   0.246284418E-01   0.272636977E-02
   0.388918701E-02   0.216585416E-01   0.213204380E-01   0.247938395E-02
   0.331554050E-02   0.178430006E-01   0.183149017E-01   0.224648463E-02
   0.279885926E-02   0.146008711E-01   0.155391954E-01   0.198490941E-02
   0.234893127E-02   0.118724555E-01   0.130736455E-01   0.174239837E-02
   0.195846590E-02   0.959626865E-02   0.109093115E-01   0.151252456E-02
   0.161305978E-02   0.769413263E-02   0.898023136E-02   0.127113983E-02
   0.131230033E-02   0.608541584E-02   0.727821374E-02   0.107333297E-02
   0.105817209E-02   0.477761216E-02   0.583798066E-02   0.880159205E-03
   0.845298346E-03   0.371370395E-02   0.463282084E-02   0.713774818E-03
   0.659969868E-03   0.282474933E-02   0.357512268E-02   0.562926580E-03
   0.511027931E-03   0.212598895E-02   0.272815512E-02   0.434363523E-03
   0.386746251E-03   0.156688306E-02   0.202381518E-02   0.322830863E-03
   0.291505537E-03   0.114425865E-02   0.148862146E-02   0.236148742E-03
   0.212791376E-03   0.802321883E-03   0.104424998E-02   0.165251011E-03
   0.152508626E-03   0.553777500E-03   0.711885921E-03   0.110033303E-03
   0.107918037E-03   0.372662762E-03   0.469199469E-03   0.700839882E-04
   0.737288719E-04   0.239407251E-03   0.286672090E-03   0.408111046E-04
   0.495147142E-04   0.150136912E-03   0.161010888E-03   0.213343210E-04
   0.326786685E-04   0.917866273E-04   0.785666562E-04   0.102156546E-04
   0.214052070E-04   0.562771966E-04   0.266693005E-04   0.469023507E-05
   0.137425804E-04   0.355563498E-04  -0.509998154E-05   0.313480155E-05
   0.947437911E-05   0.273058158E-04  -0.202476131E-04   0.505958496E-05
   0.726427197E-05   0.248905089E-04  -0.239360106E-04   0.836036270E-05
   0.570480097E-05   0.263222009E-04  -0.234838808E-04   0.122198853E-04
   0.522164783E-05   0.294930996E-04  -0.194876575E-04   0.161379157E-04
   0.561289789E-05   0.345479530E-04  -0.155674570E-04   0.207437915E-04
   0.547355785E-05   0.364755251E-04  -0.102378026E-04   0.230230926E-04
   0.581960194E-05   0.400723002E-04  -0.321681159E-05   0.254824608E-04
   0.575390186E-05   0.383572806E-04  -0.216652779E-05   0.251793990E-04
   0.529616773E-05   0.376057687E-04   0.561111528E-05   0.242005408E-04
   0.536273001E-05   0.370953094E-04   0.116993933E-04   0.231474005E-04
   0.529576300E-05   0.344882865E-04   0.156505776E-04   0.207059311E-04
   0.500101351E-05   0.291595697E-04   0.176140984E-04   0.162697052E-04
   0.527123939E-05   0.247445223E-04   0.189174098E-04   0.116660185E-04
   0.665669768E-05   0.220929323E-04   0.171867014E-04   0.753377617E-05
   0.973946317E-05   0.219880767E-04   0.917578200E-05   0.414081569E-05
   0.148771360E-04   0.263433030E-04  -0.525134055E-05   0.222017593E-05
   0.243736340E-04   0.370439520E-04  -0.382003054E-04   0.280756626E-05
   0.387754953E-04   0.559571818E-04  -0.890314404E-04   0.658227555E-05
   0.609939380E-04   0.889762523E-04  -0.169334759E-03   0.154953996E-04
   0.906963032E-04   0.138436590E-03  -0.277051382E-03   0.292954901E-04
   0.132778165E-03   0.207075995E-03  -0.428931613E-03   0.505400822E-04
   0.191249128E-03   0.307483220E-03  -0.642371480E-03   0.817498221E-04
   0.266905001E-03   0.438642892E-03  -0.913848227E-03   0.122169062E-03
   0.369091256E-03   0.621854851E-03  -0.128253526E-02   0.174826622E-03
   0.495618500E-03   0.847756630E-03  -0.172697252E-02   0.241323942E-03
   0.652359508E-03   0.113670342E-02  -0.227003288E-02   0.316239806E-03
   0.844044844E-03   0.149598427E-02  -0.292106206E-02   0.403930375E-03
   0.107660331E-02   0.193482265E-02  -0.369027862E-02   0.505982025E-03
   0.135335594E-02   0.247524329E-02  -0.458427519E-02   0.611609838E-03
   0.167614024E-02   0.311642280E-02  -0.559137622E-02   0.726403727E-03
   0.205295556E-02   0.389305945E-02  -0.673531136E-02   0.843854679E-03
   0.248494651E-02   0.480565755E-02  -0.799491908E-02   0.975994451E-03
   0.298058335E-02   0.589760579E-02  -0.938773155E-02   0.109527865E-02
   0.354015618E-02   0.718004955E-02  -0.108917383E-01   0.121804734E-02
   0.416980032E-02   0.869328808E-02  -0.125001306E-01   0.132277911E-02
   0.488315476E-02   0.104791829E-01  -0.142446049E-01   0.143167295E-02
   0.567906303E-02   0.125774899E-01  -0.160719007E-01   0.151997071E-02
   0.656651426E-02   0.150380321E-01  -0.179753210E-01   0.159597269E-02
   0.755987130E-02   0.179276112E-01  -0.199503265E-01   0.163574156E-02
   0.867349934E-02   0.213152226E-01  -0.219861381E-01   0.167182379E-02
   0.991380308E-02   0.252618268E-01  -0.240126960E-01   0.167754292E-02
   0.113077210E-01   0.298727527E-01  -0.260355268E-01   0.167248002E-02
   0.128617715E-01   0.351832993E-01  -0.279304944E-01   0.160439836E-02
   0.145866433E-01   0.412705578E-01  -0.296138264E-01   0.153358537E-02
   0.164778419E-01   0.481391363E-01  -0.308946446E-01   0.142347056E-02
   0.185355023E-01   0.557598807E-01  -0.315627754E-01   0.126165675E-02
   0.206881538E-01   0.639202073E-01  -0.313123353E-01   0.106945157E-02
   0.228674058E-01   0.723700002E-01  -0.298451148E-01   0.852413126E-03
   0.249630939E-01   0.805696100E-01  -0.268466473E-01   0.608195784E-03
   0.268132593E-01   0.880340710E-01  -0.221967157E-01   0.380734447E-03
   0.282794144E-01   0.939556360E-01  -0.159030538E-01   0.181594762E-03
   0.292266477E-01   0.978159308E-01  -0.831479300E-02   0.475046836E-04
   0.295538567E-01   0.991383195E-01  -0.207144435E-07   0.000000000E+00
