   0.776376983E-03   0.229517035E-01   0.397397349E-11   0.000000000E+00
   0.774414570E-03   0.225110743E-01   0.281487103E-02   0.169762479E-04
   0.768273603E-03   0.212323125E-01   0.530141778E-02   0.641885490E-04
   0.757328700E-03   0.193426628E-01   0.722683873E-02   0.130807850E-03
   0.740283576E-03   0.170725212E-01   0.848139077E-02   0.204132390E-03
   0.717342948E-03   0.146954581E-01   0.910045486E-02   0.272939156E-03
   0.688189291E-03   0.123974979E-01   0.918991212E-02   0.330642884E-03
   0.650139584E-03   0.102911405E-01   0.885940623E-02   0.369785033E-03
   0.604359782E-03   0.843320880E-02   0.824313425E-02   0.391322857E-03
   0.552487152E-03   0.683980016E-02   0.745747052E-02   0.396157033E-03
   0.494216336E-03   0.549340760E-02   0.656821672E-02   0.387149921E-03
   0.432919536E-03   0.437328639E-02   0.565502793E-02   0.363995641E-03
   0.369609013E-03   0.343785435E-02   0.474526873E-02   0.332045631E-03
   0.307325507E-03   0.266532879E-02   0.388313434E-02   0.292721699E-03
   0.247657386E-03   0.202548178E-02   0.308408635E-02   0.249371165E-03
   0.194973152E-03   0.151804253E-02   0.239750417E-02   0.205972407E-03
   0.147569401E-03   0.110293960E-02   0.179380993E-02   0.163175282E-03
   0.107565313E-03   0.775015505E-03   0.129255687E-02   0.124288825E-03
   0.748209131E-04   0.521487498E-03   0.888589420E-03   0.901427411E-04
   0.503243318E-04   0.340518396E-03   0.590570678E-03   0.622397711E-04
   0.317710765E-04   0.207611389E-03   0.367100118E-03   0.404655002E-04
   0.187397127E-04   0.117641837E-03   0.212156374E-03   0.243214326E-04
   0.100886109E-04   0.597117905E-04   0.110673434E-03   0.131969718E-04
   0.495864833E-05   0.272877842E-04   0.519415626E-04   0.636281948E-05
   0.207471408E-05   0.980105506E-05   0.199226251E-04   0.251983238E-05
   0.708326638E-06   0.269011116E-05   0.570164639E-05   0.681552876E-06
   0.275813079E-06   0.148350966E-05   0.229678199E-05   0.256664038E-06
   0.232053239E-06   0.249036088E-05   0.316874662E-05   0.466484778E-06
   0.412358730E-06   0.459323883E-05   0.615389990E-05   0.844215322E-06
   0.541242287E-06   0.561617753E-05   0.799136524E-05   0.114177305E-05
   0.652449728E-06   0.632128331E-05   0.923287826E-05   0.127867600E-05
   0.597863675E-06   0.559723094E-05   0.854037808E-05   0.125490021E-05
   0.531438275E-06   0.482237419E-05   0.732069202E-05   0.104750814E-05
   0.516917282E-06   0.461670334E-05   0.703153773E-05   0.102865920E-05
   0.384543114E-06   0.331452134E-05   0.498072768E-05   0.711474740E-06
   0.314550363E-06   0.257572947E-05   0.397670874E-05   0.538043651E-06
   0.199458896E-06   0.153318717E-05   0.225437498E-05   0.289948218E-06
   0.121988236E-06   0.836716765E-06   0.121120684E-05   0.131609667E-06
   0.768045041E-07   0.465457191E-06   0.666101869E-06   0.564296556E-07
   0.496617822E-07   0.288374736E-06   0.391189019E-06   0.335204895E-07
   0.309172670E-07   0.109978586E-06   0.394043340E-07   0.217431162E-08
   0.403202662E-07   0.752390292E-07  -0.220643344E-06   0.155430282E-07
   0.163721658E-07   0.254864823E-07  -0.920642975E-07   0.646237286E-08
   0.280654451E-07   0.636044675E-07  -0.210793218E-06   0.378062239E-07
   0.164908212E-07   0.572708032E-07  -0.336940147E-07   0.327631078E-07
   0.286280422E-07   0.109717504E-06   0.147799044E-07   0.550588410E-07
   0.145653072E-07   0.479620041E-07  -0.600997225E-07   0.303965244E-07
   0.540547340E-08   0.412107823E-07   0.697062106E-07   0.116996466E-07
   0.961608393E-08   0.408985557E-07   0.336408306E-07   0.265398836E-08
   0.280012387E-07   0.856442455E-07  -0.364398396E-07   0.562252556E-08
   0.323864491E-07   0.683045016E-07  -0.508764408E-07  -0.850778381E-08
   0.810608896E-07   0.178216837E-06  -0.407363387E-06   0.308521813E-07
   0.180646111E-06   0.402135754E-06  -0.116849799E-05   0.135503782E-06
   0.336512187E-06   0.749531694E-06  -0.229258080E-05   0.289129474E-06
   0.475455636E-06   0.103042532E-05  -0.334789820E-05   0.448945883E-06
   0.712312385E-06   0.156363944E-05  -0.509473011E-05   0.725826283E-06
   0.102694707E-05   0.226671818E-05  -0.729995645E-05   0.103416448E-05
   0.140027157E-05   0.305847379E-05  -0.992668629E-05   0.144340038E-05
   0.173449496E-05   0.379875291E-05  -0.122064903E-04   0.179153699E-05
   0.209579798E-05   0.459049897E-05  -0.145499980E-04   0.211496013E-05
   0.195621624E-05   0.418844957E-05  -0.132795531E-04   0.197658937E-05
   0.176960816E-05   0.377747551E-05  -0.115957582E-04   0.159820888E-05
   0.133698040E-05   0.281580651E-05  -0.838224423E-05   0.119701679E-05
   0.813604629E-06   0.162257459E-05  -0.468159396E-05   0.657012777E-06
   0.547101308E-06   0.935920127E-06  -0.270388978E-05   0.398023815E-06
   0.137129155E-05   0.203891705E-05  -0.814415580E-05   0.110745839E-05
   0.427690611E-05   0.702759235E-05  -0.273930709E-04   0.364893435E-05
   0.112321623E-04   0.187396272E-04  -0.713184563E-04   0.909000482E-05
   0.245745014E-04   0.415060786E-04  -0.153668865E-03   0.187722762E-04
   0.455353256E-04   0.762870768E-04  -0.277514831E-03   0.324833964E-04
   0.786749079E-04   0.130447646E-03  -0.466680474E-03   0.522836453E-04
   0.126823521E-03   0.208253055E-03  -0.731332519E-03   0.780281625E-04
   0.194604319E-03   0.316020160E-03  -0.108780758E-02   0.110288500E-03
   0.281595800E-03   0.452394190E-03  -0.152090227E-02   0.146575781E-03
   0.395282696E-03   0.629819930E-03  -0.205760472E-02   0.187857062E-03
   0.531836995E-03   0.844306662E-03  -0.265722349E-02   0.226345219E-03
   0.696333358E-03   0.110346708E-02  -0.332355825E-02   0.265558454E-03
   0.889952236E-03   0.141516991E-02  -0.403539604E-02   0.298735074E-03
   0.111665810E-02   0.178982469E-02  -0.478023151E-02   0.328041584E-03
   0.137492712E-02   0.223311712E-02  -0.551261567E-02   0.347033754E-03
   0.166750327E-02   0.275775674E-02  -0.619962951E-02   0.355029013E-03
   0.200202153E-02   0.338397105E-02  -0.682428014E-02   0.352257164E-03
   0.237713964E-02   0.411689328E-02  -0.732104667E-02   0.335012359E-03
   0.279825786E-02   0.496808346E-02  -0.765277399E-02   0.310019241E-03
   0.326348771E-02   0.593483075E-02  -0.775333028E-02   0.269561424E-03
   0.376070035E-02   0.698923366E-02  -0.753282802E-02   0.219006557E-03
   0.426427927E-02   0.806900766E-02  -0.690651359E-02   0.160245923E-03
   0.474152388E-02   0.910362881E-02  -0.580893969E-02   0.101522397E-03
   0.513774948E-02   0.996662397E-02  -0.422497699E-02   0.493104744E-04
   0.540340366E-02   0.105502782E-01  -0.223142118E-02   0.131437300E-04
   0.549425324E-02   0.107478136E-01  -0.468036099E-08   0.000000000E+00
