   0.196107049E-01   0.161434516E+00   0.253077642E-09   0.000000000E+00
   0.193412807E-01   0.159228221E+00   0.129531967E-01   0.903985201E-04
   0.185832698E-01   0.152907670E+00   0.247128494E-01   0.343833119E-03
   0.173878092E-01   0.142904356E+00   0.342767127E-01   0.716365932E-03
   0.159499068E-01   0.130813450E+00   0.412340611E-01   0.115305244E-02
   0.143643543E-01   0.117189564E+00   0.454326533E-01   0.158443581E-02
   0.127804577E-01   0.103438534E+00   0.472466089E-01   0.197795429E-02
   0.112564079E-01   0.899701267E-01   0.470625684E-01   0.231336802E-02
   0.986528024E-02   0.775109828E-01   0.454763658E-01   0.255535194E-02
   0.862053689E-02   0.661916137E-01   0.429281816E-01   0.269636814E-02
   0.751733221E-02   0.561478063E-01   0.397758223E-01   0.277316291E-02
   0.655420637E-02   0.473820902E-01   0.363566354E-01   0.279908557E-02
   0.570632564E-02   0.397950821E-01   0.328164175E-01   0.274052308E-02
   0.496057887E-02   0.332916714E-01   0.293117929E-01   0.264533842E-02
   0.429921318E-02   0.277281832E-01   0.259127673E-01   0.250520557E-02
   0.371246901E-02   0.229957383E-01   0.226998869E-01   0.234174728E-02
   0.318374461E-02   0.189586114E-01   0.196626782E-01   0.215213257E-02
   0.271678227E-02   0.155550297E-01   0.168897714E-01   0.194730400E-02
   0.230109692E-02   0.126936128E-01   0.143624945E-01   0.173877249E-02
   0.192831212E-02   0.102775060E-01   0.120639792E-01   0.152628543E-02
   0.160225446E-02   0.825600326E-02   0.100272410E-01   0.132455723E-02
   0.131289393E-02   0.655970816E-02   0.820367318E-02   0.113067916E-02
   0.106508401E-02   0.516615808E-02   0.663866708E-02   0.944752945E-03
   0.849860022E-03   0.401216745E-02   0.527468417E-02   0.773018110E-03
   0.672435330E-03   0.308829919E-02   0.415076362E-02   0.623689848E-03
   0.518776709E-03   0.231821230E-02   0.317216059E-02   0.491712475E-03
   0.396457035E-03   0.171782926E-02   0.239446014E-02   0.379669713E-03
   0.297600520E-03   0.125147798E-02   0.177134678E-02   0.286113995E-03
   0.216374465E-03   0.885155459E-03   0.126014545E-02   0.203215037E-03
   0.152981331E-03   0.601467676E-03   0.861980137E-03   0.140782067E-03
   0.107571250E-03   0.403531885E-03   0.582604436E-03   0.955621726E-04
   0.721264805E-04   0.256827770E-03   0.366682973E-03   0.593258665E-04
   0.474760272E-04   0.158070165E-03   0.221087059E-03   0.353334326E-04
   0.299319199E-04   0.925499626E-04   0.119065953E-03   0.183879329E-04
   0.178962473E-04   0.503964075E-04   0.534405590E-04   0.873953559E-05
   0.107701526E-04   0.281799694E-04   0.184578294E-04   0.437435574E-05
   0.612247868E-05   0.176463091E-04  -0.433180776E-05   0.329970112E-05
   0.367599000E-05   0.141551882E-04  -0.108638724E-04   0.425499502E-05
   0.270343048E-05   0.158960156E-04  -0.117383852E-04   0.717087460E-05
   0.243215322E-05   0.188188060E-04  -0.969671964E-05   0.102628965E-04
   0.268535632E-05   0.244264738E-04  -0.532290596E-05   0.140611910E-04
   0.319189098E-05   0.282854162E-04  -0.292242999E-05   0.173725221E-04
   0.373224543E-05   0.310715332E-04  -0.243937757E-05   0.201880412E-04
   0.411759265E-05   0.339894577E-04   0.785214183E-06   0.222914568E-04
   0.436390155E-05   0.339185899E-04  -0.938234450E-06   0.231015692E-04
   0.468838562E-05   0.355105731E-04   0.229055172E-05   0.240612499E-04
   0.487575653E-05   0.341520790E-04  -0.112778662E-05   0.238299799E-04
   0.457852229E-05   0.315543584E-04  -0.987261160E-06   0.221408027E-04
   0.400091267E-05   0.287029488E-04   0.186322814E-05   0.199677652E-04
   0.362926107E-05   0.252701266E-04   0.402713567E-05   0.172211403E-04
   0.320452114E-05   0.210892122E-04   0.484737029E-05   0.139629619E-04
   0.280345353E-05   0.164508037E-04   0.699320799E-05   0.100511497E-04
   0.299713975E-05   0.131039533E-04   0.738357267E-05   0.679518143E-05
   0.406394975E-05   0.111944892E-04   0.580432379E-05   0.402982050E-05
   0.695737572E-05   0.125179231E-04  -0.400051476E-05   0.279822643E-05
   0.130272356E-04   0.184753117E-04  -0.270519049E-04   0.368318183E-05
   0.217793113E-04   0.305767171E-04  -0.597530707E-04   0.692823551E-05
   0.379629128E-04   0.553040081E-04  -0.124803904E-03   0.156214264E-04
   0.611358846E-04   0.939475576E-04  -0.218199813E-03   0.288824867E-04
   0.965910513E-04   0.151057422E-03  -0.360737875E-03   0.514953354E-04
   0.141201686E-03   0.228926467E-03  -0.537736109E-03   0.781306226E-04
   0.207353412E-03   0.343684602E-03  -0.801025948E-03   0.118223128E-03
   0.291464006E-03   0.491445360E-03  -0.112771173E-02   0.167245802E-03
   0.401406840E-03   0.687843887E-03  -0.155086757E-02   0.229068974E-03
   0.540190202E-03   0.939828169E-03  -0.207409193E-02   0.299852400E-03
   0.708016159E-03   0.125072431E-02  -0.269038789E-02   0.378081138E-03
   0.915330253E-03   0.163317821E-02  -0.342924567E-02   0.474958331E-03
   0.116231933E-02   0.210094824E-02  -0.428310689E-02   0.575565035E-03
   0.145985442E-02   0.267748418E-02  -0.528682675E-02   0.683022314E-03
   0.180522632E-02   0.336427707E-02  -0.640481059E-02   0.798593042E-03
   0.220085587E-02   0.417631632E-02  -0.763329817E-02   0.915166282E-03
   0.265142671E-02   0.513924379E-02  -0.896768179E-02   0.102092861E-02
   0.316879596E-02   0.628980482E-02  -0.104366234E-01   0.112182624E-02
   0.374464062E-02   0.763186486E-02  -0.119659444E-01   0.122103852E-02
   0.438849488E-02   0.921014324E-02  -0.135702845E-01   0.130595558E-02
   0.511956075E-02   0.110863103E-01  -0.152892135E-01   0.138108968E-02
   0.593169080E-02   0.132864248E-01  -0.170396585E-01   0.141126302E-02
   0.683484552E-02   0.158624705E-01  -0.188055485E-01   0.144156825E-02
   0.784306880E-02   0.188757870E-01  -0.205776785E-01   0.146381860E-02
   0.897336379E-02   0.224127416E-01  -0.222972240E-01   0.144298223E-02
   0.102218986E-01   0.264646746E-01  -0.239092764E-01   0.140480697E-02
   0.116166789E-01   0.311523508E-01  -0.253091827E-01   0.132316176E-02
   0.131348027E-01   0.364097431E-01  -0.263536014E-01   0.121456152E-02
   0.147808054E-01   0.422377512E-01  -0.268629286E-01   0.106760277E-02
   0.164920557E-01   0.484962501E-01  -0.265869051E-01   0.916024263E-03
   0.182340965E-01   0.549410470E-01  -0.252795406E-01   0.716704992E-03
   0.199138243E-01   0.612945147E-01  -0.227227919E-01   0.517011038E-03
   0.214009620E-01   0.669828802E-01  -0.187516790E-01   0.318524253E-03
   0.225865133E-01   0.715783760E-01  -0.134363612E-01   0.151429398E-03
   0.233404804E-01   0.745190084E-01  -0.701953936E-02   0.394756025E-04
   0.236052535E-01   0.756173059E-01  -0.165887108E-07   0.000000000E+00
