   0.952067567E-04   0.125101656E-01   0.000000000E+00   0.000000000E+00
   0.100205179E-03   0.122145824E-01   0.149234012E-02   0.879128402E-05
   0.113672460E-03   0.113773746E-01   0.278309989E-02   0.324056091E-04
   0.131652603E-03   0.101405755E-01   0.372575689E-02   0.640021899E-04
   0.149404834E-03   0.868388452E-02   0.427047303E-02   0.954569550E-04
   0.162283191E-03   0.717974361E-02   0.442945026E-02   0.120921475E-03
   0.166785831E-03   0.574917439E-02   0.426155748E-02   0.135538707E-03
   0.162207885E-03   0.446882006E-02   0.386333279E-02   0.139975658E-03
   0.149373853E-03   0.338032376E-02   0.333198044E-02   0.134450078E-03
   0.129605993E-03   0.247854437E-02   0.272424566E-02   0.121110854E-03
   0.106424115E-03   0.176240306E-02   0.212434982E-02   0.102666796E-03
   0.821531721E-04   0.120612525E-02   0.156607619E-02   0.820233836E-04
   0.594693411E-04   0.789979356E-03   0.108668371E-02   0.611369760E-04
   0.398223892E-04   0.488433288E-03   0.696691219E-03   0.417493029E-04
   0.246586751E-04   0.283785193E-03   0.411173125E-03   0.259084463E-04
   0.135571172E-04   0.150428430E-03   0.211426552E-03   0.138325977E-04
   0.675077399E-05   0.736696966E-04   0.957203520E-04   0.640035250E-05
   0.275820344E-05   0.322975284E-04   0.321574626E-04   0.200782870E-05
   0.906241269E-06   0.138891046E-04   0.649358753E-05   0.260102610E-06
   0.257329503E-06   0.790248123E-05   0.102733111E-05   0.232991972E-07
   0.243805005E-06   0.724535403E-05   0.466173151E-05   0.495685128E-06
   0.393666710E-06   0.786651890E-05   0.947255467E-05   0.103636069E-05
   0.493263371E-06   0.802128488E-05   0.122830734E-04   0.142591489E-05
   0.510446853E-06   0.725960899E-05   0.123655345E-04   0.145397769E-05
   0.410752733E-06   0.549101333E-05   0.997237657E-05   0.122245399E-05
   0.322115284E-06   0.408137930E-05   0.771356372E-05   0.955891664E-06
   0.184168755E-06   0.226470365E-05   0.433420109E-05   0.548403023E-06
   0.103731544E-06   0.128986858E-05   0.251929032E-05   0.340326466E-06
   0.521175743E-07   0.652038409E-06   0.128975819E-05   0.181295604E-06
   0.148660657E-07   0.188469485E-06   0.359534766E-06   0.532208659E-07
   0.178849924E-08   0.274697793E-07   0.466117811E-07   0.978160930E-08
   0.385005583E-09   0.581147575E-08   0.328858540E-08   0.323355187E-08
   0.865135130E-09   0.683364032E-08   0.164521960E-07   0.173373649E-08
   0.771912667E-08   0.659268693E-07   0.125452999E-06   0.174284871E-07
   0.820290236E-08   0.710212831E-07   0.136850844E-06   0.189909670E-07
   0.694151092E-08   0.506373290E-07   0.916595724E-07   0.114888650E-07
   0.111643841E-07   0.103379982E-06   0.214108695E-06   0.291162330E-07
   0.947030010E-08   0.739103001E-07   0.111474549E-06   0.208464499E-07
   0.282536994E-08   0.992284832E-08  -0.539872702E-09   0.938306655E-09
   0.448081661E-08   0.350036053E-07   0.751006297E-07   0.843206838E-08
   0.610907214E-09   0.194192484E-08   0.402863076E-08  -0.341555145E-09
   0.223394814E-08   0.764264207E-08  -0.134835201E-07   0.216721019E-08
   0.106149700E-08   0.579629189E-08   0.824559088E-08   0.109214293E-08
   0.487645535E-09   0.305800585E-08   0.308309822E-08   0.856473947E-09
   0.498336095E-09   0.282684964E-08  -0.521933918E-08   0.158550251E-08
   0.791087806E-09   0.445047554E-08   0.602254291E-08   0.138988254E-08
   0.305201153E-08   0.116138832E-07  -0.474292996E-07   0.756752705E-08
   0.539241533E-10   0.178476317E-09  -0.431595142E-10   0.330226922E-10
   0.373426207E-09   0.554645885E-09  -0.164956471E-08  -0.195716068E-09
   0.344771411E-08   0.992128335E-08  -0.461440059E-07   0.536247491E-08
   0.108685514E-07   0.367794399E-07  -0.154950641E-06   0.217874483E-07
   0.159522617E-07   0.551451542E-07  -0.220900574E-06   0.317022213E-07
   0.299641423E-08   0.722033322E-08  -0.258398671E-07   0.162288272E-08
   0.176781771E-07   0.577170951E-07  -0.245188005E-06   0.328293197E-07
   0.270836296E-07   0.903995243E-07  -0.402872047E-06   0.562762317E-07
   0.101639328E-07   0.298038003E-07  -0.141991435E-06   0.170692385E-07
   0.351465985E-07   0.113576860E-06  -0.524958978E-06   0.719383380E-07
   0.135475897E-07   0.421374118E-07  -0.202517171E-06   0.275393237E-07
   0.497034136E-09   0.106331521E-08  -0.508569498E-08   0.515392340E-09
   0.135358491E-08   0.768989050E-08  -0.170260996E-07   0.564153257E-08
   0.128998350E-07   0.470023416E-07  -0.186361376E-06   0.332326628E-07
   0.708219048E-07   0.222983104E-06  -0.996107701E-06   0.138598537E-06
   0.161842365E-06   0.484173427E-06  -0.220357151E-05   0.289998297E-06
   0.377976761E-06   0.109953396E-05  -0.501699469E-05   0.638699021E-06
   0.692205447E-06   0.195007351E-05  -0.893320339E-05   0.110991050E-05
   0.104796970E-05   0.287751755E-05  -0.130538247E-04   0.158812952E-05
   0.156676265E-05   0.415568638E-05  -0.186051220E-04   0.218154128E-05
   0.200329032E-05   0.515838428E-05  -0.222043036E-04   0.247847447E-05
   0.223797406E-05   0.552232132E-05  -0.222254257E-04   0.239402743E-05
   0.216370995E-05   0.503827005E-05  -0.171040429E-04   0.178730443E-05
   0.194517884E-05   0.406930667E-05  -0.834018829E-05   0.883287157E-06
   0.221859477E-05   0.398722204E-05  -0.202973729E-05   0.283326187E-06
   0.433047990E-05   0.747292779E-05  -0.103388957E-04   0.111247255E-05
   0.106977468E-04   0.191289255E-04  -0.537307569E-04   0.496328357E-05
   0.248524175E-04   0.451745291E-04  -0.157770730E-03   0.135217297E-04
   0.505200915E-04   0.918692313E-04  -0.341189967E-03   0.273598216E-04
   0.930936876E-04   0.168067083E-03  -0.630245078E-03   0.472579122E-04
   0.158123512E-03   0.282976020E-03  -0.103973004E-02   0.728739469E-04
   0.251085439E-03   0.445852493E-03  -0.157057215E-02   0.102540835E-03
   0.373694114E-03   0.660703459E-03  -0.217713416E-02   0.131750363E-03
   0.532504520E-03   0.940907514E-03  -0.285081472E-02   0.159699077E-03
   0.728972722E-03   0.129226455E-02  -0.353364041E-02   0.182101969E-03
   0.965175335E-03   0.172275980E-02  -0.416592881E-02   0.195491724E-03
   0.124123192E-02   0.223473273E-02  -0.468320865E-02   0.198219161E-03
   0.155636866E-02   0.282694073E-02  -0.502807507E-02   0.188513062E-03
   0.190146232E-02   0.348100276E-02  -0.510778325E-02   0.165352350E-03
   0.226119976E-02   0.416384125E-02  -0.485086534E-02   0.129859385E-03
   0.260642474E-02   0.481687440E-02  -0.419034902E-02   0.864241156E-04
   0.289962045E-02   0.536908628E-02  -0.310330978E-02   0.436353075E-04
   0.309779076E-02   0.574052101E-02  -0.165832369E-02   0.118263797E-04
   0.316832401E-02   0.587171083E-02  -0.398424405E-08   0.000000000E+00
