   0.281988992E-03   0.319705904E-01   0.543298251E-08   0.000000000E+00
   0.289227086E-03   0.313301049E-01   0.313295564E-02   0.198329890E-04
   0.308910850E-03   0.294910818E-01   0.591415120E-02   0.740334144E-04
   0.335492863E-03   0.267123953E-01   0.806668494E-02   0.148639025E-03
   0.361321756E-03   0.233453345E-01   0.943859201E-02   0.225887197E-03
   0.379378413E-03   0.197406914E-01   0.100263264E-01   0.291793811E-03
   0.384123356E-03   0.162048563E-01   0.993045419E-02   0.336323108E-03
   0.372953480E-03   0.129280826E-01   0.929170474E-02   0.354874297E-03
   0.346418936E-03   0.100411549E-01   0.828271918E-02   0.350822258E-03
   0.306403294E-03   0.758239022E-02   0.703422772E-02   0.325961271E-03
   0.257244916E-03   0.555406651E-02   0.568423653E-02   0.285781716E-03
   0.205045682E-03   0.393844722E-02   0.437544379E-02   0.237797372E-03
   0.155576621E-03   0.270195957E-02   0.321727316E-02   0.186618228E-03
   0.110333742E-03   0.177012535E-02   0.220716465E-02   0.136098737E-03
   0.724468700E-04   0.109767215E-02   0.139316591E-02   0.904164917E-04
   0.441385600E-04   0.643758918E-03   0.808420475E-03   0.547041454E-04
   0.238460925E-04   0.347707974E-03   0.402809645E-03   0.280058575E-04
   0.117321370E-04   0.177870446E-03   0.175140754E-03   0.119886672E-04
   0.488349042E-05   0.856450642E-04   0.562094719E-04   0.345076091E-05
   0.170515830E-05   0.426895858E-04   0.103668235E-04   0.312225723E-06
   0.734805610E-06   0.270629716E-04   0.553626887E-05   0.427111104E-06
   0.758107717E-06   0.238744560E-04   0.172591299E-04   0.207440939E-05
   0.103511877E-05   0.233232804E-04   0.289486870E-04   0.352410143E-05
   0.122576807E-05   0.224172236E-04   0.353825708E-04   0.438434654E-05
   0.135548021E-05   0.216678909E-04   0.387556793E-04   0.484329530E-05
   0.101675766E-05   0.154579138E-04   0.292917739E-04   0.381468817E-05
   0.818081787E-06   0.118940679E-04   0.235521748E-04   0.314594809E-05
   0.585203054E-06   0.835909668E-05   0.170450730E-04   0.236950655E-05
   0.313363614E-06   0.448411265E-05   0.931162504E-05   0.135421590E-05
   0.177166484E-06   0.246421519E-05   0.510244490E-05   0.736030984E-06
   0.599846857E-07   0.876320428E-06   0.182801591E-05   0.284520837E-06
   0.129798217E-07   0.251568679E-06   0.414600947E-06   0.115919221E-06
   0.267759148E-08   0.527299306E-07   0.564761002E-07   0.270259104E-07
   0.819844137E-09   0.585791904E-08   0.273296552E-09   0.237331155E-08
   0.627802788E-08   0.611544522E-07   0.129281645E-06   0.181234636E-07
   0.110552243E-07   0.983352137E-07   0.238810486E-06   0.235449740E-07
   0.110115002E-07   0.102098639E-06   0.267337953E-06   0.264265694E-07
   0.150395181E-07   0.162303266E-06   0.404684727E-06   0.501684454E-07
   0.173019234E-07   0.185053651E-06   0.451989905E-06   0.564233424E-07
   0.163941323E-07   0.162185430E-06   0.345809923E-06   0.478219384E-07
   0.985870141E-08   0.927953607E-07   0.230524179E-06   0.245901113E-07
   0.145767398E-07   0.142963586E-06   0.302760213E-06   0.425346016E-07
   0.583100945E-08   0.764523875E-07   0.176073925E-06   0.288069479E-07
   0.993388150E-09   0.647672982E-08   0.294031821E-08   0.231269226E-08
   0.250587640E-08   0.301349488E-07   0.465893599E-07   0.146847645E-07
   0.353291341E-09   0.409389234E-08  -0.809608203E-08   0.330766436E-08
   0.714187820E-09   0.576923131E-08  -0.361711927E-08   0.282366175E-08
   0.759587415E-08   0.395761326E-07  -0.156122297E-06   0.286393700E-07
   0.129866873E-07   0.705696905E-07  -0.180985936E-06   0.359968588E-07
   0.160851474E-07   0.800297855E-07  -0.339854097E-06   0.559423690E-07
   0.251408334E-07   0.108556137E-06  -0.492533104E-06   0.696231055E-07
   0.348571412E-07   0.156380011E-06  -0.686872454E-06   0.100068583E-06
   0.275109517E-07   0.109161959E-06  -0.495557742E-06   0.618558786E-07
   0.574166279E-07   0.257092864E-06  -0.101339458E-05   0.144536585E-06
   0.134952449E-07   0.569767273E-07  -0.261112632E-06   0.364991095E-07
   0.385026588E-07   0.162521275E-06  -0.731652790E-06   0.100865591E-06
   0.199550634E-07   0.885481413E-07  -0.310358189E-06   0.438830767E-07
   0.100148947E-07   0.580351731E-07  -0.158588804E-06   0.335581092E-07
   0.686358215E-08   0.402939904E-07  -0.137078345E-06   0.284651058E-07
   0.459263276E-07   0.212550219E-06  -0.850851563E-06   0.132273058E-06
   0.193229923E-06   0.840034431E-06  -0.354235613E-05   0.521371817E-06
   0.521613742E-06   0.216777789E-05  -0.927493420E-05   0.128070212E-05
   0.894439438E-06   0.361633352E-05  -0.154893460E-04   0.207927428E-05
   0.142438478E-05   0.561056822E-05  -0.239707642E-04   0.314783733E-05
   0.218873674E-05   0.839494624E-05  -0.356144192E-04   0.458126533E-05
   0.326844861E-05   0.121775593E-04  -0.509747806E-04   0.640826511E-05
   0.387379441E-05   0.139814219E-04  -0.561963971E-04   0.682737982E-05
   0.429483362E-05   0.149503712E-04  -0.553876889E-04   0.649145113E-05
   0.428077192E-05   0.141519231E-04  -0.434962058E-04   0.493323796E-05
   0.430551700E-05   0.130865574E-04  -0.258650834E-04   0.297933911E-05
   0.503330830E-05   0.135722685E-04  -0.875932710E-05   0.110523570E-05
   0.852534231E-05   0.216079370E-04  -0.140706370E-04   0.169161751E-05
   0.186254038E-04   0.473251966E-04  -0.853132224E-04   0.844176157E-05
   0.403663216E-04   0.103580343E-03  -0.266259682E-03   0.245965311E-04
   0.787879617E-04   0.202735275E-03  -0.584204390E-03   0.507093318E-04
   0.143040510E-03   0.366767985E-03  -0.110634789E-02   0.906238274E-04
   0.242400289E-03   0.618747901E-03  -0.187437946E-02   0.144521488E-03
   0.383891660E-03   0.975986535E-03  -0.287353457E-02   0.208126366E-03
   0.575906597E-03   0.146140496E-02  -0.408919575E-02   0.277422805E-03
   0.819604844E-03   0.208343007E-02  -0.539688906E-02   0.342446874E-03
   0.112927600E-02   0.288373581E-02  -0.683367858E-02   0.403633545E-03
   0.150055101E-02   0.386207877E-02  -0.820421241E-02   0.447662052E-03
   0.193580647E-02   0.503066881E-02  -0.941636413E-02   0.471833628E-03
   0.242933328E-02   0.638055662E-02  -0.103096627E-01   0.468503131E-03
   0.297584943E-02   0.789318606E-02  -0.108016534E-01   0.436963921E-03
   0.356015563E-02   0.951948389E-02  -0.107636182E-01   0.376363838E-03
   0.414551562E-02   0.111505175E-01  -0.100106671E-01   0.289003801E-03
   0.469135121E-02   0.126667321E-01  -0.849852804E-02   0.189607803E-03
   0.514079351E-02   0.139096128E-01  -0.620770827E-02   0.943650812E-04
   0.543730333E-02   0.147249242E-01  -0.328066060E-02   0.252794143E-04
   0.554296561E-02   0.150137246E-01  -0.835722602E-08   0.000000000E+00
