   0.225883094E-02   0.754086440E-02   0.000000000E+00   0.000000000E+00
   0.225832313E-02   0.753774121E-02   0.179693197E-04   0.499771943E-06
   0.224993122E-02   0.750524877E-02   0.357144672E-04   0.199023248E-05
   0.223991321E-02   0.745715573E-02   0.529797799E-04   0.444868965E-05
   0.222419598E-02   0.739461370E-02   0.696280549E-04   0.784414988E-05
   0.220779493E-02   0.732042454E-02   0.853546589E-04   0.121544754E-04
   0.218668720E-02   0.722711766E-02   0.100220255E-03   0.172650998E-04
   0.215972541E-02   0.711500691E-02   0.113646151E-03   0.231632948E-04
   0.213329075E-02   0.699699717E-02   0.126010302E-03   0.297522038E-04
   0.210136711E-02   0.685998425E-02   0.136749062E-03   0.369369081E-04
   0.206832564E-02   0.671673706E-02   0.146045219E-03   0.446794984E-04
   0.203314028E-02   0.656218315E-02   0.153648914E-03   0.528593228E-04
   0.199749996E-02   0.640421594E-02   0.160013326E-03   0.613665106E-04
   0.195670803E-02   0.623277761E-02   0.164373996E-03   0.701418539E-04
   0.191739690E-02   0.605891552E-02   0.167221064E-03   0.791062048E-04
   0.187838112E-02   0.588641036E-02   0.168742947E-03   0.882216409E-04
   0.183699629E-02   0.570437545E-02   0.168170416E-03   0.973833012E-04
   0.179647293E-02   0.552729797E-02   0.166677142E-03   0.106514235E-03
   0.175497064E-02   0.534381391E-02   0.163437653E-03   0.115458381E-03
   0.171304948E-02   0.516045280E-02   0.158942465E-03   0.124154860E-03
   0.167376804E-02   0.498485891E-02   0.153332250E-03   0.132878180E-03
   0.163408124E-02   0.480723334E-02   0.146402905E-03   0.141221550E-03
   0.159415149E-02   0.463067647E-02   0.138350762E-03   0.149196858E-03
   0.155678368E-02   0.446059043E-02   0.129305467E-03   0.156999915E-03
   0.151924475E-02   0.429214817E-02   0.119235512E-03   0.164396319E-03
   0.148197717E-02   0.412545260E-02   0.108389759E-03   0.171242034E-03
   0.144851988E-02   0.397111662E-02   0.972686175E-04   0.177904687E-03
   0.141533208E-02   0.381552544E-02   0.844204478E-04   0.184309436E-03
   0.138369261E-02   0.366801932E-02   0.718557640E-04   0.190071340E-03
   0.135271612E-02   0.352343381E-02   0.583377769E-04   0.195460074E-03
   0.132371811E-02   0.338631636E-02   0.448203064E-04   0.200352093E-03
   0.129546283E-02   0.325076445E-02   0.299684434E-04   0.204976910E-03
   0.127057312E-02   0.312872510E-02   0.162174492E-04   0.209074569E-03
   0.124566734E-02   0.300839497E-02   0.172401883E-05   0.212729879E-03
   0.122601714E-02   0.290130614E-02  -0.126797613E-04   0.216333588E-03
   0.120259402E-02   0.278612785E-02  -0.286754821E-04   0.219190944E-03
   0.118580787E-02   0.268991105E-02  -0.434395006E-04   0.221995870E-03
   0.116973359E-02   0.259866496E-02  -0.582252542E-04   0.224366464E-03
   0.115488376E-02   0.251168851E-02  -0.732830886E-04   0.226353368E-03
   0.114212313E-02   0.243002851E-02  -0.886080015E-04   0.227978802E-03
   0.112989184E-02   0.235400209E-02  -0.103658196E-03   0.229248297E-03
   0.112135557E-02   0.228858832E-02  -0.118008786E-03   0.230252132E-03
   0.111489114E-02   0.222795829E-02  -0.132878456E-03   0.230986785E-03
   0.110665779E-02   0.216754572E-02  -0.147445506E-03   0.231048980E-03
   0.110437011E-02   0.212119170E-02  -0.161824792E-03   0.231325219E-03
   0.110132736E-02   0.207648007E-02  -0.175911104E-03   0.231043377E-03
   0.110132503E-02   0.203991565E-02  -0.189567218E-03   0.230465419E-03
   0.110104389E-02   0.200345647E-02  -0.203812771E-03   0.229386176E-03
   0.110534905E-02   0.198106584E-02  -0.216588509E-03   0.228353223E-03
   0.111066096E-02   0.196157442E-02  -0.229721583E-03   0.226985139E-03
   0.111553806E-02   0.194279547E-02  -0.242865397E-03   0.225035459E-03
   0.112592790E-02   0.193756784E-02  -0.255242805E-03   0.223192095E-03
   0.113457802E-02   0.193161692E-02  -0.267248397E-03   0.220779024E-03
   0.114842341E-02   0.193725596E-02  -0.278684485E-03   0.218200395E-03
   0.116096716E-02   0.194246590E-02  -0.289929245E-03   0.215134030E-03
   0.117499963E-02   0.195304246E-02  -0.300533051E-03   0.211746592E-03
   0.119383261E-02   0.197455054E-02  -0.310712174E-03   0.208378391E-03
   0.120872515E-02   0.199035066E-02  -0.320215680E-03   0.204057069E-03
   0.122977502E-02   0.201935391E-02  -0.329483126E-03   0.199912436E-03
   0.125111279E-02   0.205219886E-02  -0.337443140E-03   0.195381697E-03
   0.127323461E-02   0.208633114E-02  -0.345375680E-03   0.190330218E-03
   0.129869103E-02   0.212944532E-02  -0.352328410E-03   0.185138168E-03
   0.132398272E-02   0.217408221E-02  -0.358301942E-03   0.179420123E-03
   0.135282951E-02   0.222726655E-02  -0.363610336E-03   0.173689768E-03
   0.137935043E-02   0.227679173E-02  -0.367938570E-03   0.167189763E-03
   0.140819314E-02   0.233351882E-02  -0.370923604E-03   0.160558644E-03
   0.143760012E-02   0.239113276E-02  -0.373244402E-03   0.153462563E-03
   0.147032668E-02   0.245631346E-02  -0.374566356E-03   0.146283608E-03
   0.150153774E-02   0.252247928E-02  -0.373949762E-03   0.138715768E-03
   0.153380050E-02   0.259086303E-02  -0.372422393E-03   0.130969303E-03
   0.156546908E-02   0.265695690E-02  -0.369684101E-03   0.122721409E-03
   0.159886992E-02   0.272970088E-02  -0.365365937E-03   0.114561502E-03
   0.163600419E-02   0.280918088E-02  -0.359953847E-03   0.106367159E-03
   0.166881410E-02   0.288067362E-02  -0.352653442E-03   0.977808231E-04
   0.170309294E-02   0.295671588E-02  -0.343716791E-03   0.892581302E-04
   0.173680636E-02   0.303287432E-02  -0.333156408E-03   0.807245087E-04
   0.177072629E-02   0.311081531E-02  -0.320855906E-03   0.723010307E-04
   0.180351874E-02   0.318437815E-02  -0.307133480E-03   0.640557628E-04
   0.183433364E-02   0.325564644E-02  -0.291513483E-03   0.558951724E-04
   0.186660909E-02   0.332899787E-02  -0.274493010E-03   0.481139796E-04
   0.189616345E-02   0.339898770E-02  -0.255629973E-03   0.406400904E-04
   0.192133477E-02   0.345460279E-02  -0.235323590E-03   0.335009063E-04
   0.194709725E-02   0.351381185E-02  -0.213445368E-03   0.269416087E-04
   0.197000918E-02   0.356732169E-02  -0.190147810E-03   0.209525097E-04
   0.198985403E-02   0.361391157E-02  -0.165539983E-03   0.156026526E-04
   0.200819178E-02   0.365815358E-02  -0.139814583E-03   0.109760267E-04
   0.202422403E-02   0.369448331E-02  -0.113128604E-03   0.709684446E-05
   0.203599129E-02   0.372055545E-02  -0.856130428E-04   0.401809984E-05
   0.204452546E-02   0.374389836E-02  -0.574012120E-04   0.179832102E-05
   0.204824540E-02   0.375457248E-02  -0.287953008E-04   0.450375865E-06
   0.204892200E-02   0.375340343E-02  -0.110489118E-10   0.000000000E+00
