   0.792231353E-03   0.261145197E-01   0.333973116E-08   0.000000000E+00
   0.793614890E-03   0.256596338E-01   0.324088568E-02   0.195028533E-04
   0.796874228E-03   0.243501738E-01   0.614268705E-02   0.743336204E-04
   0.799341768E-03   0.223772544E-01   0.845275074E-02   0.153159272E-03
   0.798602356E-03   0.199864507E-01   0.100503080E-01   0.241702044E-03
   0.789945014E-03   0.174288079E-01   0.109226210E-01   0.327107380E-03
   0.771900755E-03   0.148939937E-01   0.111623947E-01   0.400571851E-03
   0.744443794E-03   0.125296460E-01   0.109201241E-01   0.454701600E-03
   0.701833458E-03   0.103912819E-01   0.102680335E-01   0.486786274E-03
   0.651375682E-03   0.852829311E-02   0.940244924E-02   0.499728601E-03
   0.589722302E-03   0.692379940E-02   0.836765394E-02   0.489516009E-03
   0.521473004E-03   0.555613032E-02   0.726042036E-02   0.466679019E-03
   0.449501822E-03   0.440407079E-02   0.614483189E-02   0.428718573E-03
   0.377316872E-03   0.344230072E-02   0.507259509E-02   0.381670543E-03
   0.308001006E-03   0.264409045E-02   0.407846645E-02   0.328826631E-03
   0.243254806E-03   0.198528660E-02   0.317832478E-02   0.273182202E-03
   0.185723678E-03   0.145323260E-02   0.239807297E-02   0.218031506E-03
   0.137304043E-03   0.103484700E-02   0.175290019E-02   0.168121551E-03
   0.971643676E-04   0.708601379E-03   0.122644065E-02   0.123301463E-03
   0.652056115E-04   0.460171519E-03   0.812579645E-03   0.858218918E-04
   0.418013115E-04   0.284866459E-03   0.513072882E-03   0.565424380E-04
   0.254158149E-04   0.167334249E-03   0.306704547E-03   0.350952178E-04
   0.138889327E-04   0.867844865E-04   0.162696495E-03   0.192606840E-04
   0.679167306E-05   0.393997107E-04   0.760309777E-04   0.933951014E-05
   0.281312032E-05   0.142537729E-04   0.287982857E-04   0.362577953E-05
   0.108273002E-05   0.471583508E-05   0.977767195E-05   0.123070072E-05
   0.291282390E-06   0.186778936E-05   0.245209912E-05   0.305392035E-06
   0.307287564E-06   0.332265790E-05   0.422941594E-05   0.534565743E-06
   0.491159767E-06   0.574298656E-05   0.782214011E-05   0.111133011E-05
   0.699086115E-06   0.731852288E-05   0.105275722E-04   0.137372092E-05
   0.800991643E-06   0.803421062E-05   0.119405986E-04   0.163762058E-05
   0.886909788E-06   0.855759117E-05   0.130388544E-04   0.182033773E-05
   0.805493414E-06   0.752021060E-05   0.115023322E-04   0.161057415E-05
   0.773205102E-06   0.700074906E-05   0.107868318E-04   0.151425650E-05
   0.544259763E-06   0.482897894E-05   0.752817414E-05   0.106225286E-05
   0.414829003E-06   0.349046945E-05   0.553660993E-05   0.735831918E-06
   0.326917984E-06   0.267662926E-05   0.402836849E-05   0.545864623E-06
   0.223254602E-06   0.164825417E-05   0.236187338E-05   0.289683896E-06
   0.122253311E-06   0.850587924E-06   0.134642210E-05   0.135694592E-06
   0.785433301E-07   0.473309626E-06   0.692465278E-06   0.540293428E-07
   0.597845542E-07   0.233073166E-06   0.121854541E-06   0.468735539E-08
   0.320971871E-07   0.100708760E-06  -0.184842130E-08  -0.260120281E-08
   0.203864339E-07   0.378246661E-07  -0.105113230E-06   0.276837042E-08
   0.982910020E-08   0.195298000E-07  -0.680851429E-07   0.617735285E-08
   0.260137138E-07   0.703109677E-07  -0.220052229E-06   0.447339978E-07
   0.231297603E-08   0.223214567E-07   0.422050128E-08   0.146792907E-07
   0.699683911E-08   0.308641539E-07  -0.216649827E-07   0.197819467E-07
   0.930341315E-08   0.588828470E-07   0.979007595E-07   0.888668250E-08
   0.127646480E-07   0.414294803E-07   0.480442175E-07  -0.493488095E-08
   0.379333258E-07   0.767655095E-07  -0.171280405E-06   0.192984118E-08
   0.708267933E-07   0.178037638E-06  -0.287491503E-06   0.149333648E-07
   0.163910286E-06   0.403618998E-06  -0.994454126E-06   0.953032000E-07
   0.289196862E-06   0.671190435E-06  -0.214936426E-05   0.260019476E-06
   0.427124320E-06   0.105148115E-05  -0.308005428E-05   0.371256959E-06
   0.678636923E-06   0.164307517E-05  -0.524775851E-05   0.713878933E-06
   0.106061441E-05   0.263488073E-05  -0.824259769E-05   0.115290288E-05
   0.134427682E-05   0.327912744E-05  -0.105420822E-04   0.153895405E-05
   0.179844631E-05   0.430410410E-05  -0.139132217E-04   0.199764099E-05
   0.208175834E-05   0.498766167E-05  -0.159860065E-04   0.232387788E-05
   0.229007082E-05   0.547681793E-05  -0.173440312E-04   0.251569190E-05
   0.246088689E-05   0.583121118E-05  -0.182739459E-04   0.267041605E-05
   0.214487022E-05   0.503167485E-05  -0.153528345E-04   0.213592625E-05
   0.162757249E-05   0.376250046E-05  -0.110161473E-04   0.149564369E-05
   0.950257061E-06   0.204118760E-05  -0.582855637E-05   0.786480939E-06
   0.819222464E-06   0.147599246E-05  -0.470092118E-05   0.680600863E-06
   0.192178322E-05   0.323474910E-05  -0.124817288E-04   0.172955822E-05
   0.591564003E-05   0.106576772E-04  -0.408525193E-04   0.541525651E-05
   0.152668581E-04   0.280569275E-04  -0.105226856E-03   0.134041757E-04
   0.307691116E-04   0.566507333E-04  -0.208209298E-03   0.254700808E-04
   0.580177730E-04   0.106295760E-03  -0.384026382E-03   0.450627085E-04
   0.980855548E-04   0.179115348E-03  -0.633992255E-03   0.709802407E-04
   0.157037342E-03   0.283086469E-03  -0.986316591E-03   0.105752893E-03
   0.236061242E-03   0.421745674E-03  -0.143840222E-02   0.146414706E-03
   0.340834376E-03   0.602824264E-03  -0.200811634E-02   0.194632987E-03
   0.470991188E-03   0.828212185E-03  -0.267594983E-02   0.243807503E-03
   0.629014918E-03   0.110120676E-02  -0.343102869E-02   0.294883066E-03
   0.819372304E-03   0.143508031E-02  -0.427440647E-02   0.342517626E-03
   0.103971793E-02   0.182884769E-02  -0.515888631E-02   0.385779043E-03
   0.128927710E-02   0.229055295E-02  -0.604517059E-02   0.416376104E-03
   0.157119648E-02   0.283269398E-02  -0.690719765E-02   0.438134215E-03
   0.188822614E-02   0.347197824E-02  -0.771436235E-02   0.443080236E-03
   0.223765592E-02   0.421112264E-02  -0.839298218E-02   0.437573704E-03
   0.262739579E-02   0.507248333E-02  -0.893102307E-02   0.415249320E-03
   0.305072055E-02   0.604731590E-02  -0.922895968E-02   0.377783465E-03
   0.350752007E-02   0.713327853E-02  -0.923836417E-02   0.324955996E-03
   0.398153672E-02   0.828571059E-02  -0.885641761E-02   0.260104192E-03
   0.445415126E-02   0.945538003E-02  -0.801591948E-02   0.189817467E-03
   0.488715759E-02   0.105374251E-01  -0.666259462E-02   0.118362565E-03
   0.524426252E-02   0.114364773E-01  -0.480079278E-02   0.571208111E-04
   0.548037188E-02   0.120351994E-01  -0.251955702E-02   0.150525575E-04
   0.556002371E-02   0.122361183E-01  -0.634875175E-08   0.000000000E+00
