   0.262408605E-03   0.349124037E-01   0.579585313E-08   0.000000000E+00
   0.272216130E-03   0.342527032E-01   0.345190894E-02   0.214368793E-04
   0.299381994E-03   0.323979706E-01   0.654112734E-02   0.804489391E-04
   0.337114121E-03   0.295762867E-01   0.897191372E-02   0.163082834E-03
   0.376487296E-03   0.261120517E-01   0.105848089E-01   0.251319434E-03
   0.409452914E-03   0.223833937E-01   0.113957478E-01   0.329719187E-03
   0.428383908E-03   0.186683759E-01   0.114500625E-01   0.390593079E-03
   0.428771687E-03   0.151620675E-01   0.108872047E-01   0.421264907E-03
   0.409604632E-03   0.120206922E-01   0.986874849E-02   0.425909966E-03
   0.374047697E-03   0.929692574E-02   0.857559498E-02   0.406799256E-03
   0.325831876E-03   0.700962590E-02   0.714437198E-02   0.368357199E-03
   0.270744611E-03   0.513890572E-02   0.570457103E-02   0.318849372E-03
   0.213686784E-03   0.365167460E-02   0.434507476E-02   0.260848989E-03
   0.160265481E-03   0.250601117E-02   0.315225567E-02   0.200908282E-03
   0.111650748E-03   0.163441431E-02   0.211744662E-02   0.143267884E-03
   0.742460106E-04   0.102685730E-02   0.135781977E-02   0.968170280E-04
   0.455264890E-04   0.607661379E-03   0.793937652E-03   0.586417227E-04
   0.248169254E-04   0.331325922E-03   0.400851743E-03   0.304730238E-04
   0.120794502E-04   0.169174979E-03   0.171650958E-03   0.128119691E-04
   0.515847933E-05   0.831055950E-04   0.579355983E-04   0.391799858E-05
   0.180346547E-05   0.420305696E-04   0.112222260E-04   0.425709032E-06
   0.683805467E-06   0.276785213E-04   0.452031009E-05   0.327150758E-06
   0.747057697E-06   0.247173248E-04   0.160183718E-04   0.192379525E-05
   0.106829009E-05   0.253651906E-04   0.293258854E-04   0.377832021E-05
   0.132607977E-05   0.248668366E-04   0.366917375E-04   0.473132332E-05
   0.132668822E-05   0.219463327E-04   0.367361463E-04   0.489751528E-05
   0.123574137E-05   0.188549056E-04   0.338974860E-04   0.461922764E-05
   0.970088081E-06   0.141730152E-04   0.263960064E-04   0.370628504E-05
   0.681335791E-06   0.967926462E-05   0.186119141E-04   0.268098006E-05
   0.412607136E-06   0.571576584E-05   0.110764586E-04   0.161529090E-05
   0.230228380E-06   0.330687021E-05   0.645040200E-05   0.103015225E-05
   0.121170132E-06   0.175722414E-05   0.347212722E-05   0.576543187E-06
   0.448599522E-07   0.699415239E-06   0.128405554E-05   0.242754453E-06
   0.120247607E-07   0.230810855E-06   0.377448600E-06   0.103251132E-06
   0.222176544E-08   0.379645684E-07   0.112596243E-07   0.236251001E-07
   0.186034343E-08   0.132053737E-07  -0.372920432E-07   0.957457935E-08
   0.281368906E-08   0.210849134E-07   0.526685184E-07   0.587938453E-08
   0.154657638E-07   0.154223642E-06   0.306287262E-06   0.455191262E-07
   0.101124034E-07   0.106322489E-06   0.249555995E-06   0.323593881E-07
   0.239990516E-07   0.296361577E-06   0.665904508E-06   0.108131367E-06
   0.861139338E-08   0.101546767E-06   0.229079916E-06   0.348583455E-07
   0.661574662E-08   0.913099285E-07   0.186050841E-06   0.390241972E-07
   0.202645989E-07   0.214309352E-06   0.435662258E-06   0.848678141E-07
   0.408127487E-08   0.727956433E-07   0.114559661E-06   0.383811241E-07
   0.942540090E-08   0.870711645E-07  -0.480539484E-07   0.580319686E-07
   0.513093612E-08   0.718346485E-07   0.303908152E-07   0.460929144E-07
   0.102659907E-07   0.703791727E-07  -0.132393239E-06   0.498400148E-07
   0.177790138E-07   0.923541208E-07  -0.346993204E-06   0.632700576E-07
   0.686284407E-08   0.518746219E-07  -0.128247379E-06   0.400339957E-07
   0.279707439E-07   0.134824603E-06  -0.424570857E-06   0.914731473E-07
   0.296402565E-07   0.132523184E-06  -0.545412149E-06   0.856375308E-07
   0.322209317E-07   0.127781433E-06  -0.551605751E-06   0.748137765E-07
   0.289771460E-07   0.116609598E-06  -0.496591838E-06   0.682868802E-07
   0.179283131E-07   0.671369804E-07  -0.301532850E-06   0.394091337E-07
   0.183680520E-07   0.721030062E-07  -0.304047546E-06   0.406801703E-07
   0.182268667E-08   0.107784288E-07  -0.123142936E-07   0.413464996E-08
   0.685823220E-08   0.520418446E-07  -0.120312009E-06   0.397584223E-07
   0.177925781E-07   0.117831632E-06  -0.323461677E-06   0.898100012E-07
   0.137740770E-06   0.605902983E-06  -0.233971059E-05   0.363691640E-06
   0.274863339E-06   0.115558521E-05  -0.460989941E-05   0.709116307E-06
   0.623993230E-06   0.255557984E-05  -0.101314135E-04   0.145208605E-05
   0.128590352E-05   0.516798991E-05  -0.207059584E-04   0.299829185E-05
   0.196244423E-05   0.765374352E-05  -0.306622387E-04   0.432221532E-05
   0.288405408E-05   0.110085512E-04  -0.435393449E-04   0.596101972E-05
   0.358886314E-05   0.133450703E-04  -0.515545216E-04   0.687165630E-05
   0.401602256E-05   0.145298864E-04  -0.536046937E-04   0.698633858E-05
   0.471161775E-05   0.164867033E-04  -0.563680733E-04   0.707019035E-05
   0.476125615E-05   0.160085310E-04  -0.457013339E-04   0.560284252E-05
   0.438045299E-05   0.136031977E-04  -0.238082266E-04   0.290617550E-05
   0.498088821E-05   0.136054550E-04  -0.860227465E-05   0.117540048E-05
   0.856767929E-05   0.219690482E-04  -0.186836751E-04   0.229682951E-05
   0.178603332E-04   0.455167319E-04  -0.801057540E-04   0.847922547E-05
   0.380257079E-04   0.975943185E-04  -0.243005197E-03   0.240136687E-04
   0.752432097E-04   0.193933054E-03  -0.555815990E-03   0.516862092E-04
   0.136346498E-03   0.351106195E-03  -0.105824391E-02   0.926726207E-04
   0.228585763E-03   0.586016802E-03  -0.177488173E-02   0.147013619E-03
   0.359632308E-03   0.918851001E-03  -0.272022025E-02   0.212439016E-03
   0.538449094E-03   0.137378997E-02  -0.390378642E-02   0.286443712E-03
   0.766631041E-03   0.195957394E-02  -0.523131341E-02   0.360287260E-03
   0.104770798E-02   0.269367290E-02  -0.663040997E-02   0.424817263E-03
   0.139203994E-02   0.361051597E-02  -0.809567515E-02   0.481390831E-03
   0.179179781E-02   0.470134709E-02  -0.942908227E-02   0.519084919E-03
   0.224973052E-02   0.598290283E-02  -0.105588473E-01   0.531564467E-03
   0.276413211E-02   0.745148351E-02  -0.113952998E-01   0.517055159E-03
   0.331631256E-02   0.905684289E-02  -0.117160836E-01   0.472602434E-03
   0.389796006E-02   0.107606882E-01  -0.115050012E-01   0.398787583E-03
   0.447442336E-02   0.124553740E-01  -0.105886776E-01   0.302392233E-03
   0.500267930E-02   0.140087400E-01  -0.889808219E-02   0.196094858E-03
   0.543479528E-02   0.152701419E-01  -0.645432388E-02   0.961106925E-04
   0.571882771E-02   0.160992313E-01  -0.339940377E-02   0.256149160E-04
   0.581843266E-02   0.163914431E-01  -0.838710168E-08   0.000000000E+00
