   0.299770967E-03   0.353961550E-01  -0.344571559E-10   0.000000000E+00
   0.311686395E-03   0.348072760E-01   0.371489697E-02   0.223270454E-04
   0.345521956E-03   0.331209488E-01   0.706724264E-02   0.847056508E-04
   0.393824565E-03   0.305613857E-01   0.978238322E-02   0.174307963E-03
   0.446428778E-03   0.273789540E-01   0.116820829E-01   0.273482234E-03
   0.494012609E-03   0.238957368E-01   0.127404947E-01   0.368927111E-03
   0.528085278E-03   0.203674473E-01   0.130255250E-01   0.448703300E-03
   0.542182068E-03   0.169808697E-01   0.126535101E-01   0.498696812E-03
   0.535034400E-03   0.138798393E-01   0.117902085E-01   0.522495015E-03
   0.507933088E-03   0.111387288E-01   0.106025133E-01   0.520126603E-03
   0.461117917E-03   0.873879250E-02   0.915508438E-02   0.494926411E-03
   0.403819315E-03   0.672758417E-02   0.767295621E-02   0.449533691E-03
   0.338633603E-03   0.505238026E-02   0.618747808E-02   0.391989219E-03
   0.274315214E-03   0.371181522E-02   0.484396098E-02   0.328696216E-03
   0.211487844E-03   0.263780891E-02   0.361741055E-02   0.260826171E-03
   0.155122383E-03   0.180717756E-02   0.257230690E-02   0.197219488E-03
   0.107316453E-03   0.118363847E-02   0.172153953E-02   0.138894640E-03
   0.711785906E-04   0.746295729E-03   0.110183528E-02   0.931881441E-04
   0.434815302E-04   0.440706383E-03   0.641683990E-03   0.561841698E-04
   0.240054633E-04   0.240495996E-03   0.328959752E-03   0.293499252E-04
   0.121626135E-04   0.123178368E-03   0.148510429E-03   0.134006605E-04
   0.501363093E-05   0.584290719E-04   0.475243214E-04   0.390386685E-05
   0.174110141E-05   0.297568913E-04   0.897803511E-05   0.417205740E-06
   0.530389400E-06   0.207214725E-04   0.243716795E-05   0.298985469E-06
   0.547725904E-06   0.204046682E-04   0.114496752E-04   0.161670948E-05
   0.919038484E-06   0.226449029E-04   0.231112954E-04   0.325437804E-05
   0.125968324E-05   0.240636364E-04   0.319638493E-04   0.464034792E-05
   0.138021619E-05   0.224450050E-04   0.336333214E-04   0.481673942E-05
   0.133575202E-05   0.196811907E-04   0.315732032E-04   0.456208818E-05
   0.121794790E-05   0.170938092E-04   0.289031086E-04   0.437533299E-05
   0.894451432E-06   0.119284723E-04   0.204682401E-04   0.306325592E-05
   0.772703231E-06   0.994811126E-05   0.177448437E-04   0.270011242E-05
   0.443945737E-06   0.556562281E-05   0.970583460E-05   0.147534899E-05
   0.229415065E-06   0.298068676E-05   0.535180607E-05   0.884427891E-06
   0.128850701E-06   0.164151822E-05   0.294537926E-05   0.480587858E-06
   0.590018630E-07   0.659342447E-06   0.111957218E-05   0.161142125E-06
   0.247510012E-07   0.284619546E-06   0.465945334E-06   0.726055802E-07
   0.118711165E-07   0.108190527E-06   0.168605624E-06   0.188233056E-07
   0.107822116E-07   0.409917789E-07  -0.793939705E-07   0.717158821E-08
   0.208555107E-08   0.115231682E-07  -0.156231046E-07   0.771626496E-08
   0.232156392E-07   0.192499641E-06   0.195133580E-06   0.990957219E-07
   0.121383170E-07   0.188707332E-06   0.279513586E-06   0.948861327E-07
   0.210823039E-07   0.200850550E-06   0.806944200E-07   0.122955726E-06
   0.222436682E-07   0.289891034E-06   0.294349746E-06   0.164838411E-06
   0.188793958E-07   0.156664939E-06  -0.257800565E-06   0.121882493E-06
   0.336909984E-07   0.254868070E-06  -0.255568665E-06   0.182375814E-06
   0.375419162E-07   0.279229766E-06  -0.261225523E-06   0.196985511E-06
   0.235345734E-07   0.212943121E-06  -0.397943190E-07   0.142236161E-06
   0.368340487E-07   0.199844138E-06  -0.558561055E-06   0.149456568E-06
   0.348572016E-07   0.193490976E-06  -0.290200063E-06   0.132272177E-06
   0.138025582E-07   0.101233049E-06  -0.543922702E-07   0.676782506E-07
   0.221700258E-07   0.102317323E-06  -0.295323616E-06   0.735749737E-07
   0.475059769E-08   0.276989791E-07   0.186120417E-07   0.431313651E-08
   0.998239358E-08   0.307262731E-07  -0.121626371E-06   0.146742893E-07
   0.652896261E-07   0.235043728E-06  -0.805710215E-06   0.108491299E-06
   0.133469925E-06   0.500538476E-06  -0.180534153E-05   0.299123997E-06
   0.393543047E-06   0.141631767E-05  -0.520247067E-05   0.781968879E-06
   0.593138282E-06   0.217713978E-05  -0.786571036E-05   0.124533824E-05
   0.103180116E-05   0.376922912E-05  -0.134244319E-04   0.204635467E-05
   0.165696451E-05   0.594209678E-05  -0.212435934E-04   0.325773181E-05
   0.250279209E-05   0.883291250E-05  -0.312645680E-04   0.463493370E-05
   0.343760121E-05   0.119605074E-04  -0.417651427E-04   0.615145791E-05
   0.435870970E-05   0.149109710E-04  -0.507667319E-04   0.724092934E-05
   0.473242881E-05   0.159710235E-04  -0.517413646E-04   0.727520910E-05
   0.416085732E-05   0.137000961E-04  -0.397852054E-04   0.540417523E-05
   0.418985701E-05   0.133359272E-04  -0.324336397E-04   0.437192330E-05
   0.361568914E-05   0.107811793E-04  -0.152606881E-04   0.210093276E-05
   0.394168956E-05   0.102443200E-04  -0.483935401E-05   0.922332561E-06
   0.694329719E-05   0.162675060E-04  -0.172144519E-04   0.232224011E-05
   0.148125273E-04   0.343882821E-04  -0.708701846E-04   0.834080129E-05
   0.306845177E-04   0.723602789E-04  -0.190904873E-03   0.209216578E-04
   0.625042085E-04   0.148162435E-03  -0.449083425E-03   0.468049220E-04
   0.109996508E-03   0.260808039E-03  -0.812195009E-03   0.808123368E-04
   0.185358585E-03   0.439211959E-03  -0.138128793E-02   0.130268032E-03
   0.288798125E-03   0.682466605E-03  -0.210830313E-02   0.188703285E-03
   0.431546505E-03   0.101943221E-02  -0.305909128E-02   0.257508276E-03
   0.612520496E-03   0.144929939E-02  -0.415595807E-02   0.328905968E-03
   0.837013300E-03   0.199158513E-02  -0.538289314E-02   0.398191973E-03
   0.111167051E-02   0.266711344E-02  -0.672917953E-02   0.466943049E-03
   0.142973615E-02   0.347455102E-02  -0.805764925E-02   0.519299705E-03
   0.179751706E-02   0.443946058E-02  -0.934545044E-02   0.558551750E-03
   0.220703124E-02   0.555654522E-02  -0.104516661E-01   0.571673969E-03
   0.266439654E-02   0.684528658E-02  -0.113568390E-01   0.563726120E-03
   0.315780030E-02   0.827973336E-02  -0.119102485E-01   0.528011413E-03
   0.367863057E-02   0.983048417E-02  -0.120126689E-01   0.468574348E-03
   0.420888932E-02   0.114349108E-01  -0.115600526E-01   0.383808743E-03
   0.472516147E-02   0.130136032E-01  -0.104652941E-01   0.284474605E-03
   0.519085815E-02   0.144426189E-01  -0.867723953E-02   0.179555631E-03
   0.556738302E-02   0.156013686E-01  -0.623819139E-02   0.875136975E-04
   0.581043959E-02   0.163451880E-01  -0.326395174E-02   0.229993366E-04
   0.589866983E-02   0.166184753E-01  -0.840830339E-08   0.000000000E+00
