   0.432222005E-03   0.520895086E-01   0.000000000E+00   0.000000000E+00
   0.442024349E-03   0.511422530E-01   0.467566028E-02   0.302069329E-04
   0.469110440E-03   0.484292619E-01   0.886701886E-02   0.113702270E-03
   0.506361190E-03   0.443031117E-01   0.122198770E-01   0.230584134E-03
   0.543937727E-03   0.392245278E-01   0.144805619E-01   0.355995115E-03
   0.572033459E-03   0.336880237E-01   0.156111829E-01   0.467634556E-03
   0.583369751E-03   0.281296689E-01   0.157366935E-01   0.547446427E-03
   0.574457983E-03   0.229000002E-01   0.150639554E-01   0.593050092E-03
   0.541628920E-03   0.181582514E-01   0.137020461E-01   0.599205843E-03
   0.489710190E-03   0.140404552E-01   0.119460579E-01   0.572259305E-03
   0.423696038E-03   0.105768479E-01   0.998811889E-02   0.517261273E-03
   0.349733920E-03   0.774619961E-02   0.798942056E-02   0.447503175E-03
   0.272921228E-03   0.547582703E-02   0.604356639E-02   0.362667517E-03
   0.203831849E-03   0.375639717E-02   0.439013122E-02   0.279900996E-03
   0.142275458E-03   0.246018311E-02   0.296724960E-02   0.199481743E-03
   0.935804492E-04   0.154183409E-02   0.188170071E-02   0.132758316E-03
   0.560542358E-04   0.906327623E-03   0.106693804E-02   0.780020055E-04
   0.302054959E-04   0.497894536E-03   0.525631593E-03   0.391317590E-04
   0.150487667E-04   0.263246970E-03   0.229461584E-03   0.166860791E-04
   0.630392060E-05   0.132198082E-03   0.707589497E-04   0.445871729E-05
   0.210994472E-05   0.701387689E-04   0.944462772E-05   0.851435473E-07
   0.110547478E-05   0.473277942E-04   0.106980251E-04   0.110015776E-05
   0.122635640E-05   0.416472831E-04   0.300029005E-04   0.370261841E-05
   0.157990883E-05   0.395863826E-04   0.479675655E-04   0.628005955E-05
   0.190977994E-05   0.381159953E-04   0.587560753E-04   0.757002681E-05
   0.182897372E-05   0.328498900E-04   0.572726822E-04   0.769240796E-05
   0.178096400E-05   0.292600671E-04   0.548750722E-04   0.740593623E-05
   0.144231581E-05   0.227821056E-04   0.448685278E-04   0.624979702E-05
   0.938132246E-06   0.144948890E-04   0.290345142E-04   0.416173407E-05
   0.526753183E-06   0.823549271E-05   0.167717353E-04   0.255980808E-05
   0.306340695E-06   0.478825132E-05   0.979309971E-05   0.154166310E-05
   0.166106474E-06   0.253392454E-05   0.516097680E-05   0.813060637E-06
   0.715148545E-07   0.112937357E-05   0.237785252E-05   0.393123429E-06
   0.746036299E-08   0.178616531E-06   0.273793489E-06   0.855057607E-07
   0.394564914E-08   0.608891284E-07   0.264116657E-07   0.345354181E-07
   0.135047733E-07   0.137254858E-06   0.283430921E-06   0.418123065E-07
   0.501078379E-08   0.464529464E-07   0.104551106E-06   0.115716077E-07
   0.212568114E-07   0.225339079E-06   0.468571869E-06   0.665536959E-07
   0.208688729E-07   0.250114596E-06   0.591918422E-06   0.814910308E-07
   0.358478687E-07   0.452868647E-06   0.851628329E-06   0.163030379E-06
   0.115066676E-07   0.146785467E-06   0.354665161E-06   0.522620098E-07
   0.147264805E-07   0.211061533E-06   0.479932510E-06   0.868303971E-07
   0.760402230E-08   0.102832075E-06   0.238119156E-06   0.380957452E-07
   0.195366945E-08   0.396764932E-07   0.724879499E-07   0.198711909E-07
   0.144440959E-08   0.423545750E-07   0.287931790E-08   0.316625979E-07
   0.100178132E-07   0.106175833E-06  -0.180838001E-06   0.814733667E-07
   0.157275490E-07   0.128972687E-06  -0.360507244E-06   0.999412677E-07
   0.273012173E-07   0.170366874E-06  -0.648060848E-06   0.123802323E-06
   0.214395630E-07   0.139313229E-06  -0.470277342E-06   0.102719284E-06
   0.643484839E-07   0.367942846E-06  -0.145959939E-05   0.245358137E-06
   0.846189820E-07   0.451874570E-06  -0.179589961E-05   0.311591236E-06
   0.434950671E-07   0.223023662E-06  -0.950154174E-06   0.146931384E-06
   0.492294987E-07   0.258759542E-06  -0.985675115E-06   0.148271837E-06
   0.636274677E-07   0.320304565E-06  -0.137472227E-05   0.211804547E-06
   0.129818973E-07   0.553298243E-07  -0.253581732E-06   0.334277601E-07
   0.777118103E-08   0.362156136E-07  -0.139599749E-06   0.186359870E-07
   0.588494986E-08   0.396740276E-07  -0.993771110E-07   0.218662723E-07
   0.392809980E-07   0.231739136E-06  -0.844984584E-06   0.157634020E-06
   0.160343419E-06   0.853583174E-06  -0.321561038E-05   0.499580040E-06
   0.438366499E-06   0.222552876E-05  -0.892483058E-05   0.139718748E-05
   0.766227402E-06   0.378263508E-05  -0.152145485E-04   0.229365946E-05
   0.154072666E-05   0.738379504E-05  -0.298728210E-04   0.435709762E-05
   0.231471154E-05   0.107592305E-04  -0.432244196E-04   0.598239558E-05
   0.341475425E-05   0.155406033E-04  -0.616021789E-04   0.831266334E-05
   0.429911051E-05   0.190431201E-04  -0.736781731E-04   0.966367043E-05
   0.556594523E-05   0.239829860E-04  -0.897082355E-04   0.115692501E-04
   0.599182613E-05   0.249700752E-04  -0.853188394E-04   0.105121189E-04
   0.608667460E-05   0.242876231E-04  -0.690421293E-04   0.831365651E-05
   0.612347367E-05   0.228045847E-04  -0.421736113E-04   0.513333134E-05
   0.712280871E-05   0.240676272E-04  -0.152668490E-04   0.200601244E-05
   0.111382160E-04   0.348625508E-04  -0.140725024E-04   0.191580784E-05
   0.233233040E-04   0.717032744E-04  -0.104586550E-03   0.110706969E-04
   0.478227121E-04   0.147679617E-03  -0.315769314E-03   0.310284304E-04
   0.918753940E-04   0.283617061E-03  -0.710473745E-03   0.665415209E-04
   0.165806821E-03   0.511547260E-03  -0.137942960E-02   0.121652774E-03
   0.280226377E-03   0.861973444E-03  -0.237855199E-02   0.198114576E-03
   0.442330667E-03   0.135660660E-02  -0.368245458E-02   0.289845368E-03
   0.662427687E-03   0.203047623E-02  -0.529279187E-02   0.392314425E-03
   0.950045127E-03   0.291833282E-02  -0.717063108E-02   0.499261834E-03
   0.130387652E-02   0.402803998E-02  -0.911835674E-02   0.596024445E-03
   0.173498632E-02   0.540845376E-02  -0.111130336E-01   0.674443552E-03
   0.224187574E-02   0.706684031E-02  -0.129668908E-01   0.730118481E-03
   0.282263360E-02   0.900818408E-02  -0.145310406E-01   0.750522886E-03
   0.347304065E-02   0.112213176E-01  -0.156605542E-01   0.735045818E-03
   0.417318288E-02   0.136386286E-01  -0.161136780E-01   0.670674723E-03
   0.490458636E-02   0.161808599E-01  -0.157811958E-01   0.568284362E-03
   0.562441628E-02   0.186875332E-01  -0.144730732E-01   0.429956242E-03
   0.628421735E-02   0.209789816E-01  -0.121508390E-01   0.278350490E-03
   0.681864237E-02   0.228260811E-01  -0.879726652E-02   0.136940813E-03
   0.717145158E-02   0.240407437E-01  -0.462921895E-02   0.364362604E-04
   0.729343668E-02   0.244596265E-01  -0.877249029E-08   0.000000000E+00
