   0.311074611E-01   0.221858397E+00   0.000000000E+00   0.000000000E+00
   0.302630737E-01   0.216178969E+00   0.158630889E-01   0.104619750E-03
   0.279457290E-01   0.200465471E+00   0.290709715E-01   0.383890729E-03
   0.246233121E-01   0.177750975E+00   0.379333459E-01   0.751024694E-03
   0.208825618E-01   0.151921764E+00   0.421481729E-01   0.111247948E-02
   0.172231067E-01   0.126312017E+00   0.425137579E-01   0.140595459E-02
   0.139521463E-01   0.102988534E+00   0.402621813E-01   0.159664196E-02
   0.111975679E-01   0.829947367E-01   0.365926549E-01   0.170818670E-02
   0.898161717E-02   0.664952174E-01   0.324279256E-01   0.172935554E-02
   0.724199042E-02   0.532698929E-01   0.283450913E-01   0.170784164E-02
   0.587722659E-02   0.426825546E-01   0.245443210E-01   0.164914120E-02
   0.481073000E-02   0.342924371E-01   0.211611036E-01   0.156697573E-02
   0.396671100E-02   0.276204105E-01   0.181811731E-01   0.147856609E-02
   0.328894379E-02   0.222799946E-01   0.155726541E-01   0.137734856E-02
   0.273578847E-02   0.179806370E-01   0.132831903E-01   0.126320473E-02
   0.227883086E-02   0.145046767E-01   0.112824421E-01   0.115057675E-02
   0.188992405E-02   0.116646048E-01   0.949571282E-02   0.103426620E-02
   0.156305649E-02   0.935328845E-02   0.794407353E-02   0.921440544E-03
   0.128528744E-02   0.746275391E-02   0.658491673E-02   0.802411698E-03
   0.104939018E-02   0.591885485E-02   0.540800765E-02   0.692713074E-03
   0.847236253E-03   0.465522474E-02   0.438291626E-02   0.586701615E-03
   0.678391196E-03   0.363096525E-02   0.351501629E-02   0.491833373E-03
   0.537235057E-03   0.280890171E-02   0.278565055E-02   0.404279708E-03
   0.417355710E-03   0.213563233E-02   0.215940876E-02   0.326046080E-03
   0.319979008E-03   0.160676765E-02   0.164959591E-02   0.255944906E-03
   0.239949208E-03   0.118161482E-02   0.122624252E-02   0.196314795E-03
   0.177444177E-03   0.857946463E-03   0.896882499E-03   0.146698439E-03
   0.128385538E-03   0.609352021E-03   0.638761499E-03   0.106980726E-03
   0.912079267E-04   0.424190657E-03   0.443916622E-03   0.756145964E-04
   0.625158209E-04   0.284307724E-03   0.293853751E-03   0.510799618E-04
   0.420575125E-04   0.187751866E-03   0.189444545E-03   0.331331321E-04
   0.269067950E-04   0.117987402E-03   0.112967682E-03   0.199456190E-04
   0.164677494E-04   0.708809966E-04   0.612146323E-04   0.107282249E-04
   0.101231726E-04   0.425850449E-04   0.319405044E-04   0.569318627E-05
   0.579992911E-05   0.245370302E-04   0.130510189E-04   0.256384669E-05
   0.320544132E-05   0.146916618E-04   0.295211157E-05   0.123378470E-05
   0.176884566E-05   0.997225652E-05  -0.176584354E-05   0.104790570E-05
   0.115386229E-05   0.851049208E-05  -0.235732796E-05   0.165054701E-05
   0.103189575E-05   0.866213850E-05  -0.170868600E-05   0.273598880E-05
   0.112305861E-05   0.955317046E-05  -0.488464480E-06   0.387460477E-05
   0.127753378E-05   0.104475084E-04   0.393290492E-06   0.496892790E-05
   0.151166080E-05   0.115558778E-04   0.137218501E-05   0.598820998E-05
   0.156546753E-05   0.117443415E-04   0.127755095E-05   0.660386559E-05
   0.191814706E-05   0.123504724E-04   0.694512892E-06   0.738332483E-05
   0.194928293E-05   0.122349875E-04   0.399566773E-06   0.758890155E-05
   0.229698981E-05   0.122238853E-04  -0.147254832E-05   0.794760308E-05
   0.217901083E-05   0.115652747E-04  -0.155473538E-05   0.762199761E-05
   0.222223844E-05   0.105837726E-04  -0.299426279E-05   0.709869255E-05
   0.235888342E-05   0.102592940E-04  -0.345758508E-05   0.681629353E-05
   0.201308717E-05   0.891706622E-05  -0.222335370E-05   0.577918854E-05
   0.200032150E-05   0.785526481E-05  -0.230965702E-05   0.481523239E-05
   0.186924342E-05   0.670251438E-05  -0.113801582E-05   0.368994210E-05
   0.180973063E-05   0.572399267E-05   0.313897402E-06   0.259277931E-05
   0.210698317E-05   0.513002306E-05   0.656425016E-06   0.159096157E-05
   0.315559100E-05   0.565950859E-05  -0.779246591E-06   0.100287491E-05
   0.531514434E-05   0.791004277E-05  -0.501976183E-05   0.102841238E-05
   0.963562889E-05   0.135915070E-04  -0.160860291E-04   0.235856146E-05
   0.171560860E-04   0.238787088E-04  -0.366862077E-04   0.533140019E-05
   0.295911705E-04   0.410952161E-04  -0.718704687E-04   0.109054708E-04
   0.467640602E-04   0.656498160E-04  -0.119458127E-03   0.186626239E-04
   0.739731258E-04   0.105270679E-03  -0.197373141E-03   0.312205084E-04
   0.111289992E-03   0.160283293E-03  -0.302866829E-03   0.477526337E-04
   0.160707088E-03   0.233432831E-03  -0.439152762E-03   0.687466163E-04
   0.227032884E-03   0.333175500E-03  -0.620379404E-03   0.953834970E-04
   0.314787409E-03   0.466068130E-03  -0.856398605E-03   0.129192005E-03
   0.429908017E-03   0.639753998E-03  -0.115848356E-02   0.170311570E-03
   0.568124990E-03   0.853641308E-03  -0.150753779E-02   0.214492349E-03
   0.742453441E-03   0.112387643E-02  -0.193444837E-02   0.267049065E-03
   0.951260328E-03   0.145394308E-02  -0.242425036E-02   0.325877976E-03
   0.120749266E-02   0.186747045E-02  -0.300607085E-02   0.388308341E-03
   0.151198101E-02   0.237014075E-02  -0.366661139E-02   0.453269167E-03
   0.187588332E-02   0.298883510E-02  -0.442231307E-02   0.520709145E-03
   0.230130902E-02   0.373003469E-02  -0.525309425E-02   0.592351833E-03
   0.279954262E-02   0.462952442E-02  -0.617038924E-02   0.659383193E-03
   0.339682004E-02   0.573801016E-02  -0.722100865E-02   0.730556028E-03
   0.409131311E-02   0.707601150E-02  -0.834856089E-02   0.794291904E-03
   0.492256647E-02   0.872367620E-02  -0.961806066E-02   0.859067251E-03
   0.591591233E-02   0.107480362E-01  -0.110263797E-01   0.917782658E-03
   0.711999787E-02   0.132636996E-01  -0.126028368E-01   0.969785673E-03
   0.859332643E-02   0.163984373E-01  -0.143817272E-01   0.101884722E-02
   0.104138404E-01   0.203287005E-01  -0.163757317E-01   0.105254387E-02
   0.126798032E-01   0.252855159E-01  -0.185971800E-01   0.108782679E-02
   0.154949082E-01   0.314920843E-01  -0.209715068E-01   0.108815194E-02
   0.189553630E-01   0.391881950E-01  -0.233352091E-01   0.106196804E-02
   0.231128652E-01   0.485125221E-01  -0.253551193E-01   0.990112196E-03
   0.278908145E-01   0.593534112E-01  -0.264762864E-01   0.871729455E-03
   0.331096053E-01   0.712632537E-01  -0.260072164E-01   0.683954975E-03
   0.383070149E-01   0.832272023E-01  -0.232228171E-01   0.457497663E-03
   0.428351425E-01   0.937042609E-01  -0.176896192E-01   0.231125858E-03
   0.459202118E-01   0.100932375E+00  -0.961258635E-02   0.632011506E-04
   0.470592566E-01   0.103608325E+00  -0.247085197E-07   0.000000000E+00
