   0.439668179E+01   0.144867907E+02   0.000000000E+00   0.000000000E+00
   0.406531239E+01   0.134002991E+02   0.669072211E+00   0.478690863E-02
   0.325393391E+01   0.107359133E+02   0.106830537E+01   0.152614387E-01
   0.232475567E+01   0.768309975E+01   0.113963044E+01   0.243624263E-01
   0.153853416E+01   0.509718800E+01   0.998454928E+00   0.283645149E-01
   0.974071145E+00   0.323808312E+01   0.781819999E+00   0.276418310E-01
   0.605239034E+00   0.202118421E+01   0.573950350E+00   0.241979491E-01
   0.375801384E+00   0.126322925E+01   0.406616926E+00   0.199177451E-01
   0.236725852E+00   0.802843571E+00   0.283604145E+00   0.157804005E-01
   0.153229609E+00   0.525904775E+00   0.197693139E+00   0.122674173E-01
   0.102908254E+00   0.358790040E+00   0.139298946E+00   0.954936072E-02
   0.722564235E-01   0.256782979E+00   0.100196280E+00   0.750810513E-02
   0.532667600E-01   0.193398863E+00   0.742345303E-01   0.601886818E-02
   0.411156900E-01   0.152677700E+00   0.568640381E-01   0.498601189E-02
   0.330446772E-01   0.125412554E+00   0.450928472E-01   0.424147258E-02
   0.274374075E-01   0.106234536E+00   0.369632728E-01   0.372028677E-02
   0.233250316E-01   0.919208974E-01   0.311356485E-01   0.330945919E-02
   0.201455466E-01   0.806099027E-01   0.267798249E-01   0.301309349E-02
   0.175730176E-01   0.712376088E-01   0.233703591E-01   0.276576867E-02
   0.154027203E-01   0.631373227E-01   0.205593221E-01   0.254661520E-02
   0.135372644E-01   0.560099930E-01   0.181790907E-01   0.234340131E-02
   0.118829655E-01   0.495319888E-01   0.160451159E-01   0.216070050E-02
   0.104314433E-01   0.437542349E-01   0.141825816E-01   0.197681715E-02
   0.913170073E-02   0.384726524E-01   0.124756079E-01   0.179613219E-02
   0.796954893E-02   0.336776897E-01   0.109189851E-01   0.162151130E-02
   0.693726121E-02   0.293629374E-01   0.951491296E-02   0.144696108E-02
   0.601541158E-02   0.254539680E-01   0.822721235E-02   0.127969205E-02
   0.521026831E-02   0.219844691E-01   0.708903000E-02   0.113229244E-02
   0.450169342E-02   0.188840237E-01   0.606501941E-02   0.995870563E-03
   0.387640274E-02   0.161505546E-01   0.515444390E-02   0.858605315E-03
   0.332727656E-02   0.137072550E-01   0.432772515E-02   0.736616494E-03
   0.286371447E-02   0.116295908E-01   0.364380958E-02   0.632308715E-03
   0.245634886E-02   0.977833383E-02   0.301953126E-02   0.536072359E-03
   0.210937345E-02   0.820029434E-02   0.249304692E-02   0.452939596E-03
   0.181288610E-02   0.682516070E-02   0.203161454E-02   0.380583515E-03
   0.156342553E-02   0.567353191E-02   0.165274320E-02   0.317927974E-03
   0.135165069E-02   0.468187360E-02   0.132332509E-02   0.264314644E-03
   0.118201890E-02   0.386321801E-02   0.106130855E-02   0.224425283E-03
   0.103496108E-02   0.316279219E-02   0.829549332E-03   0.187550744E-03
   0.920819119E-03   0.259510707E-02   0.648779154E-03   0.160225522E-03
   0.827079231E-03   0.212388136E-02   0.494297652E-03   0.137938419E-03
   0.757365662E-03   0.174838689E-02   0.370722410E-03   0.121730816E-03
   0.703650643E-03   0.144743337E-02   0.265271199E-03   0.108817898E-03
   0.667437853E-03   0.121451274E-02   0.173322565E-03   0.999118201E-04
   0.646880537E-03   0.104928715E-02   0.102289494E-03   0.940494938E-04
   0.639374659E-03   0.931335031E-03   0.313255841E-04   0.894705008E-04
   0.652570568E-03   0.874834484E-03  -0.310550786E-04   0.899911756E-04
   0.677103468E-03   0.859367428E-03  -0.100632198E-03   0.911144525E-04
   0.720847049E-03   0.896176964E-03  -0.175253066E-03   0.959063836E-04
   0.779316062E-03   0.976665877E-03  -0.257042382E-03   0.101181788E-03
   0.860496773E-03   0.110978587E-02  -0.348322355E-03   0.111750574E-03
   0.959630881E-03   0.129208469E-02  -0.458754716E-03   0.123149948E-03
   0.108685403E-02   0.153775944E-02  -0.595745572E-03   0.138833624E-03
   0.124146009E-02   0.184289902E-02  -0.752696709E-03   0.158919560E-03
   0.142948236E-02   0.221862271E-02  -0.940551748E-03   0.184249977E-03
   0.165199826E-02   0.267550000E-02  -0.116590515E-02   0.212900413E-03
   0.191609911E-02   0.322239730E-02  -0.143175095E-02   0.246942916E-03
   0.222454895E-02   0.386228226E-02  -0.173636130E-02   0.285557529E-03
   0.258497638E-02   0.461318716E-02  -0.209016958E-02   0.332023366E-03
   0.299774483E-02   0.547639420E-02  -0.248854188E-02   0.381785008E-03
   0.348436926E-02   0.648600375E-02  -0.295713800E-02   0.445590355E-03
   0.402516872E-02   0.762663037E-02  -0.346882688E-02   0.505681732E-03
   0.464306353E-02   0.893251318E-02  -0.404875027E-02   0.572270306E-03
   0.533681037E-02   0.103964191E-01  -0.468331669E-02   0.648904999E-03
   0.611903053E-02   0.120607382E-01  -0.539713632E-02   0.725957507E-03
   0.697731134E-02   0.138954930E-01  -0.615623919E-02   0.801915303E-03
   0.793001801E-02   0.159305837E-01  -0.698135141E-02   0.891660980E-03
   0.898434035E-02   0.182123035E-01  -0.789382122E-02   0.975549396E-03
   0.101282494E-01   0.206998475E-01  -0.885805860E-02   0.105644180E-02
   0.113824261E-01   0.234508365E-01  -0.990974158E-02   0.113499665E-02
   0.127667133E-01   0.264794976E-01  -0.110660316E-01   0.124029501E-02
   0.142967859E-01   0.298716407E-01  -0.123650730E-01   0.131900480E-02
   0.160149578E-01   0.336840525E-01  -0.138566475E-01   0.143567775E-02
   0.180125423E-01   0.381276384E-01  -0.156726018E-01   0.156117685E-02
   0.204211455E-01   0.434953421E-01  -0.179847237E-01   0.173212599E-02
   0.234582424E-01   0.502759479E-01  -0.210567173E-01   0.195329171E-02
   0.275326744E-01   0.593919121E-01  -0.253628008E-01   0.225734827E-02
   0.332639478E-01   0.722889602E-01  -0.315445513E-01   0.270292629E-02
   0.417672582E-01   0.915436074E-01  -0.406459086E-01   0.325981597E-02
   0.548497476E-01   0.121525325E+00  -0.542335846E-01   0.410104590E-02
   0.755223706E-01   0.169508308E+00  -0.744706690E-01   0.521138310E-02
   0.108867988E+00   0.248038724E+00  -0.104526468E+00   0.668161642E-02
   0.163197175E+00   0.377868026E+00  -0.148400396E+00   0.851694494E-02
   0.251902491E+00   0.592885792E+00  -0.210605845E+00   0.106341317E-01
   0.395645887E+00   0.946107805E+00  -0.294528037E+00   0.128283249E-01
   0.623030663E+00   0.151140809E+01  -0.397790074E+00   0.144741414E-01
   0.965589166E+00   0.237146020E+01  -0.503946722E+00   0.146622490E-01
   0.143650627E+01   0.356405783E+01  -0.571302354E+00   0.124903368E-01
   0.198654723E+01   0.496507120E+01  -0.532425225E+00   0.775586721E-02
   0.246337247E+01   0.618457985E+01  -0.332210571E+00   0.241879234E-02
   0.265727949E+01   0.668182611E+01  -0.830270324E-06   0.000000000E+00
