   0.903303851E-03   0.395930000E-01  -0.313852416E-10   0.000000000E+00
   0.912140531E-03   0.390188955E-01   0.480037555E-02   0.291881915E-04
   0.934381678E-03   0.373949893E-01   0.918959454E-02   0.111649599E-03
   0.967097585E-03   0.348775387E-01   0.128543302E-01   0.232693637E-03
   0.100195967E-02   0.317570642E-01   0.155946584E-01   0.376128533E-03
   0.102971203E-02   0.282833092E-01   0.173443947E-01   0.520603440E-03
   0.104281225E-02   0.247225836E-01   0.181481615E-01   0.652049261E-03
   0.103791151E-02   0.212658662E-01   0.181573946E-01   0.758310489E-03
   0.100979779E-02   0.180275738E-01   0.174905416E-01   0.830034609E-03
   0.961830607E-03   0.150983138E-01   0.163625218E-01   0.866481918E-03
   0.893989694E-03   0.124931727E-01   0.148891099E-01   0.871926080E-03
   0.809157151E-03   0.102047548E-01   0.131878909E-01   0.849970325E-03
   0.713994028E-03   0.823699124E-02   0.114068259E-01   0.793007144E-03
   0.611488125E-03   0.653586397E-02   0.959287491E-02   0.719053671E-03
   0.510456623E-03   0.510693621E-02   0.787968189E-02   0.633019896E-03
   0.411054352E-03   0.389276491E-02   0.625583623E-02   0.536056003E-03
   0.323491462E-03   0.292094960E-02   0.486383727E-02   0.442024961E-03
   0.243710136E-03   0.211435044E-02   0.362321478E-02   0.347747235E-03
   0.178274917E-03   0.149173243E-02   0.262191007E-02   0.263995549E-03
   0.122937490E-03   0.997234136E-03   0.178716553E-02   0.187866710E-03
   0.816416505E-04   0.640843238E-03   0.117159507E-02   0.128852815E-03
   0.515477004E-04   0.389100169E-03   0.727473351E-03   0.837611660E-04
   0.295593563E-04   0.214532338E-03   0.407286541E-03   0.483384865E-04
   0.157074301E-04   0.107460655E-03   0.208835321E-03   0.257150241E-04
   0.710485347E-05   0.443835561E-04   0.881250307E-04   0.110683131E-04
   0.301666819E-05   0.172725195E-04   0.342223539E-04   0.435578659E-05
   0.129490445E-05   0.717389457E-05   0.131739534E-04   0.145177466E-05
   0.605573064E-06   0.566178460E-05   0.745088892E-05   0.760256853E-06
   0.761994102E-06   0.972393445E-05   0.129068385E-04   0.155141299E-05
   0.110048120E-05   0.134536449E-04   0.199462029E-04   0.275978141E-05
   0.145985780E-05   0.166672453E-04   0.259106364E-04   0.360963804E-05
   0.162714082E-05   0.176458761E-04   0.280492841E-04   0.390045716E-05
   0.175214484E-05   0.180318948E-04   0.292687037E-04   0.398504153E-05
   0.160141030E-05   0.159213359E-04   0.259296303E-04   0.350989149E-05
   0.118151308E-05   0.115897183E-04   0.195009525E-04   0.272228181E-05
   0.107049743E-05   0.101692958E-04   0.166974296E-04   0.228117756E-05
   0.786380156E-06   0.691177956E-05   0.108898821E-04   0.136930760E-05
   0.521426557E-06   0.464150116E-05   0.792413903E-05   0.101580963E-05
   0.406502920E-06   0.314253293E-05   0.462022990E-05   0.520901494E-06
   0.266684168E-06   0.171394265E-05   0.211023530E-05   0.191269706E-06
   0.143989666E-06   0.909630387E-06   0.127551925E-05   0.911306799E-07
   0.115040649E-06   0.704821957E-06   0.714423038E-06   0.846590851E-07
   0.631833856E-07   0.334901813E-06   0.260531777E-06   0.273574123E-07
   0.255188919E-07   0.566854581E-07  -0.902048711E-07  -0.796003530E-08
   0.597534022E-08   0.249848444E-07   0.284360446E-07  -0.164369607E-08
   0.145391601E-07   0.514256087E-07   0.635867181E-08   0.216603802E-07
   0.145836445E-07   0.698067950E-07   0.113241576E-06   0.178186088E-07
   0.301633492E-07   0.120317608E-06   0.122623035E-06  -0.593693184E-08
   0.755961125E-07   0.285053659E-06  -0.116136100E-06   0.166836269E-07
   0.123593921E-06   0.352449717E-06  -0.753967925E-06   0.438375380E-07
   0.308855988E-06   0.930884653E-06  -0.243376803E-05   0.248372999E-06
   0.474245468E-06   0.140931593E-05  -0.399071178E-05   0.430134264E-06
   0.788862508E-06   0.228569206E-05  -0.720915477E-05   0.861166029E-06
   0.121579296E-05   0.358247962E-05  -0.116466454E-04   0.157192471E-05
   0.163783886E-05   0.483325493E-05  -0.157487775E-04   0.217066054E-05
   0.230259229E-05   0.689079843E-05  -0.221680129E-04   0.310557948E-05
   0.286280647E-05   0.845182512E-05  -0.275729180E-04   0.402010937E-05
   0.349381912E-05   0.105550607E-04  -0.334074321E-04   0.478107177E-05
   0.392972697E-05   0.118796415E-04  -0.372497852E-04   0.537770075E-05
   0.372459613E-05   0.111304844E-04  -0.341479827E-04   0.455663258E-05
   0.397746408E-05   0.119640727E-04  -0.358537582E-04   0.484256498E-05
   0.301782916E-05   0.890857063E-05  -0.259034314E-04   0.339609232E-05
   0.210080066E-05   0.602267710E-05  -0.165172733E-04   0.215695991E-05
   0.138403834E-05   0.343824877E-05  -0.884260771E-05   0.103426021E-05
   0.193953815E-05   0.412174177E-05  -0.130393946E-04   0.180168786E-05
   0.588996954E-05   0.132356718E-04  -0.476652931E-04   0.661651211E-05
   0.141757346E-04   0.320571744E-04  -0.116527117E-03   0.155304697E-04
   0.316300466E-04   0.733648558E-04  -0.262416928E-03   0.336231788E-04
   0.606089525E-04   0.141151439E-03  -0.496753259E-03   0.608576083E-04
   0.105462124E-03   0.243906383E-03  -0.846660289E-03   0.100032732E-03
   0.171906868E-03   0.394752627E-03  -0.134825078E-02   0.152530600E-03
   0.262423971E-03   0.597555249E-03  -0.200342154E-02   0.215956170E-03
   0.385653402E-03   0.872669392E-03  -0.286070048E-02   0.293310819E-03
   0.539928733E-03   0.121471041E-02  -0.387528632E-02   0.376990531E-03
   0.727573934E-03   0.162997539E-02  -0.503375381E-02   0.464581186E-03
   0.956759613E-03   0.214482704E-02  -0.636574673E-02   0.550160592E-03
   0.121226348E-02   0.272914674E-02  -0.770918839E-02   0.624496432E-03
   0.150805817E-02   0.342653273E-02  -0.912493654E-02   0.688710890E-03
   0.183996256E-02   0.423780689E-02  -0.105354376E-01   0.736586924E-03
   0.220249081E-02   0.516717322E-02  -0.118427007E-01   0.765984820E-03
   0.259478251E-02   0.623049075E-02  -0.129871797E-01   0.767693389E-03
   0.301353470E-02   0.743280398E-02  -0.138831586E-01   0.739380775E-03
   0.345938699E-02   0.877965894E-02  -0.144805219E-01   0.693437411E-03
   0.392415840E-02   0.102556935E-01  -0.146514531E-01   0.620554027E-03
   0.440238276E-02   0.118326908E-01  -0.143553233E-01   0.524705392E-03
   0.487781130E-02   0.134501457E-01  -0.134611726E-01   0.412681431E-03
   0.533068040E-02   0.150262900E-01  -0.119335214E-01   0.296053651E-03
   0.573277939E-02   0.164446924E-01  -0.972813182E-02   0.181823954E-03
   0.604963582E-02   0.175751410E-01  -0.690512918E-02   0.864935791E-04
   0.625641923E-02   0.183134414E-01  -0.358832977E-02   0.225255517E-04
   0.632669032E-02   0.185619276E-01  -0.867313066E-08   0.000000000E+00
