   0.105828401E-01   0.109347314E+00   0.121386945E-07   0.000000000E+00
   0.104435179E-01   0.107788481E+00   0.958588626E-02   0.655698750E-04
   0.100485245E-01   0.103235818E+00   0.182565451E-01   0.248461525E-03
   0.944537483E-02   0.962907374E-01   0.253061671E-01   0.516638218E-03
   0.870344043E-02   0.876868442E-01   0.303601716E-01   0.829662546E-03
   0.789589714E-02   0.782147944E-01   0.333902799E-01   0.114220381E-02
   0.708322460E-02   0.685766339E-01   0.346287973E-01   0.141861709E-02
   0.630538398E-02   0.593164414E-01   0.344316773E-01   0.165168522E-02
   0.558776455E-02   0.507342555E-01   0.331872478E-01   0.181135128E-02
   0.493240682E-02   0.429854542E-01   0.312050674E-01   0.191684859E-02
   0.434560096E-02   0.361954793E-01   0.288079865E-01   0.197401945E-02
   0.381776225E-02   0.303012561E-01   0.261821356E-01   0.196549878E-02
   0.334863202E-02   0.252132956E-01   0.235044938E-01   0.191665848E-02
   0.291625992E-02   0.208774600E-01   0.208021812E-01   0.183889410E-02
   0.252795313E-02   0.171967503E-01   0.182171520E-01   0.172609463E-02
   0.217066566E-02   0.140734129E-01   0.157362092E-01   0.158675073E-02
   0.185155473E-02   0.114591010E-01   0.134660844E-01   0.143691234E-02
   0.156398304E-02   0.926666986E-02   0.113874795E-01   0.128389371E-02
   0.130342797E-02   0.742575387E-02   0.949204341E-02   0.112121645E-02
   0.107099034E-02   0.588520197E-02   0.778621202E-02   0.963271013E-03
   0.867293333E-03   0.460865675E-02   0.628810050E-02   0.814824481E-03
   0.693204056E-03   0.357230706E-02   0.501229707E-02   0.677259755E-03
   0.543002447E-03   0.271871826E-02   0.390761206E-02   0.546454161E-03
   0.416737341E-03   0.203319569E-02   0.298200012E-02   0.430349173E-03
   0.314367382E-03   0.149234966E-02   0.223318837E-02   0.333972421E-03
   0.230175006E-03   0.106076943E-02   0.161457330E-02   0.247857679E-03
   0.165392950E-03   0.737341121E-03   0.114243384E-02   0.180506802E-03
   0.113782997E-03   0.490720151E-03   0.769304577E-03   0.124271377E-03
   0.770652405E-04   0.317963830E-03   0.506333192E-03   0.836413019E-04
   0.496718276E-04   0.192644176E-03   0.311777811E-03   0.528199780E-04
   0.298931009E-04   0.108393018E-03   0.175230060E-03   0.301727796E-04
   0.172576474E-04   0.569654258E-04   0.907118738E-04   0.158307175E-04
   0.962970353E-05   0.279844971E-04   0.426180231E-04   0.770369206E-05
   0.472243983E-05   0.127532712E-04   0.140954662E-04   0.319352921E-05
   0.227330065E-05   0.696565394E-05   0.267868336E-05   0.166806717E-05
   0.998038217E-06   0.658474210E-05  -0.102700983E-05   0.185726071E-05
   0.648281343E-06   0.908083894E-05   0.137144423E-05   0.294483357E-05
   0.737340031E-06   0.120243312E-04   0.462234493E-05   0.476665991E-05
   0.106523737E-05   0.164590019E-04   0.944266139E-05   0.696885991E-05
   0.128024760E-05   0.185604877E-04   0.115203702E-04   0.871308475E-05
   0.153002657E-05   0.199447750E-04   0.124045018E-04   0.101569003E-04
   0.171108013E-05   0.209504324E-04   0.122857173E-04   0.114604227E-04
   0.210012831E-05   0.210102044E-04   0.867019389E-05   0.128016354E-04
   0.226944462E-05   0.213704552E-04   0.774419095E-05   0.134554884E-04
   0.246608738E-05   0.199123606E-04   0.184995645E-05   0.135922537E-04
   0.273107139E-05   0.205399174E-04   0.497033739E-06   0.142778536E-04
   0.323493919E-05   0.195456287E-04  -0.737605160E-05   0.142777490E-04
   0.304181913E-05   0.183821394E-04  -0.774338878E-05   0.135345690E-04
   0.314074396E-05   0.172436066E-04  -0.102639669E-04   0.127370668E-04
   0.318699472E-05   0.156232491E-04  -0.137857478E-04   0.113358628E-04
   0.310686619E-05   0.140695283E-04  -0.134405391E-04   0.993871254E-05
   0.295519453E-05   0.128367410E-04  -0.120556251E-04   0.879517665E-05
   0.238456232E-05   0.101550249E-04  -0.919179820E-05   0.662934690E-05
   0.203028867E-05   0.785262091E-05  -0.655329586E-05   0.453596385E-05
   0.157655199E-05   0.539588291E-05  -0.249478694E-05   0.300847069E-05
   0.173830506E-05   0.393603977E-05  -0.119012361E-05   0.173191108E-05
   0.285779220E-05   0.389307615E-05  -0.418138916E-05   0.128864826E-05
   0.654426049E-05   0.846930652E-05  -0.201382572E-04   0.343934266E-05
   0.132992554E-04   0.183568500E-04  -0.499836460E-04   0.804248793E-05
   0.250551984E-04   0.370140297E-04  -0.102880935E-03   0.165808997E-04
   0.440617223E-04   0.687752254E-04  -0.188951817E-03   0.300770625E-04
   0.713846457E-04   0.116473951E-03  -0.312798627E-03   0.498588961E-04
   0.113229937E-03   0.188370614E-03  -0.498966314E-03   0.782160132E-04
   0.169466963E-03   0.287265604E-03  -0.746218662E-03   0.115227165E-03
   0.246609387E-03   0.421975798E-03  -0.107772159E-02   0.162797573E-03
   0.347034249E-03   0.600017956E-03  -0.150092808E-02   0.219491238E-03
   0.477085880E-03   0.831324898E-03  -0.203599106E-02   0.286340539E-03
   0.633103191E-03   0.111062243E-02  -0.265258085E-02   0.361400802E-03
   0.832706282E-03   0.147273403E-02  -0.342607521E-02   0.450077903E-03
   0.106134429E-02   0.189091917E-02  -0.426489254E-02   0.540426408E-03
   0.134144619E-02   0.241844961E-02  -0.526674232E-02   0.635698962E-03
   0.166563585E-02   0.304493797E-02  -0.637050159E-02   0.732420769E-03
   0.203205040E-02   0.377947907E-02  -0.754577154E-02   0.820318295E-03
   0.245539565E-02   0.465707527E-02  -0.883398112E-02   0.910764444E-03
   0.293454737E-02   0.569471810E-02  -0.101986770E-01   0.992718502E-03
   0.347131491E-02   0.692405226E-02  -0.116124041E-01   0.104548631E-02
   0.407961849E-02   0.838019419E-02  -0.130965607E-01   0.109676353E-02
   0.475086225E-02   0.100820959E-01  -0.145604368E-01   0.112631533E-02
   0.550138345E-02   0.120826680E-01  -0.160201136E-01   0.114987686E-02
   0.634227647E-02   0.144386608E-01  -0.174353588E-01   0.113243388E-02
   0.727566006E-02   0.171742942E-01  -0.187374018E-01   0.110308849E-02
   0.831123069E-02   0.203273352E-01  -0.198639426E-01   0.104382937E-02
   0.945485663E-02   0.239218548E-01  -0.207111612E-01   0.951481401E-03
   0.106865112E-01   0.279200356E-01  -0.211226195E-01   0.852499914E-03
   0.119809872E-01   0.322113521E-01  -0.209131744E-01   0.716070703E-03
   0.133151654E-01   0.367400497E-01  -0.199241247E-01   0.570701028E-03
   0.145942550E-01   0.411558449E-01  -0.179233495E-01   0.410242646E-03
   0.157303587E-01   0.451281108E-01  -0.148015963E-01   0.253258506E-03
   0.166419409E-01   0.483360812E-01  -0.106108915E-01   0.119904158E-03
   0.172427613E-01   0.504738390E-01  -0.555402040E-02   0.313501041E-04
   0.174467824E-01   0.512164272E-01  -0.134588305E-07   0.000000000E+00
