   0.126712746E-02   0.474331714E-02   0.000000000E+00   0.000000000E+00
   0.126748066E-02   0.474050734E-02   0.125194656E-04   0.260045766E-06
   0.126210868E-02   0.471798982E-02   0.248726737E-04   0.103204025E-05
   0.125775486E-02   0.469442550E-02   0.369881673E-04   0.231151785E-05
   0.124924514E-02   0.465323543E-02   0.486222634E-04   0.407457583E-05
   0.124111481E-02   0.461136783E-02   0.598740517E-04   0.630781733E-05
   0.122905651E-02   0.455106096E-02   0.702993930E-04   0.896474921E-05
   0.121682673E-02   0.448706793E-02   0.799776099E-04   0.120524646E-04
   0.120185991E-02   0.441180822E-02   0.888415161E-04   0.154745612E-04
   0.118681113E-02   0.433424301E-02   0.969061730E-04   0.192477219E-04
   0.117017445E-02   0.424867542E-02   0.103959959E-03   0.233100818E-04
   0.115156570E-02   0.415386958E-02   0.109813889E-03   0.276150222E-04
   0.113183761E-02   0.405450445E-02   0.114786759E-03   0.320752006E-04
   0.111023628E-02   0.394716347E-02   0.118442076E-03   0.366860222E-04
   0.108985358E-02   0.384247769E-02   0.121309196E-03   0.414435453E-04
   0.106875098E-02   0.373176276E-02   0.122770522E-03   0.463010183E-04
   0.104788330E-02   0.362293515E-02   0.123588834E-03   0.511712278E-04
   0.102583121E-02   0.350919971E-02   0.123245773E-03   0.559713044E-04
   0.100241543E-02   0.338993967E-02   0.121507197E-03   0.607318507E-04
   0.979891978E-03   0.327393715E-02   0.119079108E-03   0.654368414E-04
   0.959326222E-03   0.316339964E-02   0.116142379E-03   0.700751116E-04
   0.938049634E-03   0.305078272E-02   0.112121634E-03   0.745899233E-04
   0.914986944E-03   0.293280836E-02   0.106844214E-03   0.788433827E-04
   0.896739191E-03   0.282922108E-02   0.101682788E-03   0.831686775E-04
   0.875106954E-03   0.271694199E-02   0.952443879E-04   0.870627991E-04
   0.855333230E-03   0.261074700E-02   0.885433255E-04   0.907972135E-04
   0.837267318E-03   0.250985078E-02   0.813384395E-04   0.944448184E-04
   0.818406872E-03   0.240739388E-02   0.733062043E-04   0.977875825E-04
   0.802287715E-03   0.231350865E-02   0.653158568E-04   0.101015306E-03
   0.784746720E-03   0.221695751E-02   0.564524962E-04   0.103891107E-03
   0.771930616E-03   0.213408913E-02   0.480641938E-04   0.106804080E-03
   0.755983696E-03   0.204310217E-02   0.382250364E-04   0.109292574E-03
   0.741873635E-03   0.195978978E-02   0.287229050E-04   0.111559835E-03
   0.728929241E-03   0.188238011E-02   0.196345009E-04   0.113499213E-03
   0.717911520E-03   0.180863193E-02   0.977530999E-05   0.115447649E-03
   0.707770232E-03   0.173840974E-02  -0.305557762E-06   0.117204007E-03
   0.698600896E-03   0.167459797E-02  -0.970728979E-05   0.118639313E-03
   0.689548324E-03   0.161062146E-02  -0.198546441E-04   0.119852797E-03
   0.683203049E-03   0.155400450E-02  -0.298882351E-04   0.121013349E-03
   0.677119766E-03   0.150106673E-02  -0.396462383E-04   0.121886405E-03
   0.672372465E-03   0.145231490E-02  -0.493957632E-04   0.122571451E-03
   0.669604400E-03   0.141066709E-02  -0.587866598E-04   0.123217702E-03
   0.666530279E-03   0.136782113E-02  -0.688738000E-04   0.123547477E-03
   0.664910185E-03   0.133181235E-02  -0.781852141E-04   0.123720776E-03
   0.664914085E-03   0.129963609E-02  -0.876649501E-04   0.123741600E-03
   0.665318978E-03   0.127115240E-02  -0.967585802E-04   0.123568359E-03
   0.668338849E-03   0.124811754E-02  -0.106060157E-03   0.123344173E-03
   0.671260350E-03   0.122752634E-02  -0.114862283E-03   0.122804311E-03
   0.676129072E-03   0.121254928E-02  -0.123530044E-03   0.122256781E-03
   0.679890043E-03   0.119629002E-02  -0.132230227E-03   0.121251986E-03
   0.688813743E-03   0.119215332E-02  -0.140268923E-03   0.120417346E-03
   0.696913630E-03   0.118724478E-02  -0.148571489E-03   0.119300137E-03
   0.703968049E-03   0.118279352E-02  -0.156276816E-03   0.117816628E-03
   0.715614879E-03   0.118750287E-02  -0.164046534E-03   0.116441079E-03
   0.726661121E-03   0.119310629E-02  -0.171388660E-03   0.114799041E-03
   0.737650378E-03   0.120047538E-02  -0.178296381E-03   0.112940405E-03
   0.752186461E-03   0.121566409E-02  -0.184729462E-03   0.111029825E-03
   0.766731799E-03   0.123106642E-02  -0.191279658E-03   0.108802298E-03
   0.782578019E-03   0.125049544E-02  -0.197334259E-03   0.106431544E-03
   0.798330060E-03   0.127198535E-02  -0.202655050E-03   0.103905164E-03
   0.815588457E-03   0.129684014E-02  -0.207615449E-03   0.101116566E-03
   0.834033766E-03   0.132510008E-02  -0.212157756E-03   0.982539568E-04
   0.853208883E-03   0.135578879E-02  -0.216200511E-03   0.951225738E-04
   0.871702388E-03   0.138589076E-02  -0.219786103E-03   0.917257639E-04
   0.893747492E-03   0.142444763E-02  -0.222430011E-03   0.884001929E-04
   0.915057375E-03   0.146167236E-02  -0.224797535E-03   0.847615229E-04
   0.936453987E-03   0.150018791E-02  -0.226348842E-03   0.810242200E-04
   0.961045153E-03   0.154525565E-02  -0.227366851E-03   0.771310224E-04
   0.983398990E-03   0.158763572E-02  -0.227270037E-03   0.730368120E-04
   0.100642885E-02   0.163190754E-02  -0.226405595E-03   0.688645887E-04
   0.102984917E-02   0.167723384E-02  -0.224796662E-03   0.644908941E-04
   0.105371175E-02   0.172415969E-02  -0.222260976E-03   0.601097781E-04
   0.107853685E-02   0.177355472E-02  -0.218782239E-03   0.556695595E-04
   0.110089744E-02   0.181921513E-02  -0.214197018E-03   0.511083854E-04
   0.112402509E-02   0.186600001E-02  -0.208800819E-03   0.465458943E-04
   0.114852178E-02   0.191720878E-02  -0.202314593E-03   0.421382501E-04
   0.117154804E-02   0.196284708E-02  -0.195057233E-03   0.376407042E-04
   0.119415822E-02   0.200963113E-02  -0.186634454E-03   0.333046410E-04
   0.121516630E-02   0.205493625E-02  -0.176960282E-03   0.290309581E-04
   0.123651465E-02   0.209816732E-02  -0.166607453E-03   0.249098903E-04
   0.125679467E-02   0.214040303E-02  -0.155203961E-03   0.210130111E-04
   0.127400516E-02   0.217819074E-02  -0.142639998E-03   0.173499120E-04
   0.129145000E-02   0.221480872E-02  -0.129346605E-03   0.139337253E-04
   0.130510435E-02   0.224462873E-02  -0.115104041E-03   0.108226322E-04
   0.132063893E-02   0.227671536E-02  -0.100263816E-03   0.806417665E-05
   0.133206148E-02   0.230222708E-02  -0.846124603E-04   0.566216841E-05
   0.134081254E-02   0.232042000E-02  -0.684186962E-04   0.365364303E-05
   0.135011191E-02   0.234065671E-02  -0.517527442E-04   0.207261724E-05
   0.135457492E-02   0.235003373E-02  -0.347048081E-04   0.924475842E-06
   0.135727879E-02   0.235545938E-02  -0.174133838E-04   0.231414461E-06
   0.135908707E-02   0.236186292E-02   0.000000000E+00   0.000000000E+00
