   0.880427426E-03   0.280769616E-01   0.171514319E-12   0.000000000E+00
   0.881479587E-03   0.276124477E-01   0.345222279E-02   0.209184564E-04
   0.883542991E-03   0.262297858E-01   0.655042380E-02   0.794235602E-04
   0.884537178E-03   0.241589695E-01   0.903091952E-02   0.164086625E-03
   0.881554268E-03   0.216482002E-01   0.107642571E-01   0.259568536E-03
   0.871280790E-03   0.189291127E-01   0.117340852E-01   0.353999523E-03
   0.850769109E-03   0.162457395E-01   0.120378295E-01   0.434724236E-03
   0.819451991E-03   0.137062650E-01   0.118043758E-01   0.493670988E-03
   0.774760672E-03   0.114152431E-01   0.111587550E-01   0.532056612E-03
   0.718609954E-03   0.939865038E-02   0.102405827E-01   0.545753282E-03
   0.652585120E-03   0.765668228E-02   0.915259495E-02   0.541147776E-03
   0.579067564E-03   0.617126841E-02   0.798084028E-02   0.515693333E-03
   0.502441078E-03   0.492031127E-02   0.680462783E-02   0.477280963E-03
   0.423636026E-03   0.386229716E-02   0.564546511E-02   0.426920247E-03
   0.347204972E-03   0.297998241E-02   0.456019398E-02   0.369757618E-03
   0.276799226E-03   0.225804443E-02   0.358960661E-02   0.309372233E-03
   0.213509396E-03   0.166769431E-02   0.273657660E-02   0.249936362E-03
   0.159203642E-03   0.119794183E-02   0.201853691E-02   0.194526670E-03
   0.113472241E-03   0.825652969E-03   0.142242562E-02   0.143807731E-03
   0.776588422E-04   0.547641714E-03   0.962526014E-03   0.102255421E-03
   0.507733785E-04   0.345903944E-03   0.620322593E-03   0.687653082E-04
   0.312076190E-04   0.205505843E-03   0.374986819E-03   0.431907392E-04
   0.173495937E-04   0.108596723E-03   0.202675976E-03   0.242356036E-04
   0.909880691E-05   0.533225611E-04   0.102269041E-03   0.126047617E-04
   0.399062219E-05   0.206812510E-04   0.415814939E-04   0.530367879E-05
   0.166444374E-05   0.756724467E-05   0.156668011E-04   0.201817807E-05
   0.624470545E-06   0.295896962E-05   0.541987583E-05   0.738911808E-06
   0.312313176E-06   0.292545951E-05   0.369513782E-05   0.467256228E-06
   0.439307087E-06   0.502491775E-05   0.673897830E-05   0.950418098E-06
   0.692122057E-06   0.747819740E-05   0.106365533E-04   0.142837803E-05
   0.803144644E-06   0.823493428E-05   0.122167821E-04   0.171000784E-05
   0.918149397E-06   0.886512134E-05   0.135135324E-04   0.184753810E-05
   0.901696410E-06   0.854348491E-05   0.132312452E-04   0.189041634E-05
   0.820820446E-06   0.750619392E-05   0.116076353E-04   0.163051118E-05
   0.652343545E-06   0.585844691E-05   0.932119019E-05   0.133966773E-05
   0.498603811E-06   0.422941321E-05   0.681583242E-05   0.911396967E-06
   0.399799518E-06   0.317917033E-05   0.484092789E-05   0.605326875E-06
   0.281099886E-06   0.211097267E-05   0.317067929E-05   0.373541098E-06
   0.184061207E-06   0.127478324E-05   0.189291359E-05   0.197150499E-06
   0.135361006E-06   0.832551848E-06   0.967945994E-06   0.112153181E-06
   0.580515014E-07   0.283633483E-06   0.341442615E-06   0.126660513E-07
   0.453975488E-07   0.191688500E-06   0.147631226E-06   0.501749797E-08
   0.287589952E-07   0.606781398E-07  -0.864567724E-07  -0.414521395E-08
   0.171391594E-07   0.297401090E-07  -0.100916125E-06   0.599035443E-08
   0.228416734E-07   0.493204411E-07  -0.149763380E-06   0.270510689E-07
   0.829877322E-08   0.313828501E-07   0.460527283E-09   0.161744946E-07
   0.784086396E-08   0.309741530E-07   0.302868841E-07   0.104165983E-07
   0.860342375E-08   0.260624944E-07   0.452636080E-07  -0.223384822E-08
   0.273436243E-07   0.853772306E-07   0.173960291E-08  -0.240027154E-08
   0.600639538E-07   0.159601953E-06  -0.240623535E-06   0.157790403E-07
   0.170859082E-06   0.439650591E-06  -0.106963273E-05   0.114409708E-06
   0.266415441E-06   0.645128239E-06  -0.185679346E-05   0.206601030E-06
   0.407919430E-06   0.102935348E-05  -0.298562850E-05   0.374262726E-06
   0.694124878E-06   0.171432555E-05  -0.530632997E-05   0.704637785E-06
   0.905910724E-06   0.220811899E-05  -0.697082305E-05   0.937595587E-06
   0.134374193E-05   0.326442841E-05  -0.104839955E-04   0.149002847E-05
   0.165841311E-05   0.407827429E-05  -0.128819584E-04   0.183225018E-05
   0.231675472E-05   0.565252640E-05  -0.179578801E-04   0.262548792E-05
   0.234610161E-05   0.568039468E-05  -0.179434101E-04   0.261289119E-05
   0.278665470E-05   0.677986327E-05  -0.209925147E-04   0.300726015E-05
   0.238631355E-05   0.574372325E-05  -0.174924407E-04   0.246033892E-05
   0.228337422E-05   0.542301223E-05  -0.160741511E-04   0.217583784E-05
   0.142827287E-05   0.330191733E-05  -0.936704237E-05   0.125197005E-05
   0.879416461E-06   0.182760368E-05  -0.488587511E-05   0.608986056E-06
   0.111949407E-05   0.183173995E-05  -0.642585246E-05   0.849613173E-06
   0.313491569E-05   0.548516209E-05  -0.211205352E-04   0.292960135E-05
   0.847156116E-05   0.157049963E-04  -0.589306073E-04   0.784778240E-05
   0.195276843E-04   0.365480337E-04  -0.134442147E-03   0.171520205E-04
   0.391667745E-04   0.732978660E-04  -0.264780276E-03   0.324485554E-04
   0.707469371E-04   0.131997076E-03  -0.468219048E-03   0.548927710E-04
   0.117461772E-03   0.217298613E-03  -0.757865142E-03   0.852550365E-04
   0.182429590E-03   0.334458105E-03  -0.114461849E-02   0.122896745E-03
   0.270900317E-03   0.491856190E-03  -0.164843642E-02   0.168243292E-03
   0.386475673E-03   0.695403840E-03  -0.227505271E-02   0.220772490E-03
   0.523726048E-03   0.936624128E-03  -0.296935765E-02   0.271985278E-03
   0.697255484E-03   0.124508410E-02  -0.379978470E-02   0.326509908E-03
   0.898146536E-03   0.160499034E-02  -0.467931153E-02   0.376650540E-03
   0.113269291E-02   0.203591073E-02  -0.561443111E-02   0.421941746E-03
   0.139870786E-02   0.254336651E-02  -0.655406015E-02   0.454113877E-03
   0.169764354E-02   0.313707883E-02  -0.746476138E-02   0.474558939E-03
   0.202621031E-02   0.382374297E-02  -0.827622693E-02   0.479170296E-03
   0.239421497E-02   0.463021221E-02  -0.898740161E-02   0.468243641E-03
   0.279975520E-02   0.555965165E-02  -0.953033939E-02   0.444275094E-03
   0.323849381E-02   0.660873018E-02  -0.981931575E-02   0.402956386E-03
   0.370665803E-02   0.776536204E-02  -0.978963356E-02   0.344316271E-03
   0.419333391E-02   0.899452157E-02  -0.936201122E-02   0.275368831E-03
   0.467494642E-02   0.102364104E-01  -0.845688023E-02   0.201022704E-03
   0.511547923E-02   0.113817016E-01  -0.701299543E-02   0.125117949E-03
   0.547552900E-02   0.123222414E-01  -0.504236715E-02   0.599022678E-04
   0.571132684E-02   0.129464595E-01  -0.264270674E-02   0.157964951E-04
   0.579300197E-02   0.131589165E-01  -0.660346133E-08   0.000000000E+00
