   0.199411726E+01   0.696909904E+01   0.000000000E+00   0.000000000E+00
   0.191014564E+01   0.668102455E+01   0.127373666E+00   0.976825948E-03
   0.168409204E+01   0.590589476E+01   0.225146323E+00   0.346774957E-02
   0.138045847E+01   0.486105824E+01   0.277916282E+00   0.645811856E-02
   0.106599796E+01   0.377540898E+01   0.287738830E+00   0.899457373E-02
   0.786743701E+00   0.280639505E+01   0.267325699E+00   0.105796829E-01
   0.562899232E+00   0.202397943E+01   0.231379554E+00   0.111564444E-01
   0.394727588E+00   0.143095052E+01   0.190923676E+00   0.109425336E-01
   0.274280995E+00   0.100117767E+01   0.152789563E+00   0.102011152E-01
   0.190802515E+00   0.699359775E+00   0.120181106E+00   0.923155621E-02
   0.133946553E+00   0.490370631E+00   0.937075615E-01   0.819006655E-02
   0.957571268E-01   0.347232640E+00   0.730029196E-01   0.718914019E-02
   0.704177395E-01   0.250060141E+00   0.572615042E-01   0.630129781E-02
   0.535994023E-01   0.183810800E+00   0.454004444E-01   0.553078065E-02
   0.424310192E-01   0.138498008E+00   0.365230404E-01   0.489376672E-02
   0.350467674E-01   0.107443556E+00   0.299415756E-01   0.434451550E-02
   0.300931633E-01   0.858864486E-01   0.250205360E-01   0.390399271E-02
   0.267331712E-01   0.707257763E-01   0.213235524E-01   0.351869338E-02
   0.243935212E-01   0.598623976E-01   0.184905063E-01   0.323160412E-02
   0.227146447E-01   0.519101135E-01   0.162966605E-01   0.296848454E-02
   0.214514863E-01   0.459191836E-01   0.145474598E-01   0.274742674E-02
   0.204641353E-01   0.412867740E-01   0.131228846E-01   0.256380951E-02
   0.196364466E-01   0.375643522E-01   0.119194621E-01   0.239901780E-02
   0.189334191E-01   0.345147923E-01   0.108878193E-01   0.226172130E-02
   0.182931647E-01   0.319181122E-01   0.997427478E-02   0.213095522E-02
   0.177068319E-01   0.296756811E-01   0.915738381E-02   0.201266212E-02
   0.171547085E-01   0.276942458E-01   0.841164216E-02   0.190066535E-02
   0.166357327E-01   0.259175319E-01   0.772298407E-02   0.180522981E-02
   0.161371604E-01   0.243275557E-01   0.708975131E-02   0.170706620E-02
   0.156713929E-01   0.228662007E-01   0.649611792E-02   0.162367360E-02
   0.152246729E-01   0.215318054E-01   0.594257005E-02   0.154383201E-02
   0.147973215E-01   0.203185212E-01   0.543008279E-02   0.146634504E-02
   0.144054191E-01   0.192062408E-01   0.495256996E-02   0.139906490E-02
   0.140276803E-01   0.181669816E-01   0.449766451E-02   0.133805233E-02
   0.136783775E-01   0.172487330E-01   0.408927677E-02   0.127982313E-02
   0.133419978E-01   0.163688976E-01   0.369337643E-02   0.122634554E-02
   0.130461790E-01   0.155989677E-01   0.333853532E-02   0.118312822E-02
   0.127583817E-01   0.148866018E-01   0.300511671E-02   0.114065723E-02
   0.125034582E-01   0.142594436E-01   0.270567439E-02   0.110283587E-02
   0.122571765E-01   0.136661734E-01   0.241596368E-02   0.106966135E-02
   0.120559018E-01   0.131642083E-01   0.215959083E-02   0.104659318E-02
   0.118579827E-01   0.127115874E-01   0.192345388E-02   0.102338009E-02
   0.116828848E-01   0.123131713E-01   0.170588959E-02   0.100552046E-02
   0.115393009E-01   0.119778970E-01   0.150673185E-02   0.995239592E-03
   0.114048244E-01   0.116770696E-01   0.131725438E-02   0.986521482E-03
   0.112907365E-01   0.114249755E-01   0.113991241E-02   0.982537866E-03
   0.111997500E-01   0.112372646E-01   0.984415179E-03   0.985551509E-03
   0.111275092E-01   0.110922819E-01   0.837498170E-03   0.992454123E-03
   0.110691497E-01   0.109824967E-01   0.693519076E-03   0.100191403E-02
   0.110316360E-01   0.109259365E-01   0.560917717E-03   0.101766980E-02
   0.110094463E-01   0.109106796E-01   0.432225352E-03   0.103737134E-02
   0.110051185E-01   0.109409913E-01   0.306144240E-03   0.106204487E-02
   0.110149840E-01   0.110114357E-01   0.184945573E-03   0.108897523E-02
   0.110492148E-01   0.111385388E-01   0.671143571E-04   0.112491928E-02
   0.110909110E-01   0.113056283E-01  -0.512621664E-04   0.116366649E-02
   0.111535862E-01   0.115240803E-01  -0.172352171E-03   0.120785797E-02
   0.112353414E-01   0.117986631E-01  -0.297293183E-03   0.125824462E-02
   0.113180680E-01   0.121145397E-01  -0.412784633E-03   0.131453481E-02
   0.114256246E-01   0.124932779E-01  -0.538256834E-03   0.137490570E-02
   0.115410769E-01   0.129305348E-01  -0.665616535E-03   0.144378305E-02
   0.116735231E-01   0.134336138E-01  -0.801803428E-03   0.151464692E-02
   0.118137980E-01   0.140027823E-01  -0.941258622E-03   0.159098406E-02
   0.119677000E-01   0.146535216E-01  -0.108551036E-02   0.167654234E-02
   0.121304626E-01   0.153909484E-01  -0.124136976E-02   0.176478631E-02
   0.123287290E-01   0.162522793E-01  -0.140940270E-02   0.187223894E-02
   0.125152282E-01   0.172188077E-01  -0.159236148E-02   0.197596801E-02
   0.127262408E-01   0.183429569E-01  -0.180068309E-02   0.208193343E-02
   0.129716368E-01   0.196709391E-01  -0.204133522E-02   0.220233831E-02
   0.132704647E-01   0.212748814E-01  -0.233488833E-02   0.233767554E-02
   0.136368116E-01   0.232355390E-01  -0.269825174E-02   0.248152437E-02
   0.141269239E-01   0.257050805E-01  -0.317084393E-02   0.263360771E-02
   0.148132127E-01   0.288938601E-01  -0.379563472E-02   0.281552575E-02
   0.157945585E-01   0.331246778E-01  -0.464644516E-02   0.301417336E-02
   0.172453746E-01   0.388526842E-01  -0.581122190E-02   0.324654812E-02
   0.194195658E-01   0.467566922E-01  -0.742117548E-02   0.349558005E-02
   0.227053836E-01   0.579002611E-01  -0.966138300E-02   0.379033084E-02
   0.277004205E-01   0.738159269E-01  -0.127717052E-01   0.412039040E-02
   0.352474526E-01   0.967122465E-01  -0.170436166E-01   0.450365152E-02
   0.466755405E-01   0.130047485E+00  -0.228986796E-01   0.494862348E-02
   0.638840497E-01   0.178654209E+00  -0.308019128E-01   0.544080138E-02
   0.896489918E-01   0.249521047E+00  -0.412671901E-01   0.594638148E-02
   0.127980679E+00   0.352870256E+00  -0.548444614E-01   0.645027077E-02
   0.183924884E+00   0.501393199E+00  -0.716696978E-01   0.687317783E-02
   0.264267236E+00   0.712239563E+00  -0.915046185E-01   0.713288225E-02
   0.375991911E+00   0.100273490E+01  -0.112750463E+00   0.707450137E-02
   0.524551094E+00   0.138626719E+01  -0.131998256E+00   0.654926896E-02
   0.709271073E+00   0.186085987E+01  -0.143476546E+00   0.546465628E-02
   0.916917026E+00   0.239322305E+01  -0.139603093E+00   0.387534406E-02
   0.111750627E+01   0.290542841E+01  -0.113667205E+00   0.205732347E-02
   0.126690078E+01   0.328603745E+01  -0.645037591E-01   0.575798389E-03
   0.132255435E+01   0.342793107E+01  -0.172237165E-06   0.000000000E+00
