   0.234216359E-01   0.181112170E+00   0.187210698E-10   0.000000000E+00
   0.228150617E-01   0.176669002E+00   0.133421933E-01   0.882468885E-04
   0.211779997E-01   0.164514288E+00   0.245728642E-01   0.324886525E-03
   0.188062936E-01   0.146833405E+00   0.323089361E-01   0.642627187E-03
   0.161175001E-01   0.126490533E+00   0.362569988E-01   0.958643155E-03
   0.134437960E-01   0.106036074E+00   0.369633734E-01   0.122815976E-02
   0.110247163E-01   0.871446580E-01   0.353997909E-01   0.141111505E-02
   0.896933768E-02   0.707887709E-01   0.325625837E-01   0.152056129E-02
   0.728831161E-02   0.571246594E-01   0.291830637E-01   0.156815513E-02
   0.594621338E-02   0.459843241E-01   0.257409066E-01   0.155804236E-02
   0.487905415E-02   0.369698629E-01   0.224661026E-01   0.151585171E-02
   0.403146865E-02   0.297667906E-01   0.194873754E-01   0.145290629E-02
   0.334905786E-02   0.239840113E-01   0.168063827E-01   0.137339567E-02
   0.279419823E-02   0.193375871E-01   0.144314840E-01   0.127313728E-02
   0.233405782E-02   0.155805703E-01   0.123178456E-01   0.117070193E-02
   0.194669841E-02   0.125278421E-01   0.104419887E-01   0.106183684E-02
   0.161881442E-02   0.100430809E-01   0.878469646E-02   0.955633703E-03
   0.133796351E-02   0.801636558E-02   0.732403016E-02   0.840367051E-03
   0.109899917E-02   0.636413787E-02   0.604976248E-02   0.732696149E-03
   0.893782359E-03   0.501738116E-02   0.494065695E-02   0.628291513E-03
   0.719338364E-03   0.392170437E-02   0.398490159E-02   0.529983896E-03
   0.568696414E-03   0.302175106E-02   0.314989639E-02   0.437648792E-03
   0.447360420E-03   0.231327512E-02   0.247423560E-02   0.357813638E-03
   0.344681583E-03   0.174240896E-02   0.190123811E-02   0.285902090E-03
   0.261869427E-03   0.129517075E-02   0.143714948E-02   0.222238552E-03
   0.192673004E-03   0.933968637E-03   0.104645465E-02   0.166737955E-03
   0.141763187E-03   0.670373905E-03   0.761426985E-03   0.125175895E-03
   0.100119498E-03   0.462995667E-03   0.527491444E-03   0.891348172E-04
   0.684062688E-04   0.310436531E-03   0.351051916E-03   0.602110231E-04
   0.463993674E-04   0.204863201E-03   0.230380596E-03   0.403568665E-04
   0.302127683E-04   0.130052518E-03   0.142846082E-03   0.252926948E-04
   0.181716714E-04   0.762219570E-04   0.784237491E-04   0.141423479E-04
   0.110802794E-04   0.447507773E-04   0.425922590E-04   0.784249096E-05
   0.588210241E-05   0.235994812E-04   0.170449712E-04   0.328815622E-05
   0.338765562E-05   0.140788179E-04   0.661434478E-05   0.172985699E-05
   0.157137640E-05   0.824600556E-05  -0.507708755E-07   0.777453238E-06
   0.920827006E-06   0.681646452E-05  -0.145590434E-05   0.117720367E-05
   0.675780939E-06   0.712259907E-05  -0.613570990E-06   0.189774380E-05
   0.743340706E-06   0.794737662E-05   0.531659907E-06   0.294823303E-05
   0.826856478E-06   0.895339963E-05   0.196422752E-05   0.384175200E-05
   0.109475457E-05   0.100042089E-04   0.252684708E-05   0.490307320E-05
   0.131303875E-05   0.109083348E-04   0.315370244E-05   0.571229248E-05
   0.141800979E-05   0.111938534E-04   0.287943476E-05   0.628174757E-05
   0.165855852E-05   0.119122842E-04   0.292511254E-05   0.693730226E-05
   0.191285335E-05   0.113573724E-04   0.805675953E-07   0.723315998E-05
   0.188150000E-05   0.109321554E-04  -0.457306925E-06   0.713613554E-05
   0.202736601E-05   0.106562811E-04  -0.179668177E-05   0.715530814E-05
   0.204714343E-05   0.959423051E-05  -0.359771047E-05   0.659791385E-05
   0.205494189E-05   0.883365556E-05  -0.451886763E-05   0.607122593E-05
   0.227619648E-05   0.855523376E-05  -0.544975455E-05   0.571751434E-05
   0.214073748E-05   0.762582158E-05  -0.485071769E-05   0.489879130E-05
   0.184323153E-05   0.667402219E-05  -0.297078100E-05   0.410271741E-05
   0.168878455E-05   0.541368445E-05  -0.197391046E-05   0.289073091E-05
   0.151396637E-05   0.426841643E-05  -0.508326764E-06   0.183076622E-05
   0.181685937E-05   0.391123604E-05   0.522329522E-07   0.110449400E-05
   0.295291920E-05   0.453954681E-05  -0.205749211E-05   0.785941381E-06
   0.543126271E-05   0.747088370E-05  -0.833143440E-05   0.146774039E-05
   0.104035453E-04   0.138701616E-04  -0.225916901E-04   0.354490180E-05
   0.182807398E-04   0.247853695E-04  -0.456929447E-04   0.719131685E-05
   0.322939341E-04   0.442202254E-04  -0.884373949E-04   0.143105917E-04
   0.521799957E-04   0.736489164E-04  -0.149941727E-03   0.242446476E-04
   0.807645265E-04   0.115331124E-03  -0.236241845E-03   0.379514240E-04
   0.122505255E-03   0.177478752E-03  -0.363254687E-03   0.571121382E-04
   0.178122704E-03   0.259844528E-03  -0.527758384E-03   0.819586130E-04
   0.251898193E-03   0.368806359E-03  -0.740080082E-03   0.113461829E-03
   0.346526154E-03   0.512138358E-03  -0.100756064E-02   0.149603147E-03
   0.466443016E-03   0.694662158E-03  -0.133565930E-02   0.191837447E-03
   0.619217812E-03   0.929377216E-03  -0.174334715E-02   0.241554691E-03
   0.805908232E-03   0.121896598E-02  -0.222105440E-02   0.298934581E-03
   0.102894229E-02   0.157468789E-02  -0.276639010E-02   0.356175820E-03
   0.130150991E-02   0.201605237E-02  -0.340824435E-02   0.419072079E-03
   0.162319106E-02   0.255202455E-02  -0.412680162E-02   0.485125609E-03
   0.200567464E-02   0.320581859E-02  -0.493784482E-02   0.553402991E-03
   0.245296350E-02   0.399851287E-02  -0.582897803E-02   0.618945924E-03
   0.298261130E-02   0.496571232E-02  -0.682355138E-02   0.684770988E-03
   0.360269542E-02   0.614115456E-02  -0.790434238E-02   0.744819990E-03
   0.433859928E-02   0.758333551E-02  -0.909841619E-02   0.802123162E-03
   0.521368207E-02   0.935143884E-02  -0.104080858E-01   0.856814266E-03
   0.626841281E-02   0.115390411E-01  -0.118643008E-01   0.905608875E-03
   0.754474616E-02   0.142496079E-01  -0.134599572E-01   0.938996556E-03
   0.910915807E-02   0.176280402E-01  -0.152247092E-01   0.961503014E-03
   0.110281557E-01   0.218353420E-01  -0.171348751E-01   0.978927477E-03
   0.133824879E-01   0.270558074E-01  -0.191279408E-01   0.978028984E-03
   0.162356161E-01   0.334382020E-01  -0.210394282E-01   0.942661485E-03
   0.196084548E-01   0.410502367E-01  -0.225752387E-01   0.866316841E-03
   0.234564375E-01   0.498174764E-01  -0.233026333E-01   0.747390965E-03
   0.275833067E-01   0.593017079E-01  -0.226304941E-01   0.581941626E-03
   0.316502266E-01   0.687373653E-01  -0.200133845E-01   0.387676642E-03
   0.351592936E-01   0.769235864E-01  -0.151319280E-01   0.195290108E-03
   0.375645049E-01   0.825765207E-01  -0.819035433E-02   0.529879326E-04
   0.384189002E-01   0.845663100E-01  -0.210283986E-07   0.000000000E+00
