   0.463671953E-03   0.307420921E-01   0.000000000E+00   0.000000000E+00
   0.474761036E-03   0.302554630E-01   0.389710115E-02   0.233722221E-04
   0.502996962E-03   0.288605429E-01   0.743753416E-02   0.886317503E-04
   0.544350420E-03   0.267258156E-01   0.103447558E-01   0.184804681E-03
   0.589232426E-03   0.240960475E-01   0.124579156E-01   0.295284699E-03
   0.628712995E-03   0.212171413E-01   0.137350848E-01   0.403585000E-03
   0.657236204E-03   0.183176305E-01   0.142581305E-01   0.501267496E-03
   0.664127409E-03   0.155138113E-01   0.140542723E-01   0.572260586E-03
   0.654250733E-03   0.129630780E-01   0.133882817E-01   0.615720521E-03
   0.621943153E-03   0.106524099E-01   0.122831538E-01   0.633672113E-03
   0.573285564E-03   0.864171237E-02   0.109475544E-01   0.620794366E-03
   0.512517407E-03   0.691550178E-02   0.949237030E-02   0.590179290E-03
   0.441941229E-03   0.543050049E-02   0.796876661E-02   0.536295120E-03
   0.369519141E-03   0.419224519E-02   0.651084259E-02   0.473494729E-03
   0.296433951E-03   0.315118604E-02   0.512300804E-02   0.399608020E-03
   0.229835336E-03   0.231122156E-02   0.390595151E-02   0.324723602E-03
   0.169852749E-03   0.163111824E-02   0.284273503E-02   0.249283446E-03
   0.120334487E-03   0.110980507E-02   0.198616250E-02   0.183798096E-03
   0.810740530E-04   0.720265554E-03   0.131947547E-02   0.128397034E-03
   0.512145889E-04   0.439045718E-03   0.820542744E-03   0.835382889E-04
   0.300510201E-04   0.248267432E-03   0.472187035E-03   0.500020396E-04
   0.160106611E-04   0.125839069E-03   0.244675175E-03   0.270460259E-04
   0.766532867E-05   0.567686766E-04   0.112375048E-03   0.128097226E-04
   0.280016616E-05   0.188686990E-04   0.373659605E-04   0.431793433E-05
   0.100043746E-05   0.698574831E-05   0.123279451E-04   0.156594058E-05
   0.450212099E-06   0.480319022E-05   0.665288189E-05   0.937610082E-06
   0.551788958E-06   0.768920563E-05   0.110589272E-04   0.164385244E-05
   0.905189665E-06   0.116043047E-04   0.181319683E-04   0.258941532E-05
   0.129315265E-05   0.156161768E-04   0.256738367E-04   0.375820537E-05
   0.130722583E-05   0.150674387E-04   0.254757433E-04   0.376693765E-05
   0.127793624E-05   0.140325756E-04   0.239002384E-04   0.341788973E-05
   0.113474619E-05   0.124358885E-04   0.215486398E-04   0.326820464E-05
   0.984922849E-06   0.104117698E-04   0.181573578E-04   0.268574013E-05
   0.707748200E-06   0.740374344E-05   0.130063008E-04   0.195576695E-05
   0.482365976E-06   0.496899429E-05   0.884619840E-05   0.133435617E-05
   0.317395347E-06   0.307198661E-05   0.531545538E-05   0.750334152E-06
   0.198310914E-06   0.181100779E-05   0.338758309E-05   0.434286903E-06
   0.116344076E-06   0.931869295E-06   0.150190249E-05   0.175543619E-06
   0.743298401E-07   0.470364654E-06   0.594787025E-06   0.586008326E-07
   0.342560895E-07   0.132743125E-06   0.231974528E-07  -0.540891887E-09
   0.250397658E-07   0.631880965E-07  -0.162025628E-06   0.585521676E-08
   0.290025284E-07   0.789726613E-07  -0.226938013E-06   0.391346369E-07
   0.265701505E-07   0.951370680E-07  -0.281172476E-06   0.637976427E-07
   0.323401856E-07   0.144393439E-06  -0.389080185E-06   0.105887295E-06
   0.269102216E-07   0.187308331E-06  -0.701215939E-07   0.125075729E-06
   0.171894712E-07   0.135012883E-06  -0.118147213E-06   0.100254944E-06
   0.314231201E-07   0.202221585E-06  -0.193157021E-06   0.143680126E-06
   0.128359297E-07   0.163269945E-06   0.181659971E-06   0.886366180E-07
   0.216512177E-07   0.208092914E-06   0.359272661E-06   0.813714252E-07
   0.858730242E-08   0.519507388E-07   0.103126652E-06   0.106595097E-07
   0.105727072E-07   0.385399090E-07   0.264888289E-07  -0.328749294E-08
   0.443878498E-07   0.125901195E-06  -0.296428055E-06   0.185229840E-07
   0.144742515E-06   0.421915871E-06  -0.135805669E-05   0.146077355E-06
   0.182537505E-06   0.516157229E-06  -0.187814010E-05   0.226406996E-06
   0.398879763E-06   0.122452695E-05  -0.430501132E-05   0.601081240E-06
   0.851402035E-06   0.273968385E-05  -0.934444597E-05   0.138665246E-05
   0.107143705E-05   0.332234367E-05  -0.116862284E-04   0.173020715E-05
   0.163518030E-05   0.510281052E-05  -0.177649999E-04   0.264507230E-05
   0.234693084E-05   0.738205199E-05  -0.253691196E-04   0.379788935E-05
   0.280288441E-05   0.867566723E-05  -0.299184012E-04   0.448236369E-05
   0.323407835E-05   0.997235111E-05  -0.339449034E-04   0.496681378E-05
   0.340846168E-05   0.103959137E-04  -0.349258517E-04   0.493992547E-05
   0.310750397E-05   0.932589137E-05  -0.310342039E-04   0.442511418E-05
   0.248332867E-05   0.744283852E-05  -0.238214670E-04   0.340576571E-05
   0.172725004E-05   0.503907449E-05  -0.151834302E-04   0.214094575E-05
   0.114783359E-05   0.295925565E-05  -0.831974285E-05   0.109148039E-05
   0.188295667E-05   0.425813323E-05  -0.146511720E-04   0.194935774E-05
   0.603149465E-05   0.139483946E-04  -0.530041507E-04   0.667696440E-05
   0.153402743E-04   0.359993246E-04  -0.136788396E-03   0.163539789E-04
   0.350666814E-04   0.824722447E-04  -0.310710922E-03   0.358177531E-04
   0.677749049E-04   0.157505157E-03  -0.587385846E-03   0.651579685E-04
   0.118943906E-03   0.273682876E-03  -0.100491219E-02   0.106396830E-03
   0.191749685E-03   0.436330505E-03  -0.157213095E-02   0.158725365E-03
   0.294196740E-03   0.662428618E-03  -0.233441521E-02   0.223500174E-03
   0.425641629E-03   0.949142850E-03  -0.325465947E-02   0.294896745E-03
   0.588005525E-03   0.130342646E-02  -0.431357417E-02   0.367019122E-03
   0.787216763E-03   0.174009439E-02  -0.551749021E-02   0.440351840E-03
   0.101903849E-02   0.225378852E-02  -0.678267190E-02   0.508464756E-03
   0.128568069E-02   0.286264811E-02  -0.807751436E-02   0.561934372E-03
   0.158741837E-02   0.357509637E-02  -0.934406649E-02   0.600870117E-03
   0.191924232E-02   0.439447630E-02  -0.104848258E-01   0.616982172E-03
   0.227698009E-02   0.532389572E-02  -0.114029003E-01   0.607702124E-03
   0.266848900E-02   0.638532732E-02  -0.120925885E-01   0.580468099E-03
   0.308066886E-02   0.755586801E-02  -0.124016516E-01   0.526905700E-03
   0.351223676E-02   0.882434752E-02  -0.122782970E-01   0.453612069E-03
   0.394650502E-02   0.101372972E-01  -0.116190920E-01   0.362121267E-03
   0.436926447E-02   0.114384172E-01  -0.103834346E-01   0.263021560E-03
   0.474767573E-02   0.126149394E-01  -0.851718150E-02   0.163045421E-03
   0.505499542E-02   0.135731092E-01  -0.607777247E-02   0.780581831E-04
   0.525496807E-02   0.142047945E-01  -0.316865230E-02   0.205361266E-04
   0.532381050E-02   0.144209024E-01  -0.917284027E-08   0.000000000E+00
