   0.518982506E+02   0.169214096E+03   0.779908693E-09   0.000000000E+00
   0.439624405E+02   0.143474106E+03   0.374195266E+01   0.293213762E-01
   0.283442440E+02   0.927650070E+02   0.484635973E+01   0.772253722E-01
   0.156376572E+02   0.514280739E+02   0.404140329E+01   0.993094891E-01
   0.810602379E+01   0.268461075E+02   0.282496166E+01   0.963401124E-01
   0.415143347E+01   0.138775396E+02   0.183651340E+01   0.825629458E-01
   0.214610791E+01   0.725934792E+01   0.116210878E+01   0.671475008E-01
   0.112872994E+01   0.387228107E+01   0.730398238E+00   0.535793863E-01
   0.606123090E+00   0.211199498E+01   0.460320413E+00   0.426676460E-01
   0.333568215E+00   0.117984629E+01   0.292223781E+00   0.342373140E-01
   0.190101370E+00   0.679037273E+00   0.187780470E+00   0.278112870E-01
   0.114071168E+00   0.406464517E+00   0.122661434E+00   0.229775999E-01
   0.739599168E-01   0.257243216E+00   0.820563585E-01   0.193213467E-01
   0.530749857E-01   0.175402611E+00   0.567481257E-01   0.165082067E-01
   0.424661376E-01   0.130652368E+00   0.409942381E-01   0.143614085E-01
   0.373045653E-01   0.106308550E+00   0.312189702E-01   0.126696480E-01
   0.349340662E-01   0.930490494E-01   0.251427162E-01   0.113195516E-01
   0.338994712E-01   0.856820494E-01   0.213683862E-01   0.102259275E-01
   0.334653035E-01   0.813548714E-01   0.189781208E-01   0.930897985E-02
   0.331688039E-01   0.783629790E-01   0.174045488E-01   0.852346141E-02
   0.328734033E-01   0.759431869E-01   0.163047444E-01   0.785510987E-02
   0.324273743E-01   0.735181198E-01   0.154317347E-01   0.726281619E-02
   0.318919383E-01   0.711248368E-01   0.147241699E-01   0.672667567E-02
   0.311768409E-01   0.684234202E-01   0.140290251E-01   0.623486796E-02
   0.303501077E-01   0.655169040E-01   0.133375982E-01   0.578459352E-02
   0.294201355E-01   0.624024272E-01   0.126155661E-01   0.536985276E-02
   0.284882486E-01   0.593209602E-01   0.119295241E-01   0.498840353E-02
   0.274546761E-01   0.560194477E-01   0.111696767E-01   0.462364964E-02
   0.264475327E-01   0.528245457E-01   0.104423873E-01   0.428736210E-02
   0.254317559E-01   0.495838933E-01   0.968958158E-02   0.397472549E-02
   0.244226940E-01   0.464297384E-01   0.894281268E-02   0.368248904E-02
   0.234888438E-01   0.434388667E-01   0.823637657E-02   0.341598829E-02
   0.225397404E-01   0.404636748E-01   0.750486506E-02   0.316410000E-02
   0.216996334E-01   0.377272926E-01   0.683466066E-02   0.294234743E-02
   0.208789930E-01   0.351400934E-01   0.618874747E-02   0.273399544E-02
   0.201198570E-01   0.326757468E-01   0.555460760E-02   0.254654326E-02
   0.194336306E-01   0.304485336E-01   0.497727608E-02   0.238020299E-02
   0.187923107E-01   0.283583775E-01   0.441706739E-02   0.223092805E-02
   0.182204004E-01   0.264602620E-01   0.389225199E-02   0.210147374E-02
   0.177229028E-01   0.247397851E-01   0.339601329E-02   0.198903074E-02
   0.172576997E-01   0.231730938E-01   0.292348932E-02   0.189298822E-02
   0.168582536E-01   0.217813645E-01   0.247741165E-02   0.181319437E-02
   0.165234488E-01   0.205489453E-01   0.204224442E-02   0.175374513E-02
   0.162683539E-01   0.195228010E-01   0.164443860E-02   0.171216507E-02
   0.160549153E-01   0.186548419E-01   0.127395883E-02   0.168712297E-02
   0.158973727E-01   0.179134700E-01   0.890515861E-03   0.167522393E-02
   0.157944039E-01   0.173477456E-01   0.540389621E-03   0.168149313E-02
   0.157456547E-01   0.169143416E-01   0.174867673E-03   0.170417095E-02
   0.157351010E-01   0.166287404E-01  -0.160253883E-03   0.174176961E-02
   0.157933850E-01   0.164938159E-01  -0.503434916E-03   0.179598806E-02
   0.159027632E-01   0.164963230E-01  -0.854136364E-03   0.186707126E-02
   0.160663258E-01   0.166413262E-01  -0.119967456E-02   0.195527961E-02
   0.162773188E-01   0.169168580E-01  -0.155664724E-02   0.206057378E-02
   0.165432412E-01   0.173296183E-01  -0.193345349E-02   0.218190462E-02
   0.168465413E-01   0.178554934E-01  -0.229379442E-02   0.232071895E-02
   0.171895307E-01   0.185044538E-01  -0.268049049E-02   0.247697649E-02
   0.175873227E-01   0.192779135E-01  -0.307559944E-02   0.264981994E-02
   0.180374645E-01   0.201829970E-01  -0.349259144E-02   0.284313783E-02
   0.185081083E-01   0.211690702E-01  -0.390326558E-02   0.305460696E-02
   0.189997163E-01   0.222443193E-01  -0.432562875E-02   0.328242499E-02
   0.195360500E-01   0.234269947E-01  -0.476267980E-02   0.353324064E-02
   0.200946368E-01   0.246886332E-01  -0.520779239E-02   0.380202523E-02
   0.206492655E-01   0.259867571E-01  -0.564757036E-02   0.408807071E-02
   0.212026369E-01   0.273298118E-01  -0.608727755E-02   0.439809822E-02
   0.217478424E-01   0.286952294E-01  -0.652259728E-02   0.473259063E-02
   0.222426634E-01   0.300406739E-01  -0.695329392E-02   0.508186826E-02
   0.227030665E-01   0.313682817E-01  -0.737936096E-02   0.546038663E-02
   0.230905488E-01   0.326350331E-01  -0.780281099E-02   0.586041482E-02
   0.234078709E-01   0.338282175E-01  -0.822689664E-02   0.630506733E-02
   0.236343611E-01   0.349820256E-01  -0.869969744E-02   0.676942058E-02
   0.237551890E-01   0.360788256E-01  -0.923618581E-02   0.727518648E-02
   0.238560978E-01   0.372988842E-01  -0.993137807E-02   0.784875080E-02
   0.239836778E-01   0.388287008E-01  -0.108902892E-01   0.849880744E-02
   0.242837965E-01   0.411005951E-01  -0.123126265E-01   0.920988712E-02
   0.250642579E-01   0.448923372E-01  -0.144998068E-01   0.100588156E-01
   0.268906597E-01   0.516307354E-01  -0.179190598E-01   0.110320896E-01
   0.307675097E-01   0.638361052E-01  -0.233351588E-01   0.121874576E-01
   0.385010056E-01   0.859912410E-01  -0.319151543E-01   0.136162685E-01
   0.533495545E-01   0.126177743E+00  -0.455490276E-01   0.154086975E-01
   0.812311620E-01   0.198895156E+00  -0.671814382E-01   0.176229943E-01
   0.133077249E+00   0.331089377E+00  -0.101610519E+00   0.204625558E-01
   0.229365736E+00   0.573056817E+00  -0.156476498E+00   0.240883492E-01
   0.409776777E+00   0.102194822E+01  -0.244261801E+00   0.286711473E-01
   0.752383113E+00   0.186937451E+01  -0.384994715E+00   0.344361328E-01
   0.141367149E+01   0.349964333E+01  -0.609493732E+00   0.414680280E-01
   0.271046782E+01   0.668866825E+01  -0.960173965E+00   0.491365753E-01
   0.526154470E+01   0.129542246E+02  -0.147526586E+01   0.555667244E-01
   0.101211576E+02   0.248853931E+02  -0.211260819E+01   0.560542494E-01
   0.183465500E+02   0.450699158E+02  -0.254045200E+01   0.429534912E-01
   0.285081673E+02   0.700011902E+02  -0.196832871E+01   0.161872618E-01
   0.336904182E+02   0.827145462E+02  -0.695527251E-05   0.000000000E+00
