   0.936413091E-02   0.104399428E+00   0.129885047E-09   0.000000000E+00
   0.926338974E-02   0.103028014E+00   0.959942862E-02   0.652943490E-04
   0.896895584E-02   0.991522297E-01   0.183755886E-01   0.252161903E-03
   0.851927232E-02   0.930813849E-01   0.256763753E-01   0.523895200E-03
   0.795812719E-02   0.855142996E-01   0.311297867E-01   0.849395408E-03
   0.733846286E-02   0.771254674E-01   0.346701853E-01   0.117953913E-02
   0.669404352E-02   0.683358610E-01   0.364050865E-01   0.148459233E-02
   0.606207876E-02   0.597769320E-01   0.366559885E-01   0.174912857E-02
   0.545852585E-02   0.517180189E-01   0.357461125E-01   0.194494287E-02
   0.489909993E-02   0.443029776E-01   0.340284668E-01   0.208695838E-02
   0.437605614E-02   0.376588777E-01   0.317236558E-01   0.215760106E-02
   0.389663922E-02   0.317978561E-01   0.291156732E-01   0.216841721E-02
   0.344792195E-02   0.266841035E-01   0.263061225E-01   0.213564793E-02
   0.303145242E-02   0.222557709E-01   0.234472062E-01   0.204631686E-02
   0.264664111E-02   0.184539873E-01   0.206438899E-01   0.192952459E-02
   0.229593250E-02   0.152219543E-01   0.179907084E-01   0.179645105E-02
   0.196309085E-02   0.124394624E-01   0.154149858E-01   0.163426145E-02
   0.165939506E-02   0.100802220E-01   0.130343260E-01   0.145467639E-02
   0.138973747E-02   0.811441150E-02   0.109072477E-01   0.127987913E-02
   0.114767742E-02   0.646407297E-02   0.899390969E-02   0.110338512E-02
   0.926420907E-03   0.505918264E-02   0.724092638E-02   0.928281865E-03
   0.740233634E-03   0.391892809E-02   0.576326158E-02   0.768547878E-03
   0.583069166E-03   0.299734692E-02   0.451960927E-02   0.627776084E-03
   0.449741550E-03   0.224620965E-02   0.346395536E-02   0.496902969E-03
   0.333228265E-03   0.162083865E-02   0.254172413E-02   0.377316726E-03
   0.246473151E-03   0.116559071E-02   0.186173304E-02   0.282763154E-03
   0.176440357E-03   0.804273644E-03   0.131051510E-02   0.205871460E-03
   0.122268728E-03   0.538779132E-03   0.890921336E-03   0.142894336E-03
   0.811288046E-04   0.342119049E-03   0.573334575E-03   0.937343430E-04
   0.522484552E-04   0.206225348E-03   0.352698873E-03   0.590846248E-04
   0.321434345E-04   0.117177937E-03   0.203381060E-03   0.345247099E-04
   0.187667883E-04   0.617240221E-04   0.107565138E-03   0.185289155E-04
   0.927802557E-05   0.259993358E-04   0.419047392E-04   0.748157981E-05
   0.483468557E-05   0.124876588E-04   0.158081766E-04   0.343066881E-05
   0.199603664E-05   0.683100052E-05   0.137672839E-05   0.164149003E-05
   0.958400960E-06   0.784871645E-05  -0.383466812E-06   0.236193887E-05
   0.719759441E-06   0.113911574E-04   0.293126550E-05   0.403455761E-05
   0.906850403E-06   0.161908738E-04   0.818130229E-05   0.645831187E-05
   0.135678386E-05   0.209478530E-04   0.136172275E-04   0.914564225E-05
   0.155159125E-05   0.225846288E-04   0.150421974E-04   0.109778393E-04
   0.190279252E-05   0.256011190E-04   0.181544165E-04   0.129538257E-04
   0.228059366E-05   0.266144143E-04   0.163395343E-04   0.149402504E-04
   0.224058954E-05   0.248891010E-04   0.116932260E-04   0.152601951E-04
   0.264064602E-05   0.257602842E-04   0.905084016E-05   0.166576065E-04
   0.304185278E-05   0.255889099E-04   0.459489593E-05   0.173777571E-04
   0.306568768E-05   0.240564204E-04  -0.183763564E-05   0.172850068E-04
   0.326100212E-05   0.227012461E-04  -0.678450760E-05   0.167576636E-04
   0.367665916E-05   0.226429984E-04  -0.115352304E-04   0.169039340E-04
   0.385264957E-05   0.214205775E-04  -0.139552949E-04   0.159455249E-04
   0.392846141E-05   0.200073518E-04  -0.168106853E-04   0.147080282E-04
   0.376206594E-05   0.178882256E-04  -0.184438177E-04   0.127369913E-04
   0.340713927E-05   0.157217310E-04  -0.156840706E-04   0.109576231E-04
   0.278404423E-05   0.124708031E-04  -0.130422486E-04   0.810593701E-05
   0.228556291E-05   0.991904380E-05  -0.848716445E-05   0.619213688E-05
   0.184739451E-05   0.690105844E-05  -0.449249683E-05   0.372928639E-05
   0.184409384E-05   0.456201133E-05  -0.226822203E-05   0.215754471E-05
   0.290904018E-05   0.405554965E-05  -0.513003943E-05   0.151152835E-05
   0.603350964E-05   0.793421441E-05  -0.192763637E-04   0.336313224E-05
   0.130741273E-04   0.183606517E-04  -0.532095728E-04   0.848067975E-05
   0.251425463E-04   0.388066110E-04  -0.113213115E-03   0.181112227E-04
   0.442113196E-04   0.732744375E-04  -0.208921439E-03   0.332274612E-04
   0.735354333E-04   0.126947707E-03  -0.354948046E-03   0.565861264E-04
   0.116106872E-03   0.204877113E-03  -0.562808185E-03   0.885413101E-04
   0.177134891E-03   0.317195547E-03  -0.857651874E-03   0.132310670E-03
   0.254477200E-03   0.462911528E-03  -0.122349407E-02   0.183249227E-03
   0.360076956E-03   0.661369413E-03  -0.171371480E-02   0.249120552E-03
   0.493806845E-03   0.915115583E-03  -0.231898366E-02   0.327682443E-03
   0.660043501E-03   0.123178249E-02  -0.304867420E-02   0.414804876E-03
   0.865286915E-03   0.162717432E-02  -0.392426876E-02   0.512377301E-03
   0.110754673E-02   0.210008491E-02  -0.491521275E-02   0.615759287E-03
   0.139408698E-02   0.267118239E-02  -0.604426907E-02   0.722454628E-03
   0.172432081E-02   0.334836799E-02  -0.728405360E-02   0.828362245E-03
   0.210440019E-02   0.414788304E-02  -0.864560436E-02   0.934247451E-03
   0.253076409E-02   0.508663896E-02  -0.100802109E-01   0.102891226E-02
   0.300895236E-02   0.619477173E-02  -0.115889506E-01   0.110784872E-02
   0.354256481E-02   0.748565234E-02  -0.131565994E-01   0.117532781E-02
   0.412745494E-02   0.898914412E-02  -0.147191165E-01   0.123152765E-02
   0.477465428E-02   0.107507799E-01  -0.162876323E-01   0.125995907E-02
   0.548473839E-02   0.128017385E-01  -0.178040657E-01   0.125669967E-02
   0.625137473E-02   0.151488204E-01  -0.191893242E-01   0.124262914E-02
   0.709689036E-02   0.178654473E-01  -0.204452146E-01   0.118047791E-02
   0.800344534E-02   0.209322162E-01  -0.214349423E-01   0.111493748E-02
   0.897890143E-02   0.243678782E-01  -0.220772978E-01   0.100811955E-02
   0.100060729E-01   0.281279590E-01  -0.222236551E-01   0.886393711E-03
   0.110650146E-01   0.321189277E-01  -0.217205584E-01   0.738611328E-03
   0.121195121E-01   0.361999571E-01  -0.204041619E-01   0.575811719E-03
   0.131162852E-01   0.401332937E-01  -0.181237794E-01   0.405508239E-03
   0.139862262E-01   0.436461344E-01  -0.148144076E-01   0.248729571E-03
   0.146803576E-01   0.464751683E-01  -0.105362544E-01   0.117936339E-03
   0.151234157E-01   0.482927896E-01  -0.548307644E-02   0.305874491E-04
   0.152757624E-01   0.489140302E-01  -0.140196201E-07   0.000000000E+00
