   0.661137581E+00   0.260379529E+01   0.000000000E+00   0.000000000E+00
   0.627994180E+00   0.247527957E+01   0.146012858E+00   0.995352282E-03
   0.541327477E+00   0.214011288E+01   0.250216722E+00   0.340703130E-02
   0.429460615E+00   0.170610762E+01   0.294663042E+00   0.598444184E-02
   0.319775432E+00   0.127978301E+01   0.288171679E+00   0.777355675E-02
   0.228248566E+00   0.922200918E+00   0.251877159E+00   0.840780511E-02
   0.159162074E+00   0.651072204E+00   0.205276802E+00   0.814993586E-02
   0.110146448E+00   0.457563102E+00   0.160383493E+00   0.738155283E-02
   0.767687932E-01   0.324607700E+00   0.122762889E+00   0.638421718E-02
   0.544598103E-01   0.234878734E+00   0.935558230E-01   0.541988621E-02
   0.395911001E-01   0.174363464E+00   0.717829391E-01   0.458236597E-02
   0.296080448E-01   0.133164898E+00   0.559125394E-01   0.391684799E-02
   0.227994509E-01   0.104583800E+00   0.444374494E-01   0.339200650E-02
   0.180273876E-01   0.841571465E-01   0.360525511E-01   0.296782609E-02
   0.145767927E-01   0.690926537E-01   0.298269000E-01   0.265246374E-02
   0.119871944E-01   0.575496852E-01   0.250544492E-01   0.239100959E-02
   0.997906085E-02   0.484161340E-01   0.212882850E-01   0.217163819E-02
   0.837279111E-02   0.409733839E-01   0.182123911E-01   0.197983207E-02
   0.706061488E-02   0.347910710E-01   0.156514701E-01   0.178857718E-02
   0.596006634E-02   0.295387227E-01   0.134440232E-01   0.161827239E-02
   0.503241736E-02   0.250531211E-01   0.115360310E-01   0.145389710E-02
   0.423747906E-02   0.211778264E-01   0.985066500E-02   0.128976547E-02
   0.355766737E-02   0.178346802E-01   0.837067328E-02   0.113332295E-02
   0.297436793E-02   0.149422120E-01   0.706444588E-02   0.989647233E-03
   0.247865543E-02   0.124707744E-01   0.593516836E-02   0.854681130E-03
   0.205277326E-02   0.103365220E-01   0.493681571E-02   0.726922124E-03
   0.169334724E-02   0.852589309E-02   0.408174749E-02   0.610634801E-03
   0.138751219E-02   0.697779935E-02   0.333704823E-02   0.507556775E-03
   0.113045657E-02   0.567589235E-02   0.270361849E-02   0.415452028E-03
   0.914231758E-03   0.457882462E-02   0.216110912E-02   0.329620612E-03
   0.735916954E-03   0.366720394E-02   0.171039568E-02   0.261455105E-03
   0.591308519E-03   0.292251748E-02   0.134513970E-02   0.203715972E-03
   0.470008119E-03   0.230332883E-02   0.103465631E-02   0.153573463E-03
   0.372256996E-03   0.179872685E-02   0.783551193E-03   0.112990980E-03
   0.295417878E-03   0.139959576E-02   0.590294134E-03   0.825138704E-04
   0.233122526E-03   0.107767479E-02   0.433206733E-03   0.567335228E-04
   0.183610537E-03   0.821253168E-03   0.309820898E-03   0.378425284E-04
   0.146068400E-03   0.624579203E-03   0.220146205E-03   0.249298428E-04
   0.116878386E-03   0.469560648E-03   0.151356959E-03   0.154751469E-04
   0.947535082E-04   0.351306953E-03   0.101177895E-03   0.899841689E-05
   0.779510592E-04   0.261369569E-03   0.644232568E-04   0.477863250E-05
   0.657006458E-04   0.194257271E-03   0.387075343E-04   0.227204646E-05
   0.574913065E-04   0.146598017E-03   0.228512454E-04   0.119823380E-05
   0.521493821E-04   0.112353242E-03   0.119760743E-04   0.596489940E-06
   0.498246627E-04   0.901367894E-04   0.585021826E-05   0.479220262E-06
   0.497989931E-04   0.767197198E-04   0.873357351E-06   0.331067781E-06
   0.523852068E-04   0.715578499E-04  -0.334830293E-05   0.193871486E-06
   0.581462991E-04   0.743336423E-04  -0.986138184E-05   0.113150861E-06
   0.669097426E-04   0.845079412E-04  -0.186714988E-04   0.718450863E-07
   0.795396263E-04   0.103159633E-03  -0.318410384E-04   0.287772934E-06
   0.980336627E-04   0.132162721E-03  -0.530879515E-04   0.139008682E-05
   0.121812569E-03   0.172744345E-03  -0.810813872E-04   0.294812526E-05
   0.155041416E-03   0.229916433E-03  -0.124387851E-03   0.692846925E-05
   0.197492584E-03   0.303080946E-03  -0.179513256E-03   0.124450307E-04
   0.253898936E-03   0.400537625E-03  -0.256243278E-03   0.214201282E-04
   0.324283610E-03   0.525308831E-03  -0.353272015E-03   0.330744806E-04
   0.412969006E-03   0.683396705E-03  -0.476534595E-03   0.482486757E-04
   0.524690782E-03   0.883316621E-03  -0.633928052E-03   0.688445070E-04
   0.660126971E-03   0.112322893E-02  -0.819002977E-03   0.942478800E-04
   0.827810320E-03   0.142466417E-02  -0.105135574E-02   0.125422041E-03
   0.103227829E-02   0.179582194E-02  -0.133521063E-02   0.164162295E-03
   0.127354579E-02   0.223612506E-02  -0.166095805E-02   0.207306744E-03
   0.156433543E-02   0.276936265E-02  -0.205084612E-02   0.257463165E-03
   0.190508727E-02   0.340083847E-02  -0.249847467E-02   0.314632402E-03
   0.230716076E-02   0.414675893E-02  -0.301570632E-02   0.381507736E-03
   0.277002412E-02   0.502576958E-02  -0.360103440E-02   0.447861006E-03
   0.330493110E-02   0.604497455E-02  -0.425679982E-02   0.524447067E-03
   0.391600188E-02   0.723015750E-02  -0.498822751E-02   0.603596040E-03
   0.462001376E-02   0.861157756E-02  -0.581420865E-02   0.686591084E-03
   0.542400265E-02   0.102112982E-01  -0.673626596E-02   0.778327929E-03
   0.633004494E-02   0.120511753E-01  -0.774314255E-02   0.867778785E-03
   0.737274718E-02   0.141933700E-01  -0.888350606E-02   0.965007581E-03
   0.856812391E-02   0.166925229E-01  -0.101668444E-01   0.106391509E-02
   0.995639153E-02   0.196365286E-01  -0.116404872E-01   0.118581823E-02
   0.116037391E-01   0.231764689E-01  -0.133834407E-01   0.131727988E-02
   0.136080049E-01   0.275238808E-01  -0.155030284E-01   0.143861189E-02
   0.161146130E-01   0.330006033E-01  -0.181722213E-01   0.162971846E-02
   0.193779301E-01   0.401615165E-01  -0.216518734E-01   0.183503667E-02
   0.237776302E-01   0.498454161E-01  -0.263152476E-01   0.209402875E-02
   0.298897903E-01   0.633534119E-01  -0.326672979E-01   0.243692473E-02
   0.386322252E-01   0.827619508E-01  -0.413874052E-01   0.284706196E-02
   0.513482168E-01   0.111208551E+00  -0.532706492E-01   0.334940455E-02
   0.699746534E-01   0.153276205E+00  -0.690759495E-01   0.390380295E-02
   0.971959829E-01   0.215445086E+00  -0.892228037E-01   0.445284136E-02
   0.136161029E+00   0.305514872E+00  -0.112899184E+00   0.486660004E-02
   0.190061763E+00   0.431472301E+00  -0.137162998E+00   0.493067876E-02
   0.260192513E+00   0.597093463E+00  -0.155559659E+00   0.447144732E-02
   0.342737079E+00   0.793867826E+00  -0.157847404E+00   0.340338657E-02
   0.426024705E+00   0.993634820E+00  -0.133273467E+00   0.190933968E-02
   0.489992470E+00   0.114816856E+01  -0.775208548E-01   0.556153769E-03
   0.514156938E+00   0.120664227E+01  -0.203023376E-06   0.000000000E+00
