   0.233217445E-02   0.436895452E-01   0.000000000E+00   0.000000000E+00
   0.231085229E-02   0.429584347E-01   0.470573595E-02   0.298072609E-04
   0.225062645E-02   0.408616811E-01   0.892229937E-02   0.112945607E-03
   0.215674983E-02   0.376829840E-01   0.122743798E-01   0.233908198E-03
   0.204112777E-02   0.337982997E-01   0.145935351E-01   0.370505179E-03
   0.191078684E-02   0.296515562E-01   0.158852171E-01   0.501707604E-03
   0.177452189E-02   0.255104359E-01   0.162845291E-01   0.619274681E-03
   0.163578615E-02   0.216080379E-01   0.159854870E-01   0.706435181E-03
   0.149632816E-02   0.180950016E-01   0.151830204E-01   0.765633886E-03
   0.135593419E-02   0.150048807E-01   0.140377749E-01   0.795301283E-03
   0.121841847E-02   0.123367021E-01   0.127113061E-01   0.795125554E-03
   0.108014175E-02   0.100725060E-01   0.112758074E-01   0.771660940E-03
   0.945444743E-03   0.815603044E-02   0.982621592E-02   0.734358269E-03
   0.813177787E-03   0.654983986E-02   0.839982741E-02   0.675370742E-03
   0.688841741E-03   0.521351257E-02   0.706198858E-02   0.609152135E-03
   0.571253709E-03   0.409942586E-02   0.581328152E-02   0.533297716E-03
   0.461730553E-03   0.316641293E-02   0.466436334E-02   0.452848733E-03
   0.366969762E-03   0.241489871E-02   0.368057005E-02   0.379123085E-03
   0.283949223E-03   0.180350849E-02   0.282769324E-02   0.305444788E-03
   0.212560655E-03   0.130866398E-02   0.210104254E-02   0.237643340E-03
   0.155784146E-03   0.931505230E-03   0.152848626E-02   0.180693096E-03
   0.110163295E-03   0.640128448E-03   0.107101188E-02   0.131818277E-03
   0.743823184E-04   0.418018084E-03   0.713609334E-03   0.916787758E-04
   0.482939686E-04   0.261603622E-03   0.455893431E-03   0.609868148E-04
   0.289651434E-04   0.150079999E-03   0.266645628E-03   0.369104382E-04
   0.165249257E-04   0.807771139E-04   0.146886770E-03   0.209832633E-04
   0.888639079E-05   0.396289361E-04   0.749014653E-04   0.111677409E-04
   0.438784127E-05   0.169807081E-04   0.338469545E-04   0.520281537E-05
   0.177056154E-05   0.560675016E-05   0.114232316E-04   0.175528214E-05
   0.561747186E-06   0.195283519E-05   0.247510707E-05   0.219862997E-06
   0.402580071E-06   0.308622680E-05   0.303282354E-05   0.170963617E-06
   0.561677211E-06   0.542771068E-05   0.607149695E-05   0.510413429E-06
   0.765672723E-06   0.711503026E-05   0.879251184E-05   0.897082373E-06
   0.100861973E-05   0.937352615E-05   0.121801304E-04   0.148962033E-05
   0.105545041E-05   0.938643279E-05   0.125503984E-04   0.162103311E-05
   0.109996984E-05   0.929423186E-05   0.128812035E-04   0.167202154E-05
   0.929412579E-06   0.786619057E-05   0.110232131E-04   0.155280452E-05
   0.839708832E-06   0.694105120E-05   0.983064001E-05   0.139889687E-05
   0.685825796E-06   0.557452813E-05   0.793322943E-05   0.113944816E-05
   0.585466978E-06   0.495846189E-05   0.714224052E-05   0.116872343E-05
   0.366266221E-06   0.308656513E-05   0.435689481E-05   0.711957853E-06
   0.243937279E-06   0.229335956E-05   0.317908575E-05   0.640071619E-06
   0.165136413E-06   0.163982077E-05   0.226431075E-05   0.521300649E-06
   0.998951464E-07   0.110058375E-05   0.128155796E-05   0.492549930E-06
   0.615493292E-07   0.698154849E-06   0.369453289E-06   0.426873129E-06
   0.738173398E-07   0.577622302E-06  -0.215769276E-06   0.420553278E-06
   0.125646679E-06   0.589917079E-06  -0.949773948E-06   0.444586050E-06
   0.260311765E-06   0.820277705E-06  -0.191610593E-05   0.544463489E-06
   0.388900958E-06   0.105350421E-05  -0.268531653E-05   0.653890993E-06
   0.720077139E-06   0.177561617E-05  -0.487024590E-05   0.906667481E-06
   0.886901432E-06   0.211152201E-05  -0.583505334E-05   0.984452186E-06
   0.131268303E-05   0.310013343E-05  -0.840976554E-05   0.129149907E-05
   0.174317756E-05   0.401976649E-05  -0.110559313E-04   0.166945199E-05
   0.224301357E-05   0.516500131E-05  -0.140682387E-04   0.207163680E-05
   0.232299203E-05   0.523838298E-05  -0.142251256E-04   0.197625513E-05
   0.271863564E-05   0.607336460E-05  -0.165160545E-04   0.233339642E-05
   0.281278403E-05   0.626951896E-05  -0.166424361E-04   0.221624464E-05
   0.250840367E-05   0.552538586E-05  -0.142704321E-04   0.176796743E-05
   0.208597021E-05   0.450366588E-05  -0.112082062E-04   0.129586454E-05
   0.154051213E-05   0.318860475E-05  -0.726757708E-05   0.669724443E-06
   0.102550268E-05   0.175737932E-05  -0.391186222E-05   0.329306175E-06
   0.116070771E-05   0.147822652E-05  -0.443577346E-05   0.568188455E-06
   0.257119200E-05   0.338803102E-05  -0.121947360E-04   0.189751177E-05
   0.692491767E-05   0.107816941E-04  -0.380183010E-04   0.592137576E-05
   0.159049778E-04   0.262686935E-04  -0.896654310E-04   0.134342836E-04
   0.319409737E-04   0.538904096E-04  -0.179602328E-03   0.259785120E-04
   0.569080112E-04   0.973636415E-04  -0.316903432E-03   0.438375173E-04
   0.944497078E-04   0.162492390E-03  -0.517749111E-03   0.689178560E-04
   0.147835512E-03   0.253412290E-03  -0.793598709E-03   0.101028934E-03
   0.220950111E-03   0.378369703E-03  -0.116023654E-02   0.141030599E-03
   0.318009203E-03   0.541630608E-03  -0.162773265E-02   0.189844781E-03
   0.442481629E-03   0.751181797E-03  -0.220337650E-02   0.244783383E-03
   0.593030709E-03   0.100599846E-02  -0.286401925E-02   0.301948137E-03
   0.778272806E-03   0.132317888E-02  -0.363689475E-02   0.360843318E-03
   0.996697461E-03   0.170088920E-02  -0.448933290E-02   0.420819561E-03
   0.124887610E-02   0.215105247E-02  -0.540055614E-02   0.472936896E-03
   0.154201931E-02   0.268778717E-02  -0.637580222E-02   0.522707298E-03
   0.187008292E-02   0.331919733E-02  -0.734924851E-02   0.555959996E-03
   0.225117663E-02   0.408149417E-02  -0.837069564E-02   0.583859801E-03
   0.267160218E-02   0.497012585E-02  -0.931952707E-02   0.594709360E-03
   0.314270821E-02   0.601586001E-02  -0.101996791E-01   0.590034877E-03
   0.367181050E-02   0.724838953E-02  -0.109628709E-01   0.572426827E-03
   0.426008878E-02   0.867423229E-02  -0.115583483E-01   0.531813886E-03
   0.490611140E-02   0.102942381E-01  -0.118971057E-01   0.477636204E-03
   0.560082588E-02   0.120853186E-01  -0.118761808E-01   0.408707478E-03
   0.633022375E-02   0.140025979E-01  -0.113986526E-01   0.325512519E-03
   0.704927044E-02   0.159265678E-01  -0.103266295E-01   0.237860717E-03
   0.770511711E-02   0.176956467E-01  -0.859179813E-02   0.147085419E-03
   0.824141689E-02   0.191666167E-01  -0.619760156E-02   0.713191694E-04
   0.859593134E-02   0.201338008E-01  -0.325465086E-02   0.186752513E-04
   0.872044172E-02   0.204739105E-01  -0.906798814E-08   0.000000000E+00
