   0.152017659E-03   0.192970280E-01  -0.631632663E-10   0.000000000E+00
   0.158518757E-03   0.188809503E-01   0.211614394E-02   0.128280471E-04
   0.175998503E-03   0.176984258E-01   0.397453690E-02   0.475180132E-04
   0.199794318E-03   0.159292743E-01   0.537539599E-02   0.949790192E-04
   0.223561656E-03   0.138078313E-01   0.623167492E-02   0.143584228E-03
   0.241332527E-03   0.115758600E-01   0.655306363E-02   0.184074583E-03
   0.249341334E-03   0.941927545E-02   0.643180544E-02   0.210921295E-03
   0.244017559E-03   0.744384946E-02   0.593103329E-02   0.220410395E-03
   0.227789846E-03   0.573319476E-02   0.522564398E-02   0.216055123E-03
   0.201299903E-03   0.428777700E-02   0.437588478E-02   0.199016751E-03
   0.168192724E-03   0.310918293E-02   0.348466262E-02   0.172852684E-03
   0.134224785E-03   0.219125627E-02   0.266866991E-02   0.142519435E-03
   0.999390249E-04   0.147665199E-02   0.191045087E-02   0.110070061E-03
   0.693004695E-04   0.946338987E-03   0.127278024E-02   0.779080729E-04
   0.452927197E-04   0.578974665E-03   0.798952184E-03   0.516525724E-04
   0.269469056E-04   0.329554954E-03   0.451111817E-03   0.305661306E-04
   0.144463929E-04   0.173482855E-03   0.224080824E-03   0.155164616E-04
   0.647941351E-05   0.818838525E-04   0.864709364E-04   0.586204851E-05
   0.252365658E-05   0.373647053E-04   0.251984638E-04   0.145716797E-05
   0.846840237E-06   0.184052969E-04   0.439302175E-05   0.851905497E-07
   0.350431037E-06   0.129326236E-04   0.361924936E-05   0.352571419E-06
   0.464968366E-06   0.127549074E-04   0.111235695E-04   0.132107061E-05
   0.664784864E-06   0.128369966E-04   0.169143877E-04   0.197820737E-05
   0.741490112E-06   0.119967845E-04   0.190356404E-04   0.229598618E-05
   0.754713142E-06   0.109548355E-04   0.191356448E-04   0.236455480E-05
   0.643408100E-06   0.877783077E-05   0.162529977E-04   0.206462551E-05
   0.476458922E-06   0.627883810E-05   0.121195435E-04   0.158752005E-05
   0.310065502E-06   0.403379363E-05   0.798571000E-05   0.108826680E-05
   0.134927205E-06   0.174899083E-05   0.342894828E-05   0.484389091E-06
   0.706202954E-07   0.917334205E-06   0.180907102E-05   0.264995521E-06
   0.230804797E-07   0.328645058E-06   0.628324983E-06   0.106680147E-06
   0.804851918E-08   0.120935852E-06   0.231373789E-06   0.422163602E-07
   0.139991851E-08   0.171167827E-07  -0.123674200E-07   0.119067280E-07
   0.453651738E-08   0.368226161E-07   0.552673178E-07   0.111981997E-07
   0.119737722E-07   0.869181633E-07   0.105056777E-06   0.231166712E-07
   0.744365680E-08   0.681202081E-07   0.154384225E-06   0.179980528E-07
   0.111159038E-07   0.993693448E-07   0.211981856E-06   0.262716799E-07
   0.172020620E-07   0.160070286E-06   0.365871955E-06   0.436813572E-07
   0.117240262E-07   0.114655549E-06   0.273460955E-06   0.331861436E-07
   0.642365938E-08   0.482734279E-07   0.100238623E-06   0.105996998E-07
   0.203724260E-08   0.198752215E-07   0.459923868E-07   0.575543480E-08
   0.316822280E-08   0.247355683E-07   0.576027404E-07   0.552308155E-08
   0.180406479E-08   0.150860338E-07   0.323396492E-07   0.388208798E-08
   0.146376877E-08   0.662312738E-08  -0.927750232E-08   0.236385556E-08
   0.116387811E-08   0.112898766E-07   0.166978964E-07   0.507402564E-08
   0.490685270E-09   0.214797602E-08  -0.897938257E-08   0.154978164E-08
   0.190899274E-08   0.161369194E-07   0.187059435E-07   0.560817792E-08
   0.391611021E-09   0.120544352E-08  -0.590529936E-08   0.669907962E-09
   0.432880976E-08   0.176055632E-07  -0.579541357E-07   0.914068821E-08
   0.503228481E-08   0.176260464E-07  -0.769975870E-07   0.100715196E-07
   0.100584350E-07   0.332765353E-07  -0.146860899E-06   0.177678263E-07
   0.881999007E-08   0.254729589E-07  -0.100564250E-06   0.889487772E-08
   0.403737950E-07   0.149284730E-06  -0.665943958E-06   0.946398799E-07
   0.219153851E-07   0.841543653E-07  -0.356608012E-06   0.520167092E-07
   0.301584429E-07   0.107372792E-06  -0.477928609E-06   0.645612204E-07
   0.187497413E-07   0.656940600E-07  -0.278269425E-06   0.359208840E-07
   0.118493775E-07   0.438310117E-07  -0.146645604E-06   0.195910648E-07
   0.166974701E-07   0.585821880E-07  -0.261156742E-06   0.352676324E-07
   0.840710723E-09   0.527084154E-08  -0.134908964E-07   0.391977739E-08
   0.277050152E-07   0.113240162E-06  -0.439527668E-06   0.795652682E-07
   0.653292602E-07   0.242860608E-06  -0.102082720E-05   0.155323661E-06
   0.204998514E-06   0.716647548E-06  -0.309922575E-05   0.433536542E-06
   0.432286299E-06   0.145873742E-05  -0.637014955E-05   0.864661274E-06
   0.925395341E-06   0.303019101E-05  -0.132565528E-04   0.172393493E-05
   0.152458972E-05   0.485294549E-05  -0.212188352E-04   0.272642592E-05
   0.219038543E-05   0.678422657E-05  -0.291272372E-04   0.356432338E-05
   0.261395166E-05   0.785818065E-05  -0.327052039E-04   0.389114530E-05
   0.283578333E-05   0.821655613E-05  -0.320234758E-04   0.365256165E-05
   0.311315785E-05   0.862068919E-05  -0.298256509E-04   0.331721458E-05
   0.293827588E-05   0.754905841E-05  -0.186991347E-04   0.200709087E-05
   0.291699189E-05   0.656753991E-05  -0.598721817E-05   0.757865962E-06
   0.459349212E-05   0.938678204E-05  -0.615102863E-05   0.778591755E-06
   0.102523354E-04   0.210846811E-04  -0.413307243E-04   0.415030490E-05
   0.233246556E-04   0.488568076E-04  -0.138677482E-03   0.128202237E-04
   0.483726035E-04   0.101991405E-03  -0.329801871E-03   0.284222115E-04
   0.926380671E-04   0.194840439E-03  -0.665264553E-03   0.539470129E-04
   0.160799857E-03   0.336110184E-03  -0.114718953E-02   0.874663019E-04
   0.259375869E-03   0.538852823E-03  -0.178610184E-02   0.127387451E-03
   0.393530965E-03   0.814137165E-03  -0.256097619E-02   0.170706931E-03
   0.567796058E-03   0.117392140E-02  -0.343578798E-02   0.213284045E-03
   0.789737620E-03   0.163742038E-02  -0.439554220E-02   0.252953323E-03
   0.105620187E-02   0.220473320E-02  -0.531319389E-02   0.281378947E-03
   0.137351931E-02   0.289321691E-02  -0.615932327E-02   0.298660219E-03
   0.173674210E-02   0.369680231E-02  -0.681294268E-02   0.298418629E-03
   0.214304309E-02   0.460807001E-02  -0.720152166E-02   0.279770466E-03
   0.257982500E-02   0.559593923E-02  -0.721798185E-02   0.241972419E-03
   0.302529498E-02   0.660564005E-02  -0.676196394E-02   0.187306025E-03
   0.344638829E-02   0.755684730E-02  -0.577877369E-02   0.123326216E-03
   0.379792461E-02   0.834679976E-02  -0.424659532E-02   0.616050820E-04
   0.403310824E-02   0.887392182E-02  -0.225558551E-02   0.166059363E-04
   0.411638059E-02   0.905991718E-02  -0.586362825E-08   0.000000000E+00
