   0.574383419E-03   0.587073378E-01  -0.251715482E-09   0.000000000E+00
   0.581109663E-03   0.575888976E-01   0.506686978E-02   0.338090031E-04
   0.599238672E-03   0.544106849E-01   0.959507842E-02   0.125949606E-03
   0.623239554E-03   0.495945252E-01   0.131839504E-01   0.254334562E-03
   0.643997628E-03   0.436712280E-01   0.155412257E-01   0.390198169E-03
   0.654035422E-03   0.372685120E-01   0.167082660E-01   0.507935241E-03
   0.645939901E-03   0.308632981E-01   0.167351216E-01   0.587899063E-03
   0.617912563E-03   0.248751845E-01   0.158925112E-01   0.628213107E-03
   0.567521318E-03   0.194929466E-01   0.143154850E-01   0.626643305E-03
   0.501288683E-03   0.148808286E-01   0.123664523E-01   0.589128525E-03
   0.422265381E-03   0.110270679E-01   0.101664839E-01   0.522988790E-03
   0.340065482E-03   0.793442316E-02   0.800062716E-02   0.441072480E-03
   0.258910324E-03   0.550442981E-02   0.594310975E-02   0.350813294E-03
   0.185320954E-03   0.366106280E-02   0.413446361E-02   0.258837885E-03
   0.124161452E-03   0.232568569E-02   0.267655379E-02   0.176579008E-03
   0.776974121E-04   0.140572037E-02   0.160192582E-02   0.110681060E-03
   0.444965008E-04   0.801639864E-03   0.856984872E-03   0.604322413E-04
   0.229417692E-04   0.430174667E-03   0.393970055E-03   0.277859053E-04
   0.101234873E-04   0.217414054E-03   0.135388575E-03   0.867386461E-05
   0.403668628E-05   0.112077643E-03   0.326351292E-04   0.144891044E-05
   0.157151328E-05   0.671241432E-04   0.870762415E-05   0.626767303E-06
   0.135809205E-05   0.510826940E-04   0.270488326E-04   0.323572613E-05
   0.182756003E-05   0.497732544E-04   0.553533646E-04   0.678354036E-05
   0.229509328E-05   0.492564977E-04   0.760295588E-04   0.949464538E-05
   0.224508244E-05   0.422693884E-04   0.749515311E-04   0.952802111E-05
   0.193760457E-05   0.342294334E-04   0.665261978E-04   0.885373902E-05
   0.157033003E-05   0.259368135E-04   0.521713446E-04   0.694987602E-05
   0.106719199E-05   0.172756063E-04   0.358850921E-04   0.495709264E-05
   0.603452463E-06   0.989395539E-05   0.212191298E-04   0.311425015E-05
   0.404206531E-06   0.659229045E-05   0.142432818E-04   0.216563967E-05
   0.161588076E-06   0.270654641E-05   0.576269122E-05   0.925247377E-06
   0.516890708E-07   0.966650646E-06   0.197161762E-05   0.373533595E-06
   0.104900204E-07   0.202022292E-06   0.373600216E-06   0.735157286E-07
   0.235500242E-08   0.382368945E-07   0.410381347E-07   0.193893328E-07
   0.213510702E-07   0.253024524E-06   0.452781364E-06   0.908685749E-07
   0.233817268E-07   0.251300605E-06   0.487384114E-06   0.763730270E-07
   0.268852158E-07   0.286402951E-06   0.699344014E-06   0.796380348E-07
   0.197491765E-07   0.226996150E-06   0.536898369E-06   0.686647468E-07
   0.113865415E-07   0.114809005E-06   0.301811355E-06   0.283116002E-07
   0.401377989E-07   0.493508253E-06   0.108452366E-05   0.166121097E-06
   0.125607009E-07   0.139842157E-06   0.323877344E-06   0.418769375E-07
   0.251912642E-07   0.311751904E-06   0.653169877E-06   0.108611211E-06
   0.121699069E-07   0.179570392E-06   0.423210309E-06   0.761023529E-07
   0.372267595E-08   0.485933285E-07   0.123760628E-06   0.178910593E-07
   0.203941664E-08   0.303625249E-07   0.494896497E-07   0.132791458E-07
   0.101690667E-08   0.126664030E-07   0.144796353E-08   0.661837607E-08
   0.477138551E-08   0.360552335E-07  -0.129916202E-06   0.273134457E-07
   0.124651383E-07   0.847293933E-07  -0.333175905E-06   0.621205700E-07
   0.809150169E-08   0.454459013E-07  -0.159023841E-06   0.236082496E-07
   0.151639483E-07   0.820925763E-07  -0.295963417E-06   0.414719921E-07
   0.331530678E-07   0.199205942E-06  -0.672771080E-06   0.108299844E-06
   0.428627089E-07   0.222570861E-06  -0.871980376E-06   0.114476073E-06
   0.540157394E-07   0.294872166E-06  -0.122593508E-05   0.172154202E-06
   0.255829313E-07   0.116981852E-06  -0.544693307E-06   0.616007654E-07
   0.847471426E-07   0.474157076E-06  -0.200225827E-05   0.292009076E-06
   0.279476193E-07   0.127389313E-06  -0.601638817E-06   0.763311050E-07
   0.324958171E-08   0.121432659E-07  -0.527065964E-07   0.538092371E-08
   0.304525538E-08   0.356437724E-07  -0.472283901E-07   0.246978455E-07
   0.564071634E-07   0.337842863E-06  -0.133508934E-05   0.219425885E-06
   0.189882059E-06   0.107122935E-05  -0.439307951E-05   0.675367744E-06
   0.462171698E-06   0.250221660E-05  -0.104696837E-04   0.154866666E-05
   0.919766364E-06   0.486183308E-05  -0.202995398E-04   0.289647846E-05
   0.154375607E-05   0.791964885E-05  -0.332764430E-04   0.468039798E-05
   0.267649261E-05   0.133505382E-04  -0.557311796E-04   0.751137031E-05
   0.359606111E-05   0.174433953E-04  -0.714396519E-04   0.927871770E-05
   0.476736750E-05   0.224071082E-04  -0.898023864E-04   0.114508648E-04
   0.607985021E-05   0.277474592E-04  -0.105734209E-03   0.131300712E-04
   0.664241315E-05   0.291000597E-04  -0.991753914E-04   0.118320795E-04
   0.697378709E-05   0.289402142E-04  -0.776991219E-04   0.904023727E-05
   0.727382985E-05   0.276756364E-04  -0.401054422E-04   0.467188556E-05
   0.956665644E-05   0.329211471E-04  -0.156151127E-04   0.201891748E-05
   0.171570700E-04   0.566045237E-04  -0.415717041E-04   0.458599516E-05
   0.356972560E-04   0.117744385E-03  -0.192122970E-03   0.190195260E-04
   0.722680634E-04   0.239455330E-03  -0.534103485E-03   0.496264802E-04
   0.134483809E-03   0.445593061E-03  -0.111385947E-02   0.978782409E-04
   0.238731722E-03   0.789086160E-03  -0.210089027E-02   0.174185116E-03
   0.389782857E-03   0.128400244E-02  -0.340922712E-02   0.267658703E-03
   0.601652660E-03   0.197823904E-02  -0.508350180E-02   0.376589625E-03
   0.886140566E-03   0.291610672E-02  -0.709529640E-02   0.492793042E-03
   0.124947226E-02   0.412632199E-02  -0.930468924E-02   0.606144720E-03
   0.169822678E-02   0.564517360E-02  -0.115804300E-01   0.703511294E-03
   0.223470712E-02   0.749462051E-02  -0.137376701E-01   0.775640656E-03
   0.285709812E-02   0.968086068E-02  -0.155779440E-01   0.810315192E-03
   0.356533192E-02   0.122040007E-01  -0.169879291E-01   0.803014380E-03
   0.433579134E-02   0.149818724E-01  -0.176406093E-01   0.744202523E-03
   0.514528155E-02   0.179137625E-01  -0.174009968E-01   0.635439821E-03
   0.595274009E-02   0.208353903E-01  -0.160977636E-01   0.486621109E-03
   0.668990426E-02   0.234944467E-01  -0.135473246E-01   0.316349702E-03
   0.729456032E-02   0.256610122E-01  -0.984807126E-02   0.156436814E-03
   0.769137265E-02   0.270785037E-01  -0.519686379E-02   0.418820928E-04
   0.783060770E-02   0.275739934E-01  -0.129024516E-07   0.000000000E+00
