   0.214269245E-02   0.396681204E-01   0.138385301E-10   0.000000000E+00
   0.211848016E-02   0.389167443E-01   0.422566710E-02   0.266019269E-04
   0.205048313E-02   0.368487127E-01   0.796784367E-02   0.100707111E-03
   0.194719806E-02   0.336885452E-01   0.108679952E-01   0.205499062E-03
   0.182134716E-02   0.299201813E-01   0.127820866E-01   0.322424341E-03
   0.168390665E-02   0.259247720E-01   0.137432721E-01   0.432846195E-03
   0.154407788E-02   0.220304932E-01   0.139146084E-01   0.524926698E-03
   0.140643283E-02   0.184410792E-01   0.134965200E-01   0.592457771E-03
   0.127276243E-02   0.152508272E-01   0.126724113E-01   0.637301302E-03
   0.114246807E-02   0.124994237E-01   0.115943151E-01   0.654454867E-03
   0.101443892E-02   0.101617808E-01   0.103713274E-01   0.647127163E-03
   0.892861979E-03   0.821478292E-02   0.912436191E-02   0.624649518E-03
   0.773704611E-03   0.658639241E-02   0.786869787E-02   0.584428839E-03
   0.661080470E-03   0.524638221E-02   0.667731883E-02   0.533251150E-03
   0.553457066E-03   0.412849337E-02   0.554565899E-02   0.477329362E-03
   0.454434747E-03   0.321367499E-02   0.451746583E-02   0.412282214E-03
   0.364625885E-03   0.246267649E-02   0.359721621E-02   0.348795729E-03
   0.286288996E-03   0.185719703E-02   0.280368445E-02   0.287720264E-03
   0.218409827E-03   0.136797200E-02   0.212305016E-02   0.228839854E-03
   0.162290991E-03   0.985633465E-03   0.156585465E-02   0.176311136E-03
   0.116051153E-03   0.684791710E-03   0.111003988E-02   0.130372850E-03
   0.809159392E-04   0.464192592E-03   0.766752521E-03   0.936497308E-04
   0.526147742E-04   0.291128817E-03   0.490635284E-03   0.628488488E-04
   0.331871634E-04   0.176647576E-03   0.303877401E-03   0.405733990E-04
   0.201476087E-04   0.102118182E-03   0.179989642E-03   0.248676679E-04
   0.111212366E-04   0.524657189E-04   0.952841510E-04   0.135971632E-04
   0.527194379E-05   0.222416311E-04   0.417981282E-04   0.617995011E-05
   0.242535452E-05   0.870534404E-05   0.172090331E-04   0.263250399E-05
   0.827860447E-06   0.228914655E-05   0.426315182E-05   0.587391071E-06
   0.378856186E-06   0.167196492E-05   0.190480534E-05   0.996520910E-07
   0.364859375E-06   0.318667207E-05   0.328247552E-05   0.197005761E-06
   0.544483555E-06   0.547337140E-05   0.640795361E-05   0.705861623E-06
   0.695491281E-06   0.643339581E-05   0.823815117E-05   0.982378424E-06
   0.849720266E-06   0.745562238E-05   0.960642228E-05   0.114910517E-05
   0.852798109E-06   0.716613977E-05   0.955606993E-05   0.118886146E-05
   0.817053092E-06   0.665602965E-05   0.914513203E-05   0.118064372E-05
   0.740902635E-06   0.597126382E-05   0.821576032E-05   0.110908456E-05
   0.696638722E-06   0.549049764E-05   0.722496816E-05   0.995750042E-06
   0.501633110E-06   0.382737153E-05   0.533121283E-05   0.710805807E-06
   0.351515155E-06   0.268469216E-05   0.391515687E-05   0.550023572E-06
   0.260226017E-06   0.197661871E-05   0.285666238E-05   0.404119419E-06
   0.186075695E-06   0.156836848E-05   0.213869544E-05   0.371761132E-06
   0.785057779E-07   0.751587663E-06   0.101929606E-05   0.220099949E-06
   0.510051521E-07   0.581022505E-06   0.727531415E-06   0.206081125E-06
   0.272349645E-07   0.344130086E-06   0.266142564E-06   0.188466828E-06
   0.148729766E-07   0.182758555E-06  -0.665696120E-07   0.134527525E-06
   0.422203676E-07   0.203170856E-06  -0.337047766E-06   0.152169051E-06
   0.113428442E-06   0.334639964E-06  -0.790834349E-06   0.223622720E-06
   0.245794325E-06   0.583725580E-06  -0.160686704E-05   0.310219150E-06
   0.457189344E-06   0.103039497E-05  -0.287075045E-05   0.476655231E-06
   0.624095662E-06   0.134029165E-05  -0.381280347E-05   0.588014586E-06
   0.951040988E-06   0.207641938E-05  -0.576544244E-05   0.865290190E-06
   0.118989533E-05   0.259499211E-05  -0.701318004E-05   0.973696729E-06
   0.161956609E-05   0.343658940E-05  -0.962714148E-05   0.139716826E-05
   0.186816408E-05   0.395805773E-05  -0.108873546E-04   0.149456048E-05
   0.220146399E-05   0.466653182E-05  -0.127413050E-04   0.175800244E-05
   0.235814196E-05   0.490764933E-05  -0.134018355E-04   0.182336294E-05
   0.228411318E-05   0.470374471E-05  -0.126995265E-04   0.173223839E-05
   0.202110846E-05   0.413422413E-05  -0.107329906E-04   0.135136133E-05
   0.149385846E-05   0.296374719E-05  -0.733095476E-05   0.856488441E-06
   0.103579964E-05   0.187088096E-05  -0.410626581E-05   0.306084587E-06
   0.754035966E-06   0.103567061E-05  -0.237075938E-05   0.217540304E-06
   0.148329070E-05   0.184310522E-05  -0.649165986E-05   0.984702069E-06
   0.446344029E-05   0.658063573E-05  -0.235559874E-04   0.363762274E-05
   0.103101393E-04   0.160096297E-04  -0.555682527E-04   0.827644817E-05
   0.215934142E-04   0.346283778E-04  -0.116521624E-03   0.166035588E-04
   0.398863485E-04   0.647811103E-04  -0.212734478E-03   0.290446933E-04
   0.691706009E-04   0.112410744E-03  -0.362449209E-03   0.475782726E-04
   0.112422473E-03   0.181532407E-03  -0.576179707E-03   0.733184497E-04
   0.172649801E-03   0.277638319E-03  -0.864724396E-03   0.105211584E-03
   0.251816062E-03   0.402989041E-03  -0.122880272E-02   0.142707373E-03
   0.355771743E-03   0.567671552E-03  -0.168896769E-02   0.186023215E-03
   0.483834214E-03   0.769491133E-03  -0.222517806E-02   0.233576327E-03
   0.643729814E-03   0.102294621E-02  -0.286152447E-02   0.284526381E-03
   0.835173822E-03   0.133171480E-02  -0.357616250E-02   0.333277625E-03
   0.105912366E-02   0.169968954E-02  -0.434891926E-02   0.381137710E-03
   0.132239971E-02   0.214438047E-02  -0.518603669E-02   0.424799422E-03
   0.162210013E-02   0.267297961E-02  -0.603899686E-02   0.456475536E-03
   0.196980219E-02   0.330895977E-02  -0.692194328E-02   0.484848482E-03
   0.236133020E-02   0.406423304E-02  -0.776455179E-02   0.495865766E-03
   0.281394809E-02   0.497468095E-02  -0.859092269E-02   0.494037173E-03
   0.332674175E-02   0.605086097E-02  -0.932579953E-02   0.481036783E-03
   0.391126564E-02   0.732405111E-02  -0.993253477E-02   0.457246642E-03
   0.456751836E-02   0.879546162E-02  -0.103443610E-01   0.415926188E-03
   0.528720673E-02   0.104478057E-01  -0.104494160E-01   0.358537131E-03
   0.605905289E-02   0.122510949E-01  -0.101498561E-01   0.291702221E-03
   0.683790632E-02   0.140927900E-01  -0.930795819E-02   0.213459818E-03
   0.756277284E-02   0.158254970E-01  -0.782956090E-02   0.134867747E-03
   0.816471782E-02   0.172717459E-01  -0.569574162E-02   0.652690142E-04
   0.856241118E-02   0.182341579E-01  -0.300789904E-02   0.172355849E-04
   0.870362949E-02   0.185713265E-01  -0.739664463E-08   0.000000000E+00
