   0.352321513E-03   0.466704741E-01  -0.150373866E-09   0.000000000E+00
   0.363363390E-03   0.458361208E-01   0.433848053E-02   0.274374634E-04
   0.394162547E-03   0.434687622E-01   0.824304670E-02   0.103442624E-03
   0.436653208E-03   0.398329981E-01   0.113440650E-01   0.210121725E-03
   0.482441130E-03   0.353718437E-01   0.134955933E-01   0.327203015E-03
   0.519646215E-03   0.304972716E-01   0.146003217E-01   0.431823457E-03
   0.540460518E-03   0.255897120E-01   0.147583438E-01   0.509809062E-03
   0.541494635E-03   0.209431648E-01   0.141736921E-01   0.557810650E-03
   0.518981367E-03   0.167282466E-01   0.129742939E-01   0.569309632E-03
   0.476731861E-03   0.130497953E-01   0.114038941E-01   0.548164069E-03
   0.417835574E-03   0.991628412E-02   0.959140901E-02   0.500572147E-03
   0.350008020E-03   0.734160515E-02   0.774629647E-02   0.436691218E-03
   0.280054315E-03   0.528195547E-02   0.599888898E-02   0.362053135E-03
   0.212891639E-03   0.367393158E-02   0.442259992E-02   0.284591748E-03
   0.151418135E-03   0.244193478E-02   0.304296147E-02   0.208691796E-03
   0.102001846E-03   0.155855587E-02   0.197884580E-02   0.142509904E-03
   0.640525250E-04   0.945113192E-03   0.118947052E-02   0.890038937E-04
   0.367045759E-04   0.537674059E-03   0.639244332E-03   0.492170475E-04
   0.184616983E-04   0.283028668E-03   0.286069670E-03   0.219439389E-04
   0.814568739E-05   0.142641526E-03   0.101655234E-03   0.716557179E-05
   0.299499334E-05   0.724430938E-04   0.217300530E-04   0.941550070E-06
   0.114488978E-05   0.437819326E-04   0.574328806E-05   0.312401880E-06
   0.875568389E-06   0.352014686E-04   0.164274952E-04   0.210223811E-05
   0.125963822E-05   0.352033385E-04   0.353047290E-04   0.463768583E-05
   0.170104443E-05   0.357683821E-04   0.497971050E-04   0.651527853E-05
   0.191159188E-05   0.342220337E-04   0.557323619E-04   0.738396875E-05
   0.167884502E-05   0.279506457E-04   0.497619876E-04   0.692426784E-05
   0.137074119E-05   0.217353008E-04   0.408363230E-04   0.588761213E-05
   0.106352900E-05   0.162849501E-04   0.315125435E-04   0.465478161E-05
   0.708170319E-06   0.105416939E-04   0.208512811E-04   0.311379608E-05
   0.406217765E-06   0.612888061E-05   0.120695859E-04   0.191076879E-05
   0.266057810E-06   0.398627799E-05   0.804193769E-05   0.130093133E-05
   0.115626271E-06   0.167743485E-05   0.335836944E-05   0.529583190E-06
   0.236927260E-07   0.401808165E-06   0.764243964E-06   0.150860657E-06
   0.122231167E-07   0.213101714E-06   0.391886715E-06   0.859114451E-07
   0.217091300E-08   0.242292337E-07   0.554670869E-07   0.818548429E-08
   0.359912411E-08   0.229817818E-07   0.501745276E-07   0.334936723E-08
   0.992012250E-08   0.900485162E-07   0.206862254E-06   0.219380230E-07
   0.466201300E-07   0.575057811E-06   0.122949996E-05   0.196821176E-06
   0.321081011E-07   0.356609462E-06   0.573282989E-06   0.120739955E-06
   0.991230298E-08   0.142729846E-06   0.304443091E-06   0.571590952E-07
   0.166209446E-07   0.256375813E-06   0.528167391E-06   0.112105198E-06
   0.145447672E-07   0.211812960E-06   0.455185358E-06   0.869764136E-07
   0.106275682E-07   0.178371991E-06   0.225786437E-06   0.102015264E-06
   0.122869528E-07   0.133548568E-06  -0.159115615E-06   0.997795624E-07
   0.128410740E-07   0.167670578E-06   0.689019402E-07   0.105873930E-06
   0.134090259E-07   0.147228945E-06  -0.254393591E-07   0.971970664E-07
   0.585149351E-07   0.356829815E-06  -0.111428619E-05   0.260787232E-06
   0.513327194E-07   0.289711096E-06  -0.104565197E-05   0.209406380E-06
   0.377464069E-07   0.195519348E-06  -0.760450121E-06   0.136555215E-06
   0.333270052E-07   0.192592751E-06  -0.644233296E-06   0.140234746E-06
   0.623519156E-07   0.314107155E-06  -0.123582902E-05   0.217731483E-06
   0.673574903E-07   0.324973485E-06  -0.133512219E-05   0.207901934E-06
   0.141905510E-07   0.597866574E-07  -0.242408987E-06   0.307082857E-07
   0.257543675E-08   0.116869154E-07  -0.312799315E-07   0.458462379E-08
   0.111014220E-08   0.112887131E-07  -0.183086204E-07   0.824158697E-08
   0.245913228E-07   0.138891281E-06  -0.457898182E-06   0.979275185E-07
   0.952529078E-07   0.483131544E-06  -0.181928397E-05   0.308001262E-06
   0.304366722E-06   0.145911690E-05  -0.569587655E-05   0.917336934E-06
   0.605676007E-06   0.282857422E-05  -0.110433011E-04   0.167992732E-05
   0.106329060E-05   0.481557390E-05  -0.189231268E-04   0.279133747E-05
   0.166974439E-05   0.740647283E-05  -0.289165728E-04   0.414516717E-05
   0.288307638E-05   0.124217922E-04  -0.486060744E-04   0.678232846E-05
   0.371357987E-05   0.156437745E-04  -0.603057124E-04   0.831597299E-05
   0.470927034E-05   0.193932447E-04  -0.725845093E-04   0.978608568E-05
   0.538984523E-05   0.216006265E-04  -0.760380426E-04   0.974915383E-05
   0.602391674E-05   0.234252821E-04  -0.746927326E-04   0.943275518E-05
   0.545772582E-05   0.200980903E-04  -0.483457807E-04   0.581080076E-05
   0.568180258E-05   0.194069635E-04  -0.250173271E-04   0.313178566E-05
   0.723114044E-05   0.219629655E-04  -0.953705512E-05   0.130073852E-05
   0.131915094E-04   0.382637991E-04  -0.367043249E-04   0.429507963E-05
   0.278242605E-04   0.804277224E-04  -0.151069005E-03   0.157968661E-04
   0.556030282E-04   0.161416814E-03  -0.386455504E-03   0.379045450E-04
   0.106859297E-03   0.309777766E-03  -0.848013791E-03   0.794444131E-04
   0.186841135E-03   0.540859357E-03  -0.154054479E-02   0.136019546E-03
   0.303245295E-03   0.875345839E-03  -0.248147035E-02   0.207175544E-03
   0.468285143E-03   0.134866149E-02  -0.373078859E-02   0.294221594E-03
   0.687239051E-03   0.198036106E-02  -0.523042493E-02   0.387925247E-03
   0.969568209E-03   0.280262809E-02  -0.696166046E-02   0.485332712E-03
   0.131279672E-02   0.382180302E-02  -0.874781609E-02   0.569196185E-03
   0.172395515E-02   0.507032266E-02  -0.105295824E-01   0.638644444E-03
   0.220174273E-02   0.655955030E-02  -0.121614980E-01   0.680045749E-03
   0.274378085E-02   0.828920770E-02  -0.135093546E-01   0.693438400E-03
   0.334877800E-02   0.102585815E-01  -0.144763198E-01   0.671713206E-03
   0.399656966E-02   0.124024916E-01  -0.148320934E-01   0.610504008E-03
   0.466802716E-02   0.146438330E-01  -0.144637246E-01   0.512719678E-03
   0.532714743E-02   0.168508962E-01  -0.132215638E-01   0.385487598E-03
   0.592862489E-02   0.188629851E-01  -0.110570081E-01   0.248168071E-03
   0.641609635E-02   0.204861816E-01  -0.799658243E-02   0.121616635E-03
   0.673440751E-02   0.215457547E-01  -0.419928459E-02   0.324029825E-04
   0.684452662E-02   0.219113715E-01  -0.101880753E-07   0.000000000E+00
