   0.227137089E+00   0.955578208E+00   0.532318474E-07   0.000000000E+00
   0.220259145E+00   0.928390861E+00   0.570783950E-01   0.384017680E-03
   0.201455936E+00   0.853106797E+00   0.103716739E+00   0.138949498E-02
   0.174746081E+00   0.746038854E+00   0.133490682E+00   0.267845346E-02
   0.144937918E+00   0.625581861E+00   0.145351112E+00   0.385906617E-02
   0.116270900E+00   0.508970499E+00   0.142940387E+00   0.473505259E-02
   0.912303254E-01   0.405889541E+00   0.131436512E+00   0.520187337E-02
   0.706766471E-01   0.320113450E+00   0.115562275E+00   0.531282695E-02
   0.546012931E-01   0.251825690E+00   0.989030823E-01   0.514468364E-02
   0.423285253E-01   0.198810101E+00   0.833990723E-01   0.488026813E-02
   0.331151932E-01   0.158107653E+00   0.699383765E-01   0.453054719E-02
   0.262253322E-01   0.126977965E+00   0.586979911E-01   0.417480012E-02
   0.210373402E-01   0.102987394E+00   0.494530126E-01   0.384015567E-02
   0.171013828E-01   0.843632221E-01   0.419198200E-01   0.352216954E-02
   0.140580684E-01   0.696774125E-01   0.357167013E-01   0.323832547E-02
   0.116598960E-01   0.578788891E-01   0.305620246E-01   0.296487915E-02
   0.973395072E-02   0.483044088E-01   0.262097232E-01   0.271538110E-02
   0.816396810E-02   0.404147990E-01   0.224930309E-01   0.246952893E-02
   0.686376262E-02   0.338478647E-01   0.192901026E-01   0.225069071E-02
   0.577708799E-02   0.283409636E-01   0.165085830E-01   0.200841809E-02
   0.485824887E-02   0.236924142E-01   0.140816150E-01   0.179492356E-02
   0.407349830E-02   0.197478905E-01   0.119400034E-01   0.158078398E-02
   0.340591511E-02   0.163957532E-01   0.100673921E-01   0.139072223E-02
   0.283695268E-02   0.135601647E-01   0.843662024E-02   0.119916361E-02
   0.235033734E-02   0.111562647E-01   0.701162079E-02   0.102311291E-02
   0.193836167E-02   0.913279876E-02   0.578566268E-02   0.859709922E-03
   0.158433046E-02   0.741242757E-02   0.470910221E-02   0.710771303E-03
   0.129145768E-02   0.598958181E-02   0.381564535E-02   0.584493449E-03
   0.104635861E-02   0.480449246E-02   0.305778626E-02   0.470473897E-03
   0.836271967E-03   0.380971539E-02   0.239974027E-02   0.369335379E-03
   0.666713342E-03   0.300564035E-02   0.187039434E-02   0.284186593E-03
   0.527757511E-03   0.235301699E-02   0.143706065E-02   0.213023130E-03
   0.414442271E-03   0.182007218E-02   0.108325994E-02   0.157287708E-03
   0.323165354E-03   0.139675941E-02   0.801666349E-03   0.112134316E-03
   0.250935555E-03   0.106034579E-02   0.581565080E-03   0.779179682E-04
   0.193563406E-03   0.798116555E-03   0.409138243E-03   0.504371092E-04
   0.149700572E-03   0.597505365E-03   0.282057706E-03   0.313536002E-04
   0.114603943E-03   0.441321143E-03   0.180932708E-03   0.166210884E-04
   0.886953130E-04   0.323585147E-03   0.113678791E-03   0.878786523E-05
   0.692160393E-04   0.237392582E-03   0.647693741E-04   0.342781095E-05
   0.551530538E-04   0.174730900E-03   0.333502794E-04   0.999174176E-06
   0.446106023E-04   0.127803927E-03   0.135146402E-04  -0.119696608E-07
   0.377628385E-04   0.970841211E-04   0.288655815E-05   0.178574410E-06
   0.333049829E-04   0.755801448E-04  -0.156717601E-05   0.675050330E-06
   0.307960290E-04   0.612684526E-04  -0.247496200E-05   0.949320111E-06
   0.302755143E-04   0.532369013E-04  -0.212262239E-05   0.939313850E-06
   0.317261220E-04   0.503243100E-04  -0.117630998E-05   0.533068089E-06
   0.351447561E-04   0.529713398E-04  -0.124765779E-05  -0.231536191E-06
   0.412247464E-04   0.590527052E-04  -0.551852190E-05  -0.136699180E-05
   0.504633354E-04   0.715160786E-04  -0.145571521E-04  -0.248546326E-05
   0.638723286E-04   0.920156599E-04  -0.316299993E-04  -0.303473234E-05
   0.832450532E-04   0.122984507E-03  -0.609389972E-04  -0.237029576E-05
   0.108233638E-03   0.164191602E-03  -0.995498922E-04  -0.748499588E-06
   0.142010220E-03   0.220125017E-03  -0.155612885E-03   0.320043546E-05
   0.188512829E-03   0.299571664E-03  -0.240429596E-03   0.118686312E-04
   0.246284995E-03   0.399363402E-03  -0.343309337E-03   0.225150634E-04
   0.319985003E-03   0.524810690E-03  -0.475664565E-03   0.392666843E-04
   0.418351818E-03   0.699287688E-03  -0.662130187E-03   0.623512387E-04
   0.535335857E-03   0.908628630E-03  -0.877911865E-03   0.913463955E-04
   0.679310062E-03   0.116503064E-02  -0.113904360E-02   0.128363943E-03
   0.858600542E-03   0.149391557E-02  -0.146942132E-02   0.172195010E-03
   0.106957078E-02   0.188666501E-02  -0.184807449E-02   0.221758688E-03
   0.133090722E-02   0.237351377E-02  -0.231836434E-02   0.285766844E-03
   0.163262605E-02   0.295107532E-02  -0.284677814E-02   0.354905031E-03
   0.199074787E-02   0.364107429E-02  -0.346043590E-02   0.434944901E-03
   0.240557664E-02   0.446281629E-02  -0.415724050E-02   0.516622851E-03
   0.289619761E-02   0.544878654E-02  -0.497293705E-02   0.611526426E-03
   0.345451501E-02   0.660315435E-02  -0.586928753E-02   0.701212266E-03
   0.410268083E-02   0.795773882E-02  -0.688677514E-02   0.819481735E-03
   0.484251138E-02   0.955861714E-02  -0.801638700E-02   0.924305525E-03
   0.569052342E-02   0.114331264E-01  -0.927300192E-02   0.103583501E-02
   0.666568195E-02   0.136456182E-01  -0.106791537E-01   0.115244684E-02
   0.778764253E-02   0.162613075E-01  -0.122467745E-01   0.126936694E-02
   0.909556262E-02   0.193759836E-01  -0.140275536E-01   0.139955722E-02
   0.106274784E-01   0.231029540E-01  -0.160580333E-01   0.154761923E-02
   0.124544688E-01   0.276375674E-01  -0.184011683E-01   0.167374709E-02
   0.146610988E-01   0.331978574E-01  -0.211584345E-01   0.183579465E-02
   0.173898749E-01   0.401494838E-01  -0.244561005E-01   0.198098528E-02
   0.207903534E-01   0.488956645E-01  -0.284160729E-01   0.215537008E-02
   0.251474362E-01   0.601901487E-01  -0.332711861E-01   0.234809262E-02
   0.307501704E-01   0.748230293E-01  -0.391315706E-01   0.255077775E-02
   0.380103178E-01   0.939197168E-01  -0.460892059E-01   0.273000798E-02
   0.473459736E-01   0.118718348E+00  -0.539953746E-01   0.286925351E-02
   0.592113808E-01   0.150549591E+00  -0.623642914E-01   0.291383034E-02
   0.739151612E-01   0.190533847E+00  -0.702019930E-01   0.283415662E-02
   0.913012177E-01   0.238564149E+00  -0.756401196E-01   0.259233080E-02
   0.110678397E+00   0.292519480E+00  -0.762135983E-01   0.209279917E-02
   0.130441472E+00   0.348141015E+00  -0.694822446E-01   0.143100927E-02
   0.147891209E+00   0.397740036E+00  -0.537211224E-01   0.739532174E-03
   0.160179108E+00   0.432819158E+00  -0.294977091E-01   0.202736293E-03
   0.164497972E+00   0.445334345E+00  -0.726441201E-07   0.000000000E+00
