   0.730982225E-03   0.218088683E-01   0.347916140E-11   0.000000000E+00
   0.729023770E-03   0.213623811E-01   0.268428470E-02   0.161680564E-04
   0.722491357E-03   0.201367307E-01   0.504962960E-02   0.605902387E-04
   0.711796049E-03   0.182940923E-01   0.686820876E-02   0.123620630E-03
   0.695135852E-03   0.161096118E-01   0.804066379E-02   0.193003332E-03
   0.672743132E-03   0.138221830E-01   0.860246364E-02   0.256792904E-03
   0.643327716E-03   0.116190510E-01   0.864748843E-02   0.310445292E-03
   0.607334136E-03   0.961170625E-02   0.831517205E-02   0.346530403E-03
   0.563125475E-03   0.784815755E-02   0.770895602E-02   0.363918254E-03
   0.513707986E-03   0.634789607E-02   0.695298798E-02   0.369209563E-03
   0.458285213E-03   0.508291041E-02   0.610352773E-02   0.357433892E-03
   0.399926532E-03   0.402841670E-02   0.523030479E-02   0.336188008E-03
   0.339457300E-03   0.315211550E-02   0.436291331E-02   0.304023240E-03
   0.281111221E-03   0.243318267E-02   0.355368550E-02   0.267201918E-03
   0.226512158E-03   0.184976088E-02   0.282244431E-02   0.226295306E-03
   0.177283757E-03   0.137790025E-02   0.218059053E-02   0.186862919E-03
   0.132648755E-03   0.988866552E-03   0.161126617E-02   0.146676655E-03
   0.961588012E-04   0.692471280E-03   0.115516374E-02   0.110550274E-03
   0.666635460E-04   0.464419805E-03   0.791255559E-03   0.795804226E-04
   0.443008503E-04   0.298698375E-03   0.519175199E-03   0.548345197E-04
   0.278846619E-04   0.181724623E-03   0.321803294E-03   0.354045333E-04
   0.161888274E-04   0.101092737E-03   0.182750795E-03   0.208745532E-04
   0.825995721E-05   0.486667559E-04   0.899529914E-04   0.106288480E-04
   0.409525865E-05   0.223252391E-04   0.426204751E-04   0.521698757E-05
   0.153601252E-05   0.703600381E-05   0.143240250E-04   0.180804716E-05
   0.520079084E-06   0.203006448E-05   0.412554118E-05   0.514122576E-06
   0.214509626E-06   0.143372620E-05   0.201286116E-05   0.267537473E-06
   0.245625387E-06   0.259244234E-05   0.339682015E-05   0.465469782E-06
   0.415628108E-06   0.452405493E-05   0.622988273E-05   0.870055146E-06
   0.551302605E-06   0.565164646E-05   0.811351674E-05   0.116342915E-05
   0.623003416E-06   0.604247998E-05   0.892616208E-05   0.128182205E-05
   0.608799212E-06   0.568734185E-05   0.848052514E-05   0.121706262E-05
   0.513125713E-06   0.465956873E-05   0.709509322E-05   0.103311811E-05
   0.442823875E-06   0.394645531E-05   0.604120305E-05   0.889945738E-06
   0.315475944E-06   0.271026101E-05   0.413476437E-05   0.590463969E-06
   0.239141940E-06   0.193544975E-05   0.299276098E-05   0.398216827E-06
   0.164716454E-06   0.126610610E-05   0.190271612E-05   0.242960169E-06
   0.111069490E-06   0.814359112E-06   0.119039714E-05   0.148591653E-06
   0.806330931E-07   0.450036964E-06   0.459438354E-06   0.568014649E-07
   0.262623949E-07   0.133557492E-06   0.219269126E-06   0.744149053E-08
   0.151552531E-07   0.295583646E-07   0.103011910E-07  -0.972465308E-08
   0.205176232E-07   0.379462080E-07  -0.911147424E-07   0.269729017E-08
   0.267721152E-07   0.505847915E-07  -0.177289991E-06   0.257691379E-07
   0.707520798E-08   0.282005495E-07  -0.258311470E-07   0.181843056E-07
   0.138908502E-07   0.550720110E-07  -0.342906681E-07   0.339067370E-07
   0.134859883E-07   0.536595195E-07  -0.472803201E-07   0.350577274E-07
   0.135788421E-07   0.801043427E-07   0.442708910E-07   0.422731894E-07
   0.125616397E-07   0.558699327E-07   0.512167233E-07   0.219100418E-07
   0.854403215E-08   0.513213472E-07   0.916610574E-07   0.799708122E-08
   0.142806771E-07   0.454392861E-07   0.384477374E-07  -0.300674907E-08
   0.436457981E-07   0.108478872E-06  -0.157135062E-06   0.121303607E-07
   0.890499976E-07   0.215793278E-06  -0.497040219E-06   0.572144501E-07
   0.126726633E-06   0.253336907E-06  -0.825912991E-06   0.897837253E-07
   0.217104571E-06   0.442289547E-06  -0.149885909E-05   0.190800264E-06
   0.399674207E-06   0.857028908E-06  -0.284006728E-05   0.398739274E-06
   0.633533944E-06   0.137423388E-05  -0.453060647E-05   0.658228544E-06
   0.932702733E-06   0.202036790E-05  -0.665787456E-05   0.986635087E-06
   0.117262925E-05   0.256509065E-05  -0.832588648E-05   0.123408904E-05
   0.155783823E-05   0.334278752E-05  -0.109069342E-04   0.161584205E-05
   0.167114661E-05   0.354906751E-05  -0.115130752E-04   0.169848897E-05
   0.192806783E-05   0.408424557E-05  -0.130348426E-04   0.188230683E-05
   0.183506802E-05   0.385182011E-05  -0.120667273E-04   0.172251407E-05
   0.132360753E-05   0.272644388E-05  -0.833314971E-05   0.118980597E-05
   0.837088066E-06   0.168382178E-05  -0.489497370E-05   0.712792655E-06
   0.539686823E-06   0.965872573E-06  -0.281302755E-05   0.431249077E-06
   0.113790406E-05   0.173249009E-05  -0.683505687E-05   0.946205489E-06
   0.356932082E-05   0.580006235E-05  -0.228186018E-04   0.302618128E-05
   0.903700220E-05   0.149981925E-04  -0.573112738E-04   0.722360664E-05
   0.201677976E-04   0.334990509E-04  -0.125306062E-03   0.152140010E-04
   0.396401701E-04   0.653730604E-04  -0.240255511E-03   0.280841450E-04
   0.703521291E-04   0.115045543E-03  -0.415353017E-03   0.463775978E-04
   0.113774331E-03   0.183704542E-03  -0.651918410E-03   0.694814153E-04
   0.176433925E-03   0.281466055E-03  -0.980057404E-03   0.995490991E-04
   0.257956679E-03   0.407872401E-03  -0.138525350E-02   0.132782370E-03
   0.362972205E-03   0.568689662E-03  -0.187741930E-02   0.170191750E-03
   0.494043692E-03   0.768946426E-03  -0.245265802E-02   0.209481164E-03
   0.649933063E-03   0.101017929E-02  -0.308205769E-02   0.245399744E-03
   0.836139254E-03   0.130184181E-02  -0.376745290E-02   0.279478292E-03
   0.105089578E-02   0.164857984E-02  -0.446761725E-02   0.305920054E-03
   0.129936461E-02   0.206433446E-02  -0.517254835E-02   0.323658605E-03
   0.158213789E-02   0.255696010E-02  -0.583703863E-02   0.333469390E-03
   0.190486817E-02   0.314363185E-02  -0.644059433E-02   0.331869931E-03
   0.226922124E-02   0.383490371E-02  -0.692404108E-02   0.317850237E-03
   0.268195127E-02   0.464335177E-02  -0.726566231E-02   0.292239711E-03
   0.314078433E-02   0.556616113E-02  -0.738585880E-02   0.254327664E-03
   0.363153545E-02   0.657395367E-02  -0.719760917E-02   0.208413330E-03
   0.413355278E-02   0.761750201E-02  -0.661550183E-02   0.153577508E-03
   0.461023068E-02   0.861673150E-02  -0.557921687E-02   0.977501331E-04
   0.500502251E-02   0.945064891E-02  -0.406642957E-02   0.476661589E-04
   0.527305994E-02   0.100154746E-01  -0.215070369E-02   0.125806064E-04
   0.536545366E-02   0.102129253E-01  -0.556190294E-08   0.000000000E+00
