   0.487298286E-02   0.642137975E-01   0.575746117E-08   0.000000000E+00
   0.479269493E-02   0.629394054E-01   0.596446311E-02   0.386899046E-04
   0.456907367E-02   0.594787933E-01   0.112021612E-01   0.145209531E-03
   0.423416309E-02   0.542773381E-01   0.151890106E-01   0.296952610E-03
   0.383731793E-02   0.480497032E-01   0.177250374E-01   0.461390882E-03
   0.342097576E-02   0.415034629E-01   0.188953169E-01   0.615384721E-03
   0.301834289E-02   0.351468213E-01   0.189664885E-01   0.744473713E-03
   0.264889630E-02   0.293467715E-01   0.182615165E-01   0.836004969E-03
   0.231752195E-02   0.242443420E-01   0.170548446E-01   0.891259871E-03
   0.202427106E-02   0.198605824E-01   0.155695640E-01   0.915921351E-03
   0.176349189E-02   0.161867850E-01   0.139606753E-01   0.908990565E-03
   0.153054146E-02   0.131172985E-01   0.123258159E-01   0.879679865E-03
   0.132253557E-02   0.105844578E-01   0.107450103E-01   0.838073203E-03
   0.113155541E-02   0.849458575E-02   0.922767259E-02   0.776028377E-03
   0.957630575E-03   0.677391747E-02   0.781040220E-02   0.703775731E-03
   0.800242182E-03   0.536167575E-02   0.651384797E-02   0.627787958E-03
   0.659724232E-03   0.420867698E-02   0.535377068E-02   0.544700189E-03
   0.534645573E-03   0.326297525E-02   0.432079472E-02   0.465741934E-03
   0.425976497E-03   0.250106142E-02   0.342817046E-02   0.389880821E-03
   0.331364863E-03   0.187834492E-02   0.265257643E-02   0.316885038E-03
   0.253282720E-03   0.139316241E-02   0.201801537E-02   0.250810233E-03
   0.188071514E-03   0.100512640E-02   0.148859085E-02   0.192396532E-03
   0.135949405E-03   0.705087557E-03   0.106677227E-02   0.144545687E-03
   0.955786381E-04   0.481318624E-03   0.742286269E-03   0.104562307E-03
   0.635095494E-04   0.310688192E-03   0.485713041E-03   0.705610510E-04
   0.414915594E-04   0.195537636E-03   0.311145413E-03   0.466955789E-04
   0.252172194E-04   0.112980495E-03   0.183192475E-03   0.287536932E-04
   0.150707019E-04   0.631887160E-04   0.105012543E-03   0.170555613E-04
   0.795402048E-05   0.301085911E-04   0.511959806E-04   0.871109387E-05
   0.373979401E-05   0.121902513E-04   0.207816174E-04   0.370243583E-05
   0.168880001E-05   0.457139322E-05   0.724440361E-05   0.126757254E-05
   0.660695434E-06   0.209834707E-05   0.172579973E-05   0.160042902E-06
   0.367953277E-06   0.269282896E-05   0.175680429E-05   0.159022093E-06
   0.437362274E-06   0.420877132E-05   0.371353076E-05   0.396858866E-06
   0.590521381E-06   0.609075778E-05   0.625510120E-05   0.870068675E-06
   0.793959657E-06   0.772523435E-05   0.862980505E-05   0.127304338E-05
   0.883571886E-06   0.839372024E-05   0.985842689E-05   0.167759970E-05
   0.857536691E-06   0.790607646E-05   0.961697697E-05   0.176721608E-05
   0.780206960E-06   0.732445369E-05   0.896349229E-05   0.185954775E-05
   0.717924138E-06   0.696106326E-05   0.845953673E-05   0.196043675E-05
   0.588133446E-06   0.586574743E-05   0.703435080E-05   0.187827720E-05
   0.470467995E-06   0.476095647E-05   0.551222411E-05   0.174419608E-05
   0.316860223E-06   0.361842194E-05   0.361272487E-05   0.160624734E-05
   0.293199406E-06   0.320541994E-05   0.260178990E-05   0.164840583E-05
   0.346937156E-06   0.279035748E-05   0.947701494E-06   0.172996397E-05
   0.401686577E-06   0.240685904E-05  -0.720224193E-06   0.168988197E-05
   0.543091232E-06   0.233131777E-05  -0.246824970E-05   0.171375154E-05
   0.707526567E-06   0.246864738E-05  -0.361820230E-05   0.177676259E-05
   0.986036980E-06   0.293875087E-05  -0.540625979E-05   0.200068234E-05
   0.126192174E-05   0.324871348E-05  -0.705694356E-05   0.197016425E-05
   0.162364620E-05   0.388612807E-05  -0.887782335E-05   0.217134448E-05
   0.186889827E-05   0.420059177E-05  -0.991430716E-05   0.213001636E-05
   0.219796880E-05   0.482516498E-05  -0.114149834E-04   0.219900971E-05
   0.245237493E-05   0.521523771E-05  -0.122477995E-04   0.203672585E-05
   0.242742567E-05   0.522140454E-05  -0.118106846E-04   0.191574077E-05
   0.210938106E-05   0.431440094E-05  -0.966120479E-05   0.153765404E-05
   0.176964579E-05   0.358626153E-05  -0.732584795E-05   0.934246827E-06
   0.135388564E-05   0.259975332E-05  -0.458305612E-05   0.446591088E-06
   0.994311563E-06   0.149988534E-05  -0.215863724E-05   0.872155397E-07
   0.107172718E-05   0.117828756E-05  -0.202234583E-05   0.246967915E-06
   0.265802259E-05   0.305306025E-05  -0.913351323E-05   0.155544831E-05
   0.635236029E-05   0.858793919E-05  -0.265814961E-04   0.454148812E-05
   0.137232528E-04   0.196282490E-04  -0.602581749E-04   0.997800362E-05
   0.264260871E-04   0.393691989E-04  -0.118244199E-03   0.188047579E-04
   0.476477144E-04   0.725873542E-04  -0.213915147E-03   0.325079927E-04
   0.789493788E-04   0.120843353E-03  -0.350489427E-03   0.515292340E-04
   0.122667509E-03   0.189261686E-03  -0.537468120E-03   0.758322931E-04
   0.184839475E-03   0.285035669E-03  -0.795203028E-03   0.108403998E-03
   0.266155694E-03   0.410598499E-03  -0.112155767E-02   0.146721679E-03
   0.370486552E-03   0.571978104E-03  -0.152455340E-02   0.190962310E-03
   0.500842405E-03   0.773782900E-03  -0.200617453E-02   0.239435860E-03
   0.667662593E-03   0.103608775E-02  -0.260219793E-02   0.294259604E-03
   0.863270368E-03   0.134538824E-02  -0.325646647E-02   0.350994669E-03
   0.109478761E-02   0.172112568E-02  -0.398495095E-02   0.406453881E-03
   0.136910507E-02   0.218113302E-02  -0.479452731E-02   0.457170390E-03
   0.169270742E-02   0.273697847E-02  -0.567994919E-02   0.510861864E-03
   0.206193677E-02   0.340113882E-02  -0.659647631E-02   0.552720623E-03
   0.249869772E-02   0.421781931E-02  -0.759193813E-02   0.587398885E-03
   0.299603539E-02   0.519444980E-02  -0.858072750E-02   0.608306436E-03
   0.357344281E-02   0.637498032E-02  -0.958343223E-02   0.622878200E-03
   0.424387539E-02   0.779902469E-02  -0.105741080E-01   0.625171058E-03
   0.502309669E-02   0.951029081E-02  -0.115127005E-01   0.606713234E-03
   0.592390634E-02   0.115444139E-01  -0.123350900E-01   0.576232327E-03
   0.694918679E-02   0.139115592E-01  -0.129466290E-01   0.528030912E-03
   0.809851009E-02   0.166048259E-01  -0.132194869E-01   0.458714145E-03
   0.932762399E-02   0.195364095E-01  -0.129742799E-01   0.377588964E-03
   0.105910124E-01   0.225670766E-01  -0.120267412E-01   0.277356070E-03
   0.117780836E-01   0.254568867E-01  -0.102125499E-01   0.178239672E-03
   0.127572492E-01   0.278524049E-01  -0.747834984E-02   0.869381111E-04
   0.134298792E-01   0.294957925E-01  -0.397119392E-02   0.229809339E-04
   0.136425560E-01   0.300247204E-01  -0.103064250E-07   0.000000000E+00
