   0.160807930E-01   0.140668929E+00   0.785478141E-10   0.000000000E+00
   0.158189945E-01   0.138392121E+00   0.113136210E-01   0.776765519E-04
   0.150983147E-01   0.132010728E+00   0.214260556E-01   0.294138881E-03
   0.140140699E-01   0.122343421E+00   0.294417441E-01   0.606820278E-03
   0.126963817E-01   0.110454828E+00   0.349175110E-01   0.961090496E-03
   0.112935593E-01   0.976202041E-01   0.379098356E-01   0.130017346E-02
   0.990350079E-02   0.847238451E-01   0.387598798E-01   0.160857628E-02
   0.861717947E-02   0.725874379E-01   0.380185843E-01   0.184132613E-02
   0.746060954E-02   0.615205839E-01   0.361603647E-01   0.199525408E-02
   0.644505117E-02   0.517217219E-01   0.336177349E-01   0.208748900E-02
   0.556925545E-02   0.432451069E-01   0.307464153E-01   0.212269044E-02
   0.481001474E-02   0.359815657E-01   0.277247056E-01   0.210786518E-02
   0.415568473E-02   0.298213810E-01   0.247328021E-01   0.205558492E-02
   0.358389830E-02   0.246282090E-01   0.218369979E-01   0.195508404E-02
   0.308058551E-02   0.202624612E-01   0.190836657E-01   0.182914187E-02
   0.263179839E-02   0.165802725E-01   0.164909996E-01   0.168337929E-02
   0.224658032E-02   0.135331694E-01   0.141819222E-01   0.154217076E-02
   0.188858388E-02   0.109496973E-01   0.119815944E-01   0.137628452E-02
   0.158223591E-02   0.882181060E-02   0.100616487E-01   0.121084915E-02
   0.130775815E-02   0.703257648E-02   0.832120143E-02   0.105581630E-02
   0.107087393E-02   0.556662353E-02   0.680740830E-02   0.897046586E-03
   0.863265595E-03   0.435162243E-02   0.547727849E-02   0.754249457E-03
   0.685531879E-03   0.335950800E-02   0.433538482E-02   0.617342070E-03
   0.537652581E-03   0.256376131E-02   0.338438759E-02   0.496280263E-03
   0.412709691E-03   0.191506906E-02   0.257944781E-02   0.392325775E-03
   0.310085918E-03   0.140161498E-02   0.191881426E-02   0.300601445E-03
   0.230975056E-03   0.101458677E-02   0.141198793E-02   0.225633848E-03
   0.167057908E-03   0.712480454E-03   0.100398529E-02   0.163515622E-03
   0.117007490E-03   0.482912670E-03   0.686261395E-03   0.113934977E-03
   0.798280089E-04   0.315497979E-03   0.451965694E-03   0.765851582E-04
   0.522669070E-04   0.196660025E-03   0.280560082E-03   0.476275018E-04
   0.327286471E-04   0.115624862E-03   0.161941221E-03   0.275857383E-04
   0.193598880E-04   0.628757989E-04   0.833187441E-04   0.142089366E-04
   0.118462985E-04   0.352699317E-04   0.430323016E-04   0.760545527E-05
   0.652441940E-05   0.185127992E-04   0.161214211E-04   0.361252683E-05
   0.343164288E-05   0.106992857E-04   0.190489868E-05   0.214062516E-05
   0.156047179E-05   0.863349214E-05  -0.411240944E-05   0.223821007E-05
   0.112469002E-05   0.994298807E-05  -0.304273658E-05   0.381982682E-05
   0.119296999E-05   0.134057937E-04  -0.804276794E-06   0.615625459E-05
   0.130538569E-05   0.161913631E-04   0.253971507E-05   0.812954568E-05
   0.160202899E-05   0.186329326E-04   0.482270480E-05   0.997154893E-05
   0.208279516E-05   0.210352700E-04   0.591106937E-05   0.120287914E-04
   0.234130857E-05   0.220839847E-04   0.565839673E-05   0.133690683E-04
   0.284642579E-05   0.235034331E-04   0.468408734E-05   0.148741638E-04
   0.317881131E-05   0.236316409E-04   0.243669888E-05   0.156198948E-04
   0.330806006E-05   0.228437511E-04  -0.629115107E-07   0.156184069E-04
   0.335790332E-05   0.209039263E-04  -0.475764136E-05   0.148719419E-04
   0.366662493E-05   0.208403544E-04  -0.571905912E-05   0.148352010E-04
   0.338886184E-05   0.190989012E-04  -0.579506013E-05   0.136371254E-04
   0.324379835E-05   0.172318178E-04  -0.610002826E-05   0.121936710E-04
   0.284428643E-05   0.147104920E-04  -0.558767761E-05   0.102310987E-04
   0.239436281E-05   0.120078657E-04  -0.316691080E-05   0.801120405E-05
   0.206224695E-05   0.975802777E-05  -0.271550135E-06   0.606125514E-05
   0.188943420E-05   0.744090812E-05   0.181559233E-05   0.396475525E-05
   0.241270368E-05   0.579100515E-05   0.659404918E-06   0.227555915E-05
   0.444086527E-05   0.712777864E-05  -0.583932933E-05   0.207140920E-05
   0.808255209E-05   0.102823651E-04  -0.177323764E-04   0.268188069E-05
   0.152775301E-04   0.203702039E-04  -0.448521751E-04   0.642309533E-05
   0.278172247E-04   0.395138959E-04  -0.940590326E-04   0.139094091E-04
   0.468734106E-04   0.691515161E-04  -0.168516985E-03   0.259764947E-04
   0.764162614E-04   0.116621573E-03  -0.284617126E-03   0.442217352E-04
   0.117286843E-03   0.184921169E-03  -0.444837962E-03   0.690368979E-04
   0.170856583E-03   0.274116435E-03  -0.648973568E-03   0.100760226E-03
   0.245949603E-03   0.399163517E-03  -0.931678107E-03   0.142976860E-03
   0.344236527E-03   0.565449300E-03  -0.129627809E-02   0.193350541E-03
   0.469632942E-03   0.780166709E-03  -0.175089808E-02   0.254166662E-03
   0.623206550E-03   0.104507408E-02  -0.228967378E-02   0.323402666E-03
   0.813866500E-03   0.137864402E-02  -0.294083939E-02   0.400949386E-03
   0.104052341E-02   0.177883392E-02  -0.368294772E-02   0.486047094E-03
   0.131032208E-02   0.226973416E-02  -0.453522988E-02   0.574964914E-03
   0.162646268E-02   0.286248932E-02  -0.549414940E-02   0.662042701E-03
   0.199780194E-02   0.357623771E-02  -0.657126587E-02   0.759572897E-03
   0.242486014E-02   0.442658830E-02  -0.774591556E-02   0.847509305E-03
   0.291338027E-02   0.544211268E-02  -0.901453290E-02   0.935038377E-03
   0.346612372E-02   0.664169295E-02  -0.103524057E-01   0.101502577E-02
   0.409812434E-02   0.808277726E-02  -0.117829079E-01   0.107454322E-02
   0.481435237E-02   0.979147851E-02  -0.132752163E-01   0.112838973E-02
   0.562975323E-02   0.118238414E-01  -0.148313250E-01   0.116781145E-02
   0.655613467E-02   0.142406039E-01  -0.164096113E-01   0.117818452E-02
   0.760809379E-02   0.170961749E-01  -0.179879665E-01   0.118490600E-02
   0.881009828E-02   0.204761978E-01  -0.195195414E-01   0.116194983E-02
   0.101755122E-01   0.244246032E-01  -0.209391844E-01   0.111234281E-02
   0.117139071E-01   0.289967600E-01  -0.221297871E-01   0.105153839E-02
   0.134141864E-01   0.341350660E-01  -0.228952523E-01   0.935277669E-03
   0.152465301E-01   0.398041271E-01  -0.230329260E-01   0.810670608E-03
   0.171649102E-01   0.458202064E-01  -0.222690795E-01   0.650712405E-03
   0.190436654E-01   0.518009886E-01  -0.203097966E-01   0.474331697E-03
   0.207493771E-01   0.573058389E-01  -0.169834401E-01   0.298411003E-03
   0.221453756E-01   0.618520901E-01  -0.122992974E-01   0.144148449E-03
   0.230504349E-01   0.648132637E-01  -0.647150585E-02   0.378860568E-04
   0.233571790E-01   0.658262894E-01  -0.178189516E-07   0.000000000E+00
