   0.454667228E-03   0.577620864E-01  -0.152841989E-09   0.000000000E+00
   0.465520279E-03   0.567396507E-01   0.510406727E-02   0.329689756E-04
   0.496361463E-03   0.538411848E-01   0.970920455E-02   0.124140701E-03
   0.539300498E-03   0.494193174E-01   0.134112323E-01   0.253085513E-03
   0.583562709E-03   0.439330153E-01   0.159452539E-01   0.393156457E-03
   0.619236846E-03   0.379401296E-01   0.173110161E-01   0.519041205E-03
   0.636087731E-03   0.318690054E-01   0.175254457E-01   0.611556054E-03
   0.630998344E-03   0.260995030E-01   0.168458968E-01   0.669426983E-03
   0.601868145E-03   0.208720025E-01   0.154859368E-01   0.685539504E-03
   0.550087250E-03   0.162841603E-01   0.136319548E-01   0.659393496E-03
   0.480115064E-03   0.123730460E-01   0.114751402E-01   0.603293709E-03
   0.401300000E-03   0.916081294E-02   0.928533636E-02   0.525530078E-03
   0.320650521E-03   0.659306115E-02   0.720596826E-02   0.436041184E-03
   0.243337752E-03   0.458908966E-02   0.531819277E-02   0.342179294E-03
   0.173362394E-03   0.305846287E-02   0.367266615E-02   0.250597601E-03
   0.116233365E-03   0.195156073E-02   0.237704162E-02   0.170486848E-03
   0.720047174E-04   0.117768312E-02   0.140283082E-02   0.104339655E-03
   0.412753980E-04   0.674312876E-03   0.752128079E-03   0.575254817E-04
   0.214421016E-04   0.364588777E-03   0.350673392E-03   0.269028824E-04
   0.947970148E-05   0.185764628E-03   0.122996993E-03   0.860842374E-05
   0.378887125E-05   0.973125716E-04   0.318045641E-04   0.163889695E-05
   0.142965860E-05   0.589673073E-04   0.809211542E-05   0.510580151E-06
   0.113626561E-05   0.468833023E-04   0.227740129E-04   0.296931444E-05
   0.168471570E-05   0.471395360E-04   0.485354649E-04   0.611239238E-05
   0.198382077E-05   0.440955846E-04   0.621081053E-04   0.825591451E-05
   0.225286976E-05   0.426447368E-04   0.710347158E-04   0.959052340E-05
   0.198691737E-05   0.346834895E-04   0.628020716E-04   0.871248358E-05
   0.189098341E-05   0.306840739E-04   0.589628653E-04   0.820387413E-05
   0.132801983E-05   0.209103000E-04   0.409900349E-04   0.585902444E-05
   0.818582521E-06   0.128073389E-04   0.258769669E-04   0.383854740E-05
   0.515766146E-06   0.804951378E-05   0.161497173E-04   0.250646940E-05
   0.354303040E-06   0.545602279E-05   0.113020569E-04   0.176932122E-05
   0.183414187E-06   0.292399204E-05   0.612293434E-05   0.103601474E-05
   0.281462018E-07   0.485177964E-06   0.926444500E-06   0.171219213E-06
   0.121985311E-07   0.233983556E-06   0.438797088E-06   0.932487225E-07
   0.259151856E-08   0.234159625E-07  -0.492801817E-07   0.149983563E-07
   0.587647175E-08   0.491120780E-07   0.124917577E-06   0.146923771E-07
   0.116859749E-07   0.125280792E-06   0.312945446E-06   0.367752229E-07
   0.838955305E-08   0.767368888E-07   0.115577848E-06   0.205022967E-07
   0.171407084E-07   0.236126212E-06   0.467646487E-06   0.886969715E-07
   0.311535970E-07   0.398896731E-06   0.825347229E-06   0.139281482E-06
   0.209666862E-07   0.331364021E-06   0.711088433E-06   0.145019911E-06
   0.142864529E-07   0.183439866E-06   0.128843539E-06   0.109202659E-06
   0.233210713E-07   0.302305040E-06   0.214869402E-06   0.180372410E-06
   0.191596499E-07   0.190024792E-06  -0.459995675E-06   0.148394491E-06
   0.769823316E-08   0.110501553E-06  -0.816003407E-07   0.828243500E-07
   0.648458309E-08   0.115176434E-06  -0.114907252E-06   0.918263794E-07
   0.202049577E-07   0.166287805E-06  -0.489173658E-06   0.129710727E-06
   0.428968221E-07   0.290674052E-06  -0.997573807E-06   0.216699277E-06
   0.643187477E-07   0.388631491E-06  -0.146696470E-05   0.278413523E-06
   0.368832183E-07   0.213722828E-06  -0.814824602E-06   0.151337019E-06
   0.575765107E-07   0.334945781E-06  -0.121736775E-05   0.203735979E-06
   0.685135575E-07   0.371113146E-06  -0.146683885E-05   0.229116040E-06
   0.209094253E-07   0.103023169E-06  -0.443427439E-06   0.664081270E-07
   0.470497508E-08   0.244820733E-07  -0.908761990E-07   0.139705909E-07
   0.176276038E-08   0.213942855E-07  -0.282826029E-07   0.161079328E-07
   0.783297072E-08   0.599476238E-07  -0.172173074E-06   0.434507683E-07
   0.840369196E-07   0.500798194E-06  -0.180551046E-05   0.341624286E-06
   0.349474220E-06   0.187631406E-05  -0.722445429E-05   0.116479805E-05
   0.677973446E-06   0.345444164E-05  -0.135764485E-04   0.205809783E-05
   0.112009889E-05   0.559812406E-05  -0.219634294E-04   0.326721397E-05
   0.197302757E-05   0.957512202E-05  -0.377104188E-04   0.545285275E-05
   0.309805023E-05   0.146973534E-04  -0.575722115E-04   0.814488430E-05
   0.411024484E-05   0.190880310E-04  -0.732779154E-04   0.100820571E-04
   0.531273872E-05   0.240186946E-04  -0.896395795E-04   0.119354654E-04
   0.626556539E-05   0.275900056E-04  -0.971691770E-04   0.124760354E-04
   0.680580479E-05   0.290503503E-04  -0.914883931E-04   0.113661117E-04
   0.610015559E-05   0.245764768E-04  -0.580471715E-04   0.717979492E-05
   0.659933130E-05   0.246619202E-04  -0.313837700E-04   0.397210397E-05
   0.858549265E-05   0.291825054E-04  -0.101083006E-04   0.150165988E-05
   0.154997615E-04   0.498136942E-04  -0.410603243E-04   0.478816673E-05
   0.316822043E-04   0.101220816E-03  -0.167649196E-03   0.175428322E-04
   0.629371643E-04   0.201466872E-03  -0.444154604E-03   0.437991075E-04
   0.119950462E-03   0.384354498E-03  -0.984532642E-03   0.917960060E-04
   0.207126970E-03   0.661467027E-03  -0.176453858E-02   0.156464099E-03
   0.338488433E-03   0.107882486E-02  -0.289717619E-02   0.242651906E-03
   0.524898933E-03   0.166986254E-02  -0.440200092E-02   0.347694906E-03
   0.774830405E-03   0.246541598E-02  -0.624213507E-02   0.464712270E-03
   0.108731852E-02   0.347422692E-02  -0.822428893E-02   0.576253864E-03
   0.147807039E-02   0.475489441E-02  -0.103966231E-01   0.682345766E-03
   0.194027205E-02   0.630666921E-02  -0.124824373E-01   0.765093486E-03
   0.248116977E-02   0.816517696E-02  -0.144265108E-01   0.820124988E-03
   0.309768901E-02   0.103313196E-01  -0.160651784E-01   0.836212712E-03
   0.377697707E-02   0.127697233E-01  -0.171395503E-01   0.808059529E-03
   0.450846041E-02   0.154286586E-01  -0.175591167E-01   0.735829002E-03
   0.526557676E-02   0.182028748E-01  -0.171096548E-01   0.616999459E-03
   0.600522058E-02   0.209196620E-01  -0.156252533E-01   0.464206969E-03
   0.667727785E-02   0.233851075E-01  -0.130415671E-01   0.298643339E-03
   0.722274138E-02   0.253754538E-01  -0.942361914E-02   0.146288250E-03
   0.758020021E-02   0.266799163E-01  -0.495335180E-02   0.389918823E-04
   0.770384679E-02   0.271300618E-01  -0.106952536E-07   0.000000000E+00
