   0.465375662E-03   0.523258112E-01   0.793476307E-08   0.000000000E+00
   0.473948807E-03   0.513602234E-01   0.465952326E-02   0.303946399E-04
   0.497274334E-03   0.485649034E-01   0.881732721E-02   0.113955924E-03
   0.528716249E-03   0.443302207E-01   0.121215135E-01   0.229948462E-03
   0.559279171E-03   0.391187146E-01   0.143212751E-01   0.353183656E-03
   0.580564374E-03   0.334736221E-01   0.154177388E-01   0.462711236E-03
   0.585396658E-03   0.278386027E-01   0.155157261E-01   0.540836540E-03
   0.568655028E-03   0.225297399E-01   0.147490427E-01   0.579252432E-03
   0.530642923E-03   0.177560933E-01   0.133549124E-01   0.584636058E-03
   0.474128348E-03   0.136254374E-01   0.115566906E-01   0.550450932E-03
   0.405247760E-03   0.101804649E-01   0.958125759E-02   0.495557964E-03
   0.329755596E-03   0.737712672E-02   0.757114170E-02   0.419845921E-03
   0.254036888E-03   0.516119367E-02   0.566564687E-02   0.335682707E-03
   0.187604091E-03   0.350361597E-02   0.407901686E-02   0.257942040E-03
   0.128506115E-03   0.225988589E-02   0.270357658E-02   0.180215589E-03
   0.817202672E-04   0.138349575E-02   0.164749369E-02   0.114283132E-03
   0.476798450E-04   0.797078421E-03   0.903157284E-03   0.648195710E-04
   0.256458006E-04   0.436479313E-03   0.444187375E-03   0.322899759E-04
   0.120909772E-04   0.224571108E-03   0.176666828E-03   0.123978089E-04
   0.457171973E-05   0.111239380E-03   0.418695490E-04   0.213527801E-05
   0.170384021E-05   0.627968257E-04   0.783139876E-05   0.255727315E-06
   0.111193560E-05   0.455285408E-04   0.167904327E-04   0.201049397E-05
   0.134519939E-05   0.406545842E-04   0.364968764E-04   0.455332156E-05
   0.173476974E-05   0.398942793E-04   0.546585143E-04   0.707745494E-05
   0.186953559E-05   0.362908359E-04   0.602139844E-04   0.791587718E-05
   0.181919108E-05   0.316795122E-04   0.579400439E-04   0.768337941E-05
   0.152283815E-05   0.251386973E-04   0.489353697E-04   0.671262023E-05
   0.114894794E-05   0.179502385E-04   0.360278282E-04   0.490836237E-05
   0.716442401E-06   0.111501886E-04   0.227955206E-04   0.326653640E-05
   0.418242536E-06   0.653214238E-05   0.135323344E-04   0.203116656E-05
   0.209235466E-06   0.334269748E-05   0.701081672E-05   0.111378176E-05
   0.113727644E-06   0.177471543E-05   0.375162381E-05   0.586618569E-06
   0.240071074E-07   0.451374376E-06   0.876054344E-06   0.182031670E-06
   0.383250054E-08   0.987252093E-07   0.803667106E-07   0.594195946E-07
   0.476005546E-08   0.397652009E-07  -0.106927374E-06   0.281983379E-07
   0.209194901E-07   0.223184216E-06   0.413573503E-06   0.713313639E-07
   0.187980369E-07   0.203018260E-06   0.521858112E-06   0.592946492E-07
   0.195671142E-07   0.227881145E-06   0.529373779E-06   0.717435498E-07
   0.328872041E-07   0.393009060E-06   0.978259550E-06   0.127093983E-06
   0.369266431E-07   0.441498827E-06   0.102121453E-05   0.143715539E-06
   0.508274844E-07   0.666344590E-06   0.154782697E-05   0.236978266E-06
   0.115900560E-07   0.176659441E-06   0.401086936E-06   0.749799014E-07
   0.108856648E-07   0.167574839E-06   0.379092455E-06   0.717726394E-07
   0.195178202E-07   0.220344546E-06   0.547480390E-07   0.133681198E-06
   0.261974464E-08   0.489071112E-07   0.463069476E-07   0.303739007E-07
   0.214569806E-08   0.374309970E-07  -0.271601763E-07   0.287231199E-07
   0.156979163E-08   0.194957916E-07  -0.457473668E-07   0.160609890E-07
   0.113851595E-07   0.921399135E-07  -0.201723964E-06   0.667555682E-07
   0.281224395E-07   0.165492636E-06  -0.664997287E-06   0.110984928E-06
   0.244977034E-07   0.140041649E-06  -0.455197210E-06   0.751515969E-07
   0.534161515E-07   0.280430470E-06  -0.120612253E-05   0.179655046E-06
   0.829682989E-07   0.455585479E-06  -0.178559947E-05   0.274844183E-06
   0.532001501E-07   0.278519735E-06  -0.120930360E-05   0.184978461E-06
   0.478935789E-07   0.235767274E-06  -0.104828598E-05   0.147406638E-06
   0.551807453E-07   0.289690121E-06  -0.106756806E-05   0.155269703E-06
   0.215500062E-07   0.120260268E-06  -0.346612239E-06   0.569966367E-07
   0.135796097E-08   0.908893494E-08  -0.155991415E-07   0.525669552E-08
   0.214790532E-07   0.118993825E-06  -0.429318050E-06   0.672627039E-07
   0.132224258E-06   0.719404341E-06  -0.288030355E-05   0.466362934E-06
   0.224643131E-06   0.116688636E-05  -0.473035107E-05   0.719630521E-06
   0.664371498E-06   0.336922881E-05  -0.137750185E-04   0.203395507E-05
   0.113312717E-05   0.554750068E-05  -0.228579265E-04   0.326150484E-05
   0.187640308E-05   0.894707864E-05  -0.365661508E-04   0.498690042E-05
   0.318936986E-05   0.148206891E-04  -0.606423055E-04   0.815182921E-05
   0.419075013E-05   0.189640705E-04  -0.764520228E-04   0.101095775E-04
   0.571720830E-05   0.251703659E-04  -0.984632934E-04   0.124885983E-04
   0.634670232E-05   0.270131368E-04  -0.995601004E-04   0.123479867E-04
   0.631172043E-05   0.258670098E-04  -0.821271678E-04   0.979927427E-05
   0.648658124E-05   0.250746762E-04  -0.585786911E-04   0.679197956E-05
   0.673712884E-05   0.235074567E-04  -0.235509833E-04   0.277118579E-05
   0.969867870E-05   0.309960778E-04  -0.105197687E-04   0.141531234E-05
   0.184852688E-04   0.572941135E-04  -0.557107451E-04   0.602739829E-05
   0.396355535E-04   0.123518519E-03  -0.240005291E-03   0.235905100E-04
   0.773954380E-04   0.241734029E-03  -0.573595287E-03   0.533830680E-04
   0.144950347E-03   0.452522596E-03  -0.120384514E-02   0.106049309E-03
   0.250220357E-03   0.778635207E-03  -0.214424334E-02   0.178447153E-03
   0.401644007E-03   0.124625920E-02  -0.339119532E-02   0.266006915E-03
   0.609529729E-03   0.188878842E-02  -0.494108815E-02   0.365542568E-03
   0.886566297E-03   0.275034551E-02  -0.679792324E-02   0.473357824E-03
   0.123627251E-02   0.385211059E-02  -0.881933980E-02   0.573356228E-03
   0.166274828E-02   0.522084534E-02  -0.108627044E-01   0.657642726E-03
   0.216902862E-02   0.687821442E-02  -0.127914632E-01   0.719244999E-03
   0.274996413E-02   0.882099010E-02  -0.143939154E-01   0.746282691E-03
   0.340558146E-02   0.110497167E-01  -0.155787924E-01   0.731220760E-03
   0.411833404E-02   0.135027692E-01  -0.161177926E-01   0.673302158E-03
   0.486689806E-02   0.160934925E-01  -0.158649459E-01   0.573503028E-03
   0.560562313E-02   0.186533667E-01  -0.146091385E-01   0.436894072E-03
   0.628374610E-02   0.209950134E-01  -0.122763105E-01   0.282697845E-03
   0.683590071E-02   0.228929445E-01  -0.891105831E-02   0.139761542E-03
   0.720097404E-02   0.241397992E-01  -0.469766464E-02   0.371925053E-04
   0.732729491E-02   0.245700590E-01  -0.137157707E-07   0.000000000E+00
