   0.107584528E-03   0.145905102E-01   0.000000000E+00   0.000000000E+00
   0.113545379E-03   0.142670497E-01   0.172477879E-02   0.101321730E-04
   0.130237531E-03   0.133515829E-01   0.323248352E-02   0.376249991E-04
   0.153015702E-03   0.119875725E-01   0.436257059E-02   0.750298277E-04
   0.175940775E-03   0.103712296E-01   0.503945723E-02   0.113563001E-03
   0.193887347E-03   0.867858622E-02   0.528214220E-02   0.145714366E-03
   0.203073418E-03   0.705242623E-02   0.516131986E-02   0.166858590E-03
   0.201357645E-03   0.557848439E-02   0.475900387E-02   0.175811365E-03
   0.188892547E-03   0.429534307E-02   0.416808808E-02   0.171617983E-03
   0.168471655E-03   0.322507345E-02   0.349569973E-02   0.159591975E-03
   0.142308592E-03   0.235225493E-02   0.279765972E-02   0.139632277E-03
   0.113722155E-03   0.166100683E-02   0.213259133E-02   0.115251212E-03
   0.857713749E-04   0.112922466E-02   0.154137588E-02   0.891547825E-04
   0.610272327E-04   0.735764799E-03   0.105417322E-02   0.654647229E-04
   0.398216725E-04   0.448998326E-03   0.658311415E-03   0.432802080E-04
   0.243809991E-04   0.259559485E-03   0.384159241E-03   0.264495175E-04
   0.132459081E-04   0.136332834E-03   0.194489447E-03   0.138612295E-04
   0.630831937E-05   0.650144284E-04   0.825584721E-04   0.591593835E-05
   0.259152876E-05   0.288176052E-04   0.274119338E-04   0.182789938E-05
   0.861771412E-06   0.129415257E-04   0.546295496E-05   0.220508639E-06
   0.261179252E-06   0.805936816E-05   0.136432857E-05   0.823083539E-07
   0.277465119E-06   0.800823273E-05   0.563271669E-05   0.642545729E-06
   0.454129378E-06   0.906143123E-05   0.110313449E-04   0.131502577E-05
   0.526969473E-06   0.851307868E-05   0.127014346E-04   0.154138309E-05
   0.541761040E-06   0.776428078E-05   0.128738466E-04   0.160174432E-05
   0.529851206E-06   0.697850828E-05   0.122219062E-04   0.154512747E-05
   0.380108304E-06   0.487535362E-05   0.888859358E-05   0.118332264E-05
   0.249479314E-06   0.310980545E-05   0.576029925E-05   0.785478449E-06
   0.143040779E-06   0.175505784E-05   0.331241131E-05   0.460851709E-06
   0.772720696E-07   0.954531856E-06   0.183306372E-05   0.265833449E-06
   0.321000044E-07   0.409988786E-06   0.786341559E-06   0.123119676E-06
   0.709434422E-08   0.103242598E-06   0.184714409E-06   0.343290303E-07
   0.521787058E-09   0.118846613E-07   0.141625192E-07   0.539045208E-08
   0.187727833E-08   0.151810706E-07   0.245239882E-07   0.495798957E-08
   0.119858956E-08   0.749691242E-08   0.150045469E-07   0.133917333E-08
   0.553409452E-08   0.495419101E-07   0.109059826E-06   0.130748621E-07
   0.127538442E-07   0.110143304E-06   0.222693942E-06   0.285630080E-07
   0.907573927E-08   0.819241563E-07   0.172848630E-06   0.220673488E-07
   0.829890290E-08   0.541605267E-07   0.715040116E-07   0.125044775E-07
   0.945779277E-08   0.789414187E-07   0.130564104E-06   0.223999166E-07
   0.733342143E-08   0.610228952E-07   0.130511125E-06   0.153184985E-07
   0.377199738E-08   0.364256074E-07   0.811063501E-07   0.117047598E-07
   0.123670685E-08   0.602530559E-08   0.709217463E-09   0.151635771E-08
   0.164433200E-08   0.146142867E-07   0.300909271E-07   0.404549372E-08
   0.230107933E-09   0.500409159E-09   0.135214756E-09  -0.133225819E-09
   0.812967083E-09   0.496807484E-08  -0.497954289E-09   0.263066102E-08
   0.868772332E-09   0.451015092E-08  -0.109733307E-07   0.320998783E-08
   0.237371300E-08   0.902100705E-08  -0.365826303E-07   0.609666317E-08
   0.398234334E-08   0.125657236E-07  -0.468096744E-07   0.608950979E-08
   0.311470894E-08   0.100606679E-07  -0.390772215E-07   0.635063380E-08
   0.710171255E-08   0.233638620E-07  -0.802341376E-07   0.109290443E-07
   0.207795754E-07   0.697935363E-07  -0.305055494E-06   0.452804301E-07
   0.292204785E-07   0.956709272E-07  -0.409611687E-06   0.580294142E-07
   0.101810196E-07   0.287815016E-07  -0.137053277E-06   0.170775092E-07
   0.173237886E-07   0.508996010E-07  -0.234596726E-06   0.298018215E-07
   0.590101612E-08   0.155280091E-07  -0.639730757E-07   0.593156058E-08
   0.871002737E-08   0.246357565E-07  -0.114200276E-06   0.139279175E-07
   0.492252239E-08   0.135546490E-07  -0.649058123E-07   0.850714432E-08
   0.508641218E-08   0.192866541E-07  -0.714592971E-07   0.126608874E-07
   0.386092722E-07   0.128617998E-06  -0.531916157E-06   0.831782785E-07
   0.111168504E-06   0.354634466E-06  -0.149474727E-05   0.218379284E-06
   0.261877517E-06   0.798057044E-06  -0.343499300E-05   0.488266210E-06
   0.501573936E-06   0.148456957E-05  -0.637448238E-05   0.850133347E-06
   0.838026892E-06   0.240858367E-05  -0.103978964E-04   0.137853533E-05
   0.133549224E-05   0.373782473E-05  -0.159738247E-04   0.202172100E-05
   0.175976254E-05   0.479830078E-05  -0.201102612E-04   0.247059802E-05
   0.228250133E-05   0.604487286E-05  -0.245776937E-04   0.292749701E-05
   0.240376198E-05   0.611708083E-05  -0.232588754E-04   0.264723963E-05
   0.241925568E-05   0.586918804E-05  -0.193959295E-04   0.219537696E-05
   0.204871753E-05   0.453240864E-05  -0.956035547E-05   0.104644585E-05
   0.216962826E-05   0.413626185E-05  -0.235481207E-05   0.326551543E-06
   0.401768011E-05   0.716728164E-05  -0.100017687E-04   0.116054377E-05
   0.928292138E-05   0.168430779E-04  -0.430397231E-04   0.428949897E-05
   0.214935117E-04   0.398644042E-04  -0.131199762E-03   0.120741324E-04
   0.445275655E-04   0.829650962E-04  -0.297377817E-03   0.256442872E-04
   0.843737362E-04   0.156691851E-03  -0.578183564E-03   0.467965838E-04
   0.143807309E-03   0.265042763E-03  -0.963822182E-03   0.729968451E-04
   0.229796613E-03   0.420518103E-03  -0.147900288E-02   0.104870218E-03
   0.345883192E-03   0.630026974E-03  -0.210264348E-02   0.138890202E-03
   0.495435379E-03   0.901455642E-03  -0.280407257E-02   0.172039217E-03
   0.680345518E-03   0.124219537E-02  -0.353298616E-02   0.200232447E-03
   0.906096655E-03   0.166600943E-02  -0.426942296E-02   0.221978727E-03
   0.117023964E-02   0.217367662E-02  -0.491961790E-02   0.232764258E-03
   0.147440459E-02   0.277052610E-02  -0.543578481E-02   0.231974773E-03
   0.181599392E-02   0.345195085E-02  -0.574953156E-02   0.216554705E-03
   0.218389067E-02   0.419358071E-02  -0.576281175E-02   0.186409321E-03
   0.256308378E-02   0.496094069E-02  -0.541604636E-02   0.144801263E-03
   0.292350259E-02   0.568881119E-02  -0.464171823E-02   0.953072886E-04
   0.322445040E-02   0.629476318E-02  -0.341504836E-02   0.476001405E-04
   0.342836417E-02   0.670350902E-02  -0.181644445E-02   0.128134352E-04
   0.350072747E-02   0.684823655E-02  -0.474076689E-08   0.000000000E+00
