   0.195013330E-03   0.172764882E-01   0.000000000E+00   0.000000000E+00
   0.201706353E-03   0.169312600E-01   0.210246583E-02   0.122057372E-04
   0.220798989E-03   0.159597136E-01   0.396079244E-02   0.459295479E-04
   0.246693962E-03   0.144963004E-01   0.538680330E-02   0.930418537E-04
   0.273782440E-03   0.127394451E-01   0.630355813E-02   0.143292549E-03
   0.296357379E-03   0.108811446E-01   0.672039948E-02   0.189710176E-03
   0.308320072E-03   0.905871391E-02   0.668499293E-02   0.223417403E-03
   0.309740630E-03   0.737693580E-02   0.633351784E-02   0.244641677E-03
   0.297989580E-03   0.589024881E-02   0.574025186E-02   0.250532961E-03
   0.275410188E-03   0.461157551E-02   0.501088565E-02   0.242836977E-03
   0.244846713E-03   0.354302209E-02   0.422884524E-02   0.226251694E-03
   0.207323174E-03   0.265171845E-02   0.341741997E-02   0.198587033E-03
   0.169891209E-03   0.194773765E-02   0.268881116E-02   0.168700382E-03
   0.132068541E-03   0.138074276E-02   0.201285677E-02   0.135802577E-03
   0.978962489E-04   0.945923850E-03   0.144108897E-02   0.103591658E-03
   0.692235699E-04   0.623304979E-03   0.984681188E-03   0.748329112E-04
   0.455261688E-04   0.385591062E-03   0.622646417E-03   0.500171700E-04
   0.278300467E-04   0.223318231E-03   0.362930965E-03   0.305326394E-04
   0.158513649E-04   0.120680219E-03   0.194116641E-03   0.168381193E-04
   0.811822702E-05   0.591400567E-04   0.902340253E-04   0.798979636E-05
   0.348833350E-05   0.255339492E-04   0.319471801E-04   0.272988746E-05
   0.116859235E-05   0.105208683E-04   0.625424354E-05   0.389411838E-06
   0.341832390E-06   0.629863416E-05   0.563184074E-06  -0.305851557E-07
   0.217161485E-06   0.669470001E-05   0.323940640E-05   0.417113085E-06
   0.361981733E-06   0.815031490E-05   0.799155259E-05   0.108481515E-05
   0.518333877E-06   0.893688775E-05   0.113720353E-04   0.156440615E-05
   0.632646334E-06   0.919071954E-05   0.132108498E-04   0.180329300E-05
   0.648149523E-06   0.872964029E-05   0.134432139E-04   0.194869767E-05
   0.506354070E-06   0.646410172E-05   0.103242446E-04   0.153358565E-05
   0.409997000E-06   0.501504928E-05   0.824446579E-05   0.124584255E-05
   0.271793397E-06   0.320526124E-05   0.532894182E-05   0.803731155E-06
   0.185964765E-06   0.215972523E-05   0.369081931E-05   0.571201383E-06
   0.103912761E-06   0.123347888E-05   0.210162943E-05   0.348344798E-06
   0.405642737E-07   0.502882017E-06   0.830642534E-06   0.149438335E-06
   0.181121820E-07   0.223787538E-06   0.379639602E-06   0.714378388E-07
   0.577093084E-08   0.749776703E-07   0.118056832E-06   0.224164847E-07
   0.125870681E-08   0.172605645E-07   0.193658458E-07   0.754399565E-08
   0.186499727E-08   0.169317165E-07   0.317540945E-07   0.556035129E-08
   0.187985139E-08   0.114142091E-07   0.207241051E-07   0.394587651E-08
   0.667400135E-08   0.729498879E-07   0.122061905E-06   0.250005847E-07
   0.487245755E-08   0.506936111E-07   0.835976692E-07   0.210527737E-07
   0.646264997E-08   0.790143773E-07   0.134162306E-06   0.312488382E-07
   0.522463584E-08   0.579164876E-07   0.572306682E-07   0.308445891E-07
   0.493634023E-08   0.474638071E-07   0.107111287E-08   0.307491987E-07
   0.137360843E-07   0.100650382E-06   0.362732564E-07   0.564049358E-07
   0.373772036E-08   0.404746103E-07  -0.200390016E-08   0.270879141E-07
   0.110803580E-07   0.518413366E-07  -0.148198652E-06   0.389924928E-07
   0.163428293E-07   0.701890386E-07  -0.186791851E-06   0.522857206E-07
   0.895028851E-08   0.419286010E-07  -0.964267457E-07   0.312988639E-07
   0.270213381E-07   0.884730724E-07  -0.318143009E-06   0.615603000E-07
   0.202801118E-07   0.661849526E-07  -0.242403075E-06   0.454939411E-07
   0.134468188E-07   0.435140990E-07  -0.155269916E-06   0.305486516E-07
   0.327535621E-08   0.107065086E-07  -0.320175069E-07   0.748655449E-08
   0.676783962E-09   0.180007476E-08  -0.833272618E-09   0.586387550E-09
   0.164687164E-08   0.126743069E-07  -0.178049415E-07   0.969363700E-08
   0.315770379E-07   0.982359154E-07  -0.338294001E-06   0.538679146E-07
   0.799471067E-07   0.240944843E-06  -0.879098536E-06   0.146652198E-06
   0.181608740E-06   0.524258553E-06  -0.195052894E-05   0.307877343E-06
   0.368561331E-06   0.105310903E-05  -0.391846743E-05   0.627170607E-06
   0.586523356E-06   0.161451874E-05  -0.606157528E-05   0.916061197E-06
   0.989357204E-06   0.269305679E-05  -0.100241223E-04   0.147777757E-05
   0.133513970E-05   0.353557812E-05  -0.130878889E-04   0.184232340E-05
   0.182826034E-05   0.477901131E-05  -0.173925218E-04   0.241005660E-05
   0.221868299E-05   0.565613664E-05  -0.202045339E-04   0.277033928E-05
   0.257922170E-05   0.646927765E-05  -0.220843413E-04   0.293778453E-05
   0.230780120E-05   0.560502667E-05  -0.174426314E-04   0.225860322E-05
   0.198517955E-05   0.462728030E-05  -0.116048986E-04   0.150721200E-05
   0.171161969E-05   0.360134595E-05  -0.511573080E-05   0.703726016E-06
   0.192957555E-05   0.331791261E-05  -0.222115477E-05   0.388196867E-06
   0.386764623E-05   0.627435793E-05  -0.114762561E-04   0.146242860E-05
   0.972082489E-05   0.164623998E-04  -0.507282966E-04   0.568310816E-05
   0.220528345E-04   0.385567218E-04  -0.136187751E-03   0.141294922E-04
   0.445000296E-04   0.783513096E-04  -0.289318385E-03   0.284548951E-04
   0.794392836E-04   0.139565818E-03  -0.515045540E-03   0.479842565E-04
   0.132500485E-03   0.231830069E-03  -0.842219335E-03   0.741969998E-04
   0.210287588E-03   0.366162742E-03  -0.129916496E-02   0.107547028E-03
   0.310401636E-03   0.538404624E-03  -0.183258462E-02   0.142389719E-03
   0.441453740E-03   0.765616132E-03  -0.247575855E-02   0.179291164E-03
   0.603955064E-03   0.105119823E-02  -0.318731344E-02   0.214612606E-03
   0.798310561E-03   0.140134245E-02  -0.392564200E-02   0.243233953E-03
   0.102694717E-02   0.182479864E-02  -0.465808483E-02   0.265790673E-03
   0.129316619E-02   0.233448809E-02  -0.535486965E-02   0.278458378E-03
   0.159476581E-02   0.293178856E-02  -0.594444666E-02   0.279657950E-03
   0.193138758E-02   0.362044573E-02  -0.636263890E-02   0.266212824E-03
   0.229984871E-02   0.439126929E-02  -0.655852398E-02   0.239865869E-03
   0.268948567E-02   0.522079831E-02  -0.644405372E-02   0.200839073E-03
   0.308249961E-02   0.606485317E-02  -0.595353451E-02   0.150862499E-03
   0.344978762E-02   0.685639633E-02  -0.502965599E-02   0.969497996E-04
   0.375327352E-02   0.751156732E-02  -0.366553944E-02   0.476577225E-04
   0.395524921E-02   0.794831477E-02  -0.193752546E-02   0.127004496E-04
   0.402594544E-02   0.810061861E-02  -0.427933600E-08   0.000000000E+00
