   0.389628054E-03   0.323737040E-01   0.392910016E-08   0.000000000E+00
   0.392485526E-03   0.316487141E-01   0.307486742E-02   0.202471638E-04
   0.399863231E-03   0.296096690E-01   0.576771144E-02   0.748480452E-04
   0.407825020E-03   0.265475381E-01   0.779721374E-02   0.147864630E-03
   0.411472342E-03   0.228824858E-01   0.902044959E-02   0.220535134E-03
   0.406013598E-03   0.190192573E-01   0.944851898E-02   0.277589977E-03
   0.388536428E-03   0.152881742E-01   0.920376368E-02   0.310478965E-03
   0.357647921E-03   0.118987616E-01   0.842519104E-02   0.320017600E-03
   0.314644887E-03   0.896554254E-02   0.728656398E-02   0.303390843E-03
   0.263764639E-03   0.653862488E-02   0.597835425E-02   0.270579767E-03
   0.210052574E-03   0.460600015E-02   0.465373369E-02   0.227224344E-03
   0.157937218E-03   0.312213693E-02   0.341690611E-02   0.178769711E-03
   0.110703739E-03   0.201513013E-02   0.232532923E-02   0.129142863E-03
   0.725674836E-04   0.123926171E-02   0.147395290E-02   0.864027970E-04
   0.429047723E-04   0.708794221E-03   0.824517279E-03   0.505107164E-04
   0.227253840E-04   0.376720796E-03   0.398266362E-03   0.247025382E-04
   0.106135994E-04   0.187004276E-03   0.157639675E-03   0.952179562E-05
   0.424276641E-05   0.888271534E-04   0.435819784E-04   0.212762484E-05
   0.156166629E-05   0.451205815E-04   0.755642986E-05   0.129166565E-06
   0.844160866E-06   0.297151364E-04   0.943536179E-05   0.904928640E-06
   0.964354854E-06   0.258492782E-04   0.238953435E-04   0.260814204E-05
   0.121991945E-05   0.250649409E-04   0.366858621E-04   0.417755700E-05
   0.127767078E-05   0.222143117E-04   0.394128801E-04   0.450836978E-05
   0.119766719E-05   0.189253224E-04   0.374544288E-04   0.437928247E-05
   0.880490575E-06   0.132551449E-04   0.275794682E-04   0.333295952E-05
   0.630743614E-06   0.913797612E-05   0.197533009E-04   0.243147610E-05
   0.361682396E-06   0.515065130E-05   0.112523803E-04   0.143288730E-05
   0.182499036E-06   0.267231076E-05   0.599853365E-05   0.815548844E-06
   0.634909441E-07   0.980232244E-06   0.216716103E-05   0.323785372E-06
   0.204597086E-07   0.312800012E-06   0.694479581E-06   0.102519898E-06
   0.279010060E-08   0.565956348E-07   0.104391617E-06   0.223813537E-07
   0.262988853E-08   0.242528220E-07   0.136067957E-07   0.104498232E-07
   0.717720816E-08   0.682142911E-07   0.161072336E-06   0.183569302E-07
   0.139723539E-07   0.134488488E-06   0.259820212E-06   0.397782536E-07
   0.174048242E-07   0.156017919E-06   0.262448339E-06   0.453537616E-07
   0.812771184E-08   0.921463794E-07   0.250157541E-06   0.301683727E-07
   0.112528555E-07   0.134017355E-06   0.353583914E-06   0.446687984E-07
   0.174072401E-07   0.175508617E-06   0.343480082E-06   0.569009906E-07
   0.102314397E-07   0.941197413E-07   0.196273632E-06   0.273132965E-07
   0.128510198E-07   0.959271134E-07   0.286409616E-07   0.347681350E-07
   0.306288328E-08   0.855822790E-08  -0.290596596E-07   0.454391247E-09
   0.457597160E-08   0.313118313E-07  -0.919327836E-09   0.113005436E-07
   0.251339571E-08   0.102114779E-07  -0.418914077E-07   0.460337235E-08
   0.343354944E-08   0.234881856E-07  -0.417404102E-07   0.124052226E-07
   0.319794746E-09   0.232815145E-08  -0.845217851E-08   0.175545478E-08
   0.120343391E-08   0.108722045E-07  -0.344630102E-07   0.875666029E-08
   0.480553997E-08   0.392279453E-07  -0.114446117E-06   0.299177429E-07
   0.253444293E-09   0.326997918E-08   0.831967739E-08   0.122698829E-08
   0.104781233E-07   0.644201421E-07  -0.182384554E-06   0.370965978E-07
   0.377671805E-08   0.215548237E-07  -0.349601734E-07   0.900359076E-08
   0.495543340E-08   0.209103295E-07  -0.433917151E-07   0.576125814E-08
   0.166841083E-07   0.758446959E-07  -0.351456379E-06   0.449613040E-07
   0.127921185E-07   0.550322632E-07  -0.226959997E-06   0.269155507E-07
   0.152743933E-07   0.657019399E-07  -0.331947888E-06   0.402061211E-07
   0.144849617E-07   0.594217759E-07  -0.308273940E-06   0.356053427E-07
   0.207306119E-07   0.939045322E-07  -0.403066139E-06   0.507005282E-07
   0.624150260E-07   0.309874963E-06  -0.136412575E-05   0.192677049E-06
   0.344581927E-07   0.159632293E-06  -0.747462934E-06   0.980926487E-07
   0.360032075E-07   0.183489988E-06  -0.714881764E-06   0.106011669E-06
   0.240415385E-07   0.119901102E-06  -0.522000960E-06   0.757391447E-07
   0.105819122E-07   0.569969707E-07  -0.231696646E-06   0.381811205E-07
   0.415008152E-07   0.216923013E-06  -0.916949432E-06   0.150167949E-06
   0.203368330E-06   0.924158940E-06  -0.424434347E-05   0.570472253E-06
   0.477466529E-06   0.211136307E-05  -0.981476114E-05   0.131158174E-05
   0.942347810E-06   0.398703196E-05  -0.185793360E-04   0.232502566E-05
   0.164804101E-05   0.670536474E-05  -0.312424891E-04   0.374791603E-05
   0.267258656E-05   0.105779864E-04  -0.488146834E-04   0.578087975E-05
   0.379838366E-05   0.145224913E-04  -0.653034513E-04   0.747664808E-05
   0.417508863E-05   0.152845314E-04  -0.640206126E-04   0.700194005E-05
   0.461666104E-05   0.159765550E-04  -0.585333873E-04   0.617356773E-05
   0.497581914E-05   0.159075116E-04  -0.424721075E-04   0.436086839E-05
   0.536474045E-05   0.151182476E-04  -0.148603867E-04   0.156463466E-05
   0.861897843E-05   0.225024287E-04  -0.112655416E-04   0.127069302E-05
   0.180107800E-04   0.470058621E-04  -0.662556777E-04   0.623945061E-05
   0.402404003E-04   0.106966596E-03  -0.255373394E-03   0.219966514E-04
   0.798183028E-04   0.212801155E-03  -0.583413173E-03   0.472864485E-04
   0.150614709E-03   0.400845893E-03  -0.118704315E-02   0.903942273E-04
   0.258726417E-03   0.685406616E-03  -0.203101849E-02   0.144833451E-03
   0.417415431E-03   0.110029604E-02  -0.316096446E-02   0.211356426E-03
   0.634343887E-03   0.166775577E-02  -0.450724270E-02   0.281868299E-03
   0.918014091E-03   0.241402071E-02  -0.599450199E-02   0.349503796E-03
   0.127229129E-02   0.335705653E-02  -0.747908233E-02   0.404206716E-03
   0.170272856E-02   0.451702531E-02  -0.885968283E-02   0.441678392E-03
   0.220899051E-02   0.589758763E-02  -0.999123137E-02   0.454297260E-03
   0.278440001E-02   0.747849001E-02  -0.107306726E-01   0.436790608E-03
   0.340722874E-02   0.919518061E-02  -0.108662574E-01   0.384170096E-03
   0.404529832E-02   0.109500270E-01  -0.102654891E-01   0.302512635E-03
   0.465068314E-02   0.126032243E-01  -0.883446727E-02   0.201473216E-03
   0.515617011E-02   0.139738442E-01  -0.651650131E-02   0.101517580E-03
   0.549277663E-02   0.148806227E-01  -0.346861151E-02   0.274290724E-04
   0.561261130E-02   0.152020762E-01  -0.100464135E-07   0.000000000E+00
