   0.223898515E-02   0.623850524E-01   0.000000000E+00   0.000000000E+00
   0.223883451E-02   0.616715774E-01   0.702064531E-02   0.440240256E-04
   0.224141497E-02   0.594814122E-01   0.135185691E-01   0.169795429E-03
   0.224144803E-02   0.560961254E-01   0.190659072E-01   0.359163270E-03
   0.223424262E-02   0.518012084E-01   0.233857632E-01   0.584310037E-03
   0.221767323E-02   0.469279625E-01   0.263855290E-01   0.822942704E-03
   0.218061334E-02   0.418437757E-01   0.280642193E-01   0.105108682E-02
   0.212104665E-02   0.367300473E-01   0.285560526E-01   0.124400132E-02
   0.204133778E-02   0.318624601E-01   0.281198211E-01   0.139334670E-02
   0.193537481E-02   0.273071788E-01   0.268827751E-01   0.149417692E-02
   0.180228229E-02   0.231447555E-01   0.250306111E-01   0.153535802E-02
   0.165494636E-02   0.194471404E-01   0.228542536E-01   0.153630518E-02
   0.148751715E-02   0.161428228E-01   0.203725975E-01   0.148834428E-02
   0.131576252E-02   0.132714678E-01   0.178454760E-01   0.140788907E-02
   0.114219321E-02   0.108031016E-01   0.153467720E-01   0.129292021E-02
   0.964646228E-03   0.864023529E-02   0.128469439E-01   0.115133834E-02
   0.802876661E-03   0.684055174E-02   0.106034726E-01   0.101190992E-02
   0.644726795E-03   0.527639873E-02   0.845064688E-02   0.849533826E-03
   0.512919796E-03   0.404020026E-02   0.667712605E-02   0.707398751E-03
   0.391202804E-03   0.298788422E-02   0.505782757E-02   0.560051296E-03
   0.289800460E-03   0.214389130E-02   0.371469953E-02   0.432650995E-03
   0.206969897E-03   0.148650247E-02   0.262703490E-02   0.318528590E-03
   0.143923782E-03   0.100493140E-02   0.180938642E-02   0.228707344E-03
   0.950471149E-04   0.641408376E-03   0.117634272E-02   0.154262030E-03
   0.579971274E-04   0.376059616E-03   0.700868433E-03   0.953961862E-04
   0.347552268E-04   0.214422122E-03   0.407633750E-03   0.569837503E-04
   0.188145059E-04   0.108304739E-03   0.210122918E-03   0.304711193E-04
   0.909016217E-05   0.470312043E-04   0.925739805E-04   0.136817780E-04
   0.393422533E-05   0.184127439E-04   0.346361958E-04   0.504209856E-05
   0.159855028E-05   0.768169411E-05   0.104186793E-04   0.870222152E-06
   0.860063835E-06   0.872887540E-05   0.857943814E-05   0.635400681E-06
   0.112726798E-05   0.129599102E-04   0.156264086E-04   0.151634197E-05
   0.166051780E-05   0.194641416E-04   0.253199050E-04   0.277788399E-05
   0.210365397E-05   0.238974371E-04   0.336190242E-04   0.435423726E-05
   0.235591847E-05   0.253636372E-04   0.370562848E-04   0.496573466E-05
   0.246163654E-05   0.248263004E-04   0.366334316E-04   0.469794713E-05
   0.236681626E-05   0.241503076E-04   0.374599913E-04   0.553552081E-05
   0.210313078E-05   0.210183680E-04   0.333574317E-04   0.509029996E-05
   0.177495997E-05   0.178715472E-04   0.283164827E-04   0.453419852E-05
   0.133705680E-05   0.140655638E-04   0.221869668E-04   0.401138414E-05
   0.908962875E-06   0.983877089E-05   0.153397341E-04   0.295181667E-05
   0.709847939E-06   0.819693378E-05   0.125583438E-04   0.281723032E-05
   0.437629922E-06   0.584244026E-05   0.828671909E-05   0.234137269E-05
   0.358391503E-06   0.490355251E-05   0.603616900E-05   0.244731609E-05
   0.232403366E-06   0.318284424E-05   0.134206118E-05   0.215606701E-05
   0.307290634E-06   0.317559397E-05  -0.155855588E-06   0.230725641E-05
   0.318741598E-06   0.273704813E-05  -0.229615080E-05   0.213973863E-05
   0.565027790E-06   0.311514100E-05  -0.554587723E-05   0.235266157E-05
   0.101611931E-05   0.427954456E-05  -0.105674217E-04   0.274787408E-05
   0.156640999E-05   0.590509853E-05  -0.156710867E-04   0.330245371E-05
   0.214004990E-05   0.762376931E-05  -0.207979192E-04   0.401117359E-05
   0.290308049E-05   0.993557114E-05  -0.272963298E-04   0.467538848E-05
   0.374766114E-05   0.124640583E-04  -0.345103836E-04   0.558525380E-05
   0.456384123E-05   0.145685844E-04  -0.410831381E-04   0.631925468E-05
   0.536485823E-05   0.173069620E-04  -0.477031972E-04   0.710872428E-05
   0.558612282E-05   0.178258142E-04  -0.486351164E-04   0.694784239E-05
   0.548341313E-05   0.178093960E-04  -0.463017095E-04   0.619642879E-05
   0.490663979E-05   0.154277477E-04  -0.402827354E-04   0.535764366E-05
   0.413361886E-05   0.128740112E-04  -0.314572899E-04   0.361395701E-05
   0.281930443E-05   0.831544276E-05  -0.184075525E-04   0.172157979E-05
   0.205079596E-05   0.491861101E-05  -0.100461457E-04   0.716153863E-06
   0.247656612E-05   0.484206748E-05  -0.121127769E-04   0.155147200E-05
   0.656232214E-05   0.134900001E-04  -0.444765319E-04   0.686235217E-05
   0.140939792E-04   0.309422794E-04  -0.103240491E-03   0.158756739E-04
   0.299072999E-04   0.690336747E-04  -0.228030258E-03   0.339544531E-04
   0.587498434E-04   0.139374170E-03  -0.453806599E-03   0.648550922E-04
   0.100377561E-03   0.239527610E-03  -0.768526748E-03   0.105893036E-03
   0.162633587E-03   0.390341273E-03  -0.123073335E-02   0.162155295E-03
   0.250604324E-03   0.602226122E-03  -0.186639803E-02   0.235795902E-03
   0.367343047E-03   0.880394364E-03  -0.267990725E-02   0.324343855E-03
   0.517052482E-03   0.123434339E-02  -0.368201244E-02   0.428717030E-03
   0.704563223E-03   0.168019277E-02  -0.488930801E-02   0.544068462E-03
   0.927826623E-03   0.221607531E-02  -0.625489559E-02   0.657878700E-03
   0.119794207E-02   0.287087378E-02  -0.782979280E-02   0.779185735E-03
   0.150431262E-02   0.363197667E-02  -0.949603133E-02   0.891737000E-03
   0.185238419E-02   0.452073105E-02  -0.112578860E-01   0.992252491E-03
   0.223744521E-02   0.554933632E-02  -0.130390767E-01   0.107016077E-02
   0.265968055E-02   0.672558509E-02  -0.147967217E-01   0.113654207E-02
   0.310858549E-02   0.805910584E-02  -0.164140183E-01   0.116637826E-02
   0.358908158E-02   0.958133489E-02  -0.178736486E-01   0.115996704E-02
   0.409455737E-02   0.112906415E-01  -0.190744922E-01   0.112987647E-02
   0.462087523E-02   0.131947836E-01  -0.199285317E-01   0.106366444E-02
   0.516323745E-02   0.152800716E-01  -0.203549545E-01   0.969824148E-03
   0.571466703E-02   0.175191462E-01  -0.202455092E-01   0.845368486E-03
   0.626186701E-02   0.198497884E-01  -0.195030272E-01   0.695879862E-03
   0.679108687E-02   0.221893229E-01  -0.180380903E-01   0.539252593E-03
   0.728209084E-02   0.244220663E-01  -0.157882012E-01   0.377965131E-03
   0.770393247E-02   0.263823774E-01  -0.127359712E-01   0.229564175E-03
   0.803137757E-02   0.279383045E-01  -0.896010827E-02   0.108603810E-03
   0.824080501E-02   0.289226770E-01  -0.463310862E-02   0.278801199E-04
   0.831169821E-02   0.292748455E-01  -0.114406644E-07   0.000000000E+00
