   0.276606530E-02   0.495366789E-01   0.124486402E-10   0.000000000E+00
   0.274274684E-02   0.487816073E-01   0.527873263E-02   0.337636848E-04
   0.267377635E-02   0.465267859E-01   0.100361286E-01   0.128448795E-03
   0.256713759E-02   0.431284197E-01   0.138756325E-01   0.266072515E-03
   0.243456825E-02   0.389263034E-01   0.165969282E-01   0.423129561E-03
   0.228454336E-02   0.343924612E-01   0.181877334E-01   0.581244589E-03
   0.212604017E-02   0.298119746E-01   0.187755954E-01   0.720252923E-03
   0.196468667E-02   0.254578367E-01   0.185668971E-01   0.827696931E-03
   0.180233014E-02   0.214913338E-01   0.177669842E-01   0.905659457E-03
   0.163831410E-02   0.179561935E-01   0.165456012E-01   0.946553366E-03
   0.147810054E-02   0.148802418E-01   0.150982747E-01   0.951880880E-03
   0.131729851E-02   0.122376634E-01   0.135004651E-01   0.933527714E-03
   0.115793187E-02   0.998324249E-02   0.118456762E-01   0.891170173E-03
   0.100298575E-02   0.807835255E-02   0.102137178E-01   0.831510348E-03
   0.855955470E-03   0.648284331E-02   0.866382755E-02   0.753661385E-03
   0.715931936E-03   0.513806660E-02   0.719879894E-02   0.670032576E-03
   0.587769959E-03   0.402451400E-02   0.587202189E-02   0.577858940E-03
   0.471655832E-03   0.310106250E-02   0.468270062E-02   0.485802535E-03
   0.370551366E-03   0.234949007E-02   0.365510536E-02   0.398474338E-03
   0.283310685E-03   0.173919136E-02   0.277656480E-02   0.318437757E-03
   0.210060956E-03   0.125351979E-02   0.204421324E-02   0.244217954E-03
   0.151889530E-03   0.880657055E-03   0.146599161E-02   0.182467469E-03
   0.106403691E-03   0.597591919E-03   0.101590191E-02   0.132083966E-03
   0.700527016E-04   0.381567923E-03   0.659293903E-03   0.886906346E-04
   0.448242499E-04   0.233748084E-03   0.413190661E-03   0.577537903E-04
   0.267529831E-04   0.131650610E-03   0.239079003E-03   0.349566180E-04
   0.148834679E-04   0.677065109E-04   0.126768282E-03   0.191398412E-04
   0.758840270E-05   0.311644981E-04   0.602203218E-04   0.939137408E-05
   0.357769591E-05   0.123857244E-04   0.250556204E-04   0.398649036E-05
   0.138499081E-05   0.384524128E-05   0.729619478E-05   0.105133211E-05
   0.629120962E-06   0.261105538E-05   0.297140355E-05   0.153888266E-06
   0.547079253E-06   0.429935881E-05   0.439397490E-05   0.206592773E-06
   0.718239676E-06   0.723817902E-05   0.832473506E-05   0.852581536E-06
   0.968740778E-06   0.913381791E-05   0.113797596E-04   0.124188364E-05
   0.118772846E-05   0.111566778E-04   0.145297554E-04   0.188658976E-05
   0.130029980E-05   0.119427741E-04   0.158088824E-04   0.222626886E-05
   0.120610639E-05   0.105756953E-04   0.145404774E-04   0.206597088E-05
   0.113077988E-05   0.971865575E-05   0.136465142E-04   0.201331591E-05
   0.982203801E-06   0.868412371E-05   0.122673437E-04   0.203812647E-05
   0.838353685E-06   0.756280679E-05   0.105968220E-04   0.187745627E-05
   0.592663810E-06   0.549053721E-05   0.768370046E-05   0.147403489E-05
   0.358240470E-06   0.376896651E-05   0.506137667E-05   0.126449174E-05
   0.275144856E-06   0.303248453E-05   0.385329940E-05   0.120828497E-05
   0.154613218E-06   0.212267992E-05   0.232228194E-05   0.970133101E-06
   0.146590239E-06   0.167188443E-05   0.905854847E-06   0.103020898E-05
   0.198802525E-06   0.143592013E-05  -0.511648977E-06   0.104229241E-05
   0.275117685E-06   0.142660224E-05  -0.177281856E-05   0.108440906E-05
   0.469923151E-06   0.170775570E-05  -0.324479424E-05   0.122388064E-05
   0.760970806E-06   0.229413536E-05  -0.553788595E-05   0.141625424E-05
   0.103046636E-05   0.283912300E-05  -0.727158476E-05   0.156015335E-05
   0.153700046E-05   0.396398536E-05  -0.104808578E-04   0.209184327E-05
   0.179709832E-05   0.454884321E-05  -0.120167833E-04   0.213991370E-05
   0.221577852E-05   0.531646901E-05  -0.143420748E-04   0.235606421E-05
   0.277430195E-05   0.669613291E-05  -0.177568782E-04   0.281657549E-05
   0.290073240E-05   0.693525499E-05  -0.180364605E-04   0.262246840E-05
   0.303934416E-05   0.702804709E-05  -0.183578959E-04   0.253191865E-05
   0.278203106E-05   0.649837511E-05  -0.163645855E-04   0.220016636E-05
   0.268548320E-05   0.614335158E-05  -0.150801598E-04   0.193309461E-05
   0.201815192E-05   0.454802603E-05  -0.102638587E-04   0.114485010E-05
   0.135815958E-05   0.265023959E-05  -0.535928802E-05   0.339398099E-06
   0.119205367E-05   0.162091339E-05  -0.391637423E-05   0.323689790E-06
   0.219357662E-05   0.282779047E-05  -0.963048296E-05   0.147507501E-05
   0.559228283E-05   0.822493803E-05  -0.291258148E-04   0.470098212E-05
   0.127789299E-04   0.211591650E-04  -0.718639130E-04   0.111714662E-04
   0.262591766E-04   0.450396838E-04  -0.148992505E-03   0.225699714E-04
   0.475954912E-04   0.835157043E-04  -0.268990494E-03   0.391064896E-04
   0.828290649E-04   0.146949707E-03  -0.463931356E-03   0.645052569E-04
   0.132701272E-03   0.235290863E-03  -0.730231928E-03   0.978548414E-04
   0.199603339E-03   0.354134798E-03  -0.107708829E-02   0.137838506E-03
   0.292007986E-03   0.516240310E-03  -0.154076505E-02   0.189210768E-03
   0.410033768E-03   0.724028330E-03  -0.211164192E-02   0.247565098E-03
   0.555385835E-03   0.978220836E-03  -0.278104120E-02   0.311663403E-03
   0.731964537E-03   0.129108096E-02  -0.355618400E-02   0.377850869E-03
   0.949406531E-03   0.168062956E-02  -0.446642330E-02   0.448104285E-03
   0.119670876E-02   0.213490287E-02  -0.542893587E-02   0.510534155E-03
   0.148151442E-02   0.267276401E-02  -0.645492785E-02   0.569751835E-03
   0.180906069E-02   0.331383781E-02  -0.754253520E-02   0.619713217E-03
   0.217808620E-02   0.406856369E-02  -0.864414498E-02   0.662022678E-03
   0.259134220E-02   0.495991064E-02  -0.973608997E-02   0.681986858E-03
   0.304956175E-02   0.600152090E-02  -0.107657472E-01   0.692420348E-03
   0.355865224E-02   0.722285919E-02  -0.117033226E-01   0.681435689E-03
   0.412379717E-02   0.864523649E-02  -0.125043821E-01   0.651452166E-03
   0.474386383E-02   0.102720689E-01  -0.131008243E-01   0.601165229E-03
   0.541710155E-02   0.121070752E-01  -0.133954845E-01   0.539974950E-03
   0.613421155E-02   0.141202677E-01  -0.132830413E-01   0.457118411E-03
   0.686651468E-02   0.162183084E-01  -0.126538454E-01   0.361257029E-03
   0.758493552E-02   0.183125082E-01  -0.113897286E-01   0.259202410E-03
   0.823484547E-02   0.202430580E-01  -0.942255184E-02   0.162272976E-03
   0.876858179E-02   0.218373686E-01  -0.676984200E-02   0.776997622E-04
   0.910651404E-02   0.228464715E-01  -0.354199274E-02   0.201982548E-04
   0.922719948E-02   0.232178029E-01  -0.908400732E-08   0.000000000E+00
