   0.323498185E-03   0.290589817E-01   0.000000000E+00   0.000000000E+00
   0.334737299E-03   0.285917260E-01   0.372602697E-02   0.221661594E-04
   0.366524822E-03   0.272056721E-01   0.710312417E-02   0.844315073E-04
   0.411479006E-03   0.251130648E-01   0.986243133E-02   0.174330940E-03
   0.462240132E-03   0.225560907E-01   0.118617006E-01   0.279415195E-03
   0.507711724E-03   0.197611377E-01   0.130482018E-01   0.381032529E-03
   0.539539731E-03   0.169376303E-01   0.134580266E-01   0.467396952E-03
   0.553881691E-03   0.142552154E-01   0.132334894E-01   0.531809987E-03
   0.547423318E-03   0.118013509E-01   0.124947345E-01   0.565681956E-03
   0.522397691E-03   0.962028280E-02   0.114014484E-01   0.578750682E-03
   0.479284179E-03   0.771382777E-02   0.100509301E-01   0.561503693E-03
   0.423460413E-03   0.607547304E-02   0.857454725E-02   0.524805975E-03
   0.360583042E-03   0.469919154E-02   0.708910078E-02   0.470427767E-03
   0.295631326E-03   0.355372415E-02   0.566806179E-02   0.404449704E-03
   0.232927676E-03   0.261764624E-02   0.437232433E-02   0.334112934E-03
   0.175078458E-03   0.186130940E-02   0.322738313E-02   0.262633868E-03
   0.125203936E-03   0.127030129E-02   0.227027456E-02   0.195115586E-03
   0.850636352E-04   0.827326206E-03   0.151915150E-02   0.138403120E-03
   0.540918372E-04   0.505631266E-03   0.950326503E-03   0.910437666E-04
   0.323099957E-04   0.290459051E-03   0.557380437E-03   0.557477215E-04
   0.171267693E-04   0.147538027E-03   0.287814357E-03   0.298973519E-04
   0.806524349E-05   0.658270947E-04   0.130189350E-03   0.139290787E-04
   0.329427189E-05   0.251641668E-04   0.500997630E-04   0.552824349E-05
   0.979076390E-06   0.754400799E-05   0.133052772E-04   0.152623352E-05
   0.401711958E-06   0.494539654E-05   0.663477022E-05   0.907632284E-06
   0.550544598E-06   0.802679733E-05   0.119600209E-04   0.177457468E-05
   0.953166023E-06   0.125208308E-04   0.204257485E-04   0.281504185E-05
   0.118965806E-05   0.146337497E-04   0.249484929E-04   0.347302444E-05
   0.129246632E-05   0.154207264E-04   0.269538741E-04   0.391074627E-05
   0.130141382E-05   0.150052747E-04   0.267921387E-04   0.391260073E-05
   0.104353103E-05   0.117986901E-04   0.209755490E-04   0.308978360E-05
   0.866927564E-06   0.973058650E-05   0.176076646E-04   0.267825089E-05
   0.645939565E-06   0.713586542E-05   0.131078650E-04   0.200933596E-05
   0.359447824E-06   0.394260724E-05   0.732479839E-05   0.114119132E-05
   0.271161809E-06   0.279199207E-05   0.504363607E-05   0.732364185E-06
   0.106679110E-06   0.106956838E-05   0.203994136E-05   0.283443711E-06
   0.630939212E-07   0.592216509E-06   0.110437691E-05   0.142371618E-06
   0.230213448E-07   0.173652566E-06   0.324551621E-06   0.276873724E-07
   0.145166084E-07   0.407227354E-07  -0.324322826E-07  -0.363173802E-08
   0.563751001E-08   0.983556081E-08  -0.205666595E-07  -0.413082990E-08
   0.229559181E-07   0.922489249E-07  -0.198872925E-06   0.597580510E-07
   0.165394560E-07   0.148311045E-06   0.830082527E-07   0.851582271E-07
   0.451586821E-07   0.263978222E-06  -0.173783221E-06   0.168340165E-06
   0.286684312E-07   0.206733120E-06  -0.133679805E-06   0.141786899E-06
   0.353173206E-07   0.263202566E-06  -0.123865163E-06   0.177638896E-06
   0.225733068E-07   0.193244858E-06  -0.102527515E-06   0.136607653E-06
   0.479335576E-07   0.279069098E-06  -0.398203895E-06   0.198336963E-06
   0.288878166E-07   0.216553232E-06  -0.177198814E-06   0.154287491E-06
   0.158025291E-07   0.108187891E-06  -0.945485965E-07   0.750888702E-07
   0.225293331E-07   0.130583231E-06  -0.117743767E-06   0.855052562E-07
   0.104243112E-07   0.567007170E-07  -0.416466648E-07   0.340187007E-07
   0.110278604E-07   0.544992602E-07   0.107846390E-06   0.339753803E-08
   0.135857121E-07   0.362739634E-07  -0.734696712E-07   0.448580256E-09
   0.715609261E-07   0.225772240E-06  -0.831137697E-06   0.108512467E-06
   0.191707016E-06   0.626636904E-06  -0.234847948E-05   0.358860973E-06
   0.338215017E-06   0.115280841E-05  -0.416849707E-05   0.640696896E-06
   0.647498268E-06   0.217981733E-05  -0.793249183E-05   0.122106348E-05
   0.109050200E-05   0.370904468E-05  -0.132864207E-04   0.204017283E-05
   0.150909648E-05   0.504527225E-05  -0.182855201E-04   0.290096091E-05
   0.204755383E-05   0.669839301E-05  -0.243740215E-04   0.379771814E-05
   0.282068095E-05   0.916384579E-05  -0.329043578E-04   0.480807739E-05
   0.330502144E-05   0.105607205E-04  -0.378551995E-04   0.545244484E-05
   0.336801827E-05   0.106078269E-04  -0.377002070E-04   0.531462592E-05
   0.330232729E-05   0.102740969E-04  -0.360206795E-04   0.509593474E-05
   0.288204910E-05   0.887134320E-05  -0.301157834E-04   0.420858350E-05
   0.178859113E-05   0.535343543E-05  -0.169831965E-04   0.227052806E-05
   0.112975636E-05   0.309549341E-05  -0.882050153E-05   0.120548850E-05
   0.236164715E-05   0.571487453E-05  -0.208665606E-04   0.264376149E-05
   0.661036165E-05   0.160879772E-04  -0.623748347E-04   0.747622926E-05
   0.189065886E-04   0.463773686E-04  -0.181855183E-03   0.207465855E-04
   0.389998786E-04   0.947898297E-04  -0.367942237E-03   0.402871847E-04
   0.760833063E-04   0.182713469E-03  -0.701417797E-03   0.734105488E-04
   0.131771463E-03   0.312920369E-03  -0.118031097E-02   0.117595286E-03
   0.214442029E-03   0.502640149E-03  -0.185920810E-02   0.176132467E-03
   0.323471817E-03   0.748918392E-03  -0.270031486E-02   0.242568203E-03
   0.465384364E-03   0.106765202E-02  -0.372603675E-02   0.315792946E-03
   0.640238635E-03   0.146071613E-02  -0.489041768E-02   0.388585351E-03
   0.853610574E-03   0.194347335E-02  -0.619050302E-02   0.459195726E-03
   0.109905214E-02   0.250922726E-02  -0.750979502E-02   0.519122346E-03
   0.137966743E-02   0.317564304E-02  -0.881277490E-02   0.563373673E-03
   0.169582211E-02   0.395454885E-02  -0.100334324E-01   0.589169445E-03
   0.204061111E-02   0.484216586E-02  -0.110463835E-01   0.591472781E-03
   0.241250824E-02   0.584477745E-02  -0.117702428E-01   0.568250194E-03
   0.281461957E-02   0.697126193E-02  -0.121642742E-01   0.521568349E-03
   0.323545514E-02   0.819043256E-02  -0.121081658E-01   0.451936707E-03
   0.366484490E-02   0.946493912E-02  -0.115202041E-01   0.363691041E-03
   0.408250513E-02   0.107274307E-01  -0.103225289E-01   0.266478339E-03
   0.446061371E-02   0.118795307E-01  -0.849565212E-02   0.166642494E-03
   0.476468913E-02   0.128093343E-01  -0.606549811E-02   0.798944311E-04
   0.496423105E-02   0.134200975E-01  -0.316698127E-02   0.209382251E-04
   0.503417384E-02   0.136333145E-01  -0.806910627E-08   0.000000000E+00
