   0.121181292E-03   0.142758144E-01   0.293939251E-08   0.000000000E+00
   0.127579246E-03   0.139711881E-01   0.175337342E-02   0.101346704E-04
   0.144759528E-03   0.131034190E-01   0.328490045E-02   0.377677425E-04
   0.168788509E-03   0.118114948E-01   0.444457866E-02   0.758198585E-04
   0.193471831E-03   0.102810543E-01   0.515846908E-02   0.116215044E-03
   0.213124440E-03   0.866807252E-02   0.543349329E-02   0.150624779E-03
   0.224255200E-03   0.711280014E-02   0.534581533E-02   0.175114415E-03
   0.224473391E-03   0.569393253E-02   0.497814827E-02   0.187074213E-03
   0.214001615E-03   0.445918180E-02   0.442980882E-02   0.187229045E-03
   0.193903528E-03   0.340765482E-02   0.376840238E-02   0.176206348E-03
   0.169007442E-03   0.255431538E-02   0.310787000E-02   0.159738818E-03
   0.139165757E-03   0.185501680E-02   0.243687350E-02   0.136341652E-03
   0.108292843E-03   0.130027509E-02   0.181483058E-02   0.109638153E-03
   0.808697878E-04   0.884771754E-03   0.130335172E-02   0.843301532E-04
   0.568700016E-04   0.575502869E-03   0.882736640E-03   0.606835529E-04
   0.368886176E-04   0.350100541E-03   0.548652431E-03   0.397904732E-04
   0.221877017E-04   0.199283662E-03   0.313638360E-03   0.237392032E-04
   0.122313650E-04   0.104906954E-03   0.161666845E-03   0.127029280E-04
   0.601144347E-05   0.500846836E-04   0.714470370E-04   0.566675863E-05
   0.232754928E-05   0.207523644E-04   0.216343997E-04   0.158526393E-05
   0.770591953E-06   0.914255452E-05   0.408892492E-05   0.180452844E-06
   0.227328798E-06   0.604340767E-05   0.987811973E-06   0.627630925E-07
   0.230203753E-06   0.640453572E-05   0.436876326E-05   0.532526883E-06
   0.411007932E-06   0.820513196E-05   0.960848047E-05   0.121260211E-05
   0.507759012E-06   0.818292665E-05   0.116081119E-04   0.151228767E-05
   0.532727370E-06   0.756021291E-05   0.119067900E-04   0.158726800E-05
   0.455993188E-06   0.596872997E-05   0.979575634E-05   0.131121737E-05
   0.399430604E-06   0.495818767E-05   0.848068976E-05   0.116560489E-05
   0.267186721E-06   0.326286113E-05   0.570776865E-05   0.820730236E-06
   0.167524249E-06   0.201791840E-05   0.352737834E-05   0.524252357E-06
   0.986067477E-07   0.117925504E-05   0.213738736E-05   0.327433696E-06
   0.409887164E-07   0.518311140E-06   0.909703999E-06   0.154432271E-06
   0.131266775E-07   0.169109853E-06   0.287903902E-06   0.508907512E-07
   0.356676555E-08   0.546902719E-07   0.873508554E-07   0.195110239E-07
   0.929567479E-09   0.183028632E-07   0.174002057E-07   0.904762931E-08
   0.797823863E-09   0.414643386E-08   0.996930360E-08   0.700163094E-09
   0.473028861E-08   0.354797969E-07   0.614412343E-07   0.849099013E-08
   0.389843091E-08   0.333989050E-07   0.629135855E-07   0.884181173E-08
   0.351570062E-08   0.217489688E-07   0.440343086E-07   0.317429460E-08
   0.412390211E-08   0.316214894E-07   0.710682997E-07   0.760842145E-08
   0.693566449E-08   0.692715290E-07   0.142470782E-06   0.216716973E-07
   0.293301627E-08   0.232818547E-07   0.369553312E-07   0.894825458E-08
   0.307368420E-08   0.312248538E-07   0.427688782E-07   0.109779563E-07
   0.214081308E-08   0.160820264E-07  -0.814820833E-08   0.103692850E-07
   0.213773799E-08   0.164925407E-07  -0.247101362E-08   0.101225934E-07
   0.285985036E-08   0.153494017E-07  -0.428596074E-07   0.117843468E-07
   0.203415529E-08   0.131008058E-07  -0.215042633E-07   0.966993685E-08
   0.485123186E-08   0.189988114E-07  -0.686288288E-07   0.136932821E-07
   0.123842891E-07   0.437512639E-07  -0.168558003E-06   0.309594625E-07
   0.168418151E-07   0.496861539E-07  -0.211201481E-06   0.314695185E-07
   0.227490737E-07   0.735563432E-07  -0.290259692E-06   0.461953249E-07
   0.212370281E-07   0.622300647E-07  -0.254165030E-06   0.358100323E-07
   0.283239530E-07   0.895190908E-07  -0.356016756E-06   0.552742776E-07
   0.184806233E-07   0.547175105E-07  -0.225219196E-06   0.326055307E-07
   0.153483839E-07   0.444820394E-07  -0.175390710E-06   0.239429454E-07
   0.212804063E-08   0.633421626E-08  -0.199715959E-07   0.271654566E-08
   0.141037115E-08   0.639783471E-08  -0.183711002E-07   0.457159199E-08
   0.861863114E-08   0.350686662E-07  -0.111252653E-06   0.253949697E-07
   0.361594452E-07   0.109663674E-06  -0.426668862E-06   0.663588935E-07
   0.169874454E-06   0.498366660E-06  -0.198399721E-05   0.298204611E-06
   0.355189144E-06   0.100810064E-05  -0.405001310E-05   0.584945781E-06
   0.633932189E-06   0.173866329E-05  -0.705937418E-05   0.100682246E-05
   0.998715905E-06   0.268599069E-05  -0.108293361E-04   0.149519735E-05
   0.144035619E-05   0.377339097E-05  -0.150618462E-04   0.198357498E-05
   0.184039345E-05   0.471128442E-05  -0.184949549E-04   0.241053317E-05
   0.221269829E-05   0.552897336E-05  -0.209556074E-04   0.262564458E-05
   0.227401756E-05   0.549890910E-05  -0.194783479E-04   0.234218078E-05
   0.203142963E-05   0.471684962E-05  -0.142818235E-04   0.171253203E-05
   0.173651358E-05   0.368069436E-05  -0.730721695E-05   0.848252796E-06
   0.173622095E-05   0.311887629E-05  -0.180072414E-05   0.275377914E-06
   0.316529281E-05   0.520065623E-05  -0.768483096E-05   0.959156182E-06
   0.744150793E-05   0.125582683E-04  -0.341519517E-04   0.365720848E-05
   0.177163547E-04   0.307836854E-04  -0.105915227E-03   0.103974598E-04
   0.373324474E-04   0.654496762E-04  -0.242653870E-03   0.222868111E-04
   0.708212392E-04   0.123818725E-03  -0.468443905E-03   0.406773870E-04
   0.121567267E-03   0.211205494E-03  -0.789900427E-03   0.646044791E-04
   0.194904816E-03   0.336213823E-03  -0.122299558E-02   0.937124423E-04
   0.291366334E-03   0.500305381E-03  -0.173427223E-02   0.123844467E-03
   0.419439137E-03   0.719136442E-03  -0.235190522E-02   0.156376467E-03
   0.578715932E-03   0.994654023E-03  -0.302241696E-02   0.185990953E-03
   0.771031540E-03   0.133448467E-02  -0.370564009E-02   0.210183513E-03
   0.998944161E-03   0.174793368E-02  -0.436588330E-02   0.226260905E-03
   0.126403559E-02   0.224229647E-02  -0.495450897E-02   0.232888502E-03
   0.156306149E-02   0.281555089E-02  -0.539062079E-02   0.227342796E-03
   0.189747196E-02   0.346882222E-02  -0.564686023E-02   0.208830650E-03
   0.225497759E-02   0.417735567E-02  -0.561322365E-02   0.176765956E-03
   0.262030005E-02   0.490602152E-02  -0.523992395E-02   0.135475100E-03
   0.296709221E-02   0.559853762E-02  -0.446631713E-02   0.882417662E-04
   0.325596053E-02   0.617513619E-02  -0.327613205E-02   0.439154501E-04
   0.345032522E-02   0.656207046E-02  -0.173944130E-02   0.117550135E-04
   0.351923215E-02   0.669839652E-02  -0.444143211E-08   0.000000000E+00
