   0.174491536E-01   0.361241139E-01  -0.734554639E-10   0.000000000E+00
   0.174260419E-01   0.360658243E-01   0.376753960E-04   0.361448974E-05
   0.173601490E-01   0.359187461E-01   0.743261844E-04   0.144108917E-04
   0.172418728E-01   0.356200226E-01   0.109117762E-03   0.321780099E-04
   0.170858745E-01   0.352304429E-01   0.140548989E-03   0.567191273E-04
   0.168899931E-01   0.347720645E-01   0.168416140E-03   0.877192579E-04
   0.166536532E-01   0.341959484E-01   0.192160631E-03   0.124509810E-03
   0.163836386E-01   0.335187875E-01   0.210503087E-03   0.166635815E-03
   0.160930865E-01   0.328254886E-01   0.223504627E-03   0.213939173E-03
   0.157650840E-01   0.320446715E-01   0.230759091E-03   0.265390438E-03
   0.154236620E-01   0.312095899E-01   0.232001228E-03   0.320387393E-03
   0.150668407E-01   0.303553306E-01   0.227464829E-03   0.378653698E-03
   0.146908239E-01   0.294304825E-01   0.216905159E-03   0.438714575E-03
   0.143072996E-01   0.285177380E-01   0.201549949E-03   0.500763126E-03
   0.139229605E-01   0.275869370E-01   0.180447329E-03   0.563958136E-03
   0.135357687E-01   0.266528949E-01   0.155214249E-03   0.627383706E-03
   0.131525630E-01   0.257206094E-01   0.125320439E-03   0.690904562E-03
   0.127676129E-01   0.248034708E-01   0.912618780E-04   0.754105626E-03
   0.123924334E-01   0.239090994E-01   0.541796398E-04   0.816476415E-03
   0.120249800E-01   0.230269674E-01   0.134538113E-04   0.877563085E-03
   0.116678216E-01   0.221775305E-01  -0.294722740E-04   0.937216042E-03
   0.113169383E-01   0.213306174E-01  -0.751340849E-04   0.993920723E-03
   0.109865582E-01   0.205450300E-01  -0.123149468E-03   0.105047447E-02
   0.106598316E-01   0.197662618E-01  -0.171280015E-03   0.110258593E-02
   0.103483275E-01   0.190222338E-01  -0.221650247E-03   0.115292147E-02
   0.100543639E-01   0.183248781E-01  -0.273229642E-03   0.120171823E-02
   0.976665225E-02   0.176436082E-01  -0.325565779E-03   0.124667608E-02
   0.950086024E-02   0.170200970E-01  -0.377648597E-03   0.129022135E-02
   0.924454257E-02   0.164135993E-01  -0.430284301E-03   0.133016601E-02
   0.899938494E-02   0.158367418E-01  -0.483939250E-03   0.136761006E-02
   0.876553170E-02   0.152846146E-01  -0.536748208E-03   0.140137994E-02
   0.854802039E-02   0.147742424E-01  -0.590663869E-03   0.143384386E-02
   0.834567007E-02   0.142965773E-01  -0.643200532E-03   0.146327156E-02
   0.814799592E-02   0.138310604E-01  -0.696045347E-03   0.148905814E-02
   0.795658771E-02   0.133854691E-01  -0.750246749E-03   0.151237485E-02
   0.778587395E-02   0.129849743E-01  -0.801833754E-03   0.153353205E-02
   0.761979772E-02   0.125971930E-01  -0.854230311E-03   0.155171973E-02
   0.746778958E-02   0.122475531E-01  -0.906991248E-03   0.156882009E-02
   0.732768141E-02   0.119188782E-01  -0.957773416E-03   0.158274337E-02
   0.718944380E-02   0.116021587E-01  -0.100955123E-02   0.159393530E-02
   0.706843473E-02   0.113210771E-01  -0.106050633E-02   0.160394190E-02
   0.695257774E-02   0.110557331E-01  -0.111138890E-02   0.161132379E-02
   0.684655132E-02   0.108122444E-01  -0.116006855E-02   0.161603175E-02
   0.674967794E-02   0.105938334E-01  -0.120934343E-02   0.161927298E-02
   0.665698107E-02   0.103841564E-01  -0.125811796E-02   0.161964865E-02
   0.658862293E-02   0.102324858E-01  -0.130460737E-02   0.162046228E-02
   0.650863349E-02   0.100548761E-01  -0.135214278E-02   0.161622383E-02
   0.644639460E-02   0.992077496E-02  -0.139805884E-02   0.161146466E-02
   0.639057113E-02   0.980236102E-02  -0.144321751E-02   0.160451687E-02
   0.633490365E-02   0.968788844E-02  -0.148649525E-02   0.159410364E-02
   0.630313577E-02   0.962842628E-02  -0.152831350E-02   0.158468133E-02
   0.626419112E-02   0.955554284E-02  -0.157020101E-02   0.157056574E-02
   0.623737136E-02   0.951282587E-02  -0.160983775E-02   0.155519508E-02
   0.621830346E-02   0.948863942E-02  -0.164894003E-02   0.153792312E-02
   0.620223628E-02   0.947557390E-02  -0.168599829E-02   0.151776883E-02
   0.619227393E-02   0.947789010E-02  -0.172123406E-02   0.149515353E-02
   0.619762484E-02   0.952224340E-02  -0.175357144E-02   0.147175230E-02
   0.620247191E-02   0.956642162E-02  -0.178488251E-02   0.144501566E-02
   0.621126173E-02   0.962069444E-02  -0.181438541E-02   0.141529471E-02
   0.623324793E-02   0.970578846E-02  -0.184174010E-02   0.138398027E-02
   0.625836942E-02   0.980966911E-02  -0.186483143E-02   0.134995126E-02
   0.628996035E-02   0.992780086E-02  -0.188573869E-02   0.131343794E-02
   0.633410364E-02   0.100845555E-01  -0.190302031E-02   0.127589982E-02
   0.637938175E-02   0.102477428E-01  -0.191726326E-02   0.123496586E-02
   0.643146550E-02   0.104285739E-01  -0.192737882E-02   0.119131070E-02
   0.648925314E-02   0.106213111E-01  -0.193442323E-02   0.114502804E-02
   0.655658077E-02   0.108575746E-01  -0.193557795E-02   0.109756330E-02
   0.662537804E-02   0.110928658E-01  -0.193282380E-02   0.104683137E-02
   0.670348993E-02   0.113518042E-01  -0.192523911E-02   0.994221191E-03
   0.678751525E-02   0.116360039E-01  -0.191165309E-02   0.940149301E-03
   0.687566586E-02   0.119299376E-01  -0.189245248E-02   0.883758999E-03
   0.696872501E-02   0.122518521E-01  -0.186646089E-02   0.826204137E-03
   0.706982287E-02   0.125822220E-01  -0.183535216E-02   0.767518475E-03
   0.717036892E-02   0.129310898E-01  -0.179524929E-02   0.707559579E-03
   0.727661327E-02   0.132833850E-01  -0.174973777E-02   0.647171633E-03
   0.738091487E-02   0.136509845E-01  -0.169472152E-02   0.586228562E-03
   0.749153737E-02   0.140182441E-01  -0.163323793E-02   0.525876880E-03
   0.760213006E-02   0.143807279E-01  -0.156365195E-02   0.466100813E-03
   0.771200797E-02   0.147555415E-01  -0.148516789E-02   0.407631771E-03
   0.782088190E-02   0.151242660E-01  -0.139873044E-02   0.351040566E-03
   0.792483892E-02   0.155022498E-01  -0.130341377E-02   0.297016319E-03
   0.802658685E-02   0.158364307E-01  -0.120080286E-02   0.245645293E-03
   0.812017825E-02   0.161606539E-01  -0.109002076E-02   0.197705347E-03
   0.821154844E-02   0.164574645E-01  -0.972408394E-03   0.154025533E-03
   0.828890409E-02   0.167410262E-01  -0.847136660E-03   0.114852068E-03
   0.836151280E-02   0.169910137E-01  -0.716235256E-03   0.808444893E-04
   0.841990858E-02   0.171840210E-01  -0.579746789E-03   0.522701084E-04
   0.846536085E-02   0.173543002E-01  -0.438722229E-03   0.296520902E-04
   0.850011967E-02   0.174652580E-01  -0.294518861E-03   0.132511177E-04
   0.852125417E-02   0.175360106E-01  -0.147818544E-03   0.332484774E-05
   0.852878857E-02   0.175683815E-01  -0.487957841E-09   0.000000000E+00
