   0.130205035E+00   0.725726902E+00   0.701198104E-07   0.000000000E+00
   0.123753577E+00   0.690701008E+00   0.475548655E-01   0.309855852E-03
   0.106744722E+00   0.598299026E+00   0.813084543E-01   0.105752272E-02
   0.848804563E-01   0.479125559E+00   0.955405831E-01   0.185631949E-02
   0.634587333E-01   0.361861199E+00   0.932475701E-01   0.240484904E-02
   0.456262901E-01   0.263595492E+00   0.815458596E-01   0.261513051E-02
   0.321672373E-01   0.188768759E+00   0.667253956E-01   0.255673076E-02
   0.226342995E-01   0.135162860E+00   0.526786484E-01   0.234790449E-02
   0.161219854E-01   0.979876444E-01   0.410547070E-01   0.208796328E-02
   0.117320735E-01   0.724883527E-01   0.320774987E-01   0.183905335E-02
   0.876065530E-02   0.548763871E-01   0.253675878E-01   0.162579981E-02
   0.671017589E-02   0.424569100E-01   0.203732569E-01   0.145232806E-02
   0.526197115E-02   0.334832408E-01   0.166305359E-01   0.129585923E-02
   0.419928180E-02   0.267824698E-01   0.137471128E-01   0.117390195E-02
   0.339824846E-02   0.216459800E-01   0.114755128E-01   0.106193160E-02
   0.277089258E-02   0.175948534E-01   0.961976033E-02   0.956381380E-03
   0.226842100E-02   0.143315531E-01   0.806915946E-02   0.858085230E-03
   0.185857585E-02   0.116671920E-01   0.675604306E-02   0.767334481E-03
   0.151775754E-02   0.946974289E-02   0.562367588E-02   0.673539005E-03
   0.123532733E-02   0.765062682E-02   0.465260074E-02   0.588682247E-03
   0.998064177E-03   0.614006445E-02   0.381095824E-02   0.504541269E-03
   0.801567046E-03   0.489668036E-02   0.309704058E-02   0.428497500E-03
   0.636739889E-03   0.386706856E-02   0.248196814E-02   0.357001118E-03
   0.500155729E-03   0.302201323E-02   0.196072855E-02   0.291533594E-03
   0.389046647E-03   0.233843876E-02   0.152994355E-02   0.236010994E-03
   0.299884501E-03   0.179488282E-02   0.118120783E-02   0.186633712E-03
   0.227632496E-03   0.135725853E-02   0.893509947E-03   0.144795849E-03
   0.169636594E-03   0.101016706E-02   0.660015736E-03   0.109168686E-03
   0.124684797E-03   0.741528813E-03   0.477964029E-03   0.798648616E-04
   0.901983221E-04   0.536677020E-03   0.338578597E-03   0.570078191E-04
   0.637629637E-04   0.379531906E-03   0.231056445E-03   0.392042748E-04
   0.445585283E-04   0.265349721E-03   0.154188499E-03   0.259212920E-04
   0.301051314E-04   0.180505405E-03   0.966517764E-04   0.158314324E-04
   0.202730425E-04   0.122424302E-03   0.591363823E-04   0.932729290E-05
   0.133079848E-04   0.810666024E-04   0.332345480E-04   0.501581644E-05
   0.858874409E-05   0.530274920E-04   0.160607433E-04   0.228663112E-05
   0.556574787E-05   0.345590342E-04   0.638177107E-05   0.100572049E-05
   0.380288657E-05   0.235556399E-04   0.113522515E-05   0.745462557E-06
   0.275029674E-05   0.167828712E-04  -0.803606042E-06   0.963165462E-06
   0.224577161E-05   0.129784612E-04  -0.204755338E-05   0.161551122E-05
   0.199934880E-05   0.108518325E-04  -0.203117770E-05   0.229062130E-05
   0.191526715E-05   0.986178657E-05  -0.146900322E-05   0.299242106E-05
   0.187269359E-05   0.921462470E-05  -0.107481878E-05   0.352628990E-05
   0.211532051E-05   0.934442687E-05  -0.678412732E-06   0.420331071E-05
   0.209491236E-05   0.901717613E-05  -0.188913347E-06   0.439150426E-05
   0.219529102E-05   0.876424656E-05  -0.204726490E-06   0.452727454E-05
   0.232822708E-05   0.834340062E-05  -0.517877936E-06   0.443258568E-05
   0.241486191E-05   0.815934436E-05  -0.153116261E-06   0.424448035E-05
   0.244951843E-05   0.747336935E-05  -0.884529516E-08   0.361544744E-05
   0.252273776E-05   0.720046228E-05   0.739914242E-06   0.296544454E-05
   0.292424056E-05   0.723687617E-05   0.112866405E-05   0.229147213E-05
   0.367734651E-05   0.794945663E-05   0.131961781E-05   0.166561870E-05
   0.509057463E-05   0.940144037E-05   0.156190850E-06   0.103529601E-05
   0.752561027E-05   0.122762258E-04  -0.253364851E-05   0.697049018E-06
   0.115596586E-04   0.178454720E-04  -0.788136549E-05   0.936168476E-06
   0.182452513E-04   0.275261646E-04  -0.186419311E-04   0.212712462E-05
   0.282273359E-04   0.410129869E-04  -0.347863679E-04   0.419773232E-05
   0.435563270E-04   0.629421920E-04  -0.620397550E-04   0.820425885E-05
   0.657660785E-04   0.944882268E-04  -0.102339305E-03   0.145133099E-04
   0.955425348E-04   0.137677067E-03  -0.156189810E-03   0.227464279E-04
   0.137320472E-03   0.197952584E-03  -0.232525228E-03   0.343794381E-04
   0.192301828E-03   0.276440376E-03  -0.330412528E-03   0.495301319E-04
   0.264784263E-03   0.382114871E-03  -0.460118812E-03   0.687177089E-04
   0.360675796E-03   0.521105889E-03  -0.629644317E-03   0.929114176E-04
   0.479951705E-03   0.696400821E-03  -0.834952807E-03   0.121606725E-03
   0.627983769E-03   0.914269884E-03  -0.108071067E-02   0.154244437E-03
   0.815567793E-03   0.119220768E-02  -0.138758961E-02   0.192593245E-03
   0.103710534E-02   0.152436376E-02  -0.173088862E-02   0.234518273E-03
   0.131292269E-02   0.194293610E-02  -0.215230905E-02   0.283050438E-03
   0.163846964E-02   0.244306121E-02  -0.262495433E-02   0.335642108E-03
   0.202692975E-02   0.305103138E-02  -0.316906115E-02   0.388561515E-03
   0.248303823E-02   0.377784716E-02  -0.377705367E-02   0.445146608E-03
   0.302458811E-02   0.465575233E-02  -0.447202101E-02   0.505579752E-03
   0.366020319E-02   0.570893707E-02  -0.524873007E-02   0.566271658E-03
   0.441641081E-02   0.698351488E-02  -0.613584975E-02   0.635971141E-03
   0.532316044E-02   0.854216889E-02  -0.715908315E-02   0.706214632E-03
   0.643264921E-02   0.104804039E-01  -0.837211870E-02   0.781191338E-03
   0.781737641E-02   0.129294731E-01  -0.983972289E-02   0.868634030E-03
   0.960284658E-02   0.161152780E-01  -0.116866510E-01   0.965472893E-03
   0.119826114E-01   0.203835722E-01  -0.140791479E-01   0.107604952E-02
   0.152471317E-01   0.262559149E-01  -0.172455832E-01   0.121211051E-02
   0.198652484E-01   0.345841311E-01  -0.214978196E-01   0.137295795E-02
   0.265023820E-01   0.465965122E-01  -0.271375850E-01   0.155219692E-02
   0.360788330E-01   0.640104786E-01  -0.343468897E-01   0.171775569E-02
   0.497268923E-01   0.890206844E-01  -0.429303274E-01   0.184578774E-02
   0.685441047E-01   0.123751536E+00  -0.518046059E-01   0.184842292E-02
   0.930303633E-01   0.169335216E+00  -0.586294197E-01   0.166643341E-02
   0.121872909E+00   0.223478973E+00  -0.595191680E-01   0.126678660E-02
   0.150914758E+00   0.278324455E+00  -0.502957962E-01   0.711360015E-03
   0.173304126E+00   0.320837319E+00  -0.292917211E-01   0.206933357E-03
   0.181782082E+00   0.336942673E+00  -0.679555399E-07   0.000000000E+00
