   0.288860966E-01   0.215284646E+00   0.223737864E-07   0.000000000E+00
   0.279197954E-01   0.208364710E+00   0.156260710E-01   0.100674100E-03
   0.252917651E-01   0.189628318E+00   0.280552059E-01   0.361659768E-03
   0.216300357E-01   0.163318351E+00   0.354568139E-01   0.684803177E-03
   0.176859628E-01   0.134713933E+00   0.378732234E-01   0.973494898E-03
   0.140180327E-01   0.107793525E+00   0.365865603E-01   0.117832213E-02
   0.109103667E-01   0.845704749E-01   0.331626013E-01   0.128227717E-02
   0.845315773E-02   0.658344105E-01   0.289710313E-01   0.130695198E-02
   0.656726630E-02   0.511550605E-01   0.247751325E-01   0.128984381E-02
   0.515423110E-02   0.398946181E-01   0.209966600E-01   0.124003063E-02
   0.409462210E-02   0.312698223E-01   0.177305248E-01   0.116211246E-02
   0.329443300E-02   0.246799383E-01   0.149804102E-01   0.108804647E-02
   0.267647975E-02   0.195672568E-01   0.126494672E-01   0.100734027E-02
   0.219096919E-02   0.155691523E-01   0.106740808E-01   0.926331908E-03
   0.179859530E-02   0.124075310E-01   0.897198264E-02   0.842387031E-03
   0.147762790E-02   0.988178328E-02   0.750783738E-02   0.756646739E-03
   0.121282425E-02   0.786034949E-02   0.625244109E-02   0.671094051E-03
   0.988273765E-03   0.621860242E-02   0.515053468E-02   0.584662484E-03
   0.800327573E-03   0.489232503E-02   0.420555333E-02   0.507308112E-03
   0.641857856E-03   0.382153760E-02   0.339353597E-02   0.428054365E-03
   0.509150967E-03   0.295590260E-02   0.270262454E-02   0.358422287E-03
   0.399887125E-03   0.226859958E-02   0.212884624E-02   0.293872610E-03
   0.307900831E-03   0.171175925E-02   0.163918582E-02   0.235627187E-03
   0.232740611E-03   0.127120782E-02   0.123653014E-02   0.184391087E-03
   0.173910681E-03   0.931424962E-03   0.919473474E-03   0.142205186E-03
   0.126809231E-03   0.668994326E-03   0.665782718E-03   0.106212210E-03
   0.903246910E-04   0.469338789E-03   0.468633312E-03   0.771616978E-04
   0.621636136E-04   0.318336097E-03   0.316089339E-03   0.538496861E-04
   0.421897530E-04   0.212394982E-03   0.209112113E-03   0.366063541E-04
   0.273541300E-04   0.135977185E-03   0.130313958E-03   0.233211977E-04
   0.167608559E-04   0.827793483E-04   0.748290622E-04   0.136639064E-04
   0.999336226E-05   0.488921214E-04   0.404391794E-04   0.750945082E-05
   0.587415298E-05   0.285696242E-04   0.207666762E-04   0.396042924E-05
   0.299191106E-05   0.155304169E-04   0.770008774E-05   0.163744664E-05
   0.155489067E-05   0.906939567E-05   0.217464367E-05   0.684699955E-06
   0.831748537E-06   0.612054055E-05   0.155717856E-06   0.510146208E-06
   0.484285351E-06   0.511016651E-05   0.271716587E-07   0.668862072E-06
   0.415270762E-06   0.513408804E-05   0.798354051E-06   0.112999192E-05
   0.472662066E-06   0.557032172E-05   0.164966252E-05   0.172200419E-05
   0.525836583E-06   0.598979341E-05   0.238735788E-05   0.222068752E-05
   0.682846917E-06   0.671279213E-05   0.303552247E-05   0.285041551E-05
   0.780191613E-06   0.677499838E-05   0.286691647E-05   0.321714856E-05
   0.898332530E-06   0.709562119E-05   0.289386276E-05   0.360280546E-05
   0.997403959E-06   0.680849871E-05   0.169464579E-05   0.384157420E-05
   0.110507767E-05   0.662535695E-05   0.583394808E-06   0.402142678E-05
   0.130292108E-05   0.636046889E-05  -0.953015729E-06   0.410179109E-05
   0.147762285E-05   0.626017118E-05  -0.210280268E-05   0.415550176E-05
   0.152080440E-05   0.570330076E-05  -0.317713329E-05   0.384845180E-05
   0.163134723E-05   0.554901226E-05  -0.385519843E-05   0.371384499E-05
   0.166224424E-05   0.518048546E-05  -0.424954897E-05   0.337915117E-05
   0.174062166E-05   0.484391558E-05  -0.450310245E-05   0.296921712E-05
   0.156264457E-05   0.418568061E-05  -0.387506543E-05   0.234414279E-05
   0.145536740E-05   0.373446073E-05  -0.275038406E-05   0.187036790E-05
   0.130828926E-05   0.314934618E-05  -0.142045837E-05   0.127127066E-05
   0.138615246E-05   0.273401997E-05  -0.627262864E-06   0.675079605E-06
   0.195781149E-05   0.320282288E-05  -0.953796302E-06   0.511202813E-06
   0.329886507E-05   0.470913619E-05  -0.319448714E-05   0.675356262E-06
   0.622966672E-05   0.828570137E-05  -0.988095053E-05   0.166360348E-05
   0.119381621E-04   0.156944880E-04  -0.245738829E-04   0.409506265E-05
   0.209323334E-04   0.279790238E-04  -0.484507473E-04   0.799979898E-05
   0.347732603E-04   0.471401872E-04  -0.855046746E-04   0.140766042E-04
   0.559349355E-04   0.758386741E-04  -0.141466255E-03   0.231610666E-04
   0.865717666E-04   0.118715281E-03  -0.223589363E-03   0.356841556E-04
   0.129103733E-03   0.177765949E-03  -0.334822020E-03   0.521957591E-04
   0.186939069E-03   0.258140295E-03  -0.482937525E-03   0.742808843E-04
   0.261408102E-03   0.362881896E-03  -0.668030058E-03   0.991328925E-04
   0.358366844E-03   0.499813003E-03  -0.902229163E-03   0.129729597E-03
   0.483882235E-03   0.678034557E-03  -0.119685091E-02   0.165971447E-03
   0.639789039E-03   0.902328582E-03  -0.154881261E-02   0.206854194E-03
   0.830650213E-03   0.117962703E-02  -0.196037255E-02   0.254135055E-03
   0.106448703E-02   0.152688264E-02  -0.244340859E-02   0.302550237E-03
   0.134333211E-02   0.195040996E-02  -0.298741763E-02   0.352207397E-03
   0.168093143E-02   0.247371360E-02  -0.361445919E-02   0.407992833E-03
   0.208169245E-02   0.311443023E-02  -0.431356486E-02   0.459430623E-03
   0.256215944E-02   0.390069676E-02  -0.510242442E-02   0.516722095E-03
   0.313612679E-02   0.486849668E-02  -0.598244695E-02   0.571658369E-03
   0.382818142E-02   0.606942223E-02  -0.696951197E-02   0.626332767E-03
   0.467242254E-02   0.756913982E-02  -0.809304044E-02   0.678833982E-03
   0.571550103E-02   0.945939030E-02  -0.938672479E-02   0.729468476E-03
   0.702568563E-02   0.118748127E-01  -0.108864447E-01   0.776514527E-03
   0.869475119E-02   0.149871232E-01  -0.126514109E-01   0.827578886E-03
   0.108477520E-01   0.190386474E-01  -0.147216823E-01   0.877346843E-03
   0.136436988E-01   0.243255906E-01  -0.171049107E-01   0.904623768E-03
   0.172532126E-01   0.311929975E-01  -0.197132304E-01   0.915772049E-03
   0.218312312E-01   0.399597026E-01  -0.222880039E-01   0.891707256E-03
   0.274270661E-01   0.507475995E-01  -0.242887456E-01   0.811495469E-03
   0.338558294E-01   0.632332861E-01  -0.248741005E-01   0.666400418E-03
   0.405627340E-01   0.763630942E-01  -0.230482835E-01   0.463981531E-03
   0.467423238E-01   0.885323137E-01  -0.181258153E-01   0.243392380E-03
   0.511250794E-01   0.971988291E-01  -0.100571923E-01   0.674739204E-04
   0.527011566E-01   0.100365683E+00  -0.269087348E-07   0.000000000E+00
