   0.453727180E-02   0.633798018E-01   0.173517502E-10   0.000000000E+00
   0.447581336E-02   0.622642189E-01   0.613090256E-02   0.401268298E-04
   0.430830941E-02   0.592417903E-01   0.116066048E-01   0.152141627E-03
   0.405373331E-02   0.546186268E-01   0.159297697E-01   0.311961572E-03
   0.374379801E-02   0.489923619E-01   0.188728813E-01   0.492813124E-03
   0.341107207E-02   0.429535806E-01   0.204722881E-01   0.669722154E-03
   0.307819294E-02   0.369828045E-01   0.209210031E-01   0.825050462E-03
   0.275976839E-02   0.313826278E-01   0.204890035E-01   0.934268348E-03
   0.246298825E-02   0.263017714E-01   0.194353275E-01   0.101675733E-02
   0.218981062E-02   0.218538810E-01   0.179961659E-01   0.106103625E-02
   0.193969789E-02   0.180300213E-01   0.163503811E-01   0.107030163E-02
   0.170398445E-02   0.147863533E-01   0.145825166E-01   0.104227278E-02
   0.148907537E-02   0.120531842E-01   0.128323529E-01   0.100018759E-02
   0.128775055E-02   0.976559240E-02   0.111214751E-01   0.938440033E-03
   0.110029557E-02   0.786068197E-02   0.949459989E-02   0.855522812E-03
   0.924806227E-03   0.626450730E-02   0.795961171E-02   0.765793840E-03
   0.768275349E-03   0.495499885E-02   0.658861734E-02   0.671702670E-03
   0.627057801E-03   0.387332076E-02   0.535502797E-02   0.575569284E-03
   0.501570175E-03   0.298169674E-02   0.426286645E-02   0.482375995E-03
   0.394185510E-03   0.226416858E-02   0.333417580E-02   0.395789219E-03
   0.301616092E-03   0.167989440E-02   0.253653293E-02   0.313905039E-03
   0.225225507E-03   0.121952489E-02   0.188194087E-02   0.242625945E-03
   0.164034980E-03   0.862619665E-03   0.135923072E-02   0.182239834E-03
   0.115863528E-03   0.591920398E-03   0.950617250E-03   0.132812551E-03
   0.791144121E-04   0.391595881E-03   0.640441314E-03   0.925861023E-04
   0.521088405E-04   0.246703916E-03   0.413049798E-03   0.623436645E-04
   0.315679281E-04   0.142509321E-03   0.242611772E-03   0.378398690E-04
   0.183834436E-04   0.773486026E-04   0.134998743E-03   0.219077065E-04
   0.101798059E-04   0.382654180E-04   0.693568581E-04   0.116908450E-04
   0.486162617E-05   0.158864786E-04   0.291217075E-04   0.507013146E-05
   0.202725573E-05   0.538937820E-05   0.915454893E-05   0.162259562E-05
   0.833823663E-06   0.249673417E-05   0.243335921E-05   0.304376101E-06
   0.467137369E-06   0.315248076E-05   0.212282180E-05   0.104216753E-06
   0.517184674E-06   0.553710015E-05   0.489151853E-05   0.607117727E-06
   0.714912289E-06   0.734334026E-05   0.773198281E-05   0.101127569E-05
   0.866671087E-06   0.879280014E-05   0.100257657E-04   0.157976774E-05
   0.107376798E-05   0.106009365E-04   0.126954574E-04   0.217760044E-05
   0.113463375E-05   0.109376988E-04   0.135438086E-04   0.250154903E-05
   0.104265075E-05   0.103547509E-04   0.127627563E-04   0.263489073E-05
   0.853440156E-06   0.857811665E-05   0.106855414E-04   0.255189548E-05
   0.744315685E-06   0.760372404E-05   0.931522391E-05   0.260300612E-05
   0.654377061E-06   0.677414118E-05   0.783633914E-05   0.269121688E-05
   0.472176168E-06   0.538549057E-05   0.555428596E-05   0.244483044E-05
   0.430214982E-06   0.449874005E-05   0.363610366E-05   0.240082272E-05
   0.344076653E-06   0.367715825E-05   0.170607359E-05   0.227575651E-05
   0.408691733E-06   0.322828282E-05  -0.558796330E-06   0.230066962E-05
   0.621103993E-06   0.328212263E-05  -0.278086941E-05   0.245195110E-05
   0.931686657E-06   0.357029376E-05  -0.500528768E-05   0.260178399E-05
   0.123929669E-05   0.401556690E-05  -0.727940005E-05   0.277143204E-05
   0.151951019E-05   0.448367655E-05  -0.953461131E-05   0.275052639E-05
   0.217460342E-05   0.562661489E-05  -0.126836067E-04   0.329427053E-05
   0.249976097E-05   0.613113207E-05  -0.143366578E-04   0.330666899E-05
   0.258016007E-05   0.628163662E-05  -0.147216861E-04   0.305134108E-05
   0.287515695E-05   0.673470049E-05  -0.158226285E-04   0.294703250E-05
   0.288007027E-05   0.658045246E-05  -0.152097418E-04   0.255850932E-05
   0.256400222E-05   0.582292159E-05  -0.127869152E-04   0.189407638E-05
   0.205993001E-05   0.449230538E-05  -0.928682311E-05   0.120886682E-05
   0.145678757E-05   0.291447577E-05  -0.542672842E-05   0.624622203E-06
   0.112782197E-05   0.174552838E-05  -0.276340347E-05   0.176301512E-06
   0.156349711E-05   0.165210804E-05  -0.406541631E-05   0.474917357E-06
   0.313004170E-05   0.382946246E-05  -0.120112036E-04   0.206927552E-05
   0.740296991E-05   0.103819075E-04  -0.333345488E-04   0.568642963E-05
   0.169491123E-04   0.259513472E-04  -0.818325498E-04   0.134454440E-04
   0.319666469E-04   0.509618367E-04  -0.156539332E-03   0.247115895E-04
   0.564888942E-04   0.917618454E-04  -0.276111969E-03   0.419664029E-04
   0.917437064E-04   0.150531981E-03  -0.443958968E-03   0.650789661E-04
   0.141362980E-03   0.233213068E-03  -0.674178998E-03   0.950953399E-04
   0.210643033E-03   0.347322755E-03  -0.986248488E-03   0.133995942E-03
   0.304397894E-03   0.503771706E-03  -0.139957492E-02   0.180960618E-03
   0.421476405E-03   0.697136042E-03  -0.189296401E-02   0.235070926E-03
   0.566399307E-03   0.937751029E-03  -0.247806194E-02   0.294534228E-03
   0.746783044E-03   0.124046230E-02  -0.317854667E-02   0.359815429E-03
   0.957475509E-03   0.159904477E-02  -0.394899165E-02   0.424481463E-03
   0.121305801E-02   0.204488821E-02  -0.483960705E-02   0.489263795E-03
   0.150513218E-02   0.256837509E-02  -0.578378886E-02   0.551211007E-03
   0.184324384E-02   0.319627998E-02  -0.679756049E-02   0.608339848E-03
   0.223115878E-02   0.394718070E-02  -0.786688551E-02   0.657082594E-03
   0.267043244E-02   0.484283827E-02  -0.895176549E-02   0.689055596E-03
   0.317218713E-02   0.591293024E-02  -0.100581162E-01   0.709654239E-03
   0.373628456E-02   0.717837363E-02  -0.111217350E-01   0.716377515E-03
   0.437442726E-02   0.868033804E-02  -0.121145099E-01   0.709026761E-03
   0.510162069E-02   0.104557984E-01  -0.130281784E-01   0.682242739E-03
   0.591575680E-02   0.125131710E-01  -0.137535594E-01   0.636167126E-03
   0.681861024E-02   0.148628922E-01  -0.142077701E-01   0.575842103E-03
   0.779923098E-02   0.174684953E-01  -0.142572057E-01   0.492268300E-03
   0.882320665E-02   0.202374831E-01  -0.137459775E-01   0.393194583E-03
   0.984315667E-02   0.230346229E-01  -0.125190830E-01   0.285846036E-03
   0.107725020E-01   0.256156251E-01  -0.104586761E-01   0.178672111E-03
   0.115385177E-01   0.277635660E-01  -0.757015450E-02   0.866746268E-04
   0.120369531E-01   0.291610323E-01  -0.398217561E-02   0.226354332E-04
   0.122168278E-01   0.296732280E-01  -0.101599120E-07   0.000000000E+00
