   0.163173437E+00   0.692679405E+00   0.524692965E-07   0.000000000E+00
   0.159663856E+00   0.678848624E+00   0.418594480E-01   0.282821944E-03
   0.149713501E+00   0.639811456E+00   0.780658871E-01   0.105452223E-02
   0.134985074E+00   0.581620574E+00   0.104597420E+00   0.211138162E-02
   0.117821574E+00   0.513393641E+00   0.120190181E+00   0.322870654E-02
   0.100051232E+00   0.441946954E+00   0.125534520E+00   0.420334702E-02
   0.832642913E-01   0.373492837E+00   0.122985937E+00   0.493237982E-02
   0.683920756E-01   0.311772168E+00   0.115269497E+00   0.536693493E-02
   0.558013357E-01   0.258492559E+00   0.104863279E+00   0.555562787E-02
   0.454054140E-01   0.213535443E+00   0.934488773E-01   0.556350825E-02
   0.370670035E-01   0.176598683E+00   0.823631138E-01   0.543897413E-02
   0.304128584E-01   0.146382555E+00   0.721092150E-01   0.522282720E-02
   0.251072627E-01   0.121693723E+00   0.629022792E-01   0.495092710E-02
   0.208609067E-01   0.101467721E+00   0.547902621E-01   0.468651392E-02
   0.174531005E-01   0.849242583E-01   0.477056466E-01   0.438590860E-02
   0.146796452E-01   0.712393597E-01   0.415176451E-01   0.409429614E-02
   0.124025363E-01   0.598769784E-01   0.360960104E-01   0.376311014E-02
   0.105053224E-01   0.503341667E-01   0.313243605E-01   0.345727080E-02
   0.891606137E-02   0.423255637E-01   0.271238144E-01   0.315232668E-02
   0.755394530E-02   0.355261080E-01   0.233416725E-01   0.283849123E-02
   0.640831096E-02   0.297872871E-01   0.200706627E-01   0.255542761E-02
   0.542031834E-02   0.248888247E-01   0.171413943E-01   0.227273954E-02
   0.456587225E-02   0.207248610E-01   0.145364180E-01   0.198659464E-02
   0.383211742E-02   0.171842016E-01   0.122440187E-01   0.172222382E-02
   0.320959021E-02   0.142007750E-01   0.102735749E-01   0.148045877E-02
   0.266678235E-02   0.116510540E-01   0.851479638E-02   0.125420070E-02
   0.220524683E-02   0.950980000E-02   0.700644637E-02   0.105217902E-02
   0.181834423E-02   0.773168495E-02   0.573530747E-02   0.869345211E-03
   0.148453424E-02   0.622433610E-02   0.462137163E-02   0.704688951E-03
   0.120415806E-02   0.497874105E-02   0.368205248E-02   0.556160056E-03
   0.971032365E-03   0.395002682E-02   0.290279975E-02   0.437393028E-03
   0.775115157E-03   0.310467137E-02   0.224433583E-02   0.330664509E-03
   0.616524252E-03   0.242031855E-02   0.171650096E-02   0.247345713E-03
   0.486767065E-03   0.186723808E-02   0.128802098E-02   0.180455027E-03
   0.380345649E-03   0.142726721E-02   0.940563390E-03   0.124360144E-03
   0.294315425E-03   0.107579643E-02   0.663791492E-03   0.816088432E-04
   0.227054785E-03   0.803502975E-03   0.453327346E-03   0.501058348E-04
   0.176677568E-03   0.600178086E-03   0.306461705E-03   0.303924407E-04
   0.136455579E-03   0.442477030E-03   0.194963111E-03   0.169034302E-04
   0.106005675E-03   0.324911263E-03   0.114463794E-03   0.755395558E-05
   0.829077471E-04   0.237272543E-03   0.605764653E-04   0.284366592E-05
   0.664589461E-04   0.176295303E-03   0.270826313E-04   0.721609524E-06
   0.547098280E-04   0.131596622E-03   0.745007810E-05  -0.381049610E-07
   0.468152466E-04   0.102042301E-03  -0.267701398E-05  -0.185550462E-06
   0.421303230E-04   0.825934185E-04  -0.660183332E-05  -0.156395657E-06
   0.408043743E-04   0.720872995E-04  -0.625206803E-05  -0.339148045E-06
   0.423708807E-04   0.688197470E-04  -0.517634498E-05  -0.116130889E-05
   0.473953332E-04   0.713363916E-04  -0.708392099E-05  -0.252734139E-05
   0.557945277E-04   0.813980441E-04  -0.139367949E-04  -0.430246246E-05
   0.693984839E-04   0.999242620E-04  -0.317657177E-04  -0.578891832E-05
   0.881467640E-04   0.127580686E-03  -0.594605190E-04  -0.682062318E-05
   0.113286129E-03   0.168366925E-03  -0.100801008E-03  -0.678725519E-05
   0.150562104E-03   0.228954770E-03  -0.174184490E-03  -0.291408946E-05
   0.196482040E-03   0.302511064E-03  -0.265017967E-03   0.432692104E-05
   0.255784165E-03   0.405237486E-03  -0.385878171E-03   0.146673592E-04
   0.332194439E-03   0.540502137E-03  -0.546719413E-03   0.304947371E-04
   0.426522369E-03   0.712261768E-03  -0.746334263E-03   0.515128449E-04
   0.546845840E-03   0.930637761E-03  -0.100609381E-02   0.829027267E-04
   0.692669128E-03   0.120356050E-02  -0.132009224E-02   0.121088888E-03
   0.872565259E-03   0.154232443E-02  -0.170832989E-02   0.172069922E-03
   0.108980061E-02   0.196232507E-02  -0.217603263E-02   0.230743273E-03
   0.134143850E-02   0.245816913E-02  -0.270209671E-02   0.298625731E-03
   0.164866867E-02   0.307327788E-02  -0.334792002E-02   0.378474069E-03
   0.199817051E-02   0.379441096E-02  -0.406177435E-02   0.464038691E-03
   0.241941563E-02   0.467112148E-02  -0.492003234E-02   0.569013820E-03
   0.289172400E-02   0.568588497E-02  -0.584831554E-02   0.682596059E-03
   0.344420923E-02   0.689956872E-02  -0.692150090E-02   0.802776252E-03
   0.407681288E-02   0.833595172E-02  -0.812780205E-02   0.923581014E-03
   0.478805136E-02   0.100063756E-01  -0.943749584E-02   0.105555321E-02
   0.560561474E-02   0.119807106E-01  -0.109126829E-01   0.118098303E-02
   0.653752033E-02   0.142979166E-01  -0.125504443E-01   0.131610455E-02
   0.759706646E-02   0.170170143E-01  -0.143596437E-01   0.145558896E-02
   0.879153237E-02   0.201981142E-01  -0.163194239E-01   0.160138763E-02
   0.101729268E-01   0.239729080E-01  -0.185266118E-01   0.173530600E-02
   0.117571121E-01   0.284481887E-01  -0.209550802E-01   0.187935843E-02
   0.136117311E-01   0.338008143E-01  -0.236991141E-01   0.199744315E-02
   0.157824606E-01   0.402087942E-01  -0.267783236E-01   0.213026395E-02
   0.183707140E-01   0.479954816E-01  -0.302638337E-01   0.224499474E-02
   0.214589238E-01   0.574310385E-01  -0.342103541E-01   0.237536058E-02
   0.252034459E-01   0.690115467E-01  -0.386780836E-01   0.247273687E-02
   0.297246631E-01   0.831829384E-01  -0.436068326E-01   0.256216549E-02
   0.351462513E-01   0.100425407E+00  -0.488390960E-01   0.263521564E-02
   0.416616462E-01   0.121362619E+00  -0.541378558E-01   0.261184061E-02
   0.492464304E-01   0.146199465E+00  -0.588459671E-01   0.254622148E-02
   0.579757020E-01   0.175047457E+00  -0.621968210E-01   0.231728074E-02
   0.674600527E-01   0.206910789E+00  -0.629142150E-01   0.197342387E-02
   0.772569105E-01   0.240273580E+00  -0.598062016E-01   0.151140743E-02
   0.864772052E-01   0.272033155E+00  -0.517322943E-01   0.983045204E-03
   0.941059664E-01   0.298728555E+00  -0.383873396E-01   0.489492610E-03
   0.993237272E-01   0.317063242E+00  -0.205413457E-01   0.131493172E-03
   0.101113729E+00   0.323179871E+00  -0.576842538E-07   0.000000000E+00
