   0.569563499E-02   0.759772286E-01   0.954791357E-08   0.000000000E+00
   0.563688250E-02   0.749111101E-01   0.737227872E-02   0.488929945E-04
   0.545763038E-02   0.717783570E-01   0.140545471E-01   0.187694037E-03
   0.518631376E-02   0.668935403E-01   0.195176676E-01   0.388366985E-03
   0.484933611E-02   0.609055683E-01   0.234744009E-01   0.621525745E-03
   0.447591487E-02   0.542687774E-01   0.258804467E-01   0.859714404E-03
   0.409271009E-02   0.475696288E-01   0.269093551E-01   0.107415824E-02
   0.371897663E-02   0.410738587E-01   0.268253479E-01   0.124283391E-02
   0.335861160E-02   0.350518376E-01   0.258738175E-01   0.137129240E-02
   0.302080368E-02   0.296393149E-01   0.243544430E-01   0.145994069E-02
   0.270359963E-02   0.248639733E-01   0.224676803E-01   0.148485799E-02
   0.240325718E-02   0.207208078E-01   0.203568786E-01   0.147939869E-02
   0.211991044E-02   0.171496905E-01   0.181531012E-01   0.143638975E-02
   0.185617036E-02   0.141130406E-01   0.159801841E-01   0.135531812E-02
   0.160619232E-02   0.115299467E-01   0.138511537E-01   0.126141298E-02
   0.137319497E-02   0.934442692E-02   0.118322428E-01   0.115097780E-02
   0.115793198E-02   0.751282182E-02   0.995832682E-02   0.102500699E-02
   0.960516860E-03   0.596727338E-02   0.823429413E-02   0.897751015E-03
   0.784608594E-03   0.469528977E-02   0.670679798E-02   0.763511402E-03
   0.626900408E-03   0.362165342E-02   0.533361081E-02   0.639485836E-03
   0.493808533E-03   0.276487274E-02   0.418362161E-02   0.522573711E-03
   0.380920974E-03   0.206928561E-02   0.320991548E-02   0.419692922E-03
   0.285796268E-03   0.150991743E-02   0.239190878E-02   0.324819994E-03
   0.210008395E-03   0.107697141E-02   0.174215785E-02   0.245776668E-03
   0.148236737E-03   0.739113369E-03   0.121600961E-02   0.177442664E-03
   0.101282138E-03   0.488371181E-03   0.818003493E-03   0.123680482E-03
   0.668960711E-04   0.309926661E-03   0.528538367E-03   0.820485220E-04
   0.418038362E-04   0.183033233E-03   0.319141196E-03   0.515451065E-04
   0.246506024E-04   0.100574965E-03   0.178936578E-03   0.297130191E-04
   0.138737805E-04   0.511347898E-04   0.935406351E-04   0.161593744E-04
   0.722279674E-05   0.228715453E-04   0.426742590E-04   0.751391235E-05
   0.314266231E-05   0.805727541E-05   0.136662165E-04   0.245758997E-05
   0.133849915E-05   0.382909184E-05   0.354625354E-05   0.585745966E-06
   0.668829330E-06   0.449269555E-05   0.239523024E-05   0.395288566E-06
   0.611622738E-06   0.729218300E-05   0.556360965E-05   0.111406894E-05
   0.837766436E-06   0.111736863E-04   0.106114176E-04   0.232665684E-05
   0.110555607E-05   0.137543684E-04   0.145288177E-04   0.310762289E-05
   0.123569760E-05   0.151780132E-04   0.168413790E-04   0.424573591E-05
   0.137708366E-05   0.162875112E-04   0.187101796E-04   0.502908733E-05
   0.127557314E-05   0.150550923E-04   0.171866777E-04   0.536298330E-05
   0.128836734E-05   0.151018539E-04   0.165902384E-04   0.614356804E-05
   0.111943928E-05   0.135400205E-04   0.138120513E-04   0.615690942E-05
   0.965809932E-06   0.114328468E-04   0.946577984E-05   0.610046118E-05
   0.942572797E-06   0.104772444E-04   0.674009107E-05   0.616835041E-05
   0.108225697E-05   0.966422613E-05   0.254571955E-05   0.641688575E-05
   0.126486520E-05   0.895808807E-05  -0.197488021E-05   0.646593116E-05
   0.154528846E-05   0.897873360E-05  -0.564377206E-05   0.669269912E-05
   0.203116520E-05   0.949253354E-05  -0.973083024E-05   0.705303773E-05
   0.226669204E-05   0.917223224E-05  -0.132222194E-04   0.661626837E-05
   0.258555428E-05   0.946310047E-05  -0.160982345E-04   0.647796105E-05
   0.275212028E-05   0.925339464E-05  -0.175765836E-04   0.582806797E-05
   0.345225817E-05   0.104419823E-04  -0.212281539E-04   0.600682824E-05
   0.360952754E-05   0.103908378E-04  -0.213551448E-04   0.565814071E-05
   0.347356513E-05   0.979300057E-05  -0.200174272E-04   0.476496734E-05
   0.305819549E-05   0.842590089E-05  -0.165631373E-04   0.380607480E-05
   0.234073741E-05   0.621459776E-05  -0.113404412E-04   0.239637689E-05
   0.164434698E-05   0.384629948E-05  -0.619189314E-05   0.119078857E-05
   0.143916714E-05   0.243460158E-05  -0.323250492E-05   0.377979632E-06
   0.194559834E-05   0.233661126E-05  -0.493374728E-05   0.831175328E-06
   0.419870730E-05   0.517537137E-05  -0.155740017E-04   0.267481869E-05
   0.101168835E-04   0.146814937E-04  -0.465736302E-04   0.804158572E-05
   0.211988754E-04   0.338683967E-04  -0.105167179E-03   0.176451449E-04
   0.391333815E-04   0.656623379E-04  -0.198755122E-03   0.324773901E-04
   0.664220570E-04   0.113824404E-03  -0.337509409E-03   0.533592611E-04
   0.109476823E-03   0.192114414E-03  -0.557613035E-03   0.850083743E-04
   0.165616773E-03   0.292991783E-03  -0.833277067E-03   0.122581929E-03
   0.242286216E-03   0.430855405E-03  -0.120150228E-02   0.169820065E-03
   0.346954359E-03   0.619149301E-03  -0.169322325E-02   0.231031809E-03
   0.475422392E-03   0.853225356E-03  -0.227624271E-02   0.296508282E-03
   0.637897465E-03   0.114633702E-02  -0.298537174E-02   0.373431045E-03
   0.832944992E-03   0.150570553E-02  -0.380439172E-02   0.452284643E-03
   0.106897962E-02   0.194198219E-02  -0.475099077E-02   0.540765293E-03
   0.134587556E-02   0.246954220E-02  -0.581063656E-02   0.625346671E-03
   0.166745472E-02   0.309516443E-02  -0.697200792E-02   0.712042674E-03
   0.203039125E-02   0.383216911E-02  -0.819557160E-02   0.786985620E-03
   0.243776897E-02   0.469656521E-02  -0.946361758E-02   0.850779179E-03
   0.289786444E-02   0.572278956E-02  -0.107787214E-01   0.898234139E-03
   0.341001502E-02   0.692633120E-02  -0.120968577E-01   0.931668037E-03
   0.397795066E-02   0.833332259E-02  -0.133904060E-01   0.954190909E-03
   0.460676290E-02   0.998653006E-02  -0.146089075E-01   0.947824330E-03
   0.529843476E-02   0.118996045E-01  -0.157035105E-01   0.916424673E-03
   0.606151763E-02   0.141051831E-01  -0.166377351E-01   0.867659750E-03
   0.689248648E-02   0.166081805E-01  -0.172897279E-01   0.789504207E-03
   0.778543111E-02   0.193964913E-01  -0.175623912E-01   0.701194105E-03
   0.872291159E-02   0.224017091E-01  -0.173223652E-01   0.589893316E-03
   0.967037026E-02   0.255115721E-01  -0.164145548E-01   0.463214878E-03
   0.105875088E-01   0.285924096E-01  -0.147065856E-01   0.334963639E-03
   0.114145856E-01   0.313878953E-01  -0.121193733E-01   0.204731841E-03
   0.120649170E-01   0.336355567E-01  -0.866664294E-02   0.982863203E-04
   0.124903582E-01   0.350954011E-01  -0.452709012E-02   0.254441929E-04
   0.126391565E-01   0.356041864E-01  -0.119561632E-07   0.000000000E+00
