   0.225176453E-03   0.238077044E-01  -0.604638423E-10   0.000000000E+00
   0.234516818E-03   0.233694706E-01   0.271095824E-02   0.160467534E-04
   0.259736058E-03   0.221325941E-01   0.513043348E-02   0.604671732E-04
   0.295469159E-03   0.202502757E-01   0.703866780E-02   0.123308171E-03
   0.333441480E-03   0.179689117E-01   0.831842795E-02   0.191968560E-03
   0.366276363E-03   0.155062834E-01   0.896124728E-02   0.255731458E-03
   0.388085493E-03   0.130488444E-01   0.904069655E-02   0.305545225E-03
   0.392986927E-03   0.107342768E-01   0.863182079E-02   0.336416182E-03
   0.383258186E-03   0.865632389E-02   0.792266894E-02   0.347939786E-03
   0.359083759E-03   0.684900675E-02   0.701215304E-02   0.340218743E-03
   0.321843690E-03   0.530200964E-02   0.596735999E-02   0.318777427E-03
   0.277785613E-03   0.402443344E-02   0.492125424E-02   0.285412971E-03
   0.228986493E-03   0.297359913E-02   0.389526249E-02   0.244707247E-03
   0.180508621E-03   0.213477644E-02   0.296106096E-02   0.198995840E-03
   0.135714698E-03   0.148250756E-02   0.215256307E-02   0.153651141E-03
   0.963700077E-04   0.984943006E-03   0.147751521E-02   0.111932968E-03
   0.648567802E-04   0.625029905E-03   0.958912540E-03   0.766930680E-04
   0.411905858E-04   0.376973447E-03   0.584206777E-03   0.488179030E-04
   0.240865193E-04   0.211590144E-03   0.322916225E-03   0.278918033E-04
   0.122358906E-04   0.106103878E-03   0.148677485E-03   0.130295721E-04
   0.560624676E-05   0.497001856E-04   0.576764651E-04   0.496775647E-05
   0.212969621E-05   0.225579188E-04   0.152300427E-04   0.109344967E-05
   0.638192375E-06   0.123672944E-04   0.170853605E-05  -0.383235266E-08
   0.293486465E-06   0.114385739E-04   0.394118433E-05   0.519433229E-06
   0.482160317E-06   0.125292227E-04   0.107247279E-04   0.142098168E-05
   0.756367228E-06   0.144025653E-04   0.176453505E-04   0.241372459E-05
   0.873531064E-06   0.139955464E-04   0.198900616E-04   0.279046549E-05
   0.891333229E-06   0.129360596E-04   0.199635342E-04   0.290813477E-05
   0.861227193E-06   0.115671573E-04   0.190087940E-04   0.280551717E-05
   0.632791057E-06   0.808870027E-05   0.136790304E-04   0.202682168E-05
   0.481048801E-06   0.601427473E-05   0.103726143E-04   0.158796786E-05
   0.279614738E-06   0.349522543E-05   0.600394060E-05   0.959712224E-06
   0.157932490E-06   0.192462403E-05   0.328098258E-05   0.525376095E-06
   0.705425762E-07   0.886398425E-06   0.156753288E-05   0.270333430E-06
   0.339643051E-07   0.442097416E-06   0.770808811E-06   0.142083707E-06
   0.202764365E-07   0.218558910E-06   0.343533458E-06   0.546633920E-07
   0.380516241E-08   0.433255671E-07   0.791079202E-07   0.119762662E-07
   0.882510787E-09   0.355019703E-08   0.171292069E-08  -0.572004888E-09
   0.451590187E-08   0.203217283E-07  -0.776660070E-08   0.113552785E-07
   0.278228862E-08   0.301530143E-07   0.162294018E-07   0.186798292E-07
   0.887991813E-08   0.105970322E-06   0.194814973E-06   0.399903968E-07
   0.864668603E-08   0.102223126E-06   0.147874744E-06   0.493224803E-07
   0.123112942E-07   0.110821894E-06   0.522286712E-07   0.652504113E-07
   0.756342722E-08   0.794893467E-07  -0.909476050E-08   0.541753167E-07
   0.212254925E-07   0.163272261E-06   0.452933868E-08   0.999803902E-07
   0.902187214E-08   0.958235873E-07   0.852753779E-08   0.629616110E-07
   0.113257377E-07   0.871728858E-07  -0.757826371E-07   0.621369978E-07
   0.297559932E-07   0.150029493E-06  -0.356264877E-06   0.111314996E-06
   0.758205054E-08   0.727341956E-07  -0.587175464E-07   0.538922151E-07
   0.183309563E-07   0.101839227E-06  -0.131761226E-06   0.697090599E-07
   0.247793253E-07   0.102252130E-06  -0.294881147E-06   0.737835819E-07
   0.135840379E-07   0.465483261E-07  -0.173134964E-06   0.318314726E-07
   0.454613458E-08   0.175461725E-07  -0.575834846E-07   0.127213449E-07
   0.628044339E-09   0.264789080E-08  -0.780360665E-08   0.171024472E-08
   0.584150950E-08   0.210505036E-07  -0.713067507E-07   0.128706663E-07
   0.579606834E-07   0.193681714E-06  -0.708951347E-06   0.114176586E-06
   0.113366333E-06   0.375018942E-06  -0.135559310E-05   0.208317758E-06
   0.319525697E-06   0.102588797E-05  -0.381541986E-05   0.585670080E-06
   0.575654781E-06   0.186361729E-05  -0.685116947E-05   0.107944561E-05
   0.973454007E-06   0.306155221E-05  -0.113223550E-04   0.173167109E-05
   0.152550808E-05   0.472374541E-05  -0.173285644E-04   0.256304884E-05
   0.192069160E-05   0.581021732E-05  -0.211723636E-04   0.308618064E-05
   0.262060212E-05   0.775305944E-05  -0.278499938E-04   0.394230801E-05
   0.321874154E-05   0.941660164E-05  -0.326714653E-04   0.450644211E-05
   0.344610589E-05   0.986955183E-05  -0.323775275E-04   0.434434969E-05
   0.310307450E-05   0.861192439E-05  -0.248346660E-04   0.311833332E-05
   0.261105833E-05   0.688158752E-05  -0.148187783E-04   0.190387027E-05
   0.246865284E-05   0.583983729E-05  -0.582236817E-05   0.782694769E-06
   0.321132711E-05   0.644593456E-05  -0.351693097E-05   0.589477168E-06
   0.668462781E-05   0.129264927E-04  -0.229514426E-04   0.281596863E-05
   0.156382193E-04   0.310004325E-04  -0.867630006E-04   0.963257662E-05
   0.333607059E-04   0.672533279E-04  -0.217145061E-03   0.226049724E-04
   0.632793744E-04   0.128152431E-03  -0.431968947E-03   0.426370498E-04
   0.113189104E-03   0.228776596E-03  -0.785713433E-03   0.735525318E-04
   0.183325668E-03   0.369401445E-03  -0.124834129E-02   0.110623187E-03
   0.283835718E-03   0.570227101E-03  -0.187889754E-02   0.156444221E-03
   0.414442795E-03   0.831217796E-03  -0.262669451E-02   0.205876204E-03
   0.581975735E-03   0.116973196E-02  -0.350512029E-02   0.256431871E-03
   0.786391494E-03   0.158963667E-02  -0.445380993E-02   0.303794863E-03
   0.102851109E-02   0.210017129E-02  -0.542371860E-02   0.342337327E-03
   0.131502340E-02   0.272201421E-02  -0.640572095E-02   0.372528943E-03
   0.163699395E-02   0.344732986E-02  -0.726260617E-02   0.386412808E-03
   0.200134283E-02   0.429563317E-02  -0.798508059E-02   0.385490799E-03
   0.240218570E-02   0.525735831E-02  -0.847784337E-02   0.365007261E-03
   0.283233589E-02   0.631422363E-02  -0.865124818E-02   0.327581918E-03
   0.328086806E-02   0.743404916E-02  -0.842184108E-02   0.270281656E-03
   0.372325652E-02   0.855028071E-02  -0.770521630E-02   0.203106611E-03
   0.413118629E-02   0.958150160E-02  -0.645583216E-02   0.129412569E-03
   0.446410477E-02   0.104247155E-01  -0.467155688E-02   0.632421652E-04
   0.468131481E-02   0.109729776E-01  -0.245727156E-02   0.166948703E-04
   0.475713704E-02   0.111689446E-01  -0.650703846E-08   0.000000000E+00
