   0.922241434E-02   0.990093499E-01   0.000000000E+00   0.000000000E+00
   0.909447670E-02   0.974680632E-01   0.869981293E-02   0.586508504E-04
   0.871935207E-02   0.930272043E-01   0.165033899E-01   0.223494339E-03
   0.815416873E-02   0.862407237E-01   0.227325205E-01   0.460180308E-03
   0.746276649E-02   0.778837353E-01   0.270459224E-01   0.730599568E-03
   0.672292989E-02   0.688808039E-01   0.294838101E-01   0.998090487E-03
   0.598704722E-02   0.598136559E-01   0.302878339E-01   0.123257481E-02
   0.529232668E-02   0.512369759E-01   0.298255160E-01   0.141512160E-02
   0.465876749E-02   0.433964171E-01   0.284771360E-01   0.154870516E-02
   0.409124093E-02   0.364452191E-01   0.265589785E-01   0.161698868E-02
   0.358446874E-02   0.304052662E-01   0.243109334E-01   0.165724149E-02
   0.313426834E-02   0.252184980E-01   0.219239965E-01   0.162757258E-02
   0.273292372E-02   0.208124183E-01   0.195177700E-01   0.157934823E-02
   0.237059803E-02   0.171027817E-01   0.171638280E-01   0.149864040E-02
   0.204060948E-02   0.139703844E-01   0.148968715E-01   0.139932905E-02
   0.174338778E-02   0.113479104E-01   0.127833886E-01   0.127935817E-02
   0.147638610E-02   0.916374940E-02   0.108470600E-01   0.114753342E-02
   0.123354781E-02   0.733586820E-02   0.906387996E-02   0.101712649E-02
   0.101875036E-02   0.582155725E-02   0.747739850E-02   0.882348220E-03
   0.830599689E-03   0.457902253E-02   0.608641515E-02   0.748016115E-03
   0.662916515E-03   0.353390980E-02   0.484032463E-02   0.627706875E-03
   0.522469752E-03   0.270297425E-02   0.380011671E-02   0.509743579E-03
   0.404557213E-03   0.203340990E-02   0.292814430E-02   0.406581938E-03
   0.305702444E-03   0.149495562E-02   0.219876645E-02   0.318031118E-03
   0.225171272E-03   0.107314950E-02   0.160560687E-02   0.239132874E-03
   0.162870259E-03   0.750168983E-03   0.114596158E-02   0.177603812E-03
   0.114267314E-03   0.509465230E-03   0.791262661E-03   0.126037296E-03
   0.761070332E-04   0.326267502E-03   0.513797044E-03   0.845154646E-04
   0.489980557E-04   0.200572729E-03   0.319257524E-03   0.534123137E-04
   0.311574877E-04   0.120976103E-03   0.195339540E-03   0.337457786E-04
   0.172379387E-04   0.615787867E-04   0.983377249E-04   0.173451699E-04
   0.977072068E-05   0.307857772E-04   0.491067258E-04   0.890279443E-05
   0.485423288E-05   0.136200324E-04   0.192233329E-04   0.378868253E-05
   0.242482224E-05   0.656408065E-05   0.636579171E-05   0.159552849E-05
   0.955567202E-06   0.464196455E-05   0.640678650E-06   0.947720252E-06
   0.531536671E-06   0.623534288E-05   0.165299218E-05   0.139869576E-05
   0.563924800E-06   0.925474251E-05   0.506976176E-05   0.260761090E-05
   0.711474399E-06   0.111946219E-04   0.761231740E-05   0.393747678E-05
   0.935711512E-06   0.132958776E-04   0.102748809E-04   0.517427952E-05
   0.130649028E-05   0.159769515E-04   0.127170697E-04   0.699266957E-05
   0.141872692E-05   0.160236668E-04   0.121826124E-04   0.769415874E-05
   0.133743561E-05   0.158488056E-04   0.115330604E-04   0.807974629E-05
   0.149260302E-05   0.155834605E-04   0.919376998E-05   0.882477616E-05
   0.139197641E-05   0.138760024E-04   0.515578631E-05   0.871834618E-05
   0.169363307E-05   0.141781629E-04   0.360667491E-05   0.923782318E-05
   0.201235184E-05   0.136357348E-04  -0.138117161E-05   0.957009252E-05
   0.201744592E-05   0.123825748E-04  -0.462676235E-05   0.902373358E-05
   0.249309323E-05   0.123287837E-04  -0.963030470E-05   0.908586753E-05
   0.285903752E-05   0.123266091E-04  -0.124812177E-04   0.894300774E-05
   0.292598361E-05   0.117245090E-04  -0.139979320E-04   0.827825170E-05
   0.295743484E-05   0.111455829E-04  -0.146238181E-04   0.755919018E-05
   0.300095576E-05   0.103564662E-04  -0.143035022E-04   0.667985432E-05
   0.292361051E-05   0.949133664E-05  -0.137738116E-04   0.551625180E-05
   0.217160709E-05   0.709442793E-05  -0.912865107E-05   0.396529731E-05
   0.174883564E-05   0.529746967E-05  -0.581225504E-05   0.251163124E-05
   0.141827127E-05   0.351284120E-05  -0.274004265E-05   0.143130956E-05
   0.173252408E-05   0.270309079E-05  -0.276283777E-05   0.992634000E-06
   0.319896799E-05   0.379548101E-05  -0.782961342E-05   0.149637015E-05
   0.691021251E-05   0.858016301E-05  -0.232913844E-04   0.398250586E-05
   0.141864330E-04   0.197412264E-04  -0.556303967E-04   0.931879913E-05
   0.257955453E-04   0.383839470E-04  -0.106978558E-03   0.176546564E-04
   0.470456362E-04   0.736139045E-04  -0.203042247E-03   0.329332288E-04
   0.764910728E-04   0.122727273E-03  -0.332442898E-03   0.531929109E-04
   0.121470868E-03   0.198130758E-03  -0.528983946E-03   0.825295865E-04
   0.179365554E-03   0.297324965E-03  -0.776167959E-03   0.117141237E-03
   0.260289380E-03   0.433609384E-03  -0.111291872E-02   0.163545948E-03
   0.362398016E-03   0.606669695E-03  -0.152487902E-02   0.218021029E-03
   0.494865526E-03   0.833069324E-03  -0.204769289E-02   0.281098473E-03
   0.656890683E-03   0.111381745E-02  -0.266425102E-02   0.351722207E-03
   0.858748564E-03   0.146654493E-02  -0.340834958E-02   0.429740845E-03
   0.109485199E-02   0.188417058E-02  -0.423482852E-02   0.512229803E-03
   0.137375237E-02   0.238998211E-02  -0.516842585E-02   0.599003164E-03
   0.169835286E-02   0.300024753E-02  -0.620138552E-02   0.676470459E-03
   0.207143906E-02   0.372650218E-02  -0.731710251E-02   0.751601707E-03
   0.249869144E-02   0.459025428E-02  -0.851329789E-02   0.820758054E-03
   0.298819272E-02   0.562267657E-02  -0.978919957E-02   0.889339834E-03
   0.353916129E-02   0.684697367E-02  -0.111010326E-01   0.937658013E-03
   0.416282192E-02   0.830446742E-02  -0.124445315E-01   0.969984569E-03
   0.486545078E-02   0.100255134E-01  -0.137927439E-01   0.995169277E-03
   0.566208549E-02   0.120729590E-01  -0.151175112E-01   0.990058645E-03
   0.655972352E-02   0.144734299E-01  -0.163765959E-01   0.963050930E-03
   0.756845204E-02   0.172719639E-01  -0.174955837E-01   0.918720034E-03
   0.869666040E-02   0.204987917E-01  -0.183857251E-01   0.853367266E-03
   0.994028337E-02   0.241538901E-01  -0.189306624E-01   0.773381558E-03
   0.112723568E-01   0.281397402E-01  -0.189216956E-01   0.654126285E-03
   0.126522407E-01   0.323496014E-01  -0.181798209E-01   0.522933668E-03
   0.140081747E-01   0.365411192E-01  -0.164981764E-01   0.376634824E-03
   0.152409654E-01   0.404016264E-01  -0.137439277E-01   0.234702646E-03
   0.162384417E-01   0.435764976E-01  -0.991986785E-02   0.114006849E-03
   0.168865751E-01   0.456213504E-01  -0.520900544E-02   0.295941427E-04
   0.171119496E-01   0.463573746E-01  -0.137342324E-07   0.000000000E+00
