   0.203395216E-02   0.494131111E-01   0.535992983E-08   0.000000000E+00
   0.203064317E-02   0.487409383E-01   0.562389242E-02   0.353364157E-04
   0.201623631E-02   0.468042083E-01   0.107724629E-01   0.135474547E-03
   0.199109176E-02   0.437823422E-01   0.150611913E-01   0.283056608E-03
   0.195526821E-02   0.400294401E-01   0.182755496E-01   0.457064045E-03
   0.190642395E-02   0.358628407E-01   0.203541741E-01   0.635259377E-03
   0.184683444E-02   0.315356404E-01   0.213838965E-01   0.800898997E-03
   0.176732219E-02   0.273540821E-01   0.214758869E-01   0.937117497E-03
   0.167146814E-02   0.234035272E-01   0.208286103E-01   0.103632768E-02
   0.156389945E-02   0.198166966E-01   0.196783822E-01   0.109647389E-02
   0.144083879E-02   0.166094862E-01   0.181329977E-01   0.111714995E-02
   0.130370643E-02   0.137808258E-01   0.163238123E-01   0.110004563E-02
   0.116316602E-02   0.113460226E-01   0.144450413E-01   0.105744624E-02
   0.101289677E-02   0.921160635E-02   0.124610495E-01   0.987355481E-03
   0.868509407E-03   0.742446911E-02   0.105888043E-01   0.892545271E-03
   0.726942148E-03   0.588283082E-02   0.878037605E-02   0.793708954E-03
   0.593629200E-03   0.458854763E-02   0.711121690E-02   0.678501674E-03
   0.476533809E-03   0.353198452E-02   0.566496747E-02   0.574218633E-03
   0.369759480E-03   0.264678220E-02   0.436314195E-02   0.464467506E-03
   0.277877727E-03   0.193008105E-02   0.325497799E-02   0.361296814E-03
   0.201937801E-03   0.136262586E-02   0.234556547E-02   0.272081117E-03
   0.143573227E-03   0.938956044E-03   0.165128859E-02   0.200171984E-03
   0.964184801E-04   0.613445241E-03   0.109598215E-02   0.137504147E-03
   0.623213346E-04   0.380481186E-03   0.695669500E-03   0.913837794E-04
   0.379737357E-04   0.222348492E-03   0.414197595E-03   0.560531298E-04
   0.216731351E-04   0.119388038E-03   0.228239602E-03   0.320718573E-04
   0.105757681E-04   0.529414756E-04   0.103830571E-03   0.150383794E-04
   0.526653685E-05   0.222537601E-04   0.462273529E-04   0.674817375E-05
   0.187779335E-05   0.696587176E-05   0.131663637E-04   0.181429834E-05
   0.813530335E-06   0.418138461E-05   0.509781466E-05   0.356688872E-06
   0.749250319E-06   0.616776879E-05   0.697515407E-05   0.341836511E-06
   0.947547449E-06   0.995964456E-05   0.122144884E-04   0.110106998E-05
   0.128805470E-05   0.134452121E-04   0.179929339E-04   0.207496259E-05
   0.160158754E-05   0.158659150E-04   0.219398898E-04   0.263267475E-05
   0.175369928E-05   0.170302046E-04   0.251234815E-04   0.343706574E-05
   0.165719780E-05   0.154931531E-04   0.230443256E-04   0.312313182E-05
   0.159057890E-05   0.146081302E-04   0.218605455E-04   0.304878881E-05
   0.132741991E-05   0.120221475E-04   0.186284051E-04   0.273285991E-05
   0.107224480E-05   0.969291159E-05   0.149335146E-04   0.224219207E-05
   0.821659398E-06   0.758205124E-05   0.113596307E-04   0.180425593E-05
   0.606087951E-06   0.568822270E-05   0.823801201E-05   0.139073597E-05
   0.441837187E-06   0.460218780E-05   0.673555678E-05   0.137038217E-05
   0.276150814E-06   0.299339354E-05   0.444156512E-05   0.103281241E-05
   0.138624230E-06   0.185576073E-05   0.231687500E-05   0.854886196E-06
   0.889110723E-07   0.115795751E-05   0.498867223E-06   0.762983689E-06
   0.124184993E-06   0.112923419E-05  -0.444717045E-06   0.844793931E-06
   0.199978103E-06   0.110720248E-05  -0.184720750E-05   0.842203235E-06
   0.417365698E-06   0.159621436E-05  -0.374068873E-05   0.109360076E-05
   0.560475087E-06   0.194814083E-05  -0.504620857E-05   0.118446076E-05
   0.929047303E-06   0.282228643E-05  -0.789181649E-05   0.153444171E-05
   0.133200467E-05   0.401046054E-05  -0.110313040E-04   0.189174364E-05
   0.180927805E-05   0.514330986E-05  -0.144165551E-04   0.220052402E-05
   0.253647886E-05   0.714663520E-05  -0.202041902E-04   0.312343332E-05
   0.301612863E-05   0.846891726E-05  -0.236780215E-04   0.352931283E-05
   0.389608840E-05   0.106808502E-04  -0.302735243E-04   0.449524168E-05
   0.427150326E-05   0.117903001E-04  -0.327364796E-04   0.472375905E-05
   0.419601929E-05   0.115361117E-04  -0.310857758E-04   0.408917094E-05
   0.379854532E-05   0.103208258E-04  -0.272583675E-04   0.341087298E-05
   0.354506642E-05   0.961340447E-05  -0.245887368E-04   0.304627747E-05
   0.246875925E-05   0.642278019E-05  -0.156491951E-04   0.181954874E-05
   0.162096353E-05   0.355991574E-05  -0.820717014E-05   0.664657080E-06
   0.141277735E-05   0.255568671E-05  -0.613532757E-05   0.753439508E-06
   0.342203725E-05   0.570598286E-05  -0.197226418E-04   0.294099709E-05
   0.834895854E-05   0.158188195E-04  -0.552813581E-04   0.851243021E-05
   0.189283055E-04   0.381073733E-04  -0.130186250E-03   0.192132684E-04
   0.368501132E-04   0.754044595E-04  -0.253022736E-03   0.362965220E-04
   0.677064963E-04   0.140123579E-03  -0.461836258E-03   0.634713069E-04
   0.114845745E-03   0.239455083E-03  -0.774355838E-03   0.102114253E-03
   0.179847717E-03   0.374383177E-03  -0.118983036E-02   0.150811276E-03
   0.268743490E-03   0.556274550E-03  -0.173851289E-02   0.211792096E-03
   0.382753089E-03   0.791654107E-03  -0.241764355E-02   0.279830507E-03
   0.535117520E-03   0.110173761E-02  -0.329259643E-02   0.365437852E-03
   0.716151320E-03   0.147493649E-02  -0.428084284E-02   0.448589068E-03
   0.933452742E-03   0.192502176E-02  -0.540253613E-02   0.535782718E-03
   0.119104958E-02   0.246547745E-02  -0.665610656E-02   0.624255335E-03
   0.148350210E-02   0.309901591E-02  -0.797739998E-02   0.700071745E-03
   0.181227690E-02   0.383515377E-02  -0.933542568E-02   0.765330624E-03
   0.217634439E-02   0.468758680E-02  -0.106883524E-01   0.815733860E-03
   0.257533276E-02   0.567453820E-02  -0.119913165E-01   0.841064088E-03
   0.301296520E-02   0.681402395E-02  -0.132181831E-01   0.857116829E-03
   0.347954803E-02   0.811625924E-02  -0.142514780E-01   0.830510806E-03
   0.398016814E-02   0.959165394E-02  -0.150638539E-01   0.795394822E-03
   0.450724270E-02   0.112351924E-01  -0.155569194E-01   0.728313520E-03
   0.506331818E-02   0.130510973E-01  -0.156801175E-01   0.645636872E-03
   0.563015975E-02   0.149771096E-01  -0.152987996E-01   0.539507193E-03
   0.619486906E-02   0.169535019E-01  -0.143283820E-01   0.419441669E-03
   0.672849175E-02   0.188660286E-01  -0.126756988E-01   0.296944316E-03
   0.720187975E-02   0.205916651E-01  -0.103345402E-01   0.181534313E-03
   0.757357199E-02   0.219683610E-01  -0.733163441E-02   0.860838481E-04
   0.781005388E-02   0.228505842E-01  -0.380930421E-02   0.223766092E-04
   0.789881218E-02   0.231726114E-01  -0.964445235E-08   0.000000000E+00
