   0.123879826E-01   0.119393200E+00   0.185209861E-09   0.000000000E+00
   0.122062014E-01   0.117580920E+00   0.100562647E-01   0.686707863E-04
   0.116806747E-01   0.112244070E+00   0.190721899E-01   0.261089212E-03
   0.109101245E-01   0.104304343E+00   0.263127610E-01   0.536438776E-03
   0.995262433E-02   0.944368467E-01   0.313367471E-01   0.859708234E-03
   0.892313942E-02   0.836640596E-01   0.341714136E-01   0.117691024E-02
   0.790717080E-02   0.728595182E-01   0.351357199E-01   0.144845073E-02
   0.694842916E-02   0.625565499E-01   0.346268378E-01   0.166489545E-02
   0.607970124E-02   0.531386919E-01   0.330947638E-01   0.181640743E-02
   0.530656287E-02   0.447698087E-01   0.309054665E-01   0.191782333E-02
   0.462641241E-02   0.374918617E-01   0.283511803E-01   0.195328146E-02
   0.402879016E-02   0.312313382E-01   0.256315321E-01   0.193137454E-02
   0.349933119E-02   0.258743875E-01   0.228695944E-01   0.188339793E-02
   0.303044193E-02   0.213544238E-01   0.201822575E-01   0.178382965E-02
   0.261847908E-02   0.175479688E-01   0.176564846E-01   0.167867728E-02
   0.224222615E-02   0.143366111E-01   0.152436495E-01   0.154376379E-02
   0.190575246E-02   0.116508547E-01   0.130156279E-01   0.140190648E-02
   0.160587055E-02   0.941064488E-02   0.109983422E-01   0.124992547E-02
   0.133610074E-02   0.752854440E-02   0.915314164E-02   0.109451683E-02
   0.110059022E-02   0.598098012E-02   0.753683457E-02   0.944130123E-03
   0.892011914E-03   0.469058892E-02   0.609788718E-02   0.798226858E-03
   0.714883674E-03   0.364053203E-02   0.487156352E-02   0.661629543E-03
   0.560187094E-03   0.277581206E-02   0.380141451E-02   0.534817053E-03
   0.433369103E-03   0.208572694E-02   0.292352610E-02   0.428043248E-03
   0.327523681E-03   0.153682393E-02   0.219347933E-02   0.330678886E-03
   0.243523056E-03   0.110923476E-02   0.161312043E-02   0.250378478E-03
   0.176114583E-03   0.777856912E-03   0.114963704E-02   0.183514669E-03
   0.123952661E-03   0.528796809E-03   0.793210638E-03   0.130153610E-03
   0.830586505E-04   0.341609499E-03   0.515967433E-03   0.863503956E-04
   0.551963312E-04   0.215800188E-03   0.329708302E-03   0.560422377E-04
   0.351589297E-04   0.128697371E-03   0.197987887E-03   0.340756815E-04
   0.208924921E-04   0.705109924E-04   0.106768806E-03   0.185278423E-04
   0.119424758E-04   0.368381916E-04   0.528234414E-04   0.943793293E-05
   0.592312108E-05   0.167357903E-04   0.185937261E-04   0.382048211E-05
   0.298559780E-05   0.848128730E-05   0.437772178E-05   0.166128928E-05
   0.155920065E-05   0.651425671E-05  -0.263265210E-08   0.164444532E-05
   0.726047631E-06   0.817609816E-05  -0.849409275E-06   0.250841413E-05
   0.761184026E-06   0.113724691E-04   0.232708840E-05   0.435904894E-05
   0.108233007E-05   0.145819213E-04   0.511639291E-05   0.662862521E-05
   0.126157636E-05   0.170565218E-04   0.856390307E-05   0.805800209E-05
   0.159856643E-05   0.181268897E-04   0.788272973E-05   0.983134123E-05
   0.177301911E-05   0.192694952E-04   0.814798113E-05   0.110521642E-04
   0.193768597E-05   0.198158687E-04   0.719405261E-05   0.120185459E-04
   0.224628025E-05   0.202646934E-04   0.590692844E-05   0.128257043E-04
   0.277941490E-05   0.206069708E-04   0.191959475E-05   0.138374371E-04
   0.243580598E-05   0.187417190E-04  -0.810293876E-08   0.130171502E-04
   0.297628321E-05   0.188584509E-04  -0.374290789E-05   0.134526417E-04
   0.309370444E-05   0.182917247E-04  -0.595256233E-05   0.132426267E-04
   0.322607002E-05   0.168568331E-04  -0.974737213E-05   0.122939882E-04
   0.329945647E-05   0.157743088E-04  -0.107466949E-04   0.113483811E-04
   0.311534336E-05   0.142121016E-04  -0.102123286E-04   0.100313091E-04
   0.276306196E-05   0.120815675E-04  -0.934418313E-05   0.820208243E-05
   0.228315366E-05   0.968792574E-05  -0.623969481E-05   0.626324572E-05
   0.185578415E-05   0.716486420E-05  -0.357592307E-05   0.416782404E-05
   0.157764066E-05   0.510006066E-05  -0.551781511E-06   0.265105382E-05
   0.204506887E-05   0.355505290E-05  -0.686408555E-06   0.108261895E-05
   0.409830227E-05   0.521268521E-05  -0.796429504E-05   0.168518909E-05
   0.818773606E-05   0.104498286E-04  -0.237916902E-04   0.381990276E-05
   0.166938044E-04   0.226622706E-04  -0.592559809E-04   0.943927444E-05
   0.293178000E-04   0.434458452E-04  -0.112792368E-03   0.178488408E-04
   0.520991707E-04   0.796572422E-04  -0.209405160E-03   0.336638295E-04
   0.821868452E-04   0.130311542E-03  -0.335757184E-03   0.532158883E-04
   0.126512270E-03   0.203832940E-03  -0.518576766E-03   0.813981824E-04
   0.186602381E-03   0.305825612E-03  -0.763571763E-03   0.118070442E-03
   0.267374737E-03   0.442677032E-03  -0.108597719E-02   0.163744553E-03
   0.372896058E-03   0.624978973E-03  -0.150088733E-02   0.219995345E-03
   0.502680719E-03   0.847017684E-03  -0.198934856E-02   0.284930720E-03
   0.668026682E-03   0.113651308E-02  -0.260143518E-02   0.357474113E-03
   0.869333744E-03   0.149221113E-02  -0.332040596E-02   0.439088064E-03
   0.111091835E-02   0.192539964E-02  -0.415072264E-02   0.526750577E-03
   0.139507093E-02   0.244807312E-02  -0.508594653E-02   0.619972823E-03
   0.172576250E-02   0.307550956E-02  -0.612587528E-02   0.708484615E-03
   0.210706936E-02   0.382146472E-02  -0.726008788E-02   0.794226769E-03
   0.254767621E-02   0.471705617E-02  -0.850252993E-02   0.880548963E-03
   0.304315123E-02   0.577278296E-02  -0.980227720E-02   0.953249924E-03
   0.360835763E-02   0.703289732E-02  -0.111856675E-01   0.101955212E-02
   0.424472848E-02   0.852734316E-02  -0.126112448E-01   0.106043613E-02
   0.496073905E-02   0.102963671E-01  -0.140561052E-01   0.109866867E-02
   0.577486353E-02   0.123951687E-01  -0.155389011E-01   0.110955304E-02
   0.669251429E-02   0.148679176E-01  -0.169988032E-01   0.111494248E-02
   0.772935851E-02   0.177739002E-01  -0.183901731E-01   0.108833180E-02
   0.889937486E-02   0.211711247E-01  -0.196400974E-01   0.104506908E-02
   0.102042006E-01   0.250590686E-01  -0.206344128E-01   0.958886347E-03
   0.116313845E-01   0.294333734E-01  -0.212356616E-01   0.869496202E-03
   0.131766777E-01   0.342428870E-01  -0.212435909E-01   0.736988615E-03
   0.147549929E-01   0.392676294E-01  -0.204031616E-01   0.590895012E-03
   0.163105056E-01   0.442683548E-01  -0.185121298E-01   0.425236474E-03
   0.177100021E-01   0.488540344E-01  -0.154150566E-01   0.266401708E-03
   0.188345760E-01   0.525765866E-01  -0.111152316E-01   0.128407934E-03
   0.195841193E-01   0.550419912E-01  -0.583831081E-02   0.334889301E-04
   0.198335443E-01   0.559099726E-01  -0.152064690E-07   0.000000000E+00
