   0.110676745E-03   0.143589126E-01   0.300711656E-08   0.000000000E+00
   0.116125426E-03   0.140275750E-01   0.166780408E-02   0.989943965E-05
   0.130810964E-03   0.130921984E-01   0.311633176E-02   0.366109380E-04
   0.150571635E-03   0.117044067E-01   0.418732967E-02   0.726488579E-04
   0.170015002E-03   0.100667244E-01   0.481643062E-02   0.108955290E-03
   0.184389835E-03   0.836204365E-02   0.502126804E-02   0.138552627E-03
   0.189962375E-03   0.672879163E-02   0.486380048E-02   0.156388604E-03
   0.185104189E-03   0.526120374E-02   0.443487521E-02   0.162158321E-03
   0.170929619E-03   0.400039554E-02   0.384393800E-02   0.156506998E-03
   0.149788102E-03   0.295790285E-02   0.318190292E-02   0.142323624E-03
   0.123674632E-03   0.211665430E-02   0.249791797E-02   0.122037447E-03
   0.963120183E-04   0.146032427E-02   0.185948750E-02   0.980319310E-04
   0.704241538E-04   0.966236694E-03   0.130491937E-02   0.737935261E-04
   0.474097069E-04   0.602150627E-03   0.841028988E-03   0.505536773E-04
   0.298826471E-04   0.355835975E-03   0.506540062E-03   0.321613770E-04
   0.167748967E-04   0.192296153E-03   0.266720366E-03   0.176562007E-04
   0.848837772E-05   0.961700352E-04   0.123068807E-03   0.822423772E-05
   0.353543373E-05   0.429669672E-04   0.424142563E-04   0.269572456E-05
   0.118106834E-05   0.186575217E-04   0.874360558E-05   0.363509116E-06
   0.376131709E-06   0.101038995E-04   0.138861708E-05   0.164474601E-08
   0.264767039E-06   0.854142945E-05   0.447950652E-05   0.491573019E-06
   0.392115254E-06   0.873287627E-05   0.954981442E-05   0.110171948E-05
   0.541680890E-06   0.926126722E-05   0.137246743E-04   0.161016078E-05
   0.638594940E-06   0.936291053E-05   0.158078619E-04   0.188062961E-05
   0.508797143E-06   0.688654427E-05   0.123434129E-04   0.149461152E-05
   0.364881885E-06   0.478685342E-05   0.898990584E-05   0.114482270E-05
   0.260664734E-06   0.328012516E-05   0.627225018E-05   0.810604547E-06
   0.152863777E-06   0.189532579E-05   0.373025432E-05   0.493267521E-06
   0.619863059E-07   0.789328965E-06   0.156491228E-05   0.221527657E-06
   0.315728208E-07   0.418447797E-06   0.835602350E-06   0.132625715E-06
   0.612450668E-08   0.896953054E-07   0.166350304E-06   0.296179454E-07
   0.440088355E-09   0.925138632E-08   0.598085936E-08   0.512935605E-08
   0.225288802E-09   0.813887013E-09   0.106766274E-08  -0.363057084E-10
   0.874391581E-08   0.770177166E-07   0.151323590E-06   0.210510844E-07
   0.269551714E-08   0.219267502E-07   0.550223476E-07   0.510793186E-08
   0.982258186E-08   0.894777443E-07   0.201894423E-06   0.236900224E-07
   0.897433061E-08   0.782513396E-07   0.160734345E-06   0.207384545E-07
   0.289596636E-08   0.152497215E-07   0.299740357E-07   0.138095557E-08
   0.419364721E-08   0.366704391E-07   0.780227083E-07   0.975489112E-08
   0.215667306E-08   0.135818192E-07   0.282024395E-07   0.223446550E-08
   0.399185884E-08   0.172019181E-07  -0.136871892E-07   0.495943242E-08
   0.261207633E-08   0.105529647E-07   0.347487061E-08   0.146232559E-08
   0.113653698E-08   0.899395758E-08   0.220015774E-07   0.208131912E-08
   0.919030019E-09   0.707209047E-08   0.131813049E-07   0.188768157E-08
   0.219555885E-08   0.797970312E-08  -0.354322971E-07   0.525512167E-08
   0.214332163E-09   0.158173163E-08   0.134957390E-08   0.722062687E-09
   0.212834039E-08   0.714181603E-08  -0.329778622E-07   0.479236695E-08
   0.487027085E-08   0.175344663E-07  -0.619679312E-07   0.916103726E-08
   0.136905542E-08   0.428565627E-08  -0.205802984E-07   0.263218625E-08
   0.240802334E-08   0.866708394E-08  -0.303482466E-07   0.443585746E-08
   0.683669743E-08   0.248901113E-07  -0.572681458E-07   0.907400199E-08
   0.105184039E-07   0.350685561E-07  -0.162157505E-06   0.220449365E-07
   0.115734462E-07   0.397092350E-07  -0.176663931E-06   0.245240273E-07
   0.237423716E-07   0.822275865E-07  -0.349684115E-06   0.486693139E-07
   0.129895597E-07   0.418976747E-07  -0.181629460E-06   0.229661037E-07
   0.248016185E-07   0.842097734E-07  -0.359147890E-06   0.486650258E-07
   0.324244667E-07   0.108687047E-06  -0.492494337E-06   0.675485623E-07
   0.523694199E-08   0.143415857E-07  -0.725462428E-07   0.803322475E-08
   0.127543498E-08   0.306782577E-08  -0.154752851E-07   0.161539448E-08
   0.290620350E-08   0.126290454E-07  -0.439549019E-07   0.885212170E-08
   0.322870939E-07   0.109385873E-06  -0.476328353E-06   0.713516997E-07
   0.979715509E-07   0.320257641E-06  -0.141805879E-05   0.203968014E-06
   0.227967689E-06   0.709082769E-06  -0.317901390E-05   0.419927176E-06
   0.557779515E-06   0.168220549E-05  -0.762819400E-05   0.992599894E-06
   0.901120245E-06   0.263590914E-05  -0.118442576E-04   0.145431181E-05
   0.132470984E-05   0.376076446E-05  -0.168006100E-04   0.202710407E-05
   0.192483640E-05   0.532615331E-05  -0.233153678E-04   0.274113040E-05
   0.234446156E-05   0.627483359E-05  -0.264299852E-04   0.302418334E-05
   0.242835313E-05   0.620830588E-05  -0.239860019E-04   0.264580831E-05
   0.232720981E-05   0.558127203E-05  -0.174078141E-04   0.185216527E-05
   0.219079266E-05   0.470006717E-05  -0.784154054E-05   0.863468131E-06
   0.275247908E-05   0.512722727E-05  -0.252683481E-05   0.365155017E-06
   0.569170516E-05   0.104024430E-04  -0.164937410E-04   0.172468981E-05
   0.138032901E-04   0.259225380E-04  -0.733955385E-04   0.680848552E-05
   0.311343974E-04   0.593647419E-04  -0.203832751E-03   0.174910729E-04
   0.614085220E-04   0.116909468E-03  -0.422429148E-03   0.339418002E-04
   0.111243120E-03   0.210359605E-03  -0.766263634E-03   0.576521488E-04
   0.185208439E-03   0.347235356E-03  -0.123376807E-02   0.870769654E-04
   0.290213095E-03   0.540628680E-03  -0.183762796E-02   0.120692202E-03
   0.428215397E-03   0.795170548E-03  -0.252577057E-02   0.153975634E-03
   0.604469911E-03   0.112298981E-02  -0.327401538E-02   0.185079043E-03
   0.819782843E-03   0.153002795E-02  -0.401134416E-02   0.208686950E-03
   0.108103093E-02   0.203231676E-02  -0.472209277E-02   0.224043615E-03
   0.138158898E-02   0.262177153E-02  -0.527126063E-02   0.225987824E-03
   0.172495772E-02   0.330394041E-02  -0.564058358E-02   0.214347892E-03
   0.209658407E-02   0.404855516E-02  -0.569850625E-02   0.186715712E-03
   0.248298445E-02   0.482370798E-02  -0.539623201E-02   0.145992468E-03
   0.285065826E-02   0.555958739E-02  -0.464193104E-02   0.968901950E-04
   0.316167367E-02   0.617868872E-02  -0.343196141E-02   0.488124351E-04
   0.337077351E-02   0.659283483E-02  -0.182871229E-02   0.131766819E-04
   0.344503298E-02   0.673947996E-02  -0.485760854E-08   0.000000000E+00
