   0.412336842E-03   0.181719121E-01  -0.241255236E-11   0.000000000E+00
   0.416311086E-03   0.178153850E-01   0.240371749E-02   0.141545934E-04
   0.426382147E-03   0.168144386E-01   0.453437446E-02   0.534878127E-04
   0.439713127E-03   0.153118549E-01   0.619417801E-02   0.109074273E-03
   0.452038192E-03   0.135230003E-01   0.729361968E-02   0.171255087E-03
   0.458556344E-03   0.116329370E-01   0.783942360E-02   0.227911412E-03
   0.456556911E-03   0.979942363E-02   0.790948234E-02   0.275038823E-03
   0.444548932E-03   0.811822899E-02   0.761715509E-02   0.307558046E-03
   0.421515491E-03   0.662448723E-02   0.705463532E-02   0.325380970E-03
   0.389322551E-03   0.534533104E-02   0.633626664E-02   0.325795059E-03
   0.348464702E-03   0.425556349E-02   0.551325083E-02   0.313243945E-03
   0.303067733E-03   0.334661757E-02   0.466933148E-02   0.291024451E-03
   0.254719140E-03   0.258542900E-02   0.383243221E-02   0.258730986E-03
   0.207464094E-03   0.196268666E-02   0.305742258E-02   0.222214585E-03
   0.162781405E-03   0.145250373E-02   0.235580723E-02   0.183713593E-03
   0.122668353E-03   0.104370399E-02   0.174759910E-02   0.144749443E-03
   0.883056491E-04   0.720239128E-03   0.123923109E-02   0.109058288E-03
   0.605588793E-04   0.476548710E-03   0.837825821E-03   0.774931905E-04
   0.397099102E-04   0.301625580E-03   0.541523215E-03   0.527527372E-04
   0.238663215E-04   0.174309054E-03   0.319439860E-03   0.326405716E-04
   0.133666390E-04   0.935561911E-04   0.174926638E-03   0.186258567E-04
   0.670457348E-05   0.442473865E-04   0.846812618E-04   0.930579699E-05
   0.290937282E-05   0.173775552E-04   0.346386551E-04   0.392754464E-05
   0.102897627E-05   0.536013522E-05   0.110264837E-04   0.128233091E-05
   0.284992296E-06   0.164296387E-05   0.278671723E-05   0.367196947E-06
   0.192812223E-06   0.222552330E-05   0.291893957E-05   0.422487602E-06
   0.328547202E-06   0.385718204E-05   0.552762322E-05   0.769286032E-06
   0.509945835E-06   0.572472436E-05   0.869493579E-05   0.126529164E-05
   0.606027697E-06   0.647666320E-05   0.101685346E-04   0.151605002E-05
   0.595036681E-06   0.612062922E-05   0.982122310E-05   0.148545098E-05
   0.574267006E-06   0.569622762E-05   0.925411496E-05   0.137742461E-05
   0.409569509E-06   0.405851779E-05   0.658594490E-05   0.101858905E-05
   0.308896347E-06   0.290252274E-05   0.476277637E-05   0.694925575E-06
   0.247226183E-06   0.236766346E-05   0.384436180E-05   0.598570807E-06
   0.161456981E-06   0.146876710E-05   0.232268621E-05   0.348921390E-06
   0.101057452E-06   0.882527956E-06   0.146619686E-05   0.207094303E-06
   0.437654499E-07   0.365425961E-06   0.600815724E-06   0.811231047E-07
   0.195521785E-07   0.111158521E-06   0.171279638E-06   0.104612550E-07
   0.164631153E-07   0.105208095E-06   0.160281857E-06   0.157799143E-07
   0.443130377E-08   0.727611882E-08  -0.215976725E-08  -0.318067328E-08
   0.153065862E-07   0.349249838E-07  -0.672619862E-07   0.159720202E-07
   0.351251250E-08   0.277932610E-07  -0.140004752E-08   0.175324306E-07
   0.266129518E-07   0.916893299E-07  -0.187214312E-06   0.633762411E-07
   0.221656169E-07   0.125309214E-06   0.648437108E-07   0.635406536E-07
   0.194554168E-07   0.956745154E-07  -0.777902898E-07   0.633861887E-07
   0.121249109E-07   0.686749146E-07  -0.697876459E-07   0.490617467E-07
   0.208857163E-07   0.104220973E-06  -0.124488068E-06   0.736417860E-07
   0.199789074E-07   0.796443445E-07  -0.154924905E-06   0.572524428E-07
   0.161526579E-07   0.640347935E-07  -0.369097215E-07   0.365729989E-07
   0.393739974E-08   0.393592146E-07   0.563599833E-07   0.164757026E-07
   0.824488033E-08   0.259367976E-07  -0.235613573E-07   0.128500615E-07
   0.352272944E-08   0.117913928E-07   0.183276079E-07  -0.126951227E-08
   0.213705729E-07   0.570637937E-07  -0.941144336E-07   0.867721717E-08
   0.538714957E-07   0.130710831E-06  -0.399047053E-06   0.469870614E-07
   0.140568403E-06   0.344917908E-06  -0.116598994E-05   0.160450554E-06
   0.303505743E-06   0.741194356E-06  -0.260188926E-05   0.385735746E-06
   0.471381327E-06   0.114621139E-05  -0.404572120E-05   0.615427666E-06
   0.815360409E-06   0.200330010E-05  -0.698400618E-05   0.107285723E-05
   0.100836053E-05   0.244218904E-05  -0.852375433E-05   0.129410910E-05
   0.130503633E-05   0.307947471E-05  -0.108352187E-04   0.163079733E-05
   0.180318091E-05   0.424341852E-05  -0.147698565E-04   0.218636683E-05
   0.199340207E-05   0.459810281E-05  -0.159366300E-04   0.227503801E-05
   0.182913084E-05   0.418307172E-05  -0.142734807E-04   0.199844249E-05
   0.164526978E-05   0.370723160E-05  -0.124107246E-04   0.172703710E-05
   0.114058196E-05   0.250396897E-05  -0.812371763E-05   0.108220172E-05
   0.683282565E-06   0.142702083E-05  -0.444319949E-05   0.621481377E-06
   0.795469248E-06   0.138191933E-05  -0.524312463E-05   0.688052069E-06
   0.253599001E-05   0.446558852E-05  -0.183978518E-04   0.231372610E-05
   0.676908576E-05   0.121811117E-04  -0.491093560E-04   0.586899205E-05
   0.174671732E-04   0.312889715E-04  -0.124203943E-03   0.142556200E-04
   0.347760797E-04   0.617589831E-04  -0.240764406E-03   0.264025530E-04
   0.642424347E-04   0.112937923E-03  -0.432496861E-03   0.452544155E-04
   0.107454958E-03   0.186118079E-03  -0.700583507E-03   0.698097938E-04
   0.169943334E-03   0.290286785E-03  -0.107073237E-02   0.101211583E-03
   0.253378879E-03   0.426970277E-03  -0.153782056E-02   0.137736555E-03
   0.358740304E-03   0.598383369E-03  -0.208940776E-02   0.175966969E-03
   0.492029416E-03   0.814428029E-03  -0.273897755E-02   0.215848777E-03
   0.649411872E-03   0.107116008E-02  -0.343510392E-02   0.252943777E-03
   0.835885061E-03   0.138113846E-02  -0.417528674E-02   0.284450187E-03
   0.104886107E-02   0.174477149E-02  -0.490656309E-02   0.308295450E-03
   0.129248074E-02   0.217718934E-02  -0.560963666E-02   0.320191524E-03
   0.156558678E-02   0.268232240E-02  -0.622535869E-02   0.321326515E-03
   0.187445350E-02   0.327639817E-02  -0.673661008E-02   0.311107608E-03
   0.221376237E-02   0.395570742E-02  -0.705568492E-02   0.287047180E-03
   0.258634402E-02   0.472428650E-02  -0.714322040E-02   0.251447025E-03
   0.298189418E-02   0.555756874E-02  -0.693022599E-02   0.205127493E-03
   0.338151120E-02   0.641178992E-02  -0.633311039E-02   0.150798558E-03
   0.376014062E-02   0.722975051E-02  -0.531128049E-02   0.961247060E-04
   0.407166826E-02   0.790359918E-02  -0.385208824E-02   0.465215053E-04
   0.428014109E-02   0.835603196E-02  -0.203047716E-02   0.122789588E-04
   0.435433676E-02   0.851804297E-02  -0.486559149E-08   0.000000000E+00
