   0.233236980E-02   0.409473591E-01   0.736656469E-08   0.000000000E+00
   0.230328646E-02   0.401747711E-01   0.426406134E-02   0.268926160E-04
   0.221739546E-02   0.379152372E-01   0.801293645E-02   0.100762387E-03
   0.208921242E-02   0.345472880E-01   0.108826188E-01   0.205299453E-03
   0.193552743E-02   0.305502024E-01   0.127330171E-01   0.321272993E-03
   0.177075737E-02   0.263361111E-01   0.136124426E-01   0.430034328E-03
   0.160648650E-02   0.222769119E-01   0.137046427E-01   0.518366403E-03
   0.144823664E-02   0.185370725E-01   0.132119833E-01   0.584825058E-03
   0.129897019E-02   0.152574563E-01   0.123441247E-01   0.622109103E-03
   0.115826598E-02   0.124634607E-01   0.112607041E-01   0.634222466E-03
   0.102176028E-02   0.100925704E-01   0.100323185E-01   0.631069764E-03
   0.895461417E-03   0.812936947E-02   0.880428404E-02   0.606195827E-03
   0.774272019E-03   0.650472892E-02   0.758776860E-02   0.567809271E-03
   0.659017183E-03   0.516374363E-02   0.641988497E-02   0.516879081E-03
   0.551773352E-03   0.406519789E-02   0.533792097E-02   0.459564297E-03
   0.453757064E-03   0.316517451E-02   0.435741525E-02   0.400784280E-03
   0.363818806E-03   0.242500356E-02   0.346960500E-02   0.338127458E-03
   0.285866961E-03   0.183023955E-02   0.270708697E-02   0.277770305E-03
   0.219403810E-03   0.135458296E-02   0.206273049E-02   0.222844261E-03
   0.162413198E-03   0.971417583E-03   0.151500397E-02   0.171940876E-03
   0.117622185E-03   0.683818653E-03   0.108907244E-02   0.128885033E-03
   0.812609142E-04   0.458576367E-03   0.744352117E-03   0.919415033E-04
   0.544225695E-04   0.297211111E-03   0.492095831E-03   0.634109165E-04
   0.343919783E-04   0.180998104E-03   0.305469614E-03   0.409616623E-04
   0.203134750E-04   0.101999714E-03   0.175590205E-03   0.243580707E-04
   0.115582579E-04   0.545797302E-04   0.963717903E-04   0.138123296E-04
   0.579213611E-05   0.243651903E-04   0.449645449E-04   0.673480326E-05
   0.261506466E-05   0.923623520E-05   0.179512717E-04   0.275834191E-05
   0.103594198E-05   0.298841928E-05   0.573666011E-05   0.857370992E-06
   0.431922047E-06   0.153783003E-05   0.201358102E-05   0.161927346E-06
   0.324714989E-06   0.249511663E-05   0.248835249E-05   0.127212388E-06
   0.430814197E-06   0.408582855E-05   0.467793006E-05   0.468590343E-06
   0.616133718E-06   0.569902841E-05   0.705490947E-05   0.823053995E-06
   0.730252339E-06   0.628546923E-05   0.808321511E-05   0.939355516E-06
   0.798856206E-06   0.672252099E-05   0.899849238E-05   0.116265221E-05
   0.755947951E-06   0.605332707E-05   0.806053413E-05   0.100479770E-05
   0.677910180E-06   0.538451150E-05   0.740869018E-05   0.993380922E-06
   0.585202429E-06   0.455114969E-05   0.622937978E-05   0.838586459E-06
   0.503728188E-06   0.398246129E-05   0.538103723E-05   0.785425470E-06
   0.329565012E-06   0.263053039E-05   0.361471916E-05   0.554921712E-06
   0.254095738E-06   0.201394300E-05   0.268718554E-05   0.420421429E-06
   0.178329117E-06   0.148197273E-05   0.204008643E-05   0.353074256E-06
   0.119188584E-06   0.110438975E-05   0.146014384E-05   0.305246147E-06
   0.563991840E-07   0.608943537E-06   0.736061452E-06   0.243558048E-06
   0.273333285E-07   0.352549478E-06   0.267622454E-06   0.192395959E-06
   0.213450235E-07   0.275841501E-06   0.286721544E-07   0.185381495E-06
   0.499469159E-07   0.248181237E-06  -0.307317180E-06   0.187131761E-06
   0.179917620E-06   0.456958588E-06  -0.113908186E-05   0.290721800E-06
   0.273030594E-06   0.641395843E-06  -0.172734110E-05   0.343852378E-06
   0.455237654E-06   0.101144622E-05  -0.275207913E-05   0.462511622E-06
   0.621120648E-06   0.131719833E-05  -0.363652703E-05   0.556868315E-06
   0.951972595E-06   0.198274711E-05  -0.550331288E-05   0.814863654E-06
   0.133345031E-05   0.277564618E-05  -0.764167544E-05   0.110843257E-05
   0.163460140E-05   0.332681884E-05  -0.931011891E-05   0.136904509E-05
   0.189610387E-05   0.383924680E-05  -0.105889558E-04   0.146831815E-05
   0.220776974E-05   0.449034451E-05  -0.122271949E-04   0.169845282E-05
   0.234923732E-05   0.479783603E-05  -0.128515712E-04   0.179921562E-05
   0.219044000E-05   0.435347829E-05  -0.115436396E-04   0.152646703E-05
   0.184949181E-05   0.366676863E-05  -0.926270150E-05   0.113186798E-05
   0.140648910E-05   0.270404325E-05  -0.639955579E-05   0.692859885E-06
   0.882803420E-06   0.150443623E-05  -0.329673389E-05   0.324959132E-06
   0.820366608E-06   0.994816787E-06  -0.269825637E-05   0.299054790E-06
   0.176487686E-05   0.223869483E-05  -0.789751721E-05   0.124224562E-05
   0.489076274E-05   0.705123603E-05  -0.248028318E-04   0.385356043E-05
   0.114265094E-04   0.172198561E-04  -0.589947194E-04   0.880362586E-05
   0.232504699E-04   0.361994535E-04  -0.120162687E-03   0.171857100E-04
   0.421656841E-04   0.660703954E-04  -0.214796266E-03   0.296043581E-04
   0.718079973E-04   0.112556263E-03  -0.359210680E-03   0.479022783E-04
   0.116443684E-03   0.183163735E-03  -0.572441670E-03   0.723720441E-04
   0.176211877E-03   0.275724800E-03  -0.845482224E-03   0.102844882E-03
   0.257126405E-03   0.400574558E-03  -0.120223989E-02   0.139515600E-03
   0.359085156E-03   0.556483923E-03  -0.162986666E-02   0.180814342E-03
   0.489197206E-03   0.757464091E-03  -0.215320894E-02   0.225557698E-03
   0.648351153E-03   0.100383128E-02  -0.275614928E-02   0.273700774E-03
   0.838894979E-03   0.130274927E-02  -0.343171880E-02   0.322122592E-03
   0.106412382E-02   0.166456820E-02  -0.417249789E-02   0.367266621E-03
   0.132966752E-02   0.210380577E-02  -0.497710798E-02   0.407275773E-03
   0.163318042E-02   0.262568053E-02  -0.579784345E-02   0.440803793E-03
   0.198344397E-02   0.325565762E-02  -0.663558999E-02   0.462361524E-03
   0.239153625E-02   0.401830766E-02  -0.749151688E-02   0.479178882E-03
   0.285797426E-02   0.493224012E-02  -0.830130465E-02   0.481124152E-03
   0.339388195E-02   0.602514716E-02  -0.904220715E-02   0.469153660E-03
   0.401003985E-02   0.732443947E-02  -0.967430416E-02   0.445935031E-03
   0.470804656E-02   0.883634854E-02  -0.101206852E-01   0.407337269E-03
   0.548646599E-02   0.105581889E-01  -0.102902260E-01   0.354418997E-03
   0.632517459E-02   0.124433152E-01  -0.100562274E-01   0.289431220E-03
   0.717599969E-02   0.143738976E-01  -0.927402172E-02   0.211662380E-03
   0.798597187E-02   0.162304733E-01  -0.784898363E-02   0.134643677E-03
   0.865196530E-02   0.177659262E-01  -0.573294843E-02   0.653530369E-04
   0.909768697E-02   0.188069250E-01  -0.303653162E-02   0.174495763E-04
   0.925974175E-02   0.191818830E-01  -0.749978568E-08   0.000000000E+00
