   0.220943839E-03   0.294339545E-01  -0.576448576E-10   0.000000000E+00
   0.231697995E-03   0.288968869E-01   0.312230201E-02   0.188537942E-04
   0.260410452E-03   0.273752827E-01   0.591436680E-02   0.709619781E-04
   0.301115913E-03   0.250722989E-01   0.812761113E-02   0.144996477E-03
   0.344843196E-03   0.222556032E-01   0.963115133E-02   0.225218828E-03
   0.383087638E-03   0.191880800E-01   0.103963111E-01   0.298645289E-03
   0.407331245E-03   0.161248334E-01   0.104753925E-01   0.354805117E-03
   0.416349183E-03   0.132444510E-01   0.100590223E-01   0.389905967E-03
   0.405233790E-03   0.106343040E-01   0.920688733E-02   0.400164514E-03
   0.376505399E-03   0.833948050E-02   0.807548128E-02   0.387275446E-03
   0.336983503E-03   0.641793339E-02   0.687085884E-02   0.361949991E-03
   0.286929542E-03   0.481056701E-02   0.559563795E-02   0.318800070E-03
   0.233516839E-03   0.350750377E-02   0.437710341E-02   0.267794501E-03
   0.181236799E-03   0.247923564E-02   0.327859051E-02   0.216159591E-03
   0.133087087E-03   0.168569898E-02   0.232703169E-02   0.163333054E-03
   0.928532172E-04   0.110258476E-02   0.156992651E-02   0.116045958E-03
   0.603938424E-04   0.681996520E-03   0.981710618E-03   0.759755203E-04
   0.363377367E-04   0.396032934E-03   0.561173772E-03   0.449978943E-04
   0.194007789E-04   0.210337530E-03   0.276037434E-03   0.227677137E-04
   0.930267925E-05   0.105013882E-03   0.116108640E-03   0.938837184E-05
   0.383168981E-05   0.500793649E-04   0.369470545E-04   0.267803603E-05
   0.130497540E-05   0.254033075E-04   0.649122057E-05   0.192325189E-06
   0.528259079E-06   0.176132817E-04   0.377903666E-05   0.354319127E-06
   0.573626494E-06   0.184571509E-04   0.127946596E-04   0.162739389E-05
   0.853905135E-06   0.191945655E-04   0.218158348E-04   0.296215330E-05
   0.108726169E-05   0.197189638E-04   0.280433342E-04   0.392181482E-05
   0.112814678E-05   0.175997975E-04   0.278907355E-04   0.382112285E-05
   0.107701601E-05   0.157734103E-04   0.268301555E-04   0.390115110E-05
   0.792751678E-06   0.111595709E-04   0.195911489E-04   0.293924199E-05
   0.614277326E-06   0.825580810E-05   0.147800165E-04   0.220861943E-05
   0.466964991E-06   0.612001077E-05   0.111469526E-04   0.170305930E-05
   0.245440646E-06   0.330515741E-05   0.607771426E-05   0.100131410E-05
   0.147627389E-06   0.194390122E-05   0.359750265E-05   0.590910304E-06
   0.509780982E-07   0.707960169E-06   0.126784505E-05   0.227322246E-06
   0.166991434E-07   0.254742417E-06   0.445788714E-06   0.902471626E-07
   0.416778478E-08   0.637267519E-07   0.103286780E-06   0.210933866E-07
   0.121949262E-08   0.570951775E-08  -0.940914724E-08   0.155598390E-08
   0.275616285E-08   0.271079799E-07   0.611662756E-07   0.922609367E-08
   0.763053265E-08   0.618922016E-07   0.929857720E-07   0.274249601E-07
   0.109031939E-07   0.132155648E-06   0.266977395E-06   0.488341314E-07
   0.120153008E-07   0.115333293E-06   0.132885518E-06   0.586506204E-07
   0.891500118E-08   0.119391132E-06   0.195810017E-06   0.568865595E-07
   0.125820110E-07   0.146108832E-06   0.138268661E-06   0.819161059E-07
   0.118164873E-07   0.134489269E-06   0.123431732E-06   0.754067528E-07
   0.960804769E-08   0.113430744E-06   0.549702719E-07   0.702431180E-07
   0.102805506E-07   0.115226520E-06   0.141457948E-07   0.752748619E-07
   0.110287486E-07   0.850185131E-07  -0.148425741E-06   0.651496421E-07
   0.229873560E-07   0.139447792E-06  -0.285043285E-06   0.102130564E-06
   0.318545190E-07   0.157075377E-06  -0.519908440E-06   0.116078134E-06
   0.152651900E-07   0.917035976E-07  -0.180301214E-06   0.665441320E-07
   0.265203752E-07   0.117784332E-06  -0.409610493E-06   0.847823927E-07
   0.186650837E-07   0.813708212E-07  -0.251559754E-06   0.573921639E-07
   0.153227582E-07   0.589917732E-07  -0.234998794E-06   0.376384612E-07
   0.124394131E-07   0.407201135E-07  -0.171630589E-06   0.255753552E-07
   0.550911095E-09   0.574703218E-08  -0.480967399E-08   0.414923251E-08
   0.154534785E-07   0.744083266E-07  -0.242752549E-06   0.513070653E-07
   0.497609882E-07   0.205125446E-06  -0.733033630E-06   0.126284448E-06
   0.224800090E-06   0.865852655E-06  -0.326096051E-05   0.541564816E-06
   0.424166188E-06   0.158689159E-05  -0.598061706E-05   0.918361650E-06
   0.752139840E-06   0.273137903E-05  -0.103168122E-04   0.151103836E-05
   0.119150923E-05   0.424869040E-05  -0.161981916E-04   0.244592275E-05
   0.185433908E-05   0.647229444E-05  -0.245350657E-04   0.358548095E-05
   0.246382569E-05   0.842674308E-05  -0.314605095E-04   0.443621593E-05
   0.334873516E-05   0.111768695E-04  -0.410126486E-04   0.562948526E-05
   0.393434038E-05   0.128168658E-04  -0.453173197E-04   0.604485604E-05
   0.407159678E-05   0.129671089E-04  -0.422840494E-04   0.549216020E-05
   0.386830743E-05   0.118849302E-04  -0.328498827E-04   0.420613060E-05
   0.345764738E-05   0.994944639E-05  -0.180000552E-04   0.237687937E-05
   0.361418597E-05   0.904841181E-05  -0.578137815E-05   0.817869648E-06
   0.585975795E-05   0.133462163E-04  -0.105955605E-04   0.143259035E-05
   0.123308200E-04   0.277740965E-04  -0.505290263E-04   0.569373287E-05
   0.276947903E-04   0.632409065E-04  -0.170307118E-03   0.178297814E-04
   0.560827866E-04   0.129271415E-03  -0.396515446E-03   0.390386231E-04
   0.102079503E-03   0.234958061E-03  -0.750165666E-03   0.701383469E-04
   0.173630819E-03   0.398680859E-03  -0.128219137E-02   0.113423783E-03
   0.275918777E-03   0.631135073E-03  -0.199556025E-02   0.166498983E-03
   0.412296795E-03   0.941880338E-03  -0.286418968E-02   0.224260060E-03
   0.592093566E-03   0.135326141E-02  -0.391581468E-02   0.287728122E-03
   0.815015985E-03   0.187146151E-02  -0.506632915E-02   0.347305933E-03
   0.108659000E-02   0.251583452E-02  -0.628905976E-02   0.400386838E-03
   0.140672631E-02   0.329470355E-02  -0.749693112E-02   0.444533478E-03
   0.176929019E-02   0.420809956E-02  -0.855406839E-02   0.464634155E-03
   0.218185247E-02   0.527648116E-02  -0.945441332E-02   0.468148646E-03
   0.263793208E-02   0.648910645E-02  -0.100772735E-01   0.446533959E-03
   0.312587642E-02   0.781331584E-02  -0.103008514E-01   0.403435202E-03
   0.363505492E-02   0.921247993E-02  -0.100492360E-01   0.336171623E-03
   0.413414976E-02   0.105956439E-01  -0.917982124E-02   0.252303900E-03
   0.459395815E-02   0.118712373E-01  -0.768967392E-02   0.162196971E-03
   0.496626040E-02   0.129025308E-01  -0.556075247E-02   0.793055515E-04
   0.521077169E-02   0.135778375E-01  -0.292122201E-02   0.210076032E-04
   0.529510481E-02   0.138099091E-01  -0.634602149E-08   0.000000000E+00
