   0.239379020E-03   0.256658252E-01  -0.227931389E-10   0.000000000E+00
   0.249100907E-03   0.252050720E-01   0.288172532E-02   0.170871208E-04
   0.275827741E-03   0.238853283E-01   0.545988139E-02   0.642281593E-04
   0.313630793E-03   0.218994711E-01   0.750059076E-02   0.131685680E-03
   0.354226126E-03   0.194720961E-01   0.888298452E-02   0.205858480E-03
   0.389447989E-03   0.168416128E-01   0.959210843E-02   0.274301681E-03
   0.413319445E-03   0.142153371E-01   0.970571302E-02   0.329066213E-03
   0.420862867E-03   0.117392661E-01   0.932549126E-02   0.363647443E-03
   0.411515182E-03   0.949163083E-02   0.858524628E-02   0.377301476E-03
   0.385584281E-03   0.752770156E-02   0.760336453E-02   0.372427807E-03
   0.346794142E-03   0.584799424E-02   0.649735425E-02   0.348011235E-03
   0.300327811E-03   0.445046136E-02   0.537556456E-02   0.313705998E-03
   0.248837052E-03   0.330629083E-02   0.428098114E-02   0.268707139E-03
   0.196251218E-03   0.237736409E-02   0.325486809E-02   0.219301219E-03
   0.149470085E-03   0.166798383E-02   0.240030163E-02   0.171999782E-03
   0.107057815E-03   0.111620908E-02   0.166265399E-02   0.126966173E-03
   0.725873397E-04   0.714517024E-03   0.108819280E-02   0.870585209E-04
   0.462787211E-04   0.433758862E-03   0.665885280E-03   0.555183615E-04
   0.272804537E-04   0.245716597E-03   0.371567148E-03   0.321959124E-04
   0.144016722E-04   0.127253661E-03   0.179747178E-03   0.157568538E-04
   0.703903379E-05   0.623528176E-04   0.771072373E-04   0.675272304E-05
   0.261201922E-05   0.276872343E-04   0.203207583E-04   0.154006977E-05
   0.684200984E-06   0.145929771E-04   0.129578063E-05  -0.474940123E-07
   0.356239582E-06   0.120035402E-04   0.345713715E-05   0.461576235E-06
   0.484202815E-06   0.134710517E-04   0.107508176E-04   0.145363128E-05
   0.804891783E-06   0.161498338E-04   0.192459211E-04   0.264943333E-05
   0.977510808E-06   0.161245880E-04   0.226947905E-04   0.320129675E-05
   0.102421507E-05   0.149850503E-04   0.230996338E-04   0.328824740E-05
   0.915904707E-06   0.124758672E-04   0.204316566E-04   0.298891950E-05
   0.790186334E-06   0.102123786E-04   0.172959863E-04   0.256431827E-05
   0.506086678E-06   0.645693308E-05   0.110857554E-04   0.171100567E-05
   0.374566184E-06   0.467768223E-05   0.822672337E-05   0.130343653E-05
   0.215098325E-06   0.275914795E-05   0.482887799E-05   0.831142700E-06
   0.145986306E-06   0.177672541E-05   0.316315663E-05   0.513241901E-06
   0.706280971E-07   0.860362377E-06   0.152704035E-05   0.252218854E-06
   0.160531499E-07   0.170471822E-06   0.277848812E-06   0.407821048E-07
   0.108802771E-07   0.123677765E-06   0.222592305E-06   0.325504139E-07
   0.161965785E-08   0.170052683E-07   0.308128207E-07   0.317835336E-08
   0.225658203E-08   0.977307657E-08  -0.181906188E-07   0.663838318E-08
   0.611240347E-08   0.607266486E-07   0.111816931E-06   0.246145948E-07
   0.847571524E-08   0.728866212E-07   0.309208197E-07   0.436032828E-07
   0.118198153E-07   0.134217970E-06   0.189647579E-06   0.654100063E-07
   0.159102562E-07   0.155273327E-06   0.138997677E-06   0.846519370E-07
   0.241617357E-07   0.178559731E-06  -0.281971850E-07   0.112144129E-06
   0.175262009E-07   0.165791491E-06   0.458938771E-07   0.102631155E-06
   0.164105494E-07   0.123010821E-06  -0.149058351E-06   0.910372222E-07
   0.126371713E-07   0.101117877E-06  -0.122954916E-06   0.761091314E-07
   0.216111715E-07   0.119676173E-06  -0.295771997E-06   0.916514011E-07
   0.217807088E-07   0.121659554E-06  -0.238714421E-06   0.900746002E-07
   0.199133154E-07   0.120622801E-06  -0.104970333E-06   0.799692899E-07
   0.172263590E-07   0.805431597E-07  -0.180651284E-06   0.577011079E-07
   0.107066809E-07   0.429770601E-07  -0.149914541E-06   0.306316537E-07
   0.348300500E-08   0.130229099E-07  -0.366757469E-07   0.873924932E-08
   0.201019712E-08   0.427967395E-08  -0.146484087E-07   0.297172870E-09
   0.107651408E-07   0.425963229E-07  -0.140458312E-06   0.282946253E-07
   0.966969935E-07   0.330689574E-06  -0.120611048E-05   0.194001601E-06
   0.180634387E-06   0.620241622E-06  -0.223187408E-05   0.355705225E-06
   0.316379158E-06   0.104737205E-05  -0.382253756E-05   0.584360691E-06
   0.616907982E-06   0.204563344E-05  -0.743914416E-05   0.116433887E-05
   0.107040751E-05   0.343721013E-05  -0.125727174E-04   0.188483148E-05
   0.164529786E-05   0.522007531E-05  -0.188763079E-04   0.274723152E-05
   0.239227097E-05   0.741174154E-05  -0.267963605E-04   0.389853039E-05
   0.278163611E-05   0.845143131E-05  -0.299493477E-04   0.428026124E-05
   0.353103906E-05   0.105686941E-04  -0.361481179E-04   0.496484836E-05
   0.354216286E-05   0.103502734E-04  -0.332317759E-04   0.445131445E-05
   0.336740004E-05   0.957668726E-05  -0.269817519E-04   0.353431324E-05
   0.287222383E-05   0.774165983E-05  -0.158332732E-04   0.209038558E-05
   0.259232138E-05   0.614859255E-05  -0.513272835E-05   0.810509448E-06
   0.370897396E-05   0.759245722E-05  -0.421227378E-05   0.660635635E-06
   0.802351406E-05   0.160085783E-04  -0.306607290E-04   0.372053728E-05
   0.186002690E-04   0.379510057E-04  -0.108241809E-03   0.120623272E-04
   0.383978513E-04   0.797387329E-04  -0.255425286E-03   0.266526895E-04
   0.721490214E-04   0.150210384E-03  -0.502270588E-03   0.496432731E-04
   0.124509635E-03   0.258761953E-03  -0.870222924E-03   0.816457832E-04
   0.202127558E-03   0.419380347E-03  -0.139251084E-02   0.122890880E-03
   0.309632887E-03   0.640211569E-03  -0.206950237E-02   0.172777538E-03
   0.450430613E-03   0.930314767E-03  -0.288738147E-02   0.226784075E-03
   0.626748311E-03   0.129838940E-02  -0.381041435E-02   0.279390893E-03
   0.843059272E-03   0.175782794E-02  -0.482096057E-02   0.329281669E-03
   0.109924295E-02   0.231635594E-02  -0.585407810E-02   0.371183938E-03
   0.140016666E-02   0.299250963E-02  -0.688595744E-02   0.404027465E-03
   0.174034981E-02   0.378514943E-02  -0.780843105E-02   0.418947020E-03
   0.212015212E-02   0.470202928E-02  -0.855435058E-02   0.416390540E-03
   0.253599999E-02   0.573767023E-02  -0.904351752E-02   0.391952985E-03
   0.298310583E-02   0.687639276E-02  -0.920939725E-02   0.349112350E-03
   0.344556733E-02   0.807325263E-02  -0.895070750E-02   0.290014868E-03
   0.390024832E-02   0.926108100E-02  -0.816633180E-02   0.215019201E-03
   0.431854790E-02   0.103600090E-01  -0.682376465E-02   0.137562281E-03
   0.465642242E-02   0.112480465E-01  -0.493042264E-02   0.671477101E-04
   0.488006370E-02   0.118356291E-01  -0.259169075E-02   0.177945622E-04
   0.495854439E-02   0.120421825E-01  -0.682592916E-08   0.000000000E+00
