   0.191811484E-02   0.362818614E-01   0.389860899E-08   0.000000000E+00
   0.189594273E-02   0.355945714E-01   0.387924002E-02   0.242372971E-04
   0.182904175E-02   0.335447155E-01   0.728282612E-02   0.913429030E-04
   0.172975811E-02   0.305161700E-01   0.988068245E-02   0.185035911E-03
   0.161008269E-02   0.269484855E-01   0.115462262E-01   0.289241027E-03
   0.148040941E-02   0.231573023E-01   0.123172756E-01   0.385380175E-03
   0.135061948E-02   0.195121840E-01   0.123763215E-01   0.462589174E-03
   0.122367253E-02   0.162075255E-01   0.119100427E-01   0.521075446E-03
   0.110217440E-02   0.132936621E-01   0.111009395E-01   0.552784069E-03
   0.984221231E-03   0.108195189E-01   0.100841522E-01   0.564191199E-03
   0.871721248E-03   0.873963255E-02   0.897631422E-02   0.556234794E-03
   0.761642470E-03   0.701018516E-02   0.782780163E-02   0.531263126E-03
   0.657646859E-03   0.558993453E-02   0.671761436E-02   0.496382825E-03
   0.557068968E-03   0.441511581E-02   0.564593635E-02   0.450015650E-03
   0.462696335E-03   0.344902277E-02   0.464905100E-02   0.398117118E-03
   0.376997777E-03   0.266349991E-02   0.375585700E-02   0.342524872E-03
   0.300743268E-03   0.202978938E-02   0.297264894E-02   0.286272290E-03
   0.232646344E-03   0.151023362E-02   0.228158967E-02   0.232131948E-03
   0.176462374E-03   0.110652554E-02   0.171783322E-02   0.183505545E-03
   0.127751962E-03   0.777932699E-03   0.123344315E-02   0.137799580E-03
   0.906616115E-04   0.535290455E-03   0.867076160E-03   0.101307873E-03
   0.618377890E-04   0.354239630E-03   0.584914640E-03   0.712296678E-04
   0.398378870E-04   0.220695656E-03   0.371096103E-03   0.469828265E-04
   0.242009955E-04   0.128396860E-03   0.220617774E-03   0.292058085E-04
   0.140074508E-04   0.705872662E-04   0.124085142E-03   0.170017247E-04
   0.700874261E-05   0.321654770E-04   0.584862028E-04   0.830878162E-05
   0.328659235E-05   0.131974384E-04   0.250763151E-04   0.367794655E-05
   0.130487376E-05   0.431094986E-05   0.842489953E-05   0.127945987E-05
   0.483283543E-06   0.157288434E-05   0.251032907E-05   0.345856876E-06
   0.288096714E-06   0.183423060E-05   0.198605358E-05   0.128404679E-06
   0.357043007E-06   0.352704387E-05   0.392000766E-05   0.376032403E-06
   0.530674981E-06   0.510236623E-05   0.620179617E-05   0.711631401E-06
   0.663086723E-06   0.589598631E-05   0.756375357E-05   0.881197707E-06
   0.759658803E-06   0.653413599E-05   0.870821350E-05   0.110067390E-05
   0.719307536E-06   0.597015742E-05   0.817464479E-05   0.106734183E-05
   0.666423318E-06   0.528929104E-05   0.738339713E-05   0.950340507E-06
   0.664803451E-06   0.515974716E-05   0.691198784E-05   0.902913939E-06
   0.485887313E-06   0.362093238E-05   0.516504269E-05   0.650976745E-06
   0.359169462E-06   0.255071450E-05   0.343877446E-05   0.411421894E-06
   0.227930855E-06   0.163092818E-05   0.235728453E-05   0.291294839E-06
   0.178266177E-06   0.134912216E-05   0.179556048E-05   0.263145296E-06
   0.994518885E-07   0.714585781E-06   0.107405845E-05   0.143214706E-06
   0.523300550E-07   0.403047949E-06   0.561752017E-06   0.854893614E-07
   0.353364946E-07   0.327783198E-06   0.456004472E-06   0.105110551E-06
   0.115546168E-07   0.180881969E-06   0.175336126E-06   0.835957437E-07
   0.497395281E-08   0.680909693E-07  -0.369898849E-07   0.488450240E-07
   0.299808143E-07   0.116462260E-06  -0.195184867E-06   0.863187708E-07
   0.809652434E-07   0.219137107E-06  -0.553195093E-06   0.121743923E-06
   0.172576321E-06   0.384745192E-06  -0.108055758E-05   0.184358200E-06
   0.288112943E-06   0.620375602E-06  -0.171528916E-05   0.253686181E-06
   0.435501136E-06   0.913427073E-06  -0.257915008E-05   0.373919192E-06
   0.671453961E-06   0.140143288E-05  -0.392013953E-05   0.546937031E-06
   0.962197646E-06   0.191845652E-05  -0.561831439E-05   0.799209488E-06
   0.125754866E-05   0.260381375E-05  -0.727551014E-05   0.100078432E-05
   0.158078853E-05   0.320244362E-05  -0.915039800E-05   0.129525256E-05
   0.184844976E-05   0.380473671E-05  -0.105741365E-04   0.145636363E-05
   0.203895752E-05   0.411189831E-05  -0.114779123E-04   0.155711234E-05
   0.211866654E-05   0.427856730E-05  -0.117078107E-04   0.156026636E-05
   0.179547453E-05   0.357573686E-05  -0.957753764E-05   0.123213692E-05
   0.168129282E-05   0.331432921E-05  -0.851623099E-05   0.103770560E-05
   0.108227300E-05   0.200033332E-05  -0.491499532E-05   0.573839657E-06
   0.706967171E-06   0.111492125E-05  -0.258523801E-05   0.282475781E-06
   0.940662176E-06   0.112599014E-05  -0.372671229E-05   0.510646373E-06
   0.260568686E-05   0.347429568E-05  -0.128798165E-04   0.195462871E-05
   0.681680103E-05   0.102258537E-04  -0.362436258E-04   0.536249308E-05
   0.149247999E-04   0.230768583E-04  -0.793450308E-04   0.113089918E-04
   0.295732243E-04   0.462331918E-04  -0.155406393E-03   0.212424784E-04
   0.533739076E-04   0.835453538E-04  -0.275624509E-03   0.362684914E-04
   0.877354032E-04   0.137149487E-03  -0.443779398E-03   0.561795059E-04
   0.136740899E-03   0.213011779E-03  -0.675515679E-03   0.816259198E-04
   0.206776778E-03   0.320079329E-03  -0.995822833E-03   0.115221403E-03
   0.296347949E-03   0.456649286E-03  -0.138745143E-02   0.152641631E-03
   0.407892599E-03   0.625898305E-03  -0.184945262E-02   0.193634201E-03
   0.548296375E-03   0.839896442E-03  -0.240192190E-02   0.237270797E-03
   0.720080046E-03   0.110457314E-02  -0.303703104E-02   0.282806373E-03
   0.922079897E-03   0.142033026E-02  -0.372764585E-02   0.326169684E-03
   0.115954538E-02   0.180327438E-02  -0.447201915E-02   0.364631036E-03
   0.143353175E-02   0.225944561E-02  -0.524306064E-02   0.397152588E-03
   0.175705797E-02   0.281981681E-02  -0.606234185E-02   0.420934783E-03
   0.212392001E-02   0.348554784E-02  -0.684934668E-02   0.434767455E-03
   0.254949019E-02   0.428922102E-02  -0.762369065E-02   0.439902098E-03
   0.303715910E-02   0.525134848E-02  -0.832009409E-02   0.430063694E-03
   0.360103324E-02   0.639969390E-02  -0.892923679E-02   0.409650413E-03
   0.424015522E-02   0.773953088E-02  -0.935489777E-02   0.374011870E-03
   0.495416112E-02   0.926888082E-02  -0.952330139E-02   0.325871806E-03
   0.572412927E-02   0.109463381E-01  -0.931704603E-02   0.268093718E-03
   0.651261862E-02   0.126782469E-01  -0.860595517E-02   0.196343899E-03
   0.725841662E-02   0.143332770E-01  -0.728808530E-02   0.124802755E-03
   0.788238924E-02   0.157282930E-01  -0.533099193E-02   0.611010619E-04
   0.829834584E-02   0.166698489E-01  -0.282558566E-02   0.163467575E-04
   0.844850205E-02   0.170016699E-01  -0.704866299E-08   0.000000000E+00
