   0.336607941E-02   0.701914802E-01   0.000000000E+00   0.000000000E+00
   0.335423765E-02   0.693852380E-01   0.764028076E-02   0.491054852E-04
   0.332091795E-02   0.669971183E-01   0.147116203E-01   0.189471597E-03
   0.326590380E-02   0.632621869E-01   0.207506493E-01   0.397777534E-03
   0.319279707E-02   0.585328750E-01   0.254617855E-01   0.651447801E-03
   0.309927179E-02   0.531810075E-01   0.287268199E-01   0.918542326E-03
   0.298333145E-02   0.475291498E-01   0.305634923E-01   0.116998691E-02
   0.285239285E-02   0.418819897E-01   0.311825126E-01   0.138740172E-02
   0.269968063E-02   0.364730470E-01   0.307379439E-01   0.156871148E-02
   0.253118319E-02   0.314083323E-01   0.295056626E-01   0.167631032E-02
   0.234753685E-02   0.267990548E-01   0.276812315E-01   0.174638967E-02
   0.214285962E-02   0.226430222E-01   0.253779572E-01   0.175099669E-02
   0.193013391E-02   0.189611707E-01   0.228427704E-01   0.171239418E-02
   0.171294599E-02   0.157308914E-01   0.201973952E-01   0.163233874E-02
   0.150022714E-02   0.129485847E-01   0.175970718E-01   0.153058895E-02
   0.128370663E-02   0.105058076E-01   0.149741899E-01   0.138332509E-02
   0.108320510E-02   0.845140126E-02   0.125671811E-01   0.123103417E-02
   0.892959768E-03   0.667807227E-02   0.102989869E-01   0.106541929E-02
   0.719946111E-03   0.519051170E-02   0.825836882E-02   0.901099062E-03
   0.568512361E-03   0.396114634E-02   0.648309616E-02   0.743144250E-03
   0.437811745E-03   0.296473410E-02   0.496628089E-02   0.593265984E-03
   0.324715686E-03   0.214021769E-02   0.365625019E-02   0.454119872E-03
   0.235537096E-03   0.150877947E-02   0.262949243E-02   0.341258798E-03
   0.167854087E-03   0.104279292E-02   0.185547245E-02   0.250347308E-03
   0.112360074E-03   0.676539144E-03   0.122301665E-02   0.169852035E-03
   0.706241626E-04   0.408455060E-03   0.750758336E-03   0.108264016E-03
   0.430899709E-04   0.233364626E-03   0.441111042E-03   0.666163833E-04
   0.247378139E-04   0.125800390E-03   0.242151393E-03   0.372063441E-04
   0.127123640E-04   0.577105930E-04   0.113593596E-03   0.179661056E-04
   0.634431990E-05   0.249282639E-04   0.495872046E-04   0.777420519E-05
   0.261499486E-05   0.983026439E-05   0.162227334E-04   0.235782318E-05
   0.114263685E-05   0.696757343E-05   0.651790424E-05   0.570740383E-06
   0.971392069E-06   0.112650123E-04   0.101882388E-04   0.737026880E-06
   0.132174944E-05   0.161698354E-04   0.182465192E-04   0.213472708E-05
   0.179090898E-05   0.210690159E-04   0.263990205E-04   0.358476586E-05
   0.205579136E-05   0.232378152E-04   0.311146287E-04   0.471244675E-05
   0.232551497E-05   0.262161720E-04   0.362922619E-04   0.624766881E-05
   0.226187694E-05   0.251766814E-04   0.355610719E-04   0.657572946E-05
   0.211783686E-05   0.242466158E-04   0.339212565E-04   0.687319289E-05
   0.185410306E-05   0.213216917E-04   0.303705729E-04   0.692034473E-05
   0.158667115E-05   0.184980017E-04   0.260719880E-04   0.674612556E-05
   0.117083709E-05   0.151971981E-04   0.200181767E-04   0.630364912E-05
   0.102101728E-05   0.128448319E-04   0.148674972E-04   0.638533083E-05
   0.749497701E-06   0.103088432E-04   0.101321466E-04   0.569061740E-05
   0.596316795E-06   0.833029208E-05   0.430899581E-05   0.548853359E-05
   0.954383040E-06   0.793205436E-05  -0.225660915E-05   0.588590501E-05
   0.123107259E-05   0.784986423E-05  -0.790663853E-05   0.602830596E-05
   0.151778067E-05   0.844385249E-05  -0.110921364E-04   0.642655550E-05
   0.204090566E-05   0.910102153E-05  -0.179129529E-04   0.642587293E-05
   0.274433137E-05   0.110091860E-04  -0.242589904E-04   0.726075905E-05
   0.314699537E-05   0.117767049E-04  -0.279604483E-04   0.700992041E-05
   0.453960138E-05   0.155936159E-04  -0.389844827E-04   0.826968881E-05
   0.495503036E-05   0.164695848E-04  -0.415436407E-04   0.814289797E-05
   0.557755311E-05   0.182190615E-04  -0.457319438E-04   0.835012543E-05
   0.498244708E-05   0.159800056E-04  -0.392711263E-04   0.637687617E-05
   0.459152670E-05   0.145053837E-04  -0.344704567E-04   0.504416630E-05
   0.376636694E-05   0.113610258E-04  -0.268332242E-04   0.390690820E-05
   0.298142413E-05   0.886402449E-05  -0.189299753E-04   0.246411378E-05
   0.223457346E-05   0.579781954E-05  -0.110645797E-04   0.109241830E-05
   0.202802744E-05   0.392169386E-05  -0.745528587E-05   0.724590279E-06
   0.399942110E-05   0.655022768E-05  -0.194724398E-04   0.286987938E-05
   0.852869562E-05   0.160165710E-04  -0.519146815E-04   0.852706944E-05
   0.187601127E-04   0.384733503E-04  -0.124995830E-03   0.200672966E-04
   0.383815423E-04   0.821632202E-04  -0.264047616E-03   0.410704743E-04
   0.688948057E-04   0.151898945E-03  -0.478172180E-03   0.719455129E-04
   0.114787028E-03   0.257137639E-03  -0.794452964E-03   0.115048068E-03
   0.182931952E-03   0.412346650E-03  -0.125344982E-02   0.174301560E-03
   0.270351360E-03   0.609536364E-03  -0.182127068E-02   0.244838564E-03
   0.390778761E-03   0.883767032E-03  -0.258896011E-02   0.331442046E-03
   0.544980285E-03   0.123574340E-02  -0.353927095E-02   0.431695051E-03
   0.733667519E-03   0.165892288E-02  -0.464863144E-02   0.548197306E-03
   0.958760153E-03   0.217159977E-02  -0.591639290E-02   0.664611813E-03
   0.123051309E-02   0.280039851E-02  -0.738482876E-02   0.789399841E-03
   0.154086144E-02   0.353916152E-02  -0.896850787E-02   0.900451036E-03
   0.189289125E-02   0.439347001E-02  -0.106500415E-01   0.101457490E-02
   0.227749650E-02   0.537361484E-02  -0.123411352E-01   0.109934586E-02
   0.270850421E-02   0.652386574E-02  -0.140931271E-01   0.116791902E-02
   0.318176718E-02   0.785183720E-02  -0.158406701E-01   0.121733511E-02
   0.367446383E-02   0.933660194E-02  -0.173894465E-01   0.123186491E-02
   0.420258660E-02   0.110379532E-01  -0.187914874E-01   0.121196965E-02
   0.475389231E-02   0.129389726E-01  -0.199214574E-01   0.116972241E-02
   0.532784732E-02   0.150587028E-01  -0.207119845E-01   0.109205337E-02
   0.592183974E-02   0.173827149E-01  -0.211009644E-01   0.988695421E-03
   0.652432954E-02   0.198792946E-01  -0.209461544E-01   0.858627725E-03
   0.712318439E-02   0.224743485E-01  -0.201582201E-01   0.704809558E-03
   0.769641995E-02   0.250594579E-01  -0.186274331E-01   0.542255992E-03
   0.823007897E-02   0.275400206E-01  -0.162951518E-01   0.380470330E-03
   0.868743751E-02   0.297187362E-01  -0.131513746E-01   0.230687059E-03
   0.904394221E-02   0.314351171E-01  -0.925557502E-02   0.107584296E-03
   0.927536469E-02   0.325547755E-01  -0.478466321E-02   0.278803182E-04
   0.934954360E-02   0.329286717E-01  -0.116287291E-07   0.000000000E+00
