   0.368885112E+01   0.137907143E+02   0.697761948E-06   0.000000000E+00
   0.335264540E+01   0.125361423E+02   0.652761161E+00   0.460403459E-02
   0.256389785E+01   0.959226704E+01   0.995838821E+00   0.140279112E-01
   0.172441316E+01   0.645763016E+01   0.100002050E+01   0.210704058E-01
   0.107032764E+01   0.401392889E+01   0.821561635E+00   0.230001751E-01
   0.637929618E+00   0.239786649E+01   0.605336845E+00   0.211341474E-01
   0.375642747E+00   0.141659427E+01   0.420596451E+00   0.175277553E-01
   0.222930446E+00   0.845225453E+00   0.284026444E+00   0.137619795E-01
   0.135606900E+00   0.518383205E+00   0.190367490E+00   0.104792463E-01
   0.856351927E-01   0.331456602E+00   0.128505513E+00   0.792035833E-02
   0.567629039E-01   0.223543525E+00   0.884768665E-01   0.603408553E-02
   0.397877656E-01   0.160135686E+00   0.628518760E-01   0.469828118E-02
   0.295143649E-01   0.121716149E+00   0.464254469E-01   0.375306187E-02
   0.230161902E-01   0.973413512E-01   0.357480980E-01   0.313355890E-02
   0.186978169E-01   0.809854418E-01   0.286636148E-01   0.271061761E-02
   0.156506505E-01   0.692522004E-01   0.238015018E-01   0.239172345E-02
   0.133489938E-01   0.601769313E-01   0.202681702E-01   0.216279877E-02
   0.115228863E-01   0.527874194E-01   0.175800566E-01   0.197747746E-02
   0.999689475E-02   0.464412719E-01   0.153950211E-01   0.181152404E-02
   0.868795533E-02   0.408438109E-01   0.135419955E-01   0.166817685E-02
   0.753529416E-02   0.358034484E-01   0.118984235E-01   0.151932251E-02
   0.652800733E-02   0.312966332E-01   0.104524121E-01   0.138114241E-02
   0.563621940E-02   0.272190422E-01   0.914066844E-02   0.125053374E-02
   0.483265566E-02   0.235048309E-01   0.791735388E-02   0.110724918E-02
   0.413727248E-02   0.202232059E-01   0.684400788E-02   0.980885699E-03
   0.351962144E-02   0.172626302E-01   0.585152768E-02   0.861004984E-03
   0.298450212E-02   0.146746235E-01   0.498220138E-02   0.744008808E-03
   0.251513347E-02   0.123704579E-01   0.419076486E-02   0.636461424E-03
   0.211253040E-02   0.103807421E-01   0.350550958E-02   0.537692686E-03
   0.176975410E-02   0.866244175E-02   0.291258749E-02   0.450346706E-03
   0.147715723E-02   0.717267161E-02   0.239307713E-02   0.374163181E-03
   0.122657733E-02   0.589809753E-02   0.194283563E-02   0.304699002E-03
   0.101888052E-02   0.482527167E-02   0.156832731E-02   0.245125208E-03
   0.844724826E-03   0.392718147E-02   0.125455519E-02   0.195199304E-03
   0.703631202E-03   0.317354617E-02   0.995738315E-03   0.155435671E-03
   0.584256020E-03   0.254277349E-02   0.775721681E-03   0.120878132E-03
   0.487896439E-03   0.203120708E-02   0.601823325E-03   0.926488719E-04
   0.410805194E-03   0.161529554E-02   0.463596487E-03   0.706881401E-04
   0.348067289E-03   0.126895565E-02   0.346829329E-03   0.535174368E-04
   0.300079060E-03   0.998782692E-03   0.260120665E-03   0.410642897E-04
   0.261858368E-03   0.777394336E-03   0.187081620E-03   0.309895768E-04
   0.233519255E-03   0.608471804E-03   0.133208334E-03   0.238684115E-04
   0.214821412E-03   0.483103213E-03   0.942700499E-04   0.197233221E-04
   0.202293231E-03   0.386973581E-03   0.614418677E-04   0.163423647E-04
   0.196551657E-03   0.317669706E-03   0.319685605E-04   0.144658970E-04
   0.197859001E-03   0.276831153E-03   0.100669022E-04   0.138406913E-04
   0.204468291E-03   0.255151768E-03  -0.138838723E-04   0.137200468E-04
   0.219632522E-03   0.257279782E-03  -0.377548058E-04   0.149030857E-04
   0.241909642E-03   0.279241620E-03  -0.655678086E-04   0.168403003E-04
   0.273507088E-03   0.323542947E-03  -0.100602410E-03   0.199879923E-04
   0.314561068E-03   0.389815628E-03  -0.142336066E-03   0.241104135E-04
   0.368378329E-03   0.483025331E-03  -0.196037974E-03   0.302456483E-04
   0.439459371E-03   0.607936527E-03  -0.265829469E-03   0.396077048E-04
   0.523543975E-03   0.764826545E-03  -0.350522663E-03   0.492429681E-04
   0.629925518E-03   0.960237987E-03  -0.454568886E-03   0.631795701E-04
   0.761810923E-03   0.120695482E-02  -0.587743241E-03   0.803415314E-04
   0.925281842E-03   0.151039020E-02  -0.752817024E-03   0.102656122E-03
   0.111833739E-02   0.187095546E-02  -0.944565982E-03   0.128902277E-03
   0.134954730E-02   0.230152719E-02  -0.117170287E-02   0.160032403E-03
   0.162743055E-02   0.282317912E-02  -0.144829392E-02   0.196281137E-03
   0.195216201E-02   0.343351369E-02  -0.176560075E-02   0.237857399E-03
   0.232515903E-02   0.413409853E-02  -0.211803056E-02   0.283297122E-03
   0.276987138E-02   0.497178640E-02  -0.254320935E-02   0.335234305E-03
   0.327724079E-02   0.592472544E-02  -0.301199313E-02   0.394086324E-03
   0.385129452E-02   0.701252976E-02  -0.353111932E-02   0.452299806E-03
   0.450126687E-02   0.824725721E-02  -0.410476746E-02   0.515102176E-03
   0.524220429E-02   0.966206472E-02  -0.475269556E-02   0.581408560E-03
   0.606177375E-02   0.112240668E-01  -0.543966377E-02   0.656063145E-03
   0.696617458E-02   0.129686305E-01  -0.618288107E-02   0.718865311E-03
   0.796754844E-02   0.149054965E-01  -0.698840525E-02   0.789960381E-03
   0.907395780E-02   0.170541406E-01  -0.786588527E-02   0.863421650E-03
   0.102924919E-01   0.194335245E-01  -0.882598106E-02   0.941281032E-03
   0.116327815E-01   0.220755115E-01  -0.988714211E-02   0.100162136E-02
   0.131677613E-01   0.250958949E-01  -0.111446464E-01   0.109760847E-02
   0.149389002E-01   0.285976995E-01  -0.126638906E-01   0.120158691E-02
   0.171168670E-01   0.329057835E-01  -0.146592930E-01   0.134603586E-02
   0.199341122E-01   0.384885184E-01  -0.174055602E-01   0.153171038E-02
   0.238465723E-01   0.462591611E-01  -0.213995017E-01   0.180486136E-02
   0.296395533E-01   0.578321442E-01  -0.274174977E-01   0.220591552E-02
   0.386737660E-01   0.760446265E-01  -0.366347134E-01   0.277119968E-02
   0.533614047E-01   0.105997860E+00  -0.509204268E-01   0.357734715E-02
   0.779966265E-01   0.156845585E+00  -0.730817094E-01   0.465912558E-02
   0.119925685E+00   0.244616359E+00  -0.107034311E+00   0.612969929E-02
   0.192093194E+00   0.397715777E+00  -0.158047512E+00   0.797377620E-02
   0.316152543E+00   0.664085031E+00  -0.231615916E+00   0.100265136E-01
   0.526284993E+00   0.112017334E+01  -0.330284268E+00   0.119031128E-01
   0.867605627E+00   0.186820066E+01  -0.444391102E+00   0.128274299E-01
   0.137766194E+01   0.299417782E+01  -0.536764443E+00   0.116038257E-01
   0.202530050E+01   0.443224525E+01  -0.531132460E+00   0.765283778E-02
   0.262881565E+01   0.577682543E+01  -0.346597940E+00   0.249428605E-02
   0.288467026E+01   0.634796476E+01  -0.978725893E-06   0.000000000E+00
