   0.433518225E-02   0.589069650E-01   0.543253886E-08   0.000000000E+00
   0.425633881E-02   0.576761886E-01   0.549505604E-02   0.354603253E-04
   0.404265383E-02   0.542686097E-01   0.102750715E-01   0.132569723E-03
   0.372610264E-02   0.492122695E-01   0.138390092E-01   0.267875148E-03
   0.335538806E-02   0.432420969E-01   0.160230957E-01   0.414442737E-03
   0.297196838E-02   0.370298065E-01   0.169359054E-01   0.545528834E-03
   0.260482426E-02   0.310815331E-01   0.168468654E-01   0.650991686E-03
   0.227248250E-02   0.257320739E-01   0.160855018E-01   0.727197505E-03
   0.197736570E-02   0.210691765E-01   0.148988459E-01   0.773828826E-03
   0.171870878E-02   0.171287972E-01   0.135005135E-01   0.786450808E-03
   0.149033021E-02   0.138486363E-01   0.120169222E-01   0.776566507E-03
   0.128792936E-02   0.111452704E-01   0.105413012E-01   0.749857805E-03
   0.110497349E-02   0.892510824E-02   0.910983607E-02   0.702518970E-03
   0.941784761E-03   0.711446023E-02   0.777799496E-02   0.650417234E-03
   0.791710452E-03   0.563288433E-02   0.653256848E-02   0.584496302E-03
   0.657930912E-03   0.442891801E-02   0.541268429E-02   0.519357913E-03
   0.538897119E-03   0.345193152E-02   0.441580918E-02   0.447181839E-03
   0.432436762E-03   0.265370659E-02   0.352822198E-02   0.378520926E-03
   0.340555096E-03   0.201154593E-02   0.276530860E-02   0.311293668E-03
   0.261562178E-03   0.149669009E-02   0.211367407E-02   0.248140917E-03
   0.198007474E-03   0.109688228E-02   0.159077963E-02   0.195943838E-03
   0.144219506E-03   0.776967674E-03   0.115013309E-02   0.147467552E-03
   0.103085265E-03   0.539350149E-03   0.814885134E-03   0.108646294E-03
   0.702006728E-04   0.355722819E-03   0.547671749E-03   0.764274591E-04
   0.460687043E-04   0.225733296E-03   0.353516341E-03   0.512810257E-04
   0.291940414E-04   0.137271592E-03   0.219040987E-03   0.329335708E-04
   0.173589251E-04   0.770669430E-04   0.125650316E-03   0.196740457E-04
   0.912230917E-05   0.368569927E-04   0.614592573E-04   0.100989582E-04
   0.475846127E-05   0.177170004E-04   0.297643346E-04   0.506198194E-05
   0.209470250E-05   0.624457289E-05   0.104896390E-04   0.182762358E-05
   0.812214466E-06   0.228887870E-05   0.282450128E-05   0.455609268E-06
   0.432900038E-06   0.188187198E-05   0.156931173E-05   0.121015418E-06
   0.376487833E-06   0.274508056E-05   0.237064501E-05   0.100370904E-06
   0.491275728E-06   0.457801252E-05   0.447343200E-05   0.390506727E-06
   0.667332756E-06   0.612415761E-05   0.660445266E-05   0.748982075E-06
   0.715815190E-06   0.649278354E-05   0.764674041E-05   0.112252985E-05
   0.833418483E-06   0.722299546E-05   0.893785727E-05   0.140196357E-05
   0.738112874E-06   0.628864564E-05   0.784033546E-05   0.126307089E-05
   0.690071431E-06   0.603492072E-05   0.755021847E-05   0.137449240E-05
   0.573301122E-06   0.496226221E-05   0.635702963E-05   0.128784143E-05
   0.451205807E-06   0.415884142E-05   0.519254627E-05   0.116510773E-05
   0.310311066E-06   0.310064229E-05   0.372437694E-05   0.102091406E-05
   0.232332567E-06   0.242643341E-05   0.265321205E-05   0.981287258E-06
   0.202947135E-06   0.207426251E-05   0.183792713E-05   0.101003400E-05
   0.181988554E-06   0.153920757E-05   0.652588085E-06   0.922199945E-06
   0.229091555E-06   0.136004871E-05  -0.599021575E-06   0.970081601E-06
   0.343982009E-06   0.137581151E-05  -0.171292061E-05   0.101022169E-05
   0.480000324E-06   0.151728955E-05  -0.239145447E-05   0.107646758E-05
   0.701102977E-06   0.185833596E-05  -0.391776621E-05   0.120092545E-05
   0.958691430E-06   0.228422937E-05  -0.531951446E-05   0.131430954E-05
   0.126966563E-05   0.285914803E-05  -0.688615273E-05   0.148633433E-05
   0.147533592E-05   0.309922689E-05  -0.768545942E-05   0.147681897E-05
   0.182038116E-05   0.377469019E-05  -0.929337057E-05   0.163721711E-05
   0.205771835E-05   0.423574966E-05  -0.102474796E-04   0.167098528E-05
   0.212871737E-05   0.421784853E-05  -0.102118393E-04   0.156368321E-05
   0.205882816E-05   0.405033097E-05  -0.947635726E-05   0.133634717E-05
   0.182857639E-05   0.351177823E-05  -0.792863011E-05   0.105560400E-05
   0.134402580E-05   0.247459434E-05  -0.513887744E-05   0.584714030E-06
   0.102270803E-05   0.176375420E-05  -0.304136506E-05   0.273389048E-06
   0.865301502E-06   0.105663969E-05  -0.160388117E-05   0.506744797E-07
   0.148413483E-05   0.159279261E-05  -0.435230641E-05   0.684196664E-06
   0.361299021E-05   0.443766112E-05  -0.139337817E-04   0.236239202E-05
   0.838348296E-05   0.114833310E-04  -0.358934703E-04   0.591974276E-05
   0.175790774E-04   0.253241360E-04  -0.776376037E-04   0.122812062E-04
   0.330903349E-04   0.487918769E-04  -0.146817576E-03   0.222606923E-04
   0.573830366E-04   0.853821693E-04  -0.252454542E-03   0.370310081E-04
   0.921264291E-04   0.138011397E-03  -0.399979501E-03   0.561865672E-04
   0.142895849E-03   0.214009196E-03  -0.609709299E-03   0.825049719E-04
   0.208950165E-03   0.313471828E-03  -0.873080629E-03   0.112705107E-03
   0.300616201E-03   0.450360792E-03  -0.122770388E-02   0.152209730E-03
   0.411960005E-03   0.615625118E-03  -0.163566531E-02   0.194567561E-03
   0.553034246E-03   0.828660093E-03  -0.213297270E-02   0.240848778E-03
   0.725380378E-03   0.109167746E-02  -0.270902715E-02   0.289169053E-03
   0.932390569E-03   0.141197222E-02  -0.335904583E-02   0.339619321E-03
   0.117780850E-02   0.180107111E-02  -0.407743268E-02   0.388079934E-03
   0.147049781E-02   0.227984856E-02  -0.487654284E-02   0.434391171E-03
   0.180689467E-02   0.285123219E-02  -0.570483459E-02   0.476415153E-03
   0.220358698E-02   0.355243031E-02  -0.659623276E-02   0.509129954E-03
   0.266331807E-02   0.440094480E-02  -0.750527671E-02   0.533618557E-03
   0.320190354E-02   0.543517387E-02  -0.843774248E-02   0.548378797E-03
   0.383495190E-02   0.669652317E-02  -0.937159266E-02   0.552678481E-03
   0.457619457E-02   0.822145306E-02  -0.102664446E-01   0.539455679E-03
   0.544522703E-02   0.100557981E-01  -0.110809132E-01   0.518487825E-03
   0.644886773E-02   0.122170774E-01  -0.117230816E-01   0.479275244E-03
   0.758555718E-02   0.147033045E-01  -0.120726619E-01   0.422999787E-03
   0.882928446E-02   0.174569506E-01  -0.119566312E-01   0.347865134E-03
   0.101149017E-01   0.203253981E-01  -0.111725787E-01   0.259155117E-03
   0.113407103E-01   0.230910368E-01  -0.956142135E-02   0.166950937E-03
   0.123653831E-01   0.254195724E-01  -0.704774447E-02   0.822386864E-04
   0.130462786E-01   0.269815288E-01  -0.375184300E-02   0.220066922E-04
   0.133039830E-01   0.275589600E-01  -0.916866583E-08   0.000000000E+00
