   0.140330270E-01   0.129748836E+00   0.423952609E-10   0.000000000E+00
   0.138322124E-01   0.127804071E+00   0.108021088E-01   0.741426629E-04
   0.132630803E-01   0.122309573E+00   0.205391403E-01   0.281943416E-03
   0.123953000E-01   0.113890253E+00   0.283859316E-01   0.584863068E-03
   0.113332681E-01   0.103443183E+00   0.339221358E-01   0.932564435E-03
   0.101892967E-01   0.920967981E-01   0.371571034E-01   0.128074328E-02
   0.904304720E-02   0.805456638E-01   0.383480266E-01   0.158540509E-02
   0.796062686E-02   0.694606900E-01   0.379498228E-01   0.183193537E-02
   0.697183516E-02   0.592849590E-01   0.364017673E-01   0.200523599E-02
   0.609351043E-02   0.501888134E-01   0.341326818E-01   0.211234810E-02
   0.531547423E-02   0.422037132E-01   0.314183347E-01   0.216827122E-02
   0.463517988E-02   0.352993384E-01   0.285145156E-01   0.216583069E-02
   0.403149147E-02   0.293883439E-01   0.255416036E-01   0.211321097E-02
   0.350143504E-02   0.243442561E-01   0.226496719E-01   0.202178513E-02
   0.302138645E-02   0.200829934E-01   0.198345706E-01   0.189990969E-02
   0.259958208E-02   0.165019594E-01   0.172353890E-01   0.175527146E-02
   0.221315911E-02   0.134639358E-01   0.147652403E-01   0.159386673E-02
   0.187785644E-02   0.109309796E-01   0.125672705E-01   0.144378690E-02
   0.156829471E-02   0.879187882E-02   0.105095394E-01   0.126262137E-02
   0.130006659E-02   0.702889869E-02   0.871437602E-02   0.109203358E-02
   0.106138561E-02   0.555138709E-02   0.710485922E-02   0.930097711E-03
   0.857444073E-03   0.434542028E-02   0.572630065E-02   0.779834983E-03
   0.680467696E-03   0.335173472E-02   0.452841539E-02   0.638971338E-03
   0.531096244E-03   0.254271529E-02   0.351414573E-02   0.514006591E-03
   0.408008898E-03   0.189978373E-02   0.268122717E-02   0.404724851E-03
   0.305295252E-03   0.138415722E-02   0.198570802E-02   0.308439892E-03
   0.224575619E-03   0.988442451E-03   0.144042517E-02   0.228260047E-03
   0.159675779E-03   0.681510894E-03   0.100512919E-02   0.163576449E-03
   0.113196591E-03   0.464512967E-03   0.696656469E-03   0.116054885E-03
   0.746418445E-04   0.293065183E-03   0.440437841E-03   0.740967371E-04
   0.491160099E-04   0.182944597E-03   0.276002858E-03   0.467833852E-04
   0.312971242E-04   0.107180582E-03   0.162923214E-03   0.280750246E-04
   0.183098418E-04   0.585008893E-04   0.839647837E-04   0.145339909E-04
   0.103793654E-04   0.303186407E-04   0.376917378E-04   0.690502202E-05
   0.535267236E-05   0.144347623E-04   0.116033143E-04   0.295245991E-05
   0.271482986E-05   0.896120673E-05  -0.235861521E-06   0.207466132E-05
   0.133285164E-05   0.834064758E-05  -0.337406141E-05   0.253573717E-05
   0.964438300E-06   0.107031083E-04  -0.188521528E-05   0.433733749E-05
   0.102905551E-05   0.146232624E-04   0.191871550E-05   0.666047436E-05
   0.150591973E-05   0.184163400E-04   0.467375685E-05   0.944729709E-05
   0.176088122E-05   0.201667626E-04   0.579215884E-05   0.112570797E-04
   0.233304308E-05   0.234333165E-04   0.809098310E-05   0.135022292E-04
   0.265195081E-05   0.244481107E-04   0.688419232E-05   0.150379346E-04
   0.292844243E-05   0.252843638E-04   0.598738507E-05   0.161456410E-04
   0.274823992E-05   0.235483931E-04   0.266979055E-05   0.158663242E-04
   0.321780522E-05   0.240298323E-04   0.544740203E-06   0.165879155E-04
   0.356847681E-05   0.226842003E-04  -0.522163555E-05   0.162770539E-04
   0.354933013E-05   0.221105947E-04  -0.516359341E-05   0.159110532E-04
   0.359389924E-05   0.203985601E-04  -0.758077658E-05   0.147577412E-04
   0.344883301E-05   0.182903750E-04  -0.875376099E-05   0.131349070E-04
   0.299702219E-05   0.156510123E-04  -0.789861679E-05   0.110625388E-04
   0.268263943E-05   0.131097640E-04  -0.635104061E-05   0.886738144E-05
   0.201799503E-05   0.976494721E-05  -0.304829223E-05   0.626649808E-05
   0.181905727E-05   0.782177176E-05   0.666107610E-06   0.457513306E-05
   0.202510546E-05   0.544686145E-05   0.844009264E-06   0.242664737E-05
   0.325830251E-05   0.548207481E-05  -0.203617674E-05   0.167326971E-05
   0.700325927E-05   0.945568718E-05  -0.166306636E-04   0.291851143E-05
   0.136682211E-04   0.179740964E-04  -0.430001783E-04   0.632943966E-05
   0.249072873E-04   0.344697073E-04  -0.886714188E-04   0.133796802E-04
   0.421477707E-04   0.634906828E-04  -0.161699267E-03   0.248979904E-04
   0.703980477E-04   0.110567482E-03  -0.281282468E-03   0.438921743E-04
   0.109095519E-03   0.175240115E-03  -0.440766453E-03   0.689743829E-04
   0.163030243E-03   0.267190335E-03  -0.661758822E-03   0.102515434E-03
   0.235157553E-03   0.392423332E-03  -0.952915230E-03   0.144902413E-03
   0.331229938E-03   0.557855237E-03  -0.133185042E-02   0.199029644E-03
   0.450548250E-03   0.768005324E-03  -0.179219036E-02   0.260510686E-03
   0.605349604E-03   0.104012107E-02  -0.237436313E-02   0.334908633E-03
   0.790343503E-03   0.137200882E-02  -0.304841180E-02   0.415384508E-03
   0.101779308E-02   0.178328378E-02  -0.385118416E-02   0.506794488E-03
   0.128173898E-02   0.227197516E-02  -0.474150479E-02   0.599426683E-03
   0.159606570E-02   0.286828354E-02  -0.576415192E-02   0.699458644E-03
   0.196092995E-02   0.358245359E-02  -0.689883064E-02   0.801766990E-03
   0.237877341E-02   0.443376694E-02  -0.813191943E-02   0.892154872E-03
   0.285404036E-02   0.544148358E-02  -0.945456419E-02   0.977244345E-03
   0.339292991E-02   0.663735019E-02  -0.108606135E-01   0.105243921E-02
   0.399734173E-02   0.804809853E-02  -0.123188868E-01   0.112224091E-02
   0.468146149E-02   0.972190592E-02  -0.138462223E-01   0.117262837E-02
   0.545032416E-02   0.117000388E-01  -0.154053476E-01   0.121234683E-02
   0.631149905E-02   0.140333837E-01  -0.169462431E-01   0.121075951E-02
   0.728184357E-02   0.167691987E-01  -0.184856486E-01   0.121254881E-02
   0.837142672E-02   0.199753754E-01  -0.199237633E-01   0.118283706E-02
   0.959478319E-02   0.236872174E-01  -0.212117247E-01   0.111530069E-02
   0.109494310E-01   0.279333089E-01  -0.222154278E-01   0.103753991E-02
   0.124255978E-01   0.326631553E-01  -0.227789246E-01   0.919619633E-03
   0.139899878E-01   0.378067717E-01  -0.226855632E-01   0.787377823E-03
   0.156065561E-01   0.432015844E-01  -0.217169560E-01   0.625075016E-03
   0.171821211E-01   0.485310070E-01  -0.196358915E-01   0.449717714E-03
   0.185847320E-01   0.533782095E-01  -0.162989106E-01   0.280790089E-03
   0.197130814E-01   0.572933145E-01  -0.117231607E-01   0.134187183E-03
   0.204454176E-01   0.598564036E-01  -0.614472199E-02   0.350969458E-04
   0.206974540E-01   0.607422218E-01  -0.125276181E-07   0.000000000E+00
