   0.143225286E-01   0.134588137E+00   0.127963279E-09   0.000000000E+00
   0.141512584E-01   0.132846788E+00   0.115910107E-01   0.805199452E-04
   0.136710741E-01   0.127969071E+00   0.222003572E-01   0.308092945E-03
   0.129209235E-01   0.120283067E+00   0.310185831E-01   0.646594679E-03
   0.119995940E-01   0.110779814E+00   0.376300886E-01   0.104261353E-02
   0.109736854E-01   0.100036934E+00   0.419041552E-01   0.145377975E-02
   0.992178917E-02   0.889905766E-01   0.440334715E-01   0.184225512E-02
   0.889899954E-02   0.780953169E-01   0.443737693E-01   0.216125906E-02
   0.793712772E-02   0.677496120E-01   0.433260351E-01   0.240968168E-02
   0.705274055E-02   0.582900494E-01   0.412879847E-01   0.258836104E-02
   0.624929182E-02   0.497526675E-01   0.385934301E-01   0.267666089E-02
   0.552376825E-02   0.422079563E-01   0.355079211E-01   0.269306614E-02
   0.486689480E-02   0.356053226E-01   0.322332270E-01   0.266534230E-02
   0.427068770E-02   0.298862029E-01   0.288927648E-01   0.257222424E-02
   0.373070058E-02   0.249421820E-01   0.256215110E-01   0.244644983E-02
   0.323785748E-02   0.207022261E-01   0.224557612E-01   0.229672017E-02
   0.279399124E-02   0.170981809E-01   0.195013024E-01   0.211475207E-02
   0.238106516E-02   0.140031455E-01   0.166834686E-01   0.190364593E-02
   0.201761816E-02   0.114099523E-01   0.141666867E-01   0.170113309E-02
   0.168538745E-02   0.919794478E-02   0.118326154E-01   0.148454157E-02
   0.139453798E-02   0.736099062E-02   0.978331082E-02   0.127289759E-02
   0.113617070E-02   0.581037113E-02   0.795120373E-02   0.108151545E-02
   0.910750881E-03   0.452569779E-02   0.634825323E-02   0.892040494E-03
   0.718419498E-03   0.347702950E-02   0.498438068E-02   0.722981989E-03
   0.559959619E-03   0.263219653E-02   0.385882845E-02   0.577827275E-03
   0.428931235E-03   0.195915624E-02   0.292825443E-02   0.449468585E-03
   0.320763676E-03   0.142457534E-02   0.216394663E-02   0.339563558E-03
   0.233013154E-03   0.100233138E-02   0.154279126E-02   0.245639763E-03
   0.167435341E-03   0.693017093E-03   0.108395214E-02   0.175662368E-03
   0.115909039E-03   0.458843628E-03   0.725667633E-03   0.118516633E-03
   0.778499525E-04   0.291030330E-03   0.464593963E-03   0.762021300E-04
   0.496471330E-04   0.173899258E-03   0.274830119E-03   0.444795915E-04
   0.308928029E-04   0.982280180E-04   0.153221845E-03   0.248747328E-04
   0.180113548E-04   0.518259585E-04   0.732557819E-04   0.120815566E-04
   0.104461888E-04   0.271493846E-04   0.294725287E-04   0.595603933E-05
   0.557394605E-05   0.148486870E-04   0.492845948E-05   0.349860625E-05
   0.291183028E-05   0.116368092E-04  -0.654417681E-05   0.398318753E-05
   0.172267050E-05   0.131396391E-04  -0.667346558E-05   0.573951274E-05
   0.163914683E-05   0.181125688E-04  -0.441525981E-05   0.941132021E-05
   0.193672599E-05   0.228260815E-04  -0.942536360E-06   0.130071057E-04
   0.227080704E-05   0.276059764E-04   0.407461448E-05   0.161779499E-04
   0.286280806E-05   0.306065740E-04   0.402184014E-05   0.192781590E-04
   0.339981784E-05   0.347323330E-04   0.769326925E-05   0.220244765E-04
   0.380025085E-05   0.350277915E-04   0.473599857E-05   0.233876217E-04
   0.431254330E-05   0.362629253E-04   0.237618792E-05   0.249722743E-04
   0.454417250E-05   0.352749848E-04  -0.168885492E-05   0.250669800E-04
   0.440516033E-05   0.335082514E-04  -0.420312972E-05   0.242824881E-04
   0.434437561E-05   0.315553589E-04  -0.546280944E-05   0.230372862E-04
   0.439668338E-05   0.302152221E-04  -0.497685687E-05   0.219707617E-04
   0.381847985E-05   0.261188452E-04  -0.468211192E-05   0.189714719E-04
   0.351132303E-05   0.223601601E-04  -0.507421282E-05   0.159718002E-04
   0.279969640E-05   0.177776055E-04  -0.153456301E-05   0.123093660E-04
   0.238796270E-05   0.138056239E-04   0.193991991E-05   0.896009260E-05
   0.241014254E-05   0.105148602E-04   0.367997768E-05   0.601117108E-05
   0.354315398E-05   0.820526657E-05   0.306565539E-06   0.338328937E-05
   0.632503634E-05   0.963483944E-05  -0.989502496E-05   0.275271805E-05
   0.118804219E-04   0.157287704E-04  -0.325567853E-04   0.449234039E-05
   0.231326940E-04   0.346686138E-04  -0.848659038E-04   0.117385462E-04
   0.382202379E-04   0.575164522E-04  -0.149777174E-03   0.210306716E-04
   0.669098081E-04   0.107966727E-03  -0.283834146E-03   0.418303498E-04
   0.101560159E-03   0.169772902E-03  -0.438980322E-03   0.661796148E-04
   0.154588663E-03   0.266476360E-03  -0.678383163E-03   0.101399375E-03
   0.224465795E-03   0.394566130E-03  -0.987719162E-03   0.148266074E-03
   0.318035425E-03   0.567305484E-03  -0.139564835E-02   0.207550722E-03
   0.440499105E-03   0.796627137E-03  -0.192273676E-02   0.280573789E-03
   0.588670897E-03   0.107740518E-02  -0.254072878E-02   0.362866558E-03
   0.774101878E-03   0.143422571E-02  -0.329908123E-02   0.457051297E-03
   0.997015974E-03   0.186193502E-02  -0.417578313E-02   0.563785550E-03
   0.126339390E-02   0.239292788E-02  -0.519927638E-02   0.670919253E-03
   0.157208438E-02   0.301419618E-02  -0.633153506E-02   0.794663618E-03
   0.193382765E-02   0.376764871E-02  -0.761562912E-02   0.910200353E-03
   0.234069861E-02   0.465216255E-02  -0.898797158E-02   0.101936422E-02
   0.281375484E-02   0.570133235E-02  -0.105213923E-01   0.113918982E-02
   0.333666615E-02   0.693329563E-02  -0.121141057E-01   0.123317994E-02
   0.391593575E-02   0.836636592E-02  -0.137634361E-01   0.131502957E-02
   0.456079142E-02   0.100511378E-01  -0.154725146E-01   0.138092076E-02
   0.527098123E-02   0.120063322E-01  -0.172078907E-01   0.143262558E-02
   0.605156785E-02   0.142879328E-01  -0.189298224E-01   0.146404060E-02
   0.690660113E-02   0.169358533E-01  -0.205882322E-01   0.143284141E-02
   0.784118846E-02   0.199876372E-01  -0.221453179E-01   0.141757412E-02
   0.886312313E-02   0.234761126E-01  -0.235495809E-01   0.135270390E-02
   0.996999163E-02   0.274388772E-01  -0.246690642E-01   0.127424847E-02
   0.111567508E-01   0.318397507E-01  -0.254085101E-01   0.115190377E-02
   0.124037871E-01   0.366368368E-01  -0.255947709E-01   0.101463310E-02
   0.136929806E-01   0.417368039E-01  -0.250258241E-01   0.846190611E-03
   0.149702029E-01   0.468938835E-01  -0.235116873E-01   0.653750787E-03
   0.161791537E-01   0.519282408E-01  -0.209094547E-01   0.466940895E-03
   0.172390081E-01   0.563887693E-01  -0.170939974E-01   0.285774353E-03
   0.180688389E-01   0.599244349E-01  -0.121543072E-01   0.134568865E-03
   0.185996015E-01   0.622196868E-01  -0.632421114E-02   0.350375485E-04
   0.187922604E-01   0.630428493E-01  -0.168905760E-07   0.000000000E+00
