   0.946022556E-04   0.128189437E-01   0.000000000E+00   0.000000000E+00
   0.100385812E-03   0.125236362E-01   0.156182924E-02   0.907454250E-05
   0.115624054E-03   0.117007149E-01   0.291622267E-02   0.335777149E-04
   0.136680363E-03   0.104776807E-01   0.392354745E-02   0.669184083E-04
   0.157682152E-03   0.903575774E-02   0.451564509E-02   0.100932819E-03
   0.174240035E-03   0.753405597E-02   0.471907808E-02   0.129223044E-03
   0.181905707E-03   0.609821500E-02   0.457877573E-02   0.147305152E-03
   0.180330651E-03   0.480771763E-02   0.420865091E-02   0.154256661E-03
   0.169390420E-03   0.369380694E-02   0.368219218E-02   0.151658372E-03
   0.150378939E-03   0.276177260E-02   0.306823431E-02   0.139381009E-03
   0.126548883E-03   0.200775848E-02   0.244334619E-02   0.121474026E-03
   0.100965015E-03   0.141465955E-02   0.185803697E-02   0.998640971E-04
   0.757248854E-04   0.955990748E-03   0.133346510E-02   0.773558641E-04
   0.533047023E-04   0.617485726E-03   0.900710700E-03   0.558779466E-04
   0.348290341E-04   0.375940814E-03   0.563345500E-03   0.370460730E-04
   0.211477418E-04   0.215206164E-03   0.325585890E-03   0.224051219E-04
   0.113633214E-04   0.111543712E-03   0.162769036E-03   0.115594576E-04
   0.534217315E-05   0.521539696E-04   0.679475852E-04   0.485154806E-05
   0.207266362E-05   0.222013023E-04   0.206615914E-04   0.134745176E-05
   0.616194995E-06   0.978254775E-05   0.299255703E-05   0.664407480E-07
   0.232905407E-06   0.638825441E-05   0.141648945E-05   0.857329923E-07
   0.244375002E-06   0.670176360E-05   0.510065911E-05   0.582705468E-06
   0.402786583E-06   0.772264411E-05   0.964957599E-05   0.114135264E-05
   0.510379891E-06   0.800889757E-05   0.121589283E-04   0.148838558E-05
   0.490326443E-06   0.691151126E-05   0.115057510E-04   0.145608669E-05
   0.467007709E-06   0.601895181E-05   0.105067447E-04   0.132615321E-05
   0.309159361E-06   0.390610694E-05   0.709016831E-05   0.943101156E-06
   0.182194171E-06   0.226472821E-05   0.414362466E-05   0.572750992E-06
   0.124796486E-06   0.154129373E-05   0.290191474E-05   0.418030851E-06
   0.528332116E-07   0.656289956E-06   0.123323912E-05   0.184526286E-06
   0.237719640E-07   0.301058861E-06   0.570580937E-06   0.900178421E-07
   0.704590253E-08   0.100143659E-06   0.179219953E-06   0.339629054E-07
   0.887317664E-09   0.172459789E-07   0.249848622E-07   0.676108947E-08
   0.209036299E-08   0.130805908E-07   0.248858756E-08   0.490664398E-08
   0.221016250E-08   0.140142253E-07   0.299397982E-07   0.226335284E-08
   0.670772904E-08   0.505767694E-07   0.914166591E-07   0.117671171E-07
   0.135143399E-07   0.118427188E-06   0.253802000E-06   0.305138421E-07
   0.800947486E-08   0.455974529E-07   0.474853579E-07   0.943995282E-08
   0.112365210E-07   0.968617897E-07   0.158840791E-06   0.280602581E-07
   0.438921921E-08   0.287771655E-07   0.440466472E-07   0.629848440E-08
   0.295210589E-08   0.272709269E-07   0.601460073E-07   0.759217134E-08
   0.342731732E-08   0.206722479E-07   0.177897768E-07   0.542417800E-08
   0.792969301E-09   0.748226814E-08   0.164569443E-07   0.235957165E-08
   0.334439676E-08   0.184642648E-07   0.521069321E-08   0.546253176E-08
   0.149530655E-08   0.796092170E-08   0.531592548E-09   0.375786291E-08
   0.145496104E-08   0.524639843E-08  -0.116172156E-07   0.297068725E-08
   0.426800506E-08   0.146901851E-07  -0.625736405E-07   0.103633218E-07
   0.930859834E-09   0.300787417E-08  -0.112773533E-07   0.160468638E-08
   0.359688057E-08   0.121080985E-07  -0.477860560E-07   0.719265714E-08
   0.408016021E-08   0.112230234E-07  -0.501676887E-07   0.590662630E-08
   0.596957728E-08   0.181547399E-07  -0.596100804E-07   0.757980168E-08
   0.121323778E-07   0.350843870E-07  -0.143484982E-06   0.176938748E-07
   0.287993291E-07   0.857868940E-07  -0.386071235E-06   0.523308366E-07
   0.176531998E-07   0.549768160E-07  -0.237887662E-06   0.333633778E-07
   0.127214754E-07   0.351062752E-07  -0.160036478E-06   0.194495851E-07
   0.107372990E-07   0.307007575E-07  -0.126660794E-06   0.151369051E-07
   0.125620376E-07   0.385907128E-07  -0.168570651E-06   0.235680808E-07
   0.955815072E-08   0.286281505E-07  -0.129204892E-06   0.180136954E-07
   0.100381592E-08   0.579253223E-08  -0.136115785E-07   0.440357750E-08
   0.160468296E-07   0.627315018E-07  -0.207058804E-06   0.457499318E-07
   0.819866059E-07   0.248545632E-06  -0.105758647E-05   0.154710349E-06
   0.202524774E-06   0.584406621E-06  -0.252221002E-05   0.341404160E-06
   0.368944256E-06   0.104800222E-05  -0.451385358E-05   0.609201720E-06
   0.763282969E-06   0.209909672E-05  -0.909982282E-05   0.119601657E-05
   0.111858515E-05   0.299382077E-05  -0.128908978E-04   0.165467111E-05
   0.165581491E-05   0.429797956E-05  -0.182632593E-04   0.224196583E-05
   0.195322400E-05   0.492031813E-05  -0.202380561E-04   0.238648863E-05
   0.226654242E-05   0.553066775E-05  -0.214536194E-04   0.246176774E-05
   0.206227264E-05   0.476964215E-05  -0.160632935E-04   0.180571726E-05
   0.189863601E-05   0.405368928E-05  -0.949314290E-05   0.106179368E-05
   0.183436930E-05   0.332922036E-05  -0.254258953E-05   0.346969330E-06
   0.323113090E-05   0.542036378E-05  -0.670512009E-05   0.804978811E-06
   0.795386950E-05   0.137878851E-04  -0.379177363E-04   0.377001038E-05
   0.187696915E-04   0.331573610E-04  -0.115050549E-03   0.105990912E-04
   0.390284295E-04   0.692390531E-04  -0.257956417E-03   0.221827941E-04
   0.737991868E-04   0.130346860E-03  -0.495120825E-03   0.399315504E-04
   0.128126383E-03   0.224664502E-03  -0.844007533E-03   0.637534831E-04
   0.205159697E-03   0.356754317E-03  -0.129431649E-02   0.913898839E-04
   0.310072326E-03   0.536137028E-03  -0.184584479E-02   0.121552148E-03
   0.445643294E-03   0.769310864E-03  -0.246903021E-02   0.150749023E-03
   0.615839090E-03   0.106575317E-02  -0.313841971E-02   0.176700312E-03
   0.820937625E-03   0.143013790E-02  -0.379082281E-02   0.195868866E-03
   0.106362079E-02   0.187121250E-02  -0.438481569E-02   0.205841963E-03
   0.134515739E-02   0.239355932E-02  -0.486978982E-02   0.205536315E-03
   0.166020682E-02   0.298888725E-02  -0.515483785E-02   0.192268155E-03
   0.200453983E-02   0.364573905E-02  -0.519328332E-02   0.166201426E-03
   0.235885801E-02   0.432427926E-02  -0.489460444E-02   0.128843763E-03
   0.269765034E-02   0.497221341E-02  -0.420120591E-02   0.848939890E-04
   0.298295193E-02   0.551599404E-02  -0.310146273E-02   0.424982318E-04
   0.317667075E-02   0.588448485E-02  -0.165150908E-02   0.114792410E-04
   0.324450899E-02   0.601285603E-02  -0.274633938E-08   0.000000000E+00
