   0.146895938E-02   0.315624662E-01   0.139080206E-10   0.000000000E+00
   0.145499362E-02   0.309335794E-01   0.352826528E-02   0.218829646E-04
   0.141458353E-02   0.291864630E-01   0.663597696E-02   0.823451701E-04
   0.135363964E-02   0.265914835E-01   0.902661681E-02   0.167868580E-03
   0.127864117E-02   0.235161055E-01   0.105828363E-01   0.261362176E-03
   0.119527685E-02   0.202547405E-01   0.113348188E-01   0.350171817E-03
   0.110719982E-02   0.171065908E-01   0.114214895E-01   0.423033867E-03
   0.101782160E-02   0.142240627E-01   0.110209901E-01   0.474338070E-03
   0.927098212E-03   0.116944844E-01   0.102880588E-01   0.505574571E-03
   0.836330757E-03   0.952080451E-02   0.935821980E-02   0.515327672E-03
   0.744565215E-03   0.769161526E-02   0.831919815E-02   0.507662538E-03
   0.652556017E-03   0.616604043E-02   0.724012917E-02   0.485394121E-03
   0.562742876E-03   0.490467809E-02   0.618304685E-02   0.449745829E-03
   0.475567562E-03   0.386029854E-02   0.516885798E-02   0.406053092E-03
   0.391834532E-03   0.299940933E-02   0.421663141E-02   0.352205330E-03
   0.316153455E-03   0.229479419E-02   0.336728431E-02   0.302261004E-03
   0.248858880E-03   0.172876683E-02   0.262656366E-02   0.248437369E-03
   0.190951061E-03   0.127641647E-02   0.199808972E-02   0.199500995E-03
   0.140961289E-03   0.910452160E-03   0.146137539E-02   0.153870074E-03
   0.100929450E-03   0.632193522E-03   0.103673362E-02   0.114289534E-03
   0.693531038E-04   0.422684971E-03   0.705444196E-03   0.808704572E-04
   0.455158988E-04   0.268178206E-03   0.456595735E-03   0.547508571E-04
   0.282010751E-04   0.160256939E-03   0.277805375E-03   0.344755681E-04
   0.165917754E-04   0.895059711E-04   0.159207804E-03   0.205284650E-04
   0.905108300E-05   0.457551359E-04   0.837557454E-04   0.111990612E-04
   0.433382320E-05   0.199171936E-04   0.376834505E-04   0.522675782E-05
   0.177577283E-05   0.684404222E-05   0.136663302E-04   0.196364113E-05
   0.653590462E-06   0.207527637E-05   0.407830885E-05   0.540636620E-06
   0.289448167E-06   0.159678507E-05   0.202770184E-05   0.189606908E-06
   0.302485432E-06   0.317002946E-05   0.364167909E-05   0.442272921E-06
   0.459952730E-06   0.468707049E-05   0.593779851E-05   0.758574060E-06
   0.639101643E-06   0.603764101E-05   0.807572087E-05   0.102818080E-05
   0.757211467E-06   0.685500072E-05   0.948978322E-05   0.127752355E-05
   0.679541529E-06   0.578490335E-05   0.821910999E-05   0.107694825E-05
   0.645024727E-06   0.543243232E-05   0.794166317E-05   0.112744033E-05
   0.628238524E-06   0.506453534E-05   0.718444016E-05   0.956638246E-06
   0.493180039E-06   0.383111046E-05   0.555908309E-05   0.722863206E-06
   0.355535889E-06   0.260912452E-05   0.360770264E-05   0.442810290E-06
   0.286611993E-06   0.202597334E-05   0.272342345E-05   0.332560347E-06
   0.215866507E-06   0.148575509E-05   0.194560903E-05   0.241293861E-06
   0.127023768E-06   0.706679998E-06   0.834289949E-06   0.712658519E-07
   0.694106745E-07   0.408763668E-06   0.480413973E-06   0.515122913E-07
   0.479633293E-07   0.296869132E-06   0.370175030E-06   0.421574242E-07
   0.212778613E-07   0.884617037E-07   0.268453171E-07   0.103986917E-07
   0.171178582E-08   0.268361529E-07   0.289390503E-07   0.118338424E-07
   0.113975107E-08   0.194054852E-07  -0.490853314E-08   0.137457006E-07
   0.102167359E-07   0.280117423E-07  -0.647890275E-07   0.125313280E-07
   0.268736606E-07   0.520374819E-07  -0.142321340E-06   0.130805340E-07
   0.831924467E-07   0.178481542E-06  -0.460805069E-06   0.519245447E-07
   0.149678300E-06   0.305737245E-06  -0.849508069E-06   0.932547408E-07
   0.264347193E-06   0.580297524E-06  -0.154309566E-05   0.192438534E-06
   0.450696575E-06   0.892932235E-06  -0.275864568E-05   0.363164133E-06
   0.593888274E-06   0.125034194E-05  -0.353529640E-05   0.438209725E-06
   0.911450513E-06   0.188615002E-05  -0.561955767E-05   0.765892310E-06
   0.117166383E-05   0.239642395E-05  -0.722603954E-05   0.100880425E-05
   0.156378701E-05   0.322885376E-05  -0.960344005E-05   0.134208096E-05
   0.180148663E-05   0.368210658E-05  -0.109873172E-04   0.157227748E-05
   0.202561409E-05   0.419840580E-05  -0.121625471E-04   0.166814243E-05
   0.213000635E-05   0.438236475E-05  -0.125993711E-04   0.176125639E-05
   0.182193151E-05   0.369490226E-05  -0.104475203E-04   0.145817171E-05
   0.146107334E-05   0.292605114E-05  -0.788063153E-05   0.101166631E-05
   0.963654770E-06   0.182375845E-05  -0.465676885E-05   0.577868320E-06
   0.662695129E-06   0.101070339E-05  -0.262448111E-05   0.297657209E-06
   0.118970536E-05   0.155541477E-05  -0.575425474E-05   0.826805376E-06
   0.306436846E-05   0.438987081E-05  -0.165796391E-04   0.243398767E-05
   0.842933514E-05   0.131234174E-04  -0.475784254E-04   0.671138923E-05
   0.183403336E-04   0.293400790E-04  -0.103074650E-03   0.139680133E-04
   0.357601566E-04   0.575382510E-04  -0.197733127E-03   0.256825751E-04
   0.631298390E-04   0.101537524E-03  -0.342134474E-03   0.426449988E-04
   0.104046943E-03   0.166387035E-03  -0.550691679E-03   0.658233039E-04
   0.160896132E-03   0.255914725E-03  -0.830228848E-03   0.944855128E-04
   0.237710032E-03   0.374691183E-03  -0.119173992E-02   0.130143249E-03
   0.338164245E-03   0.530385994E-03  -0.164433988E-02   0.169716062E-03
   0.461280870E-03   0.719495176E-03  -0.216623582E-02   0.211979161E-03
   0.613715092E-03   0.954949239E-03  -0.277521508E-02   0.257177919E-03
   0.798427733E-03   0.124478713E-02  -0.346498308E-02   0.301264750E-03
   0.101089070E-02   0.158701860E-02  -0.418638997E-02   0.337592995E-03
   0.126169168E-02   0.200033863E-02  -0.496182265E-02   0.373318384E-03
   0.154787209E-02   0.249401433E-02  -0.573902950E-02   0.395348412E-03
   0.187837088E-02   0.308530894E-02  -0.651810318E-02   0.413916656E-03
   0.225757668E-02   0.379642402E-02  -0.726421038E-02   0.419089250E-03
   0.268942537E-02   0.464304956E-02  -0.793160964E-02   0.408960332E-03
   0.318233157E-02   0.564407557E-02  -0.849282742E-02   0.389197085E-03
   0.374111114E-02   0.681620138E-02  -0.887696072E-02   0.356637203E-03
   0.435866136E-02   0.814063661E-02  -0.900408719E-02   0.308604212E-03
   0.501926197E-02   0.958269462E-02  -0.876959600E-02   0.250546989E-03
   0.569666317E-02   0.110827731E-01  -0.806995574E-02   0.185641067E-03
   0.632897951E-02   0.124954022E-01  -0.680636195E-02   0.117515803E-03
   0.686304737E-02   0.136919906E-01  -0.496479869E-02   0.570116063E-04
   0.721956650E-02   0.144972429E-01  -0.262675807E-02   0.151533441E-04
   0.733680278E-02   0.147658056E-01  -0.658970301E-08   0.000000000E+00
