   0.486070290E-01   0.133999586E+00   0.000000000E+00   0.000000000E+00
   0.483958125E-01   0.133411825E+00   0.715622271E-03   0.142516037E-04
   0.477346927E-01   0.131553277E+00   0.140692084E-02   0.565045993E-04
   0.466893166E-01   0.128663465E+00   0.205415953E-02   0.125124498E-03
   0.452306978E-01   0.124596871E+00   0.263318745E-02   0.217473164E-03
   0.434950218E-01   0.119727559E+00   0.313689630E-02   0.329403469E-03
   0.415124893E-01   0.114196941E+00   0.355054508E-02   0.458456459E-03
   0.393241197E-01   0.108088583E+00   0.387086836E-02   0.598918647E-03
   0.370045118E-01   0.101610951E+00   0.409408240E-02   0.748277293E-03
   0.346783772E-01   0.951091200E-01   0.423759827E-02   0.901489228E-03
   0.323312618E-01   0.885343254E-01   0.429631304E-02   0.105594133E-02
   0.300421808E-01   0.821107924E-01   0.428729923E-02   0.120795250E-02
   0.278268866E-01   0.759106055E-01   0.421756646E-02   0.135665515E-02
   0.257210787E-01   0.699876249E-01   0.409912737E-02   0.149807800E-02
   0.237524305E-01   0.644584522E-01   0.394693715E-02   0.163202733E-02
   0.219279844E-01   0.592798442E-01   0.376662263E-02   0.175472873E-02
   0.202392302E-01   0.545207635E-01   0.356628187E-02   0.187172205E-02
   0.186918285E-01   0.501295291E-01   0.335213542E-02   0.197825604E-02
   0.172846224E-01   0.461531058E-01   0.313473213E-02   0.207699207E-02
   0.160071980E-01   0.425209627E-01   0.291511090E-02   0.216512545E-02
   0.148572819E-01   0.392492041E-01   0.270216307E-02   0.224200194E-02
   0.138118491E-01   0.362797938E-01   0.248675374E-02   0.231636409E-02
   0.128751481E-01   0.335994139E-01   0.228042202E-02   0.237964862E-02
   0.120293843E-01   0.311902575E-01   0.208216044E-02   0.243652775E-02
   0.112672038E-01   0.290066488E-01   0.189129531E-02   0.248546759E-02
   0.105723105E-01   0.270168278E-01   0.170553743E-02   0.252695358E-02
   0.995193701E-02   0.252284594E-01   0.152777298E-02   0.256456644E-02
   0.938466284E-02   0.236008540E-01   0.135600078E-02   0.259712641E-02
   0.886499789E-02   0.221050568E-01   0.118997134E-02   0.262126816E-02
   0.840449613E-02   0.207701698E-01   0.103084545E-02   0.264556590E-02
   0.797874108E-02   0.195422582E-01   0.877026643E-03   0.266353553E-02
   0.759134442E-02   0.184169393E-01   0.727372942E-03   0.267734448E-02
   0.724145025E-02   0.174010098E-01   0.583507586E-03   0.268951803E-02
   0.691159349E-02   0.164478347E-01   0.441936863E-03   0.269512809E-02
   0.661730533E-02   0.155927241E-01   0.300619489E-03   0.270449859E-02
   0.634347228E-02   0.148000941E-01   0.167409438E-03   0.270539732E-02
   0.609912863E-02   0.140859364E-01   0.373344847E-04   0.270641572E-02
   0.587834651E-02   0.134385601E-01  -0.919948507E-04   0.270798407E-02
   0.567621319E-02   0.128481053E-01  -0.218022469E-03   0.270717125E-02
   0.548834540E-02   0.123018511E-01  -0.341067702E-03   0.270253746E-02
   0.533115119E-02   0.118342740E-01  -0.463202654E-03   0.270242221E-02
   0.516971247E-02   0.113745686E-01  -0.585542351E-03   0.269510620E-02
   0.505330041E-02   0.110187959E-01  -0.701460347E-03   0.269440631E-02
   0.493034674E-02   0.106653674E-01  -0.818094239E-03   0.268653804E-02
   0.482330844E-02   0.103589632E-01  -0.933585281E-03   0.267897616E-02
   0.473557692E-02   0.101059638E-01  -0.104506582E-02   0.267162570E-02
   0.467377668E-02   0.991815887E-02  -0.115617982E-02   0.266855233E-02
   0.460761832E-02   0.973381288E-02  -0.126955134E-02   0.265910104E-02
   0.457514310E-02   0.963186752E-02  -0.137791887E-02   0.265530031E-02
   0.454064971E-02   0.954230689E-02  -0.148559199E-02   0.264693168E-02
   0.452146726E-02   0.949195493E-02  -0.159708806E-02   0.263834698E-02
   0.451354869E-02   0.948635954E-02  -0.170094846E-02   0.262892083E-02
   0.451811822E-02   0.951321423E-02  -0.181073230E-02   0.261837454E-02
   0.454650680E-02   0.960767083E-02  -0.191536080E-02   0.261037820E-02
   0.457748817E-02   0.971864909E-02  -0.202246383E-02   0.259721139E-02
   0.461975159E-02   0.987477694E-02  -0.212677778E-02   0.258416473E-02
   0.467768032E-02   0.100731850E-01  -0.223402586E-02   0.256873434E-02
   0.475036912E-02   0.103179673E-01  -0.234066066E-02   0.255110790E-02
   0.484190276E-02   0.106297294E-01  -0.244453852E-02   0.253610173E-02
   0.493986532E-02   0.109669548E-01  -0.255091954E-02   0.251311413E-02
   0.505626807E-02   0.113616074E-01  -0.265712431E-02   0.248769880E-02
   0.519273011E-02   0.118200742E-01  -0.276402920E-02   0.246089185E-02
   0.534762163E-02   0.123521220E-01  -0.286891195E-02   0.243100291E-02
   0.551935844E-02   0.129369516E-01  -0.297502056E-02   0.239503570E-02
   0.571900746E-02   0.136199556E-01  -0.307984673E-02   0.235903333E-02
   0.593916560E-02   0.143816620E-01  -0.318530179E-02   0.231698295E-02
   0.618270272E-02   0.152056161E-01  -0.329055404E-02   0.226247357E-02
   0.646263501E-02   0.161603689E-01  -0.339631434E-02   0.220900215E-02
   0.677509420E-02   0.172299240E-01  -0.349846343E-02   0.214955118E-02
   0.712264702E-02   0.184096321E-01  -0.359848375E-02   0.207987661E-02
   0.751588587E-02   0.197779257E-01  -0.369498227E-02   0.201058295E-02
   0.795097835E-02   0.212587174E-01  -0.378728006E-02   0.192805182E-02
   0.843539461E-02   0.228974391E-01  -0.387259061E-02   0.183835928E-02
   0.897140615E-02   0.247375853E-01  -0.394689059E-02   0.174292794E-02
   0.956510287E-02   0.267603658E-01  -0.401013857E-02   0.163996674E-02
   0.102143604E-01   0.289566424E-01  -0.405632239E-02   0.152856787E-02
   0.109191565E-01   0.313943215E-01  -0.408213446E-02   0.141230854E-02
   0.116808517E-01   0.339924842E-01  -0.408379920E-02   0.128978991E-02
   0.124922227E-01   0.367440358E-01  -0.405241922E-02   0.115998054E-02
   0.133518977E-01   0.396548361E-01  -0.398586504E-02   0.102671946E-02
   0.142300539E-01   0.427269824E-01  -0.387546630E-02   0.894743367E-03
   0.151399765E-01   0.457858220E-01  -0.371698523E-02   0.758086040E-03
   0.160502903E-01   0.489244424E-01  -0.350784487E-02   0.626400288E-03
   0.169370510E-01   0.519869216E-01  -0.324125472E-02   0.499021204E-03
   0.177819859E-01   0.548315234E-01  -0.291764946E-02   0.379651465E-03
   0.185485762E-01   0.574857928E-01  -0.253663189E-02   0.271992001E-03
   0.192204043E-01   0.597797744E-01  -0.210322859E-02   0.178743649E-03
   0.197681040E-01   0.617069043E-01  -0.162261934E-02   0.102732702E-03
   0.201952197E-01   0.631081462E-01  -0.110445707E-02   0.462675307E-04
   0.204438809E-01   0.639991090E-01  -0.559155131E-03   0.116815836E-04
   0.205402020E-01   0.643176213E-01  -0.227776420E-08   0.000000000E+00
