   0.608435017E-03   0.230255425E-01   0.000000000E+00   0.000000000E+00
   0.611554249E-03   0.226132795E-01   0.293415156E-02   0.176351150E-04
   0.619462051E-03   0.214226525E-01   0.555465557E-02   0.666490087E-04
   0.629658229E-03   0.196414832E-01   0.763309468E-02   0.136729243E-03
   0.637804100E-03   0.174844991E-01   0.905038789E-02   0.216053057E-03
   0.639581063E-03   0.151851270E-01   0.981300604E-02   0.289942516E-03
   0.632741314E-03   0.129315658E-01   0.100086452E-01   0.354471966E-03
   0.613076438E-03   0.108288014E-01   0.973299146E-02   0.399739016E-03
   0.582352688E-03   0.894386973E-02   0.912899803E-02   0.428485335E-03
   0.539712899E-03   0.729817990E-02   0.829528738E-02   0.435754191E-03
   0.488552265E-03   0.589138083E-02   0.734030642E-02   0.424913102E-03
   0.429723470E-03   0.469534099E-02   0.631377101E-02   0.399695971E-03
   0.367523055E-03   0.368972798E-02   0.528814457E-02   0.363868952E-03
   0.304835354E-03   0.284952554E-02   0.430455478E-02   0.319595187E-03
   0.245546980E-03   0.216237875E-02   0.341122807E-02   0.270429678E-03
   0.190890190E-03   0.159905571E-02   0.261351489E-02   0.220615446E-03
   0.142930614E-03   0.114638323E-02   0.193083670E-02   0.173744789E-03
   0.102842023E-03   0.795680855E-03   0.137281849E-02   0.130260320E-03
   0.708416992E-04   0.530293910E-03   0.934021722E-03   0.928159934E-04
   0.455393456E-04   0.328854600E-03   0.591022952E-03   0.615196550E-04
   0.281117664E-04   0.196231122E-03   0.359078404E-03   0.389335473E-04
   0.158429975E-04   0.105829196E-03   0.197536268E-03   0.222065246E-04
   0.821185859E-05   0.517022963E-04   0.989905020E-04   0.115413250E-04
   0.359613978E-05   0.205223205E-04   0.407371408E-04   0.491656419E-05
   0.128174815E-05   0.626123392E-05   0.128547554E-04   0.158155467E-05
   0.451898956E-06   0.224225573E-05   0.408734422E-05   0.477257061E-06
   0.257726356E-06   0.262654589E-05   0.340174120E-05   0.415630836E-06
   0.396870945E-06   0.476064315E-05   0.656376324E-05   0.942163410E-06
   0.610967618E-06   0.667074983E-05   0.975959938E-05   0.132663115E-05
   0.727408235E-06   0.759963677E-05   0.115283656E-04   0.163440120E-05
   0.719303557E-06   0.734083414E-05   0.114909399E-04   0.173656076E-05
   0.782978134E-06   0.762543550E-05   0.120999184E-04   0.177519121E-05
   0.674815908E-06   0.638506663E-05   0.102291406E-04   0.149698337E-05
   0.509998529E-06   0.468030657E-05   0.755339806E-05   0.108759707E-05
   0.344595264E-06   0.314991667E-05   0.517195531E-05   0.769767837E-06
   0.234296053E-06   0.197090253E-05   0.313040437E-05   0.416501024E-06
   0.168984300E-06   0.134672098E-05   0.216380363E-05   0.269688456E-06
   0.101267744E-06   0.736978905E-06   0.112335010E-05   0.128267573E-06
   0.618069365E-07   0.409242034E-06   0.650044456E-06   0.597577383E-07
   0.271420042E-07   0.805745941E-07   0.644428937E-07  -0.127545841E-07
   0.317602229E-07   0.934400930E-07  -0.785995127E-07   0.564869440E-08
   0.261934652E-07   0.482753002E-07  -0.167873580E-06   0.114680914E-07
   0.185031848E-07   0.490412475E-07  -0.113328369E-06   0.292818605E-07
   0.140269627E-07   0.738632906E-07   0.853177085E-08   0.413274712E-07
   0.183991293E-07   0.871965753E-07  -0.469687826E-07   0.548664651E-07
   0.171028560E-07   0.105666999E-06   0.364720130E-07   0.599811258E-07
   0.188218241E-07   0.934990609E-07  -0.122887327E-07   0.552476038E-07
   0.128563791E-07   0.746216031E-07   0.352298244E-07   0.397484499E-07
   0.123945814E-07   0.926010628E-07   0.169513569E-06   0.246474414E-07
   0.583031534E-08   0.173797901E-07   0.143755416E-07  -0.241483944E-08
   0.242667184E-07   0.715457418E-07   0.131859021E-07  -0.485997642E-08
   0.528099307E-07   0.111397668E-06  -0.274429055E-06   0.106572733E-07
   0.152042261E-06   0.395963298E-06  -0.103642867E-05   0.121276614E-06
   0.226313759E-06   0.536493815E-06  -0.178590699E-05   0.226945389E-06
   0.398544671E-06   0.972418320E-06  -0.325957240E-05   0.457181272E-06
   0.645933596E-06   0.159323565E-05  -0.526486838E-05   0.739725408E-06
   0.102565809E-05   0.248598053E-05  -0.845249997E-05   0.126931570E-05
   0.138379835E-05   0.339274152E-05  -0.113664773E-04   0.171447709E-05
   0.173189392E-05   0.420017159E-05  -0.140068105E-04   0.205900051E-05
   0.215694809E-05   0.521218180E-05  -0.172612235E-04   0.255566283E-05
   0.232613320E-05   0.554558164E-05  -0.182327349E-04   0.263797028E-05
   0.214624060E-05   0.505187609E-05  -0.164173489E-04   0.236169990E-05
   0.203514878E-05   0.483160238E-05  -0.150566721E-04   0.209485415E-05
   0.137479162E-05   0.319368496E-05  -0.956424628E-05   0.134684649E-05
   0.789873866E-06   0.167263158E-05  -0.497718020E-05   0.707528727E-06
   0.828875727E-06   0.146245702E-05  -0.502379817E-05   0.712398787E-06
   0.269081193E-05   0.469698443E-05  -0.187313271E-04   0.246971967E-05
   0.829841338E-05   0.152194398E-04  -0.593994773E-04   0.746543037E-05
   0.185520730E-04   0.343442371E-04  -0.130953587E-03   0.158781750E-04
   0.376745884E-04   0.697600190E-04  -0.260612112E-03   0.302468452E-04
   0.687118300E-04   0.125936596E-03  -0.463148521E-03   0.513091400E-04
   0.113743656E-03   0.206238125E-03  -0.745133089E-03   0.789073747E-04
   0.179037903E-03   0.320352847E-03  -0.113697944E-02   0.114777278E-03
   0.264695002E-03   0.468178769E-03  -0.162461668E-02   0.156132577E-03
   0.377653283E-03   0.662325590E-03  -0.223494112E-02   0.202383031E-03
   0.516111322E-03   0.899272796E-03  -0.293265842E-02   0.249902572E-03
   0.683037797E-03   0.118632568E-02  -0.370947155E-02   0.296221900E-03
   0.878859661E-03   0.152896286E-02  -0.453863945E-02   0.336794939E-03
   0.110557186E-02   0.193591719E-02  -0.539435865E-02   0.370972120E-03
   0.136314589E-02   0.241508102E-02  -0.623622769E-02   0.394266739E-03
   0.164905272E-02   0.297205662E-02  -0.700280396E-02   0.402049773E-03
   0.197064807E-02   0.362650794E-02  -0.767921098E-02   0.399387645E-03
   0.232539536E-02   0.438188342E-02  -0.820026733E-02   0.379242410E-03
   0.271808659E-02   0.524936197E-02  -0.852658972E-02   0.349602691E-03
   0.313687022E-02   0.620768033E-02  -0.854692329E-02   0.300609216E-03
   0.357605051E-02   0.723436894E-02  -0.822351500E-02   0.243214818E-03
   0.401542056E-02   0.827914383E-02  -0.745946681E-02   0.177304421E-03
   0.442216359E-02   0.925519224E-02  -0.621226011E-02   0.111420777E-03
   0.475797663E-02   0.100662066E-01  -0.448405603E-02   0.538290915E-04
   0.498056505E-02   0.106066000E-01  -0.235572481E-02   0.142094059E-04
   0.505380891E-02   0.107870493E-01  -0.425560165E-08   0.000000000E+00
