   0.146828699E+02   0.626659775E+02   0.311209124E-05   0.000000000E+00
   0.118221397E+02   0.504480667E+02   0.244703341E+01   0.171605293E-01
   0.678515863E+01   0.289372978E+02   0.281256723E+01   0.394761376E-01
   0.329694772E+01   0.140455847E+02   0.205434990E+01   0.433424413E-01
   0.152643025E+01   0.649006987E+01   0.127130628E+01   0.358569026E-01
   0.711086690E+00   0.301458001E+01   0.741568446E+00   0.262822974E-01
   0.340732127E+00   0.143895745E+01   0.425658345E+00   0.182623621E-01
   0.170105532E+00   0.715268791E+00   0.245281562E+00   0.124116773E-01
   0.895296782E-01   0.375503242E+00   0.143410951E+00   0.843757670E-02
   0.505927913E-01   0.212782174E+00   0.860348791E-01   0.582754612E-02
   0.313660689E-01   0.133463249E+00   0.537554808E-01   0.411658455E-02
   0.215805285E-01   0.939032510E-01   0.355585851E-01   0.305681257E-02
   0.163733698E-01   0.733553618E-01   0.252215192E-01   0.238388265E-02
   0.134009477E-01   0.618771687E-01   0.192868561E-01   0.197578990E-02
   0.115077691E-01   0.546206050E-01   0.157566778E-01   0.170629669E-02
   0.101468721E-01   0.493028723E-01   0.135406870E-01   0.153494452E-02
   0.903168879E-02   0.447556600E-01   0.119888512E-01   0.140670908E-02
   0.805456191E-02   0.405889899E-01   0.107902931E-01   0.129979651E-02
   0.715589104E-02   0.365827419E-01   0.975300185E-02   0.120678137E-02
   0.632445095E-02   0.327499062E-01   0.881368574E-02   0.111516064E-02
   0.554684503E-02   0.290303938E-01   0.790189300E-02   0.102747697E-02
   0.482770987E-02   0.255265273E-01   0.703358231E-02   0.933592091E-03
   0.417901296E-02   0.222680345E-01   0.621573767E-02   0.845499395E-03
   0.358409574E-02   0.192565173E-01   0.543315522E-02   0.749983708E-03
   0.305370684E-02   0.164916888E-01   0.469241105E-02   0.662118371E-03
   0.258438825E-02   0.140256369E-01   0.401773816E-02   0.576070801E-03
   0.217398722E-02   0.118537070E-01   0.341337500E-02   0.493960979E-03
   0.181929406E-02   0.993663538E-02   0.286951265E-02   0.419656193E-03
   0.151725789E-02   0.826910231E-02   0.239138887E-02   0.354002666E-03
   0.125354354E-02   0.682655815E-02   0.196667365E-02   0.290502619E-03
   0.103762187E-02   0.561030162E-02   0.161302264E-02   0.238719338E-03
   0.851522142E-03   0.456338981E-02   0.129938812E-02   0.191579122E-03
   0.700030650E-03   0.369688193E-02   0.104353204E-02   0.152855791E-03
   0.574821839E-03   0.296207191E-02   0.824115588E-03   0.119780969E-03
   0.471464358E-03   0.236559892E-02   0.647861511E-03   0.921594619E-04
   0.387299078E-03   0.186793157E-02   0.499976391E-03   0.692450922E-04
   0.321379630E-03   0.147338898E-02   0.387011154E-03   0.518337001E-04
   0.266927353E-03   0.114575797E-02   0.291156146E-03   0.371760725E-04
   0.225712996E-03   0.890392635E-03   0.219753754E-03   0.267472387E-04
   0.193209169E-03   0.688733417E-03   0.164316036E-03   0.186979360E-04
   0.169011677E-03   0.525977404E-03   0.118871598E-03   0.124520002E-04
   0.151381668E-03   0.401457801E-03   0.841977308E-04   0.819853267E-05
   0.138504896E-03   0.309548544E-03   0.591786848E-04   0.539894245E-05
   0.132009896E-03   0.240300942E-03   0.377489887E-04   0.358010675E-05
   0.130137108E-03   0.195438246E-03   0.230151654E-04   0.275917569E-05
   0.131779481E-03   0.164053330E-03   0.680051471E-05   0.233146375E-05
   0.138546617E-03   0.151261658E-03  -0.628764838E-05   0.269308021E-05
   0.151670960E-03   0.154177571E-03  -0.229442649E-04   0.379277526E-05
   0.169290710E-03   0.171005828E-03  -0.395239367E-04   0.538232007E-05
   0.194794527E-03   0.204221942E-03  -0.600764652E-04   0.788709895E-05
   0.228324032E-03   0.254960847E-03  -0.885861009E-04   0.113674678E-04
   0.273417943E-03   0.326662062E-03  -0.124868267E-03   0.162843044E-04
   0.328017282E-03   0.418308162E-03  -0.168579529E-03   0.223631396E-04
   0.402745325E-03   0.542276481E-03  -0.229166762E-03   0.314031313E-04
   0.493323489E-03   0.696436211E-03  -0.303429028E-03   0.419329263E-04
   0.605272537E-03   0.887237897E-03  -0.394388044E-03   0.550427285E-04
   0.744839315E-03   0.112380856E-02  -0.507807359E-03   0.717425210E-04
   0.915060344E-03   0.141333509E-02  -0.646398810E-03   0.917550933E-04
   0.112422917E-02   0.176655967E-02  -0.816144748E-03   0.116447038E-03
   0.136904232E-02   0.218843343E-02  -0.101506815E-02   0.142865800E-03
   0.166539731E-02   0.269063772E-02  -0.125049334E-02   0.174170971E-03
   0.201810896E-02   0.328702293E-02  -0.152736530E-02   0.210743034E-03
   0.242385501E-02   0.396855501E-02  -0.183199695E-02   0.250215089E-03
   0.289578293E-02   0.476777181E-02  -0.218427437E-02   0.292546552E-03
   0.343952212E-02   0.567976758E-02  -0.257533020E-02   0.338920916E-03
   0.405813288E-02   0.672126096E-02  -0.300971069E-02   0.386825501E-03
   0.475072954E-02   0.788681209E-02  -0.347809494E-02   0.433324778E-03
   0.552515360E-02   0.918707158E-02  -0.398364244E-02   0.482242904E-03
   0.637686672E-02   0.106156282E-01  -0.451757060E-02   0.528442033E-03
   0.729710143E-02   0.121557657E-01  -0.506733824E-02   0.572598306E-03
   0.829263311E-02   0.138113424E-01  -0.564077822E-02   0.616936188E-03
   0.933840405E-02   0.155518493E-01  -0.622197008E-02   0.651006703E-03
   0.104387132E-01   0.173701569E-01  -0.682608876E-02   0.682471553E-03
   0.115789799E-01   0.192345604E-01  -0.746125216E-02   0.713600195E-03
   0.127948411E-01   0.211963728E-01  -0.820015091E-02   0.752274937E-03
   0.141262952E-01   0.233226344E-01  -0.914252549E-02   0.794099469E-03
   0.157228578E-01   0.258349404E-01  -0.105000529E-01   0.884490088E-03
   0.179010946E-01   0.292720255E-01  -0.126657542E-01   0.103662396E-02
   0.213033129E-01   0.347325318E-01  -0.163168628E-01   0.128071464E-02
   0.272493772E-01   0.445141904E-01  -0.226431694E-01   0.167247083E-02
   0.383684523E-01   0.632780567E-01  -0.337063633E-01   0.232642237E-02
   0.601647906E-01   0.100855008E+00  -0.532403626E-01   0.334417913E-02
   0.103876628E+00   0.177657351E+00  -0.876659900E-01   0.495527824E-02
   0.193504691E+00   0.337464243E+00  -0.148290396E+00   0.734696025E-02
   0.381607294E+00   0.677048743E+00  -0.254940778E+00   0.108469697E-01
   0.785412014E+00   0.141299176E+01  -0.440018982E+00   0.155582149E-01
   0.166490901E+01   0.302852058E+01  -0.747623444E+00   0.211095456E-01
   0.355319953E+01   0.651723671E+01  -0.119706059E+01   0.252950676E-01
   0.722771358E+01   0.133350134E+02  -0.162340271E+01   0.228474047E-01
   0.124711285E+02   0.230881710E+02  -0.140053487E+01   0.984136853E-02
   0.154244823E+02   0.285884972E+02  -0.469575798E-05   0.000000000E+00
