   0.454403402E-03   0.210676007E-01  -0.124280915E-10   0.000000000E+00
   0.459481787E-03   0.206932258E-01   0.275885710E-02   0.164277772E-04
   0.473671535E-03   0.195943359E-01   0.522804819E-02   0.618620688E-04
   0.492430874E-03   0.179482922E-01   0.718242349E-02   0.127424893E-03
   0.510398473E-03   0.159678105E-01   0.851532165E-02   0.200567389E-03
   0.523641240E-03   0.138493087E-01   0.923529547E-02   0.270529184E-03
   0.526727759E-03   0.117724398E-01   0.940709468E-02   0.328061084E-03
   0.517098757E-03   0.983001199E-02   0.912860129E-02   0.370177062E-03
   0.495291490E-03   0.809531845E-02   0.853952393E-02   0.393318012E-03
   0.460732670E-03   0.657739490E-02   0.772312935E-02   0.398895820E-03
   0.416180032E-03   0.527809979E-02   0.678109191E-02   0.386594445E-03
   0.364514737E-03   0.417301990E-02   0.578133902E-02   0.361273880E-03
   0.310942647E-03   0.326226233E-02   0.481514772E-02   0.325907196E-03
   0.254371640E-03   0.248622522E-02   0.385828107E-02   0.281179004E-03
   0.202369600E-03   0.186155736E-02   0.301419315E-02   0.235432482E-03
   0.154113819E-03   0.134805182E-02   0.225857086E-02   0.188067934E-03
   0.113616195E-03   0.952624541E-03   0.164219050E-02   0.144912148E-03
   0.782643765E-04   0.631717790E-03   0.111462467E-02   0.103935745E-03
   0.521123256E-04   0.406348903E-03   0.731885550E-03   0.715446004E-04
   0.328924143E-04   0.247646210E-03   0.454951805E-03   0.465534868E-04
   0.185671070E-04   0.133713227E-03   0.250921206E-03   0.267818123E-04
   0.956582335E-05   0.654131582E-04   0.125260587E-03   0.138547512E-04
   0.453463736E-05   0.287951971E-04   0.567368079E-04   0.647646584E-05
   0.183941393E-05   0.103554203E-04   0.212797695E-04   0.247118646E-05
   0.599101895E-06   0.325952237E-05   0.627157806E-05   0.777185448E-06
   0.243141386E-06   0.237172549E-05   0.324923462E-05   0.465574090E-06
   0.365864707E-06   0.459794137E-05   0.641096358E-05   0.893795175E-06
   0.525761038E-06   0.623922188E-05   0.939430538E-05   0.144143485E-05
   0.754720304E-06   0.825197731E-05   0.129695154E-04   0.188196827E-05
   0.800805992E-06   0.844547139E-05   0.135428518E-04   0.201034482E-05
   0.725692473E-06   0.740910400E-05   0.120710220E-04   0.180492577E-05
   0.581928361E-06   0.589733918E-05   0.973388433E-05   0.152111750E-05
   0.460271991E-06   0.446678860E-05   0.737982555E-05   0.109818143E-05
   0.359033749E-06   0.340897691E-05   0.572561930E-05   0.852032485E-06
   0.219747648E-06   0.207231938E-05   0.347416335E-05   0.524310735E-06
   0.136556025E-06   0.120208938E-05   0.203426544E-05   0.280044077E-06
   0.972261276E-07   0.834848947E-06   0.142911142E-05   0.193377716E-06
   0.446034996E-07   0.337260730E-06   0.558511260E-06   0.633860751E-07
   0.215318696E-07   0.937890547E-07   0.138848435E-06  -0.186164006E-08
   0.990846782E-08   0.313229265E-07   0.454097879E-07  -0.547889689E-08
   0.127913227E-07   0.276928596E-07  -0.873441479E-07   0.656709886E-08
   0.191358822E-07   0.595348197E-07  -0.928671469E-07   0.345675488E-07
   0.159185038E-07   0.761776988E-07  -0.194852596E-07   0.438149854E-07
   0.281127370E-07   0.153634389E-06   0.136918601E-07   0.869964509E-07
   0.119792265E-07   0.729870351E-07  -0.121025636E-06   0.564921976E-07
   0.972227809E-08   0.824312423E-07  -0.264608446E-08   0.545038361E-07
   0.130557165E-07   0.117159274E-06   0.686854449E-07   0.676922625E-07
   0.295491347E-07   0.132117762E-06  -0.956926058E-07   0.822885298E-07
   0.126106814E-07   0.659091626E-07  -0.142570720E-07   0.391570651E-07
   0.100284669E-07   0.710467774E-07   0.995159297E-07   0.281732131E-07
   0.102432702E-07   0.379145035E-07   0.647841318E-07   0.262061728E-08
   0.214186819E-07   0.625226306E-07  -0.579435415E-07   0.398497058E-08
   0.537835270E-07   0.130774495E-06  -0.380527979E-06   0.368127360E-07
   0.123866016E-06   0.324620146E-06  -0.103047807E-05   0.134510771E-06
   0.234405121E-06   0.607794220E-06  -0.201989678E-05   0.273482300E-06
   0.420373397E-06   0.109339999E-05  -0.376536082E-05   0.554136420E-06
   0.701365877E-06   0.183506131E-05  -0.633720947E-05   0.974124191E-06
   0.106981372E-05   0.275516800E-05  -0.959604677E-05   0.150484198E-05
   0.134863217E-05   0.341715077E-05  -0.118934468E-04   0.180304016E-05
   0.179823519E-05   0.453913844E-05  -0.157119212E-04   0.241633916E-05
   0.230316459E-05   0.575036529E-05  -0.196887413E-04   0.285496390E-05
   0.234986123E-05   0.580734059E-05  -0.197422960E-04   0.288275032E-05
   0.245237607E-05   0.592831975E-05  -0.200119757E-04   0.288667707E-05
   0.191952063E-05   0.459425564E-05  -0.149829475E-04   0.201681337E-05
   0.122579752E-05   0.288562296E-05  -0.891151558E-05   0.118883372E-05
   0.724716244E-06   0.159845229E-05  -0.477180402E-05   0.725216466E-06
   0.109265886E-05   0.198830344E-05  -0.748143657E-05   0.100272121E-05
   0.407092648E-05   0.769808685E-05  -0.309274365E-04   0.387826231E-05
   0.105994795E-04   0.202458232E-04  -0.801009082E-04   0.962736976E-05
   0.237660079E-04   0.453961766E-04  -0.176280912E-03   0.203127929E-04
   0.474103654E-04   0.898585640E-04  -0.343297113E-03   0.379169942E-04
   0.832629739E-04   0.155763133E-03  -0.585630769E-03   0.617419719E-04
   0.136132425E-03   0.251203805E-03  -0.927900779E-03   0.931652976E-04
   0.211022314E-03   0.384702900E-03  -0.139123271E-02   0.132284738E-03
   0.306671369E-03   0.552220386E-03  -0.194640458E-02   0.175362045E-03
   0.430469925E-03   0.768541824E-03  -0.262354966E-02   0.222545816E-03
   0.581436150E-03   0.103236572E-02  -0.338647957E-02   0.268930162E-03
   0.761411153E-03   0.135026628E-02  -0.421611825E-02   0.311559794E-03
   0.971028116E-03   0.172875170E-02  -0.507897558E-02   0.347051217E-03
   0.120844750E-02   0.217079394E-02  -0.592244649E-02   0.372091454E-03
   0.147739646E-02   0.269000535E-02  -0.672191894E-02   0.387695007E-03
   0.177554379E-02   0.329356827E-02  -0.740954932E-02   0.386607106E-03
   0.210518599E-02   0.399102224E-02  -0.794307329E-02   0.368892099E-03
   0.246609771E-02   0.478539430E-02  -0.826027337E-02   0.340402330E-03
   0.285527366E-02   0.566924317E-02  -0.830579363E-02   0.295697333E-03
   0.326186209E-02   0.661576679E-02  -0.798961893E-02   0.240075562E-03
   0.366718322E-02   0.757272728E-02  -0.724871410E-02   0.174883986E-03
   0.404214859E-02   0.846793503E-02  -0.603161706E-02   0.109887900E-03
   0.435221894E-02   0.921377540E-02  -0.434982963E-02   0.534284154E-04
   0.455749827E-02   0.970837194E-02  -0.228490052E-02   0.140920010E-04
   0.462742336E-02   0.987613760E-02  -0.637537090E-08   0.000000000E+00
