   0.401324313E-02   0.600118451E-01   0.000000000E+00   0.000000000E+00
   0.396790635E-02   0.590712614E-01   0.599858258E-02   0.392073598E-04
   0.383683085E-02   0.562628210E-01   0.113819893E-01   0.148036153E-03
   0.363880768E-02   0.520949848E-01   0.156956501E-01   0.306541158E-03
   0.339493109E-02   0.469478294E-01   0.187050030E-01   0.488364836E-03
   0.312880962E-02   0.413855426E-01   0.204207134E-01   0.664736668E-03
   0.285786134E-02   0.358431153E-01   0.210127197E-01   0.818753033E-03
   0.259365025E-02   0.305474009E-01   0.207094159E-01   0.942957529E-03
   0.233977125E-02   0.257602129E-01   0.197620858E-01   0.103042764E-02
   0.209887256E-02   0.215072222E-01   0.183852632E-01   0.107080664E-02
   0.187448086E-02   0.178214107E-01   0.167771783E-01   0.108473119E-02
   0.165865093E-02   0.146667007E-01   0.150199654E-01   0.106774818E-02
   0.145687978E-02   0.120023396E-01   0.132555710E-01   0.102353154E-02
   0.125981588E-02   0.973515678E-02   0.114695709E-01   0.953783921E-03
   0.108205306E-02   0.786219165E-02   0.982681103E-02   0.874267949E-03
   0.911583891E-03   0.627502427E-02   0.824682415E-02   0.784509466E-03
   0.755489280E-03   0.495897839E-02   0.680523645E-02   0.684780302E-03
   0.616920006E-03   0.388027309E-02   0.553155411E-02   0.587283401E-03
   0.490574050E-03   0.297232321E-02   0.437538326E-02   0.490956532E-03
   0.384144631E-03   0.225290144E-02   0.340929674E-02   0.397363183E-03
   0.294799800E-03   0.167408306E-02   0.260074274E-02   0.318285805E-03
   0.218201079E-03   0.120391720E-02   0.191105145E-02   0.244854775E-03
   0.156304362E-03   0.839531596E-03   0.135710009E-02   0.180552423E-03
   0.111161113E-03   0.577804574E-03   0.954901683E-03   0.132289802E-03
   0.744540812E-04   0.374899915E-03   0.630196941E-03   0.901752064E-04
   0.472677093E-04   0.226627308E-03   0.390027271E-03   0.585097005E-04
   0.296816725E-04   0.135500464E-03   0.238638022E-03   0.369052032E-04
   0.167328326E-04   0.707268700E-04   0.127827792E-03   0.204118169E-04
   0.883904977E-05   0.333538883E-04   0.623817905E-04   0.103425655E-04
   0.421085861E-05   0.132953210E-04   0.256766143E-04   0.436994696E-05
   0.170808414E-05   0.431904209E-05   0.756999225E-05   0.122448773E-05
   0.815636156E-06   0.266320694E-05   0.293395465E-05   0.237846038E-06
   0.462666492E-06   0.430987984E-05   0.329441446E-05   0.205390933E-06
   0.640126530E-06   0.636100594E-05   0.627988084E-05   0.586509032E-06
   0.848115121E-06   0.856770566E-05   0.953126892E-05   0.119025538E-05
   0.103336038E-05   0.995039045E-05   0.120859950E-04   0.171156978E-05
   0.117483762E-05   0.114129653E-04   0.142970885E-04   0.238974826E-05
   0.123467680E-05   0.118152575E-04   0.152112088E-04   0.276594665E-05
   0.108971528E-05   0.105234049E-04   0.136017998E-04   0.267873202E-05
   0.871536827E-06   0.869428550E-05   0.112217622E-04   0.254587690E-05
   0.821769106E-06   0.828440352E-05   0.106206871E-04   0.274811100E-05
   0.708710047E-06   0.700002511E-05   0.849592107E-05   0.277035656E-05
   0.478719244E-06   0.527444899E-05   0.569015538E-05   0.239351789E-05
   0.393697576E-06   0.420811921E-05   0.328231704E-05   0.231742911E-05
   0.488606588E-06   0.392653374E-05   0.114330885E-05   0.252866130E-05
   0.538184338E-06   0.350794244E-05  -0.667414668E-06   0.246237892E-05
   0.636403513E-06   0.325347924E-05  -0.306605398E-05   0.243493969E-05
   0.850199285E-06   0.344487717E-05  -0.533330285E-05   0.252054201E-05
   0.132273010E-05   0.417939646E-05  -0.821873618E-05   0.283447207E-05
   0.171772433E-05   0.492445633E-05  -0.109825887E-04   0.303386878E-05
   0.182623296E-05   0.498871759E-05  -0.116000383E-04   0.284811608E-05
   0.248497486E-05   0.631407829E-05  -0.152997345E-04   0.323053791E-05
   0.285216925E-05   0.703204796E-05  -0.171248012E-04   0.326868962E-05
   0.309395318E-05   0.745453372E-05  -0.180609532E-04   0.319597325E-05
   0.296222493E-05   0.700843930E-05  -0.166137997E-04   0.262728531E-05
   0.296506755E-05   0.693185257E-05  -0.160329873E-04   0.247600428E-05
   0.241523458E-05   0.544898785E-05  -0.120832501E-04   0.166465713E-05
   0.183963721E-05   0.405498622E-05  -0.805970194E-05   0.987365866E-06
   0.125722522E-05   0.219848607E-05  -0.391564345E-05   0.271297296E-06
   0.130552655E-05   0.154902853E-05  -0.337073220E-05   0.304774545E-06
   0.253634221E-05   0.311069380E-05  -0.986313171E-05   0.165026654E-05
   0.618975764E-05   0.881242249E-05  -0.291931738E-04   0.495399036E-05
   0.139208787E-04   0.218525747E-04  -0.706394349E-04   0.115312596E-04
   0.279687902E-04   0.459850271E-04  -0.144759324E-03   0.227069395E-04
   0.499396665E-04   0.841372821E-04  -0.258568325E-03   0.389903435E-04
   0.827520635E-04   0.140118107E-03  -0.423093414E-03   0.618058548E-04
   0.131710956E-03   0.224011368E-03  -0.664572115E-03   0.939476231E-04
   0.200446681E-03   0.342017971E-03  -0.995614217E-03   0.134816626E-03
   0.288799522E-03   0.493234489E-03  -0.140626135E-02   0.182540723E-03
   0.404720660E-03   0.692821573E-03  -0.192906545E-02   0.238698965E-03
   0.547328964E-03   0.934919575E-03  -0.254035508E-02   0.302020548E-03
   0.721452176E-03   0.123629358E-02  -0.325709884E-02   0.367375818E-03
   0.935820921E-03   0.161006628E-02  -0.410029572E-02   0.440007250E-03
   0.118111621E-02   0.205006963E-02  -0.500457315E-02   0.506109325E-03
   0.147194753E-02   0.258507417E-02  -0.601601182E-02   0.569016906E-03
   0.180453958E-02   0.321433810E-02  -0.708471937E-02   0.632050273E-03
   0.217811507E-02   0.395799056E-02  -0.817505643E-02   0.679632998E-03
   0.260260724E-02   0.484363968E-02  -0.929584168E-02   0.714735594E-03
   0.308308098E-02   0.589700928E-02  -0.104235578E-01   0.732427055E-03
   0.361952581E-02   0.713509787E-02  -0.114990538E-01   0.740508374E-03
   0.422035810E-02   0.859257858E-02  -0.124961352E-01   0.728218234E-03
   0.489158649E-02   0.102962516E-01  -0.133560933E-01   0.695343420E-03
   0.563718332E-02   0.122590670E-01  -0.140227331E-01   0.645180349E-03
   0.645250874E-02   0.144745884E-01  -0.143933194E-01   0.578085543E-03
   0.733044557E-02   0.169202797E-01  -0.143409697E-01   0.490758335E-03
   0.823401101E-02   0.194969513E-01  -0.137261366E-01   0.393348397E-03
   0.912507437E-02   0.220681671E-01  -0.124160163E-01   0.282373570E-03
   0.993497670E-02   0.244380590E-01  -0.103146350E-01   0.175532608E-03
   0.105908215E-01   0.263676587E-01  -0.742638670E-02   0.838010965E-04
   0.110168373E-01   0.276514776E-01  -0.389680336E-02   0.222048657E-04
   0.111709079E-01   0.281138849E-01  -0.990300197E-08   0.000000000E+00
