   0.436634570E-02   0.628365427E-01   0.580671067E-08   0.000000000E+00
   0.431512622E-02   0.618233457E-01   0.618752418E-02   0.403874692E-04
   0.416547013E-02   0.588905290E-01   0.117348488E-01   0.152878958E-03
   0.394037738E-02   0.544926561E-01   0.161701906E-01   0.316359132E-03
   0.366405095E-02   0.490862876E-01   0.192526858E-01   0.502190960E-03
   0.336319720E-02   0.432556346E-01   0.209944677E-01   0.687363849E-03
   0.305943633E-02   0.374467671E-01   0.215813927E-01   0.847789808E-03
   0.276391511E-02   0.319094770E-01   0.212442316E-01   0.973356538E-03
   0.248578400E-02   0.268945824E-01   0.202686787E-01   0.105780805E-02
   0.222344720E-02   0.224467963E-01   0.188487116E-01   0.110871170E-02
   0.197926420E-02   0.185953937E-01   0.171881281E-01   0.111303665E-02
   0.174852961E-02   0.153074758E-01   0.153938625E-01   0.110238697E-02
   0.153384835E-02   0.125231864E-01   0.135870334E-01   0.105624401E-02
   0.132847019E-02   0.101731811E-01   0.117877210E-01   0.990801258E-03
   0.114022673E-02   0.822029077E-02   0.101042604E-01   0.905424298E-03
   0.959731115E-03   0.656140549E-02   0.847957935E-02   0.810584927E-03
   0.800320995E-03   0.520711951E-02   0.704232790E-02   0.713097921E-03
   0.654354983E-03   0.408005482E-02   0.573356915E-02   0.612356293E-03
   0.525171927E-03   0.314894691E-02   0.457870029E-02   0.516768487E-03
   0.411364832E-03   0.238652714E-02   0.356875639E-02   0.420600118E-03
   0.315241661E-03   0.177302945E-02   0.271916157E-02   0.335999241E-03
   0.235260086E-03   0.128650398E-02   0.201595714E-02   0.259514694E-03
   0.170227519E-03   0.906711386E-03   0.144698157E-02   0.192841180E-03
   0.121744444E-03   0.626638765E-03   0.102379452E-02   0.143146375E-03
   0.834675084E-04   0.416404509E-03   0.693052600E-03   0.100115576E-03
   0.537228625E-04   0.257777516E-03   0.436631992E-03   0.652441086E-04
   0.324662542E-04   0.147886909E-03   0.255289749E-03   0.395464813E-04
   0.188445174E-04   0.794101652E-04   0.141134748E-03   0.228957524E-04
   0.108446820E-04   0.415334398E-04   0.764733704E-04   0.127166822E-04
   0.501193654E-05   0.160352447E-04   0.303387751E-04   0.527089333E-05
   0.211371207E-05   0.554583130E-05   0.972315229E-05   0.168361805E-05
   0.875270644E-06   0.249172899E-05   0.218189507E-05   0.122797459E-06
   0.557991200E-06   0.339465760E-05   0.263701213E-05   0.147223687E-06
   0.572345812E-06   0.587136128E-05   0.545582407E-05   0.593424431E-06
   0.791182686E-06   0.848323998E-05   0.890754563E-05   0.121390417E-05
   0.934350794E-06   0.965763138E-05   0.111732006E-04   0.180164307E-05
   0.109704069E-05   0.108830518E-04   0.133905578E-04   0.237808604E-05
   0.113528290E-05   0.113368760E-04   0.140397524E-04   0.268043777E-05
   0.106770801E-05   0.105396848E-04   0.134115171E-04   0.293281164E-05
   0.944889337E-06   0.939386246E-05   0.119753222E-04   0.279081519E-05
   0.758585941E-06   0.811477003E-05   0.100046700E-04   0.270924443E-05
   0.669503606E-06   0.724357642E-05   0.838825144E-05   0.293552625E-05
   0.578328184E-06   0.626185374E-05   0.644912188E-05   0.292106165E-05
   0.465794216E-06   0.495047880E-05   0.377455126E-05   0.273488968E-05
   0.543955025E-06   0.454420751E-05   0.157672469E-05   0.289021159E-05
   0.522968207E-06   0.384298528E-05  -0.543058889E-06   0.271454792E-05
   0.733948923E-06   0.376918820E-05  -0.313582245E-05   0.280175209E-05
   0.101181649E-05   0.408938604E-05  -0.546618139E-05   0.300462079E-05
   0.129218529E-05   0.433815967E-05  -0.791955972E-05   0.300629586E-05
   0.172883131E-05   0.512801216E-05  -0.109312205E-04   0.321751691E-05
   0.220304378E-05   0.595189340E-05  -0.134505362E-04   0.349394645E-05
   0.257708393E-05   0.672904616E-05  -0.157211834E-04   0.346930142E-05
   0.279528945E-05   0.704821377E-05  -0.165761230E-04   0.334925403E-05
   0.297073484E-05   0.721769038E-05  -0.169679151E-04   0.308310064E-05
   0.302541821E-05   0.720328717E-05  -0.166159625E-04   0.275362072E-05
   0.273297633E-05   0.639966402E-05  -0.142171102E-04   0.215498835E-05
   0.220024981E-05   0.493444031E-05  -0.103226912E-04   0.132214814E-05
   0.158166711E-05   0.335825916E-05  -0.617237993E-05   0.697653832E-06
   0.116308013E-05   0.189061859E-05  -0.299546900E-05   0.184196097E-06
   0.144099533E-05   0.157475188E-05  -0.337222150E-05   0.358308768E-06
   0.345055560E-05   0.417707179E-05  -0.136441613E-04   0.228788258E-05
   0.851399454E-05   0.123236214E-04  -0.406089821E-04   0.682119889E-05
   0.177697930E-04   0.277795643E-04  -0.887937276E-04   0.145267486E-04
   0.325978399E-04   0.534295104E-04  -0.165294492E-03   0.260078796E-04
   0.560586705E-04   0.929499001E-04  -0.282128545E-03   0.430963992E-04
   0.949531313E-04   0.159785501E-03  -0.475687237E-03   0.699127049E-04
   0.147397470E-03   0.248951023E-03  -0.727773760E-03   0.102909667E-03
   0.216583387E-03   0.367632019E-03  -0.105126458E-02   0.142077915E-03
   0.311597396E-03   0.528027711E-03  -0.148126588E-02   0.193235115E-03
   0.432009896E-03   0.734114088E-03  -0.201001274E-02   0.249174132E-03
   0.582174864E-03   0.990392291E-03  -0.264067203E-02   0.312632765E-03
   0.768427970E-03   0.130922487E-02  -0.339096319E-02   0.384381972E-03
   0.986022991E-03   0.169076875E-02  -0.421974482E-02   0.451693253E-03
   0.124144217E-02   0.214721519E-02  -0.513729686E-02   0.519823923E-03
   0.154134317E-02   0.269954675E-02  -0.615036255E-02   0.584672380E-03
   0.188460096E-02   0.335322693E-02  -0.722395210E-02   0.643646752E-03
   0.227424852E-02   0.413043518E-02  -0.833684858E-02   0.692885020E-03
   0.271221483E-02   0.504850037E-02  -0.945929065E-02   0.726126018E-03
   0.320811942E-02   0.613894965E-02  -0.105897402E-01   0.749172934E-03
   0.376582379E-02   0.743361330E-02  -0.116771823E-01   0.750559906E-03
   0.438924506E-02   0.895023905E-02  -0.126837455E-01   0.744546996E-03
   0.509242713E-02   0.107342023E-01  -0.135778841E-01   0.707445550E-03
   0.587128475E-02   0.127876736E-01  -0.142629882E-01   0.660035410E-03
   0.672742119E-02   0.151075562E-01  -0.146529619E-01   0.585371745E-03
   0.764645496E-02   0.176657513E-01  -0.146184498E-01   0.500717200E-03
   0.859706849E-02   0.203672517E-01  -0.140097812E-01   0.400104676E-03
   0.953402091E-02   0.230697822E-01  -0.126865618E-01   0.289927732E-03
   0.103888493E-01   0.255616978E-01  -0.105499821E-01   0.180258648E-03
   0.110844392E-01   0.276057944E-01  -0.760489143E-02   0.864927933E-04
   0.115410462E-01   0.289670397E-01  -0.399350701E-02   0.227744968E-04
   0.116956439E-01   0.294314865E-01  -0.101259996E-07   0.000000000E+00
