   0.198436392E-03   0.193980355E-01  -0.217738830E-10   0.000000000E+00
   0.206080746E-03   0.190160125E-01   0.230075535E-02   0.134437159E-04
   0.227931727E-03   0.179520659E-01   0.434300909E-02   0.508585763E-04
   0.257102569E-03   0.163569860E-01   0.592470821E-02   0.102665093E-03
   0.288757292E-03   0.144247878E-01   0.696458947E-02   0.158972864E-03
   0.315089652E-03   0.123582287E-01   0.744447578E-02   0.211486040E-03
   0.330842304E-03   0.103294486E-01   0.744822016E-02   0.249351520E-03
   0.333544507E-03   0.843894016E-02   0.707109971E-02   0.273052283E-03
   0.323931570E-03   0.676844129E-02   0.646009995E-02   0.280809356E-03
   0.299719628E-03   0.530905742E-02   0.564337475E-02   0.272169447E-03
   0.266189571E-03   0.407684548E-02   0.475450559E-02   0.252308208E-03
   0.227717799E-03   0.306943525E-02   0.388253340E-02   0.225131094E-03
   0.185505822E-03   0.224588718E-02   0.303469528E-02   0.189086888E-03
   0.145306432E-03   0.160225050E-02   0.229191035E-02   0.153196743E-03
   0.107642649E-03   0.109607028E-02   0.163863983E-02   0.117483622E-03
   0.760439434E-04   0.722110388E-03   0.111856475E-02   0.851322111E-04
   0.506580436E-04   0.452844106E-03   0.718354713E-03   0.575211452E-04
   0.313836172E-04   0.265982002E-03   0.425231876E-03   0.354300901E-04
   0.177388010E-04   0.143676662E-03   0.225390570E-03   0.193627766E-04
   0.898975577E-05   0.707453073E-04   0.103404891E-03   0.902720694E-05
   0.382980215E-05   0.310107644E-04   0.360166414E-04   0.303251295E-05
   0.137905909E-05   0.136711678E-04   0.829322653E-05   0.544386410E-06
   0.429802895E-06   0.802432714E-05   0.119948402E-05   0.383884569E-07
   0.255612747E-06   0.816317333E-05   0.387259888E-05   0.501394709E-06
   0.423663607E-06   0.978820208E-05   0.954775351E-05   0.128862939E-05
   0.591395349E-06   0.105234421E-04   0.135002047E-04   0.191429876E-05
   0.690726836E-06   0.102927934E-04   0.149839061E-04   0.207024755E-05
   0.668110545E-06   0.921143328E-05   0.142867711E-04   0.206387926E-05
   0.613029329E-06   0.793723848E-05   0.129284463E-04   0.191051936E-05
   0.497399810E-06   0.615650742E-05   0.103072462E-04   0.154150302E-05
   0.321153465E-06   0.386870215E-05   0.648768446E-05   0.983228119E-06
   0.202430570E-06   0.244407511E-05   0.419994467E-05   0.670318002E-06
   0.130201826E-06   0.151877714E-05   0.267236783E-05   0.420015937E-06
   0.578393298E-07   0.674741671E-06   0.116699130E-05   0.185797703E-06
   0.262258073E-07   0.321633308E-06   0.539992868E-06   0.946491312E-07
   0.881921292E-08   0.874664536E-07   0.114210287E-06   0.210689954E-07
   0.914310683E-09   0.720216686E-08   0.912608566E-08   0.166809355E-08
   0.224419194E-08   0.110701990E-07  -0.157172924E-07   0.523229904E-08
   0.960677671E-08   0.988135866E-07   0.174725372E-06   0.321688169E-07
   0.484131402E-08   0.543499112E-07   0.884777833E-07   0.193460643E-07
   0.277245649E-08   0.370845044E-07   0.554762707E-07   0.150604595E-07
   0.530108801E-08   0.677851943E-07   0.101635173E-06   0.315630793E-07
   0.128109132E-07   0.114955853E-06   0.915123408E-07   0.618391809E-07
   0.125301627E-07   0.821540169E-07  -0.101897548E-06   0.591587721E-07
   0.733118855E-08   0.656383179E-07  -0.221798295E-07   0.447110402E-07
   0.713258963E-08   0.823890645E-07   0.680689425E-07   0.461177656E-07
   0.238763302E-07   0.104288510E-06  -0.320505848E-06   0.770587647E-07
   0.178831829E-07   0.811597332E-07  -0.209626265E-06   0.602892172E-07
   0.300543128E-07   0.117460345E-06  -0.352744394E-06   0.849872990E-07
   0.221363248E-07   0.930090636E-07  -0.211216104E-06   0.651558665E-07
   0.309228128E-07   0.105048237E-06  -0.374108623E-06   0.730408587E-07
   0.335144819E-07   0.110590015E-06  -0.392931838E-06   0.764317249E-07
   0.340657813E-08   0.122041062E-07  -0.441595738E-07   0.873960371E-08
   0.358588648E-08   0.930180821E-08  -0.368796336E-07   0.583478599E-08
   0.557414159E-08   0.186094979E-07  -0.608360438E-07   0.989885152E-08
   0.232390658E-07   0.741384056E-07  -0.253365528E-06   0.486977143E-07
   0.967555636E-07   0.312604129E-06  -0.113221245E-05   0.199384104E-06
   0.203498502E-06   0.620321146E-06  -0.229327520E-05   0.352234906E-06
   0.488351304E-06   0.145892341E-05  -0.543912256E-05   0.822558604E-06
   0.717520891E-06   0.211655743E-05  -0.787571298E-05   0.119437948E-05
   0.105537572E-05   0.301612977E-05  -0.112561993E-04   0.164003461E-05
   0.170580734E-05   0.477985850E-05  -0.177353359E-04   0.250728021E-05
   0.211868860E-05   0.585125053E-05  -0.212994946E-04   0.295019527E-05
   0.263986044E-05   0.715624537E-05  -0.254181741E-04   0.343712395E-05
   0.282821452E-05   0.749762376E-05  -0.255316081E-04   0.345367539E-05
   0.270933833E-05   0.696770940E-05  -0.216249100E-04   0.279415553E-05
   0.241373687E-05   0.597116195E-05  -0.150719152E-04   0.198589464E-05
   0.193555729E-05   0.428982003E-05  -0.583894825E-05   0.802327008E-06
   0.223897723E-05   0.419136950E-05  -0.203220497E-05   0.409211452E-06
   0.457971009E-05   0.802981049E-05  -0.142973486E-04   0.180439861E-05
   0.108065306E-04   0.194488166E-04  -0.555943043E-04   0.621134950E-05
   0.237502791E-04   0.436356859E-04  -0.145610378E-03   0.152942393E-04
   0.484631382E-04   0.902538159E-04  -0.320837920E-03   0.316029254E-04
   0.875951591E-04   0.162790617E-03  -0.584998459E-03   0.548062453E-04
   0.146423758E-03   0.271218130E-03  -0.963302911E-03   0.850650686E-04
   0.228017918E-03   0.420445780E-03  -0.145161001E-02   0.120593148E-03
   0.338166865E-03   0.621879823E-03  -0.206304202E-02   0.160995100E-03
   0.479794078E-03   0.882733497E-03  -0.277945469E-02   0.202249576E-03
   0.657086959E-03   0.121344626E-02  -0.358756166E-02   0.242831651E-03
   0.865822250E-03   0.161282066E-02  -0.439967960E-02   0.275928120E-03
   0.111394934E-02   0.210164045E-02  -0.522530498E-02   0.300610671E-03
   0.139878015E-02   0.268201856E-02  -0.598175405E-02   0.314710109E-03
   0.172211684E-02   0.336291268E-02  -0.662734313E-02   0.315274781E-03
   0.208070199E-02   0.414151605E-02  -0.708060246E-02   0.300645537E-03
   0.246864511E-02   0.500458665E-02  -0.726490514E-02   0.269827025E-03
   0.287871971E-02   0.593137229E-02  -0.711804861E-02   0.224886375E-03
   0.328925112E-02   0.686720992E-02  -0.655702129E-02   0.168959581E-03
   0.366859860E-02   0.773711456E-02  -0.552099850E-02   0.108801876E-03
   0.398182636E-02   0.845238566E-02  -0.401339773E-02   0.530281504E-04
   0.419014366E-02   0.893063657E-02  -0.211651251E-02   0.141322571E-04
   0.426294236E-02   0.909591652E-02  -0.568966430E-08   0.000000000E+00
