   0.428276602E-02   0.613393374E-01   0.444978256E-10   0.000000000E+00
   0.422751019E-02   0.602776855E-01   0.599759724E-02   0.391803806E-04
   0.407200446E-02   0.573138855E-01   0.113518359E-01   0.147861880E-03
   0.383804925E-02   0.528923199E-01   0.155913727E-01   0.305336755E-03
   0.355272740E-02   0.474597961E-01   0.184853226E-01   0.482268399E-03
   0.324660074E-02   0.416674092E-01   0.200772509E-01   0.655291486E-03
   0.293792412E-02   0.358816497E-01   0.205324851E-01   0.807225937E-03
   0.264283619E-02   0.304232817E-01   0.201261416E-01   0.917353027E-03
   0.236417749E-02   0.255242940E-01   0.191019997E-01   0.996096060E-03
   0.210783049E-02   0.212158039E-01   0.177037437E-01   0.104112818E-02
   0.186818431E-02   0.175065082E-01   0.160736591E-01   0.104871322E-02
   0.164437562E-02   0.143510792E-01   0.143407267E-01   0.102448463E-02
   0.143792969E-02   0.117015755E-01   0.126170069E-01   0.978453201E-03
   0.124134612E-02   0.947245304E-02   0.109087564E-01   0.915112381E-03
   0.106144033E-02   0.762180099E-02   0.931202807E-02   0.833613740E-03
   0.893868739E-03   0.607955595E-02   0.781795848E-02   0.747331593E-03
   0.741550350E-03   0.480389642E-02   0.645962078E-02   0.653707597E-03
   0.603960187E-03   0.375047210E-02   0.523924083E-02   0.558581029E-03
   0.481327937E-03   0.287446147E-02   0.415215036E-02   0.469227554E-03
   0.376683485E-03   0.217729737E-02   0.323446165E-02   0.380513025E-03
   0.287929492E-03   0.161410111E-02   0.245880545E-02   0.302917091E-03
   0.212936837E-03   0.115892710E-02   0.180428149E-02   0.232336926E-03
   0.155697024E-03   0.823727460E-03   0.130954233E-02   0.175138935E-03
   0.108863882E-03   0.559933251E-03   0.905890367E-03   0.125287217E-03
   0.727973165E-04   0.361357525E-03   0.596055703E-03   0.862077650E-04
   0.481367861E-04   0.229393860E-03   0.386791071E-03   0.579466760E-04
   0.293206795E-04   0.132598259E-03   0.228225923E-03   0.352948482E-04
   0.164975136E-04   0.692524118E-04   0.122040889E-03   0.196374149E-04
   0.888377599E-05   0.335721597E-04   0.610310490E-04   0.102550321E-04
   0.429563715E-05   0.136201043E-04   0.255521409E-04   0.442068176E-05
   0.189696698E-05   0.515976808E-05   0.908842048E-05   0.159636306E-05
   0.672733165E-06   0.241180669E-05   0.203070022E-05   0.258722821E-06
   0.432981238E-06   0.362298579E-05   0.246357058E-05   0.134924335E-06
   0.577222750E-06   0.559519094E-05   0.527663042E-05   0.459219081E-06
   0.772001215E-06   0.789917794E-05   0.842520058E-05   0.106871266E-05
   0.963649427E-06   0.957592420E-05   0.111300551E-04   0.165349502E-05
   0.116270940E-05   0.113234973E-04   0.138872601E-04   0.236799769E-05
   0.110007329E-05   0.105967138E-04   0.131718116E-04   0.239318433E-05
   0.100284490E-05   0.973293845E-05   0.122131569E-04   0.243075624E-05
   0.921415563E-06   0.906499281E-05   0.115192788E-04   0.263227594E-05
   0.684850022E-06   0.700471128E-05   0.872048440E-05   0.233284345E-05
   0.615982003E-06   0.658064573E-05   0.793992967E-05   0.240691088E-05
   0.450390900E-06   0.503660112E-05   0.529160206E-05   0.227880059E-05
   0.333240564E-06   0.390955620E-05   0.303975071E-05   0.212859095E-05
   0.398675269E-06   0.373829789E-05   0.176172352E-05   0.229523926E-05
   0.472425484E-06   0.307767755E-05  -0.105617346E-05   0.221390997E-05
   0.552752908E-06   0.291076549E-05  -0.252427458E-05   0.217589240E-05
   0.897750510E-06   0.334830702E-05  -0.514840031E-05   0.242507849E-05
   0.119326660E-05   0.383916586E-05  -0.697243422E-05   0.266134566E-05
   0.162226252E-05   0.443884346E-05  -0.965028448E-05   0.278121706E-05
   0.205024094E-05   0.521757829E-05  -0.121725589E-04   0.296618327E-05
   0.220784000E-05   0.546428555E-05  -0.130302087E-04   0.281213556E-05
   0.270760893E-05   0.655680969E-05  -0.156360293E-04   0.296875692E-05
   0.267631594E-05   0.626454766E-05  -0.149460448E-04   0.268277472E-05
   0.285403212E-05   0.655713484E-05  -0.154022819E-04   0.260148431E-05
   0.272694979E-05   0.620684932E-05  -0.139464219E-04   0.204531693E-05
   0.205541210E-05   0.444699663E-05  -0.957385146E-05   0.124241376E-05
   0.159518811E-05   0.332124614E-05  -0.639009158E-05   0.760414196E-06
   0.114956401E-05   0.197052054E-05  -0.307020696E-05   0.177438778E-06
   0.150996425E-05   0.166158213E-05  -0.423885149E-05   0.461696175E-06
   0.273599335E-05   0.321412176E-05  -0.101625155E-04   0.170736507E-05
   0.686677549E-05   0.957680277E-05  -0.314681602E-04   0.532192234E-05
   0.143798934E-04   0.216047465E-04  -0.692385947E-04   0.115079283E-04
   0.279219603E-04   0.443805948E-04  -0.137872194E-03   0.218476143E-04
   0.515956126E-04   0.837785483E-04  -0.255389517E-03   0.391431531E-04
   0.851291697E-04   0.139793454E-03  -0.417737669E-03   0.616274410E-04
   0.133357084E-03   0.220887785E-03  -0.646235596E-03   0.913736003E-04
   0.200512484E-03   0.333354867E-03  -0.955833821E-03   0.129281383E-03
   0.287055911E-03   0.475854176E-03  -0.133822393E-02   0.174456378E-03
   0.401249708E-03   0.665128930E-03  -0.182924466E-02   0.228026984E-03
   0.544406066E-03   0.904765679E-03  -0.242133369E-02   0.287936680E-03
   0.718399417E-03   0.119506929E-02  -0.310530490E-02   0.352326984E-03
   0.926106877E-03   0.155003008E-02  -0.388254016E-02   0.417424191E-03
   0.117211568E-02   0.197807257E-02  -0.475033699E-02   0.482307922E-03
   0.145984453E-02   0.249195565E-02  -0.570135005E-02   0.545827090E-03
   0.178945542E-02   0.310386159E-02  -0.670820009E-02   0.600420288E-03
   0.216629566E-02   0.383517030E-02  -0.776018947E-02   0.644547516E-03
   0.259715086E-02   0.470897369E-02  -0.884876121E-02   0.678988465E-03
   0.308358297E-02   0.574528938E-02  -0.993270986E-02   0.699729018E-03
   0.363579346E-02   0.697989110E-02  -0.109976111E-01   0.705300714E-03
   0.425703032E-02   0.843518693E-02  -0.119900135E-01   0.701580488E-03
   0.495867012E-02   0.101509029E-01  -0.128683867E-01   0.673144183E-03
   0.574814808E-02   0.121445172E-01  -0.135876732E-01   0.629994436E-03
   0.661990931E-02   0.144142080E-01  -0.140198004E-01   0.567171024E-03
   0.756876683E-02   0.169374775E-01  -0.140548842E-01   0.483342155E-03
   0.855693594E-02   0.196183808E-01  -0.135392593E-01   0.387641543E-03
   0.953192171E-02   0.222985856E-01  -0.123106679E-01   0.280984561E-03
   0.104390448E-01   0.248228125E-01  -0.102866879E-01   0.176119895E-03
   0.111731645E-01   0.268777404E-01  -0.743729901E-02   0.847810152E-04
   0.116537483E-01   0.282379780E-01  -0.391176250E-02   0.223631741E-04
   0.118142292E-01   0.287048165E-01  -0.998562566E-08   0.000000000E+00
