   0.293842316E+02   0.115306747E+03   0.371932902E-05   0.000000000E+00
   0.240558739E+02   0.944599457E+02   0.281421542E+01   0.205618702E-01
   0.143435488E+02   0.564381180E+02   0.337206554E+01   0.496877357E-01
   0.727068758E+01   0.287057858E+02   0.258522010E+01   0.579394214E-01
   0.349681044E+01   0.138728380E+02   0.167816460E+01   0.512033813E-01
   0.168008292E+01   0.670758867E+01   0.102464926E+01   0.402515791E-01
   0.821962655E+00   0.330685115E+01   0.614127398E+00   0.301452987E-01
   0.412285060E+00   0.167198694E+01   0.367777646E+00   0.221364442E-01
   0.212902531E+00   0.869622469E+00   0.221776336E+00   0.162745547E-01
   0.114456303E+00   0.468683660E+00   0.135499850E+00   0.120557649E-01
   0.652833730E-01   0.265474319E+00   0.843777061E-01   0.910981093E-02
   0.406964272E-01   0.161842003E+00   0.540827513E-01   0.706056319E-02
   0.284714382E-01   0.108946525E+00   0.361375920E-01   0.563545339E-02
   0.224744380E-01   0.820820406E-01   0.255531836E-01   0.461566309E-02
   0.195484478E-01   0.684342384E-01   0.193246920E-01   0.390686328E-02
   0.180936456E-01   0.613670386E-01   0.156539567E-01   0.340210926E-02
   0.172757525E-01   0.573961772E-01   0.134667391E-01   0.301892799E-02
   0.166996475E-01   0.547556169E-01   0.121172136E-01   0.273684319E-02
   0.161410570E-01   0.524690114E-01   0.112004373E-01   0.250527612E-02
   0.155464159E-01   0.501875952E-01   0.105085019E-01   0.231966819E-02
   0.148985488E-01   0.477929749E-01   0.992266741E-02   0.215985393E-02
   0.141849443E-01   0.452006608E-01   0.936562475E-02   0.201378274E-02
   0.134247039E-01   0.424584895E-01   0.880995952E-02   0.187627727E-02
   0.126337223E-01   0.395820886E-01   0.823292602E-02   0.174730131E-02
   0.118383355E-01   0.367116258E-01   0.765996752E-02   0.161878928E-02
   0.110403094E-01   0.338172279E-01   0.706886733E-02   0.149448495E-02
   0.102627343E-01   0.309666581E-01   0.647472311E-02   0.137608231E-02
   0.953472964E-02   0.282286350E-01   0.590105401E-02   0.126818952E-02
   0.882474799E-02   0.255968571E-01   0.533446763E-02   0.115793908E-02
   0.816635229E-02   0.231327508E-01   0.480115041E-02   0.105627312E-02
   0.755517418E-02   0.207953900E-01   0.428447640E-02   0.962276652E-03
   0.698980829E-02   0.186510608E-01   0.380944647E-02   0.872925040E-03
   0.647004880E-02   0.166583005E-01   0.335995876E-02   0.789522135E-03
   0.600630650E-02   0.148508912E-01   0.295348722E-02   0.714788213E-03
   0.559236947E-02   0.132121677E-01   0.258174445E-02   0.647974492E-03
   0.521525461E-02   0.117225191E-01   0.223956467E-02   0.585072499E-03
   0.488790777E-02   0.103832437E-01   0.192800339E-02   0.530221616E-03
   0.460558711E-02   0.922083482E-02   0.165875314E-02   0.483430398E-03
   0.435127318E-02   0.816829037E-02   0.140503061E-02   0.440675591E-03
   0.413865969E-02   0.725260796E-02   0.117952866E-02   0.404408958E-03
   0.396090560E-02   0.645996816E-02   0.975474599E-03   0.374856725E-03
   0.382068404E-02   0.578774465E-02   0.793795625E-03   0.351087307E-03
   0.371354446E-02   0.522876065E-02   0.630900904E-03   0.333437842E-03
   0.362977898E-02   0.474489667E-02   0.467908598E-03   0.319107465E-03
   0.357796252E-02   0.437945081E-02   0.331790681E-03   0.310878269E-03
   0.356266415E-02   0.410109805E-02   0.194081629E-03   0.309150957E-03
   0.357339019E-02   0.390678179E-02   0.613526136E-04   0.311202224E-03
   0.361531205E-02   0.380273978E-02  -0.622631414E-04   0.318840961E-03
   0.368472515E-02   0.377289602E-02  -0.194224252E-03   0.331404852E-03
   0.378686865E-02   0.382411107E-02  -0.334257027E-03   0.348596834E-03
   0.391744403E-02   0.395506155E-02  -0.471557898E-03   0.371642091E-03
   0.408754684E-02   0.417232700E-02  -0.623265398E-03   0.401012920E-03
   0.428142911E-02   0.445652707E-02  -0.775848806E-03   0.433654583E-03
   0.451790914E-02   0.483156182E-02  -0.951472728E-03   0.473539490E-03
   0.479322113E-02   0.528988615E-02  -0.114123721E-02   0.518342480E-03
   0.510858325E-02   0.583402859E-02  -0.134693645E-02   0.570539443E-03
   0.545643549E-02   0.645654462E-02  -0.156968203E-02   0.625878165E-03
   0.585313560E-02   0.716972584E-02  -0.180972624E-02   0.689030567E-03
   0.628555613E-02   0.797650032E-02  -0.207855995E-02   0.754986017E-03
   0.678146863E-02   0.888173562E-02  -0.236594607E-02   0.831274549E-03
   0.729789957E-02   0.984994043E-02  -0.266204332E-02   0.908783346E-03
   0.785737578E-02   0.109095760E-01  -0.298078312E-02   0.990217552E-03
   0.846096128E-02   0.120434081E-01  -0.331108179E-02   0.107944920E-02
   0.910988357E-02   0.132729169E-01  -0.366659788E-02   0.117144629E-02
   0.977058336E-02   0.145410802E-01  -0.402062479E-02   0.126491627E-02
   0.104785655E-01   0.158938132E-01  -0.439744629E-02   0.136147335E-02
   0.111830449E-01   0.172461681E-01  -0.476029422E-02   0.146050786E-02
   0.118911304E-01   0.186014082E-01  -0.511756260E-02   0.156301877E-02
   0.125799896E-01   0.199323110E-01  -0.546693476E-02   0.166464853E-02
   0.132556027E-01   0.212460589E-01  -0.582379196E-02   0.176584907E-02
   0.138838468E-01   0.224473290E-01  -0.616794266E-02   0.188170990E-02
   0.144634200E-01   0.235680193E-01  -0.653825095E-02   0.200144458E-02
   0.150232315E-01   0.246621966E-01  -0.698663155E-02   0.212470605E-02
   0.155692622E-01   0.257124901E-01  -0.756166968E-02   0.227557519E-02
   0.162535310E-01   0.270259157E-01  -0.842841156E-02   0.244784029E-02
   0.172672905E-01   0.289622322E-01  -0.979937799E-02   0.267481082E-02
   0.190850385E-01   0.324277207E-01  -0.120577952E-01   0.298613985E-02
   0.225529596E-01   0.390771404E-01  -0.158472694E-01   0.340142427E-02
   0.292950347E-01   0.520914197E-01  -0.221785810E-01   0.398767134E-02
   0.424200892E-01   0.776154622E-01  -0.327925459E-01   0.483527035E-02
   0.679463223E-01   0.127520636E+00  -0.505764745E-01   0.600852538E-02
   0.117491275E+00   0.225136817E+00  -0.803494677E-01   0.774712628E-02
   0.214705378E+00   0.417560428E+00  -0.130346969E+00   0.101532983E-01
   0.408105671E+00   0.802302241E+00  -0.214538395E+00   0.135218501E-01
   0.800998390E+00   0.158723509E+01  -0.356396765E+00   0.180862732E-01
   0.161639380E+01   0.322181296E+01  -0.592437446E+00   0.238262825E-01
   0.333427453E+01   0.667634773E+01  -0.968838215E+00   0.300638918E-01
   0.690019846E+01   0.138642883E+02  -0.149396956E+01   0.338829793E-01
   0.136037951E+02   0.273987236E+02  -0.195514274E+01   0.290355757E-01
   0.228599529E+02   0.461089325E+02  -0.163886285E+01   0.120541230E-01
   0.279629173E+02   0.564288483E+02  -0.485634018E-05   0.000000000E+00
