   0.149503350E-01   0.133085251E+00   0.138114586E-07   0.000000000E+00
   0.146767907E-01   0.130681187E+00   0.105757080E-01   0.715202623E-04
   0.139021296E-01   0.123761423E+00   0.198687278E-01   0.268361502E-03
   0.127445580E-01   0.113361396E+00   0.269483645E-01   0.545848277E-03
   0.113705387E-01   0.100897983E+00   0.314488895E-01   0.850102690E-03
   0.993129797E-02   0.876673311E-01   0.335063078E-01   0.113866257E-02
   0.855973922E-02   0.748087689E-01   0.336265005E-01   0.136703474E-02
   0.731310993E-02   0.629650503E-01   0.323515311E-01   0.153957494E-02
   0.622812659E-02   0.524812043E-01   0.302284379E-01   0.164121226E-02
   0.530027924E-02   0.434212722E-01   0.276477709E-01   0.169572758E-02
   0.451937551E-02   0.357955210E-01   0.249161944E-01   0.170650287E-02
   0.385754206E-02   0.293870401E-01   0.221691132E-01   0.167103915E-02
   0.329655572E-02   0.240463186E-01   0.195337255E-01   0.160775729E-02
   0.281209568E-02   0.196411274E-01   0.170379262E-01   0.150665722E-02
   0.239407457E-02   0.159703400E-01   0.147287026E-01   0.140732748E-02
   0.203189836E-02   0.129492553E-01   0.126333460E-01   0.128631981E-02
   0.171148556E-02   0.104430681E-01   0.107113505E-01   0.115703198E-02
   0.143201824E-02   0.838022307E-02   0.900001265E-02   0.103183871E-02
   0.118270260E-02   0.666572573E-02   0.744787557E-02   0.898869010E-03
   0.967968605E-03   0.526633440E-02   0.609888928E-02   0.768263824E-03
   0.783927389E-03   0.412334641E-02   0.493655074E-02   0.652520743E-03
   0.624595559E-03   0.318403682E-02   0.392218400E-02   0.540376815E-03
   0.488080113E-03   0.242436677E-02   0.305517972E-02   0.433903973E-03
   0.374200667E-03   0.181017746E-02   0.232903170E-02   0.343580614E-03
   0.283194298E-03   0.133232481E-02   0.174845080E-02   0.266989373E-03
   0.209429869E-03   0.962134684E-03   0.128184038E-02   0.200959927E-03
   0.151512635E-03   0.676693628E-03   0.914677919E-03   0.148125706E-03
   0.107186563E-03   0.463767792E-03   0.634503667E-03   0.104977218E-03
   0.730321990E-04   0.305450434E-03   0.420538883E-03   0.708570078E-04
   0.478260190E-04   0.192497682E-03   0.264826434E-03   0.455542104E-04
   0.303274119E-04   0.115431154E-03   0.158514682E-03   0.281272587E-04
   0.175195855E-04   0.630406867E-04   0.822194634E-04   0.146406492E-04
   0.986369741E-05   0.332897544E-04   0.394829767E-04   0.729837029E-05
   0.538854556E-05   0.172031341E-04   0.164267858E-04   0.338058953E-05
   0.254903739E-05   0.876147988E-05   0.303439015E-05   0.133499793E-05
   0.122934273E-05   0.608254686E-05  -0.777427545E-06   0.970834094E-06
   0.703285480E-06   0.691156765E-05  -0.114796819E-05   0.189551656E-05
   0.609278914E-06   0.834201273E-05   0.114671252E-05   0.287190574E-05
   0.757863518E-06   0.106264615E-04   0.355930752E-05   0.429968486E-05
   0.952860262E-06   0.127591220E-04   0.583365591E-05   0.568903397E-05
   0.132949742E-05   0.147973151E-04   0.739493726E-05   0.721449805E-05
   0.156423573E-05   0.152005550E-04   0.652298513E-05   0.824879589E-05
   0.175869434E-05   0.153533711E-04   0.522141409E-05   0.900534724E-05
   0.187190449E-05   0.155928665E-04   0.477232243E-05   0.948267825E-05
   0.210742655E-05   0.152584116E-04   0.164104381E-05   0.997673396E-05
   0.232253433E-05   0.144064888E-04  -0.217213369E-05   0.997905590E-05
   0.223402481E-05   0.134304446E-04  -0.361634170E-05   0.952318169E-05
   0.269373550E-05   0.133335434E-04  -0.687042939E-05   0.955012911E-05
   0.277213712E-05   0.124096105E-04  -0.820299010E-05   0.883374923E-05
   0.263932384E-05   0.116080146E-04  -0.783154883E-05   0.818739954E-05
   0.264792357E-05   0.104721221E-04  -0.841101973E-05   0.710452741E-05
   0.221601363E-05   0.858588101E-05  -0.690788966E-05   0.557656540E-05
   0.201441844E-05   0.730858210E-05  -0.532509102E-05   0.434232925E-05
   0.154070176E-05   0.538130871E-05  -0.197899863E-05   0.297505903E-05
   0.150007907E-05   0.418525678E-05  -0.187782888E-06   0.178520145E-05
   0.206300933E-05   0.352228017E-05  -0.886763758E-06   0.975994340E-06
   0.411098790E-05   0.516464070E-05  -0.729119529E-05   0.141564203E-05
   0.801431361E-05   0.104526389E-04  -0.208465663E-04   0.338347945E-05
   0.150959295E-04   0.200221111E-04  -0.459586809E-04   0.729913290E-05
   0.281158154E-04   0.393912633E-04  -0.950516696E-04   0.154162408E-04
   0.474115841E-04   0.693373295E-04  -0.167644888E-03   0.271156186E-04
   0.765159348E-04   0.114038048E-03  -0.275399652E-03   0.443326826E-04
   0.115694093E-03   0.176540299E-03  -0.419194315E-03   0.662877792E-04
   0.170346131E-03   0.262618589E-03  -0.615180761E-03   0.961208061E-04
   0.245512230E-03   0.383158622E-03  -0.882591121E-03   0.133411901E-03
   0.341565785E-03   0.536971609E-03  -0.121342461E-02   0.179262803E-03
   0.465404475E-03   0.735564099E-03  -0.162817154E-02   0.232936130E-03
   0.619568396E-03   0.988198095E-03  -0.213143183E-02   0.293914607E-03
   0.802294002E-03   0.129132182E-02  -0.270091975E-02   0.360354519E-03
   0.103107840E-02   0.167798635E-02  -0.339484448E-02   0.431510067E-03
   0.129996194E-02   0.214073691E-02  -0.417016633E-02   0.510211627E-03
   0.161461195E-02   0.270145177E-02  -0.503504742E-02   0.584400841E-03
   0.198685215E-02   0.337832072E-02  -0.600738777E-02   0.668672263E-03
   0.241530943E-02   0.419384055E-02  -0.705952803E-02   0.738775765E-03
   0.291521708E-02   0.517926784E-02  -0.821568538E-02   0.807586184E-03
   0.348475226E-02   0.635375315E-02  -0.942841824E-02   0.872359378E-03
   0.414550863E-02   0.777391577E-02  -0.107331574E-01   0.922640087E-03
   0.490869116E-02   0.948587712E-02  -0.121043166E-01   0.961937185E-03
   0.579235144E-02   0.115466062E-01  -0.135345245E-01   0.997049501E-03
   0.682341307E-02   0.140335262E-01  -0.150151514E-01   0.100250077E-02
   0.802335609E-02   0.170136634E-01  -0.165142920E-01   0.100324012E-02
   0.942260679E-02   0.205721464E-01  -0.179790240E-01   0.974753755E-03
   0.110486876E-01   0.247900318E-01  -0.193084087E-01   0.923012092E-03
   0.129033979E-01   0.296902675E-01  -0.203535277E-01   0.854003127E-03
   0.149580268E-01   0.352007486E-01  -0.208609179E-01   0.753557426E-03
   0.171602424E-01   0.411703065E-01  -0.205406360E-01   0.614718359E-03
   0.194080006E-01   0.473271720E-01  -0.190948043E-01   0.455064961E-03
   0.214903969E-01   0.531188995E-01  -0.162319895E-01   0.292119279E-03
   0.232014079E-01   0.579024032E-01  -0.118921651E-01   0.142549688E-03
   0.243472606E-01   0.611397661E-01  -0.631064363E-02   0.380105739E-04
   0.247552078E-01   0.622814633E-01  -0.157184399E-07   0.000000000E+00
