   0.128836778E-03   0.170341805E-01  -0.510640141E-10   0.000000000E+00
   0.135983428E-03   0.166773144E-01   0.198939233E-02   0.116947267E-04
   0.155325062E-03   0.156670455E-01   0.373852905E-02   0.434966350E-04
   0.182308358E-03   0.141577385E-01   0.507101743E-02   0.877948041E-04
   0.210188606E-03   0.123499930E-01   0.590519421E-02   0.134298170E-03
   0.232626277E-03   0.104369512E-01   0.624306779E-02   0.173658220E-03
   0.245446339E-03   0.857777800E-02   0.615885295E-02   0.201792005E-03
   0.246072101E-03   0.687307213E-02   0.574843353E-02   0.215610169E-03
   0.234705207E-03   0.537536899E-02   0.511989370E-02   0.216008135E-03
   0.212929299E-03   0.410574162E-02   0.436829356E-02   0.203201940E-03
   0.184081146E-03   0.305734156E-02   0.357703143E-02   0.181940573E-03
   0.150679320E-03   0.220891368E-02   0.279222126E-02   0.154145484E-03
   0.117714699E-03   0.154882553E-02   0.209241337E-02   0.124306171E-03
   0.867522467E-04   0.104307453E-02   0.148377055E-02   0.943412379E-04
   0.596833015E-04   0.666983949E-03   0.981462887E-03   0.662202146E-04
   0.381774080E-04   0.401823054E-03   0.600975589E-03   0.429243410E-04
   0.226713310E-04   0.227521145E-03   0.338680373E-03   0.251357451E-04
   0.121471012E-04   0.118367163E-03   0.168401588E-03   0.129202745E-04
   0.549478273E-05   0.547950112E-04   0.659974030E-04   0.495539007E-05
   0.200818135E-05   0.236022133E-04   0.173505687E-04   0.109869131E-05
   0.642426755E-06   0.116409246E-04   0.255006330E-05   0.108778186E-07
   0.260428408E-06   0.866202117E-05   0.233890682E-05   0.223643909E-06
   0.356853462E-06   0.941507460E-05   0.790482954E-05   0.953088829E-06
   0.533115781E-06   0.102376571E-04   0.128906413E-04   0.162167817E-05
   0.643737280E-06   0.100651132E-04   0.150049682E-04   0.188306137E-05
   0.679698644E-06   0.964137416E-05   0.158422972E-04   0.208392157E-05
   0.576005277E-06   0.769755570E-05   0.133626836E-04   0.181948099E-05
   0.422879026E-06   0.547096442E-05   0.988475858E-05   0.139934377E-05
   0.264963745E-06   0.333853086E-05   0.611242240E-05   0.879194658E-06
   0.185651999E-06   0.225695294E-05   0.410347093E-05   0.594409130E-06
   0.905666795E-07   0.110782719E-05   0.203281820E-05   0.305294975E-06
   0.278445071E-07   0.376221209E-06   0.676995001E-06   0.118629330E-06
   0.126370461E-07   0.172006921E-06   0.311529817E-06   0.552587558E-07
   0.120749766E-08   0.267671290E-07   0.320899893E-07   0.123534614E-07
   0.113350296E-08   0.567133451E-08  -0.175398274E-07   0.409661682E-08
   0.336697870E-08   0.219450111E-07   0.240454128E-07   0.581015636E-08
   0.225350671E-08   0.172969425E-07   0.393393158E-07   0.386425913E-08
   0.942000788E-08   0.830041387E-07   0.180249756E-06   0.217429381E-07
   0.655279653E-08   0.451759341E-07   0.850675193E-07   0.864067662E-08
   0.576270898E-08   0.514943324E-07   0.110833327E-06   0.136645770E-07
   0.859707239E-08   0.793546420E-07   0.177928413E-06   0.234399700E-07
   0.485821783E-08   0.387577330E-07   0.474263828E-07   0.117364207E-07
   0.497531882E-08   0.375218221E-07   0.420964099E-07   0.167360810E-07
   0.118387344E-08   0.164838010E-07   0.300513712E-07   0.676091894E-08
   0.393113186E-08   0.224648815E-07  -0.377998504E-07   0.155410742E-07
   0.473654183E-08   0.204196660E-07  -0.747428075E-07   0.147145531E-07
   0.309309001E-08   0.142131080E-07  -0.389228134E-07   0.101930668E-07
   0.966612745E-08   0.364648720E-07  -0.144443902E-06   0.258698929E-07
   0.144580499E-07   0.523835304E-07  -0.211787523E-06   0.366371289E-07
   0.148770063E-07   0.536797806E-07  -0.214158675E-06   0.344939473E-07
   0.107831069E-07   0.373364308E-07  -0.140609203E-06   0.210113260E-07
   0.232268427E-07   0.748877014E-07  -0.322076573E-06   0.468870667E-07
   0.184641316E-07   0.547735617E-07  -0.243787639E-06   0.321535580E-07
   0.980121939E-08   0.260418584E-07  -0.122188212E-06   0.141817154E-07
   0.125245103E-07   0.365014508E-07  -0.160120067E-06   0.202862722E-07
   0.130266971E-07   0.432832543E-07  -0.161031807E-06   0.230636310E-07
   0.468938333E-09   0.365717123E-08  -0.404354328E-08   0.226415420E-08
   0.445519399E-08   0.201178931E-07  -0.639375415E-07   0.141252308E-07
   0.267664610E-07   0.963252020E-07  -0.362820629E-06   0.649847820E-07
   0.111243885E-06   0.368639917E-06  -0.146847901E-05   0.238009989E-06
   0.303572705E-06   0.959957561E-06  -0.389219122E-05   0.569567533E-06
   0.606046456E-06   0.183700809E-05  -0.757500493E-05   0.107506048E-05
   0.983562700E-06   0.291519859E-05  -0.119717197E-04   0.165373672E-05
   0.160431466E-05   0.464361574E-05  -0.189354578E-04   0.252036307E-05
   0.191562776E-05   0.540242308E-05  -0.215721630E-04   0.275495040E-05
   0.249346613E-05   0.684756378E-05  -0.266747084E-04   0.332778586E-05
   0.268701842E-05   0.715103988E-05  -0.262991307E-04   0.318740240E-05
   0.270982468E-05   0.694636128E-05  -0.227106648E-04   0.271570298E-05
   0.237755557E-05   0.570250086E-05  -0.134999627E-04   0.156231022E-05
   0.215212981E-05   0.443931003E-05  -0.395061534E-05   0.523481560E-06
   0.337770234E-05   0.624173799E-05  -0.555941369E-05   0.743594853E-06
   0.782844199E-05   0.146171915E-04  -0.341318773E-04   0.364814878E-05
   0.177708298E-04   0.337793754E-04  -0.104004488E-03   0.102572212E-04
   0.384993546E-04   0.740098913E-04  -0.258940214E-03   0.238771299E-04
   0.717548173E-04   0.137506097E-03  -0.491849321E-03   0.428151361E-04
   0.126267929E-03   0.240836438E-03  -0.863986788E-03   0.706561332E-04
   0.203938325E-03   0.386593194E-03  -0.135149655E-02   0.103553575E-03
   0.311756594E-03   0.588186085E-03  -0.197378919E-02   0.141347977E-03
   0.451334403E-03   0.850101002E-03  -0.268939277E-02   0.179760173E-03
   0.627282832E-03   0.118391251E-02  -0.347833685E-02   0.216144821E-03
   0.841216650E-03   0.159826817E-02  -0.428720424E-02   0.246062235E-03
   0.109462545E-02   0.210178783E-02  -0.506134564E-02   0.265318813E-03
   0.139091455E-02   0.270408089E-02  -0.576226925E-02   0.275879807E-03
   0.172314083E-02   0.339791551E-02  -0.626960397E-02   0.269340788E-03
   0.209397078E-02   0.418527145E-02  -0.656438805E-02   0.247870368E-03
   0.248786760E-02   0.503304275E-02  -0.651769713E-02   0.211382328E-03
   0.288766692E-02   0.589755084E-02  -0.606597681E-02   0.161471893E-03
   0.326413382E-02   0.671141502E-02  -0.515847234E-02   0.105362415E-03
   0.357657555E-02   0.738470443E-02  -0.377569953E-02   0.521435322E-04
   0.378567330E-02   0.783490483E-02  -0.199945853E-02   0.139860040E-04
   0.385859190E-02   0.799319614E-02  -0.509845854E-08   0.000000000E+00
