   0.308538351E-03   0.421635881E-01   0.000000000E+00   0.000000000E+00
   0.320192048E-03   0.414197855E-01   0.403738208E-02   0.252694808E-04
   0.350912276E-03   0.392758586E-01   0.765693886E-02   0.948177185E-04
   0.394798699E-03   0.360004790E-01   0.105562732E-01   0.193059808E-03
   0.441441807E-03   0.319740474E-01   0.125313140E-01   0.300997723E-03
   0.480171468E-03   0.275730509E-01   0.135403052E-01   0.397235213E-03
   0.505859440E-03   0.231793690E-01   0.137530044E-01   0.473676249E-03
   0.508703873E-03   0.189837869E-01   0.131674176E-01   0.516165979E-03
   0.490699953E-03   0.151924975E-01   0.120716309E-01   0.526601681E-03
   0.452427630E-03   0.118726576E-01   0.106036086E-01   0.510174723E-03
   0.399487355E-03   0.905918516E-02   0.896207802E-02   0.467977399E-03
   0.335921446E-03   0.672337320E-02   0.724413199E-02   0.408457214E-03
   0.270287623E-03   0.485617621E-02   0.563134346E-02   0.343051914E-03
   0.206083074E-03   0.338706234E-02   0.415571732E-02   0.269040698E-03
   0.148010760E-03   0.226594787E-02   0.288718194E-02   0.198924652E-03
   0.100543730E-03   0.145554007E-02   0.189407531E-02   0.136398579E-03
   0.637367993E-04   0.887343078E-03   0.115130912E-02   0.869325740E-04
   0.369362133E-04   0.507149147E-03   0.627583242E-03   0.485911114E-04
   0.192558018E-04   0.271100318E-03   0.297096063E-03   0.232223956E-04
   0.832347177E-05   0.133745343E-03   0.103967301E-03   0.753153654E-05
   0.303245588E-05   0.666746055E-04   0.227137498E-04   0.107977235E-05
   0.123735163E-05   0.392214533E-04   0.576374350E-05   0.875673649E-07
   0.779176787E-06   0.311342628E-04   0.123277314E-04   0.144764374E-05
   0.102562228E-05   0.296547259E-04   0.267142368E-04   0.348528579E-05
   0.140793190E-05   0.302609478E-04   0.398998527E-04   0.527727707E-05
   0.164189032E-05   0.296020171E-04   0.466202655E-04   0.629773740E-05
   0.155610337E-05   0.255870364E-04   0.441840057E-04   0.615725639E-05
   0.141867326E-05   0.217072302E-04   0.399125383E-04   0.561796969E-05
   0.101290993E-05   0.150997266E-04   0.283248628E-04   0.414772921E-05
   0.710460597E-06   0.103740231E-04   0.201379735E-04   0.303105890E-05
   0.440258930E-06   0.637426547E-05   0.125333027E-04   0.195374764E-05
   0.235880137E-06   0.337031065E-05   0.640641019E-05   0.102056379E-05
   0.124402604E-06   0.180888196E-05   0.342769181E-05   0.574647743E-06
   0.247256207E-07   0.454583528E-06   0.791068146E-06   0.181809497E-06
   0.807969869E-08   0.154025031E-06   0.250141625E-06   0.588832556E-07
   0.414720169E-08   0.439163550E-07   0.185169957E-08   0.147133923E-07
   0.677996903E-08   0.719736377E-07   0.166965776E-06   0.236630076E-07
   0.154238311E-07   0.136657377E-06   0.189898671E-06   0.392656467E-07
   0.234987372E-07   0.247338647E-06   0.435326200E-06   0.778586653E-07
   0.155550914E-07   0.174077599E-06   0.337598806E-06   0.564786902E-07
   0.276110494E-07   0.329023891E-06   0.692839421E-06   0.111000936E-06
   0.231670967E-07   0.308458965E-06   0.597430244E-06   0.116484678E-06
   0.496238917E-08   0.759772334E-07   0.667979378E-07   0.459460274E-07
   0.193442062E-07   0.224969867E-06   0.267897462E-06   0.118858047E-06
   0.119976011E-07   0.132079876E-06  -0.673266385E-07   0.923427379E-07
   0.144059085E-07   0.158781546E-06   0.486373040E-07   0.981879893E-07
   0.386153083E-07   0.256411653E-06  -0.596577422E-06   0.186438839E-06
   0.145823087E-07   0.979048025E-07  -0.317851601E-06   0.743475894E-07
   0.132395428E-07   0.997859431E-07  -0.231435791E-06   0.761481829E-07
   0.347098705E-07   0.176547914E-06  -0.637425842E-06   0.125047748E-06
   0.496947727E-07   0.240533808E-06  -0.958651526E-06   0.162969499E-06
   0.254711150E-07   0.121222882E-06  -0.487232967E-06   0.814435737E-07
   0.430363194E-07   0.193454994E-06  -0.792067851E-06   0.120460285E-06
   0.336348904E-07   0.148693033E-06  -0.594486323E-06   0.868169892E-07
   0.891927598E-08   0.345363524E-07  -0.149449960E-06   0.204004476E-07
   0.553056489E-08   0.431174563E-07  -0.102505098E-06   0.329899947E-07
   0.200448351E-07   0.118908766E-06  -0.380289890E-06   0.853853805E-07
   0.738330996E-07   0.360540469E-06  -0.132930529E-05   0.232425649E-06
   0.278710303E-06   0.127102237E-05  -0.486411545E-05   0.763968501E-06
   0.715736007E-06   0.317617810E-05  -0.123471091E-04   0.191548975E-05
   0.108436268E-05   0.463739843E-05  -0.181797641E-04   0.272500756E-05
   0.192862308E-05   0.811345308E-05  -0.315273683E-04   0.455347163E-05
   0.291318406E-05   0.119034248E-04  -0.460189694E-04   0.637752601E-05
   0.378652635E-05   0.151972581E-04  -0.578014733E-04   0.799861209E-05
   0.416821786E-05   0.163340155E-04  -0.594492485E-04   0.788090438E-05
   0.509029451E-05   0.193632568E-04  -0.670838417E-04   0.872581313E-05
   0.521311767E-05   0.191759482E-04  -0.583080218E-04   0.726791313E-05
   0.493218613E-05   0.172043183E-04  -0.390481509E-04   0.495893892E-05
   0.522010941E-05   0.168078805E-04  -0.187198730E-04   0.244544799E-05
   0.689240051E-05   0.197041390E-04  -0.838782034E-05   0.125611973E-05
   0.129904020E-04   0.356137207E-04  -0.382562066E-04   0.443010777E-05
   0.280638178E-04   0.769539984E-04  -0.158053153E-03   0.165534220E-04
   0.568051291E-04   0.156539973E-03  -0.402668666E-03   0.396725482E-04
   0.106538151E-03   0.294006692E-03  -0.831307610E-03   0.775170920E-04
   0.185005454E-03   0.508878147E-03  -0.148646731E-02   0.131230525E-03
   0.300797750E-03   0.824906805E-03  -0.240261597E-02   0.200518407E-03
   0.460764044E-03   0.126069551E-02  -0.357084628E-02   0.281564018E-03
   0.670251437E-03   0.183447346E-02  -0.494629331E-02   0.367273169E-03
   0.937967154E-03   0.257855654E-02  -0.651464518E-02   0.451675325E-03
   0.126371684E-02   0.350035657E-02  -0.814486668E-02   0.527032535E-03
   0.165267673E-02   0.462628203E-02  -0.977142807E-02   0.588546274E-03
   0.210712454E-02   0.597567763E-02  -0.112986267E-01   0.629695191E-03
   0.261814543E-02   0.753456401E-02  -0.125316307E-01   0.638548052E-03
   0.318259490E-02   0.929653645E-02  -0.133603001E-01   0.613034179E-03
   0.379409757E-02   0.112324236E-01  -0.137146721E-01   0.559366541E-03
   0.442273729E-02   0.132449251E-01  -0.133589432E-01   0.467783888E-03
   0.503993314E-02   0.152293630E-01  -0.122037949E-01   0.351481867E-03
   0.560401659E-02   0.170407370E-01  -0.101977140E-01   0.225432930E-03
   0.606278097E-02   0.185124744E-01  -0.737470295E-02   0.110975234E-03
   0.636161165E-02   0.194647461E-01  -0.387162948E-02   0.293910944E-04
   0.646614190E-02   0.197979640E-01  -0.111110277E-07   0.000000000E+00
