   0.257463064E-01   0.192091063E+00   0.897471819E-10   0.000000000E+00
   0.251797494E-01   0.188086152E+00   0.140700480E-01   0.942548795E-04
   0.235928129E-01   0.176799327E+00   0.261818413E-01   0.352272502E-03
   0.212309957E-01   0.159817219E+00   0.349214189E-01   0.705456419E-03
   0.185332745E-01   0.140191793E+00   0.399845578E-01   0.107789994E-02
   0.157647692E-01   0.119732067E+00   0.416361317E-01   0.140132080E-02
   0.131895291E-01   0.100384027E+00   0.407691598E-01   0.165022095E-02
   0.109342299E-01   0.830846652E-01   0.382986255E-01   0.181400881E-02
   0.903511792E-02   0.682087913E-01   0.349803157E-01   0.189875648E-02
   0.747937383E-02   0.557675697E-01   0.313816071E-01   0.191519060E-02
   0.621285755E-02   0.454879142E-01   0.278024133E-01   0.190111680E-02
   0.518577266E-02   0.370709486E-01   0.244151521E-01   0.184463302E-02
   0.434943754E-02   0.302089769E-01   0.213055890E-01   0.175480323E-02
   0.365664810E-02   0.245970190E-01   0.184686724E-01   0.164845388E-02
   0.307940226E-02   0.199978054E-01   0.159199145E-01   0.153300178E-02
   0.259034173E-02   0.162365958E-01   0.136277871E-01   0.139458559E-02
   0.217387639E-02   0.131435748E-01   0.115843397E-01   0.126340904E-02
   0.180985557E-02   0.105759371E-01   0.973074511E-02   0.112528820E-02
   0.150479469E-02   0.849257223E-02   0.814512558E-02   0.993864145E-03
   0.123663479E-02   0.676048547E-02   0.672136107E-02   0.860078901E-03
   0.100494211E-02   0.534005091E-02   0.547459070E-02   0.729136809E-03
   0.809978170E-03   0.418184930E-02   0.441406388E-02   0.615574478E-03
   0.644848042E-03   0.324510154E-02   0.351209776E-02   0.506633543E-03
   0.504677009E-03   0.247914460E-02   0.273976754E-02   0.410103297E-03
   0.388643704E-03   0.186602457E-02   0.209804601E-02   0.324258901E-03
   0.296184851E-03   0.138749066E-02   0.158550742E-02   0.252091966E-03
   0.221118011E-03   0.101220841E-02   0.117093569E-02   0.191627565E-03
   0.161526754E-03   0.722387631E-03   0.841804955E-03   0.140391960E-03
   0.114992195E-03   0.501641596E-03   0.585222791E-03   0.989054970E-04
   0.790098857E-04   0.335756951E-03   0.388619286E-03   0.669190194E-04
   0.539840112E-04   0.222193295E-03   0.254194136E-03   0.437164344E-04
   0.348501162E-04   0.138155039E-03   0.152590030E-03   0.264376231E-04
   0.216496610E-04   0.834945167E-04   0.850836659E-04   0.146268567E-04
   0.130741000E-04   0.484859156E-04   0.428659441E-04   0.743833016E-05
   0.792558058E-05   0.284395228E-04   0.196103611E-04   0.372821546E-05
   0.414394890E-05   0.159238243E-04   0.323615154E-05   0.154839017E-05
   0.241813245E-05   0.110772689E-04  -0.266179018E-05   0.154257555E-05
   0.150107383E-05   0.957106477E-05  -0.395655934E-05   0.223064103E-05
   0.132666139E-05   0.100611078E-04  -0.340376937E-05   0.368135898E-05
   0.133147034E-05   0.113932301E-04  -0.192923312E-05   0.517892295E-05
   0.151078052E-05   0.131519000E-04  -0.194684560E-06   0.669374049E-05
   0.181629309E-05   0.145872418E-04   0.517660908E-06   0.811464179E-05
   0.218674859E-05   0.157784925E-04   0.768892164E-06   0.932600869E-05
   0.227961436E-05   0.163486893E-04   0.113733984E-05   0.100362595E-04
   0.284159319E-05   0.175185032E-04   0.798311646E-06   0.110382098E-04
   0.253636381E-05   0.160956533E-04  -0.324410280E-06   0.105587906E-04
   0.275947878E-05   0.158871953E-04  -0.122811241E-05   0.105980880E-04
   0.282950441E-05   0.145639524E-04  -0.363354934E-05   0.994245693E-05
   0.284121779E-05   0.137411853E-04  -0.333332446E-05   0.926890334E-05
   0.270003693E-05   0.124600856E-04  -0.244573175E-05   0.819930574E-05
   0.224158634E-05   0.103740131E-04  -0.149869641E-05   0.659473062E-05
   0.202210254E-05   0.863977129E-05  -0.304930019E-07   0.503029560E-05
   0.197963391E-05   0.706199398E-05   0.128330271E-05   0.341599775E-05
   0.235229936E-05   0.620763240E-05   0.153672636E-05   0.214884221E-05
   0.375894933E-05   0.661851436E-05  -0.157950728E-05   0.138873008E-05
   0.636432014E-05   0.910260496E-05  -0.762931813E-05   0.139172744E-05
   0.114848644E-04   0.157423474E-04  -0.223797688E-04   0.309965299E-05
   0.202744504E-04   0.280246077E-04  -0.493476218E-04   0.697187852E-05
   0.342755338E-04   0.483360818E-04  -0.931482791E-04   0.136714007E-04
   0.549079668E-04   0.790455015E-04  -0.157815404E-03   0.239495312E-04
   0.845952090E-04   0.123452715E-03  -0.250299054E-03   0.391237663E-04
   0.127644555E-03   0.190363702E-03  -0.386399333E-03   0.597952021E-04
   0.185492259E-03   0.278722378E-03  -0.563984097E-03   0.873265017E-04
   0.261772278E-03   0.397706579E-03  -0.795717584E-03   0.122105703E-03
   0.358892925E-03   0.551102916E-03  -0.108317262E-02   0.162294818E-03
   0.483934447E-03   0.750186678E-03  -0.144578726E-02   0.210835104E-03
   0.636901706E-03   0.995966489E-03  -0.187333336E-02   0.266335701E-03
   0.827433309E-03   0.130684383E-02  -0.239249459E-02   0.329824834E-03
   0.105655286E-02   0.168766419E-02  -0.299297553E-02   0.400344958E-03
   0.132977054E-02   0.215054862E-02  -0.367851648E-02   0.473629567E-03
   0.165366090E-02   0.271726213E-02  -0.446018623E-02   0.547447708E-03
   0.203710119E-02   0.340595935E-02  -0.534452451E-02   0.626940164E-03
   0.248413067E-02   0.423484109E-02  -0.632138969E-02   0.708129257E-03
   0.300056022E-02   0.523043098E-02  -0.738097169E-02   0.782912015E-03
   0.360516086E-02   0.643770071E-02  -0.855158363E-02   0.858843734E-03
   0.430995412E-02   0.789992418E-02  -0.982735399E-02   0.927743444E-03
   0.513616810E-02   0.967534818E-02  -0.112190088E-01   0.985502498E-03
   0.610663602E-02   0.118295569E-01  -0.127305025E-01   0.103942596E-02
   0.725678448E-02   0.144614978E-01  -0.143685415E-01   0.108243583E-02
   0.862799678E-02   0.176811982E-01  -0.161316637E-01   0.111403118E-02
   0.102725690E-01   0.216153320E-01  -0.180269554E-01   0.112604804E-02
   0.122466655E-01   0.264205094E-01  -0.199960414E-01   0.112707098E-02
   0.145998988E-01   0.322270393E-01  -0.219484307E-01   0.109831290E-02
   0.173857547E-01   0.391808785E-01  -0.236965064E-01   0.103991036E-02
   0.205715522E-01   0.472157896E-01  -0.249039754E-01   0.932034280E-03
   0.240956545E-01   0.562159009E-01  -0.251543466E-01   0.789493788E-03
   0.277882237E-01   0.657217950E-01  -0.239355583E-01   0.600795494E-03
   0.313012339E-01   0.748700723E-01  -0.207629278E-01   0.391611888E-03
   0.342789255E-01   0.827022120E-01  -0.154687874E-01   0.195882938E-03
   0.362427980E-01   0.878790021E-01  -0.827966444E-02   0.522974697E-04
   0.369550772E-01   0.897934362E-01  -0.235225723E-07   0.000000000E+00
