   0.188442384E-03   0.192137100E-01  -0.823056276E-10   0.000000000E+00
   0.192868916E-03   0.187632013E-01   0.204227609E-02   0.127047660E-04
   0.204856638E-03   0.175071768E-01   0.382224331E-02   0.468722174E-04
   0.220398390E-03   0.156329144E-01   0.513950456E-02   0.926458233E-04
   0.234162711E-03   0.134131061E-01   0.590895349E-02   0.137734402E-03
   0.241528367E-03   0.110924374E-01   0.614593644E-02   0.173078719E-03
   0.238996727E-03   0.887462962E-02   0.593218487E-02   0.193056418E-03
   0.225973126E-03   0.688478211E-02   0.539791398E-02   0.198083741E-03
   0.202851894E-03   0.517544057E-02   0.464408053E-02   0.188852122E-03
   0.172466156E-03   0.376644824E-02   0.378822465E-02   0.168065017E-03
   0.138785239E-03   0.264996849E-02   0.293523096E-02   0.141490804E-03
   0.104403080E-03   0.178557029E-02   0.212715287E-02   0.109832188E-03
   0.736281436E-04   0.114970969E-02   0.144636072E-02   0.797556204E-04
   0.484733973E-04   0.703774393E-03   0.916802208E-03   0.536680309E-04
   0.289548625E-04   0.400815479E-03   0.520028756E-03   0.317493323E-04
   0.153745750E-04   0.209971578E-03   0.255246618E-03   0.161058797E-04
   0.694047912E-05   0.997705429E-04   0.987674139E-04   0.605921377E-05
   0.267006726E-05   0.452321983E-04   0.275737293E-04   0.140795328E-05
   0.879704828E-06   0.219421872E-04   0.414878969E-05   0.311803099E-07
   0.422593928E-06   0.146499879E-04   0.434017102E-05   0.396125330E-06
   0.527859299E-06   0.134707325E-04   0.123294858E-04   0.132516539E-05
   0.707057268E-06   0.135362343E-04   0.193305241E-04   0.217436286E-05
   0.849185426E-06   0.135326018E-04   0.233614119E-04   0.264837036E-05
   0.681995289E-06   0.100272882E-04   0.188497052E-04   0.221491837E-05
   0.558770353E-06   0.769481812E-05   0.151996046E-04   0.181869052E-05
   0.377358191E-06   0.505597063E-05   0.103836765E-04   0.128594741E-05
   0.246013627E-06   0.318136858E-05   0.664889649E-05   0.832648368E-06
   0.107551053E-06   0.141558223E-05   0.296151097E-05   0.394546078E-06
   0.525143093E-07   0.712707219E-06   0.151869506E-05   0.215657508E-06
   0.119159109E-07   0.179380962E-06   0.369649143E-06   0.617293239E-07
   0.136684297E-08   0.253191175E-07   0.439772485E-07   0.935892341E-08
   0.463298511E-08   0.429004956E-07   0.921003362E-07   0.125392763E-07
   0.817216428E-08   0.710528596E-07   0.118729169E-06   0.209459277E-07
   0.151599053E-07   0.145058195E-06   0.293777958E-06   0.425624656E-07
   0.959902913E-08   0.705805547E-07   0.100144895E-06   0.181986550E-07
   0.795436517E-08   0.888450060E-07   0.220177199E-06   0.287183859E-07
   0.958594093E-08   0.822899082E-07   0.181135235E-06   0.212609130E-07
   0.348439544E-08   0.322049409E-07   0.854410658E-07   0.860157012E-08
   0.303736991E-08   0.136173348E-07   0.166662470E-07   0.937534161E-09
   0.665967725E-08   0.594876326E-07   0.149810205E-06   0.157629572E-07
   0.465165062E-08   0.278053633E-07  -0.356356522E-08   0.969580238E-08
   0.340720208E-08   0.140710359E-07  -0.234675817E-07   0.448308057E-08
   0.115166121E-08   0.933592936E-08   0.171064674E-07   0.277476087E-08
   0.542383805E-09   0.178213455E-08  -0.510144549E-08   0.584200521E-09
   0.454165067E-09   0.474874318E-08  -0.972872183E-08   0.378157505E-08
   0.648307311E-10   0.610001827E-09  -0.135154143E-08   0.454691340E-09
   0.150048710E-09   0.133180456E-08  -0.217995333E-08   0.956261514E-09
   0.429510677E-09   0.387401267E-08  -0.794231969E-08   0.281260104E-08
   0.336187678E-08   0.162312030E-07  -0.388505548E-07   0.791898547E-08
   0.112898935E-08   0.737878869E-08  -0.991373927E-10   0.278002377E-08
   0.997780880E-08   0.400034992E-07  -0.179385609E-06   0.247697560E-07
   0.161002109E-07   0.695427929E-07  -0.271383868E-06   0.409838492E-07
   0.817172197E-08   0.299788070E-07  -0.150236104E-06   0.193962464E-07
   0.211150120E-07   0.825302493E-07  -0.370524674E-06   0.494698682E-07
   0.201662775E-07   0.798430335E-07  -0.308956231E-06   0.415245935E-07
   0.169088921E-07   0.612543758E-07  -0.302751261E-06   0.376720273E-07
   0.263169486E-07   0.100458820E-06  -0.461567367E-06   0.598439698E-07
   0.204461106E-07   0.767754784E-07  -0.373475075E-06   0.489583307E-07
   0.112089671E-07   0.396943456E-07  -0.200593078E-06   0.251720440E-07
   0.374064024E-08   0.191294376E-07  -0.557934356E-07   0.109047473E-07
   0.586703930E-08   0.256560160E-07  -0.103369892E-06   0.175475297E-07
   0.362686663E-07   0.139273027E-06  -0.628171847E-06   0.867300756E-07
   0.109219364E-06   0.397891625E-06  -0.184639418E-05   0.242490358E-06
   0.382998820E-06   0.135306607E-05  -0.636162258E-05   0.808025050E-06
   0.669410895E-06   0.229795614E-05  -0.108041095E-04   0.134217805E-05
   0.124011012E-05   0.413660200E-05  -0.193181659E-04   0.230814067E-05
   0.186714942E-05   0.605296782E-05  -0.279274791E-04   0.327350858E-05
   0.246756485E-05   0.770484621E-05  -0.346299239E-04   0.389808838E-05
   0.301793784E-05   0.905839170E-05  -0.385611311E-04   0.418932586E-05
   0.333411003E-05   0.949131572E-05  -0.358769976E-04   0.372793897E-05
   0.310571545E-05   0.810824076E-05  -0.218179557E-04   0.223451320E-05
   0.330202511E-05   0.753521954E-05  -0.735016420E-05   0.788178852E-06
   0.530332181E-05   0.111051204E-04  -0.647111483E-05   0.748053480E-06
   0.118510043E-04   0.251834954E-04  -0.472929532E-04   0.443325462E-05
   0.268545064E-04   0.580952728E-04  -0.160424766E-03   0.137655352E-04
   0.562400528E-04   0.122337078E-03  -0.391777168E-03   0.314127501E-04
   0.106390784E-03   0.230601596E-03  -0.772191212E-03   0.581225177E-04
   0.185518074E-03   0.399407174E-03  -0.133544498E-02   0.939496676E-04
   0.298154686E-03   0.637750956E-03  -0.204602256E-02   0.134568079E-03
   0.454647321E-03   0.968208187E-03  -0.292478106E-02   0.179577502E-03
   0.658738019E-03   0.140163198E-02  -0.389496284E-02   0.222348011E-03
   0.915366400E-03   0.195269636E-02  -0.489367172E-02   0.257744163E-03
   0.122449268E-02   0.262641441E-02  -0.580529822E-02   0.279970525E-03
   0.158848474E-02   0.343063055E-02  -0.655669067E-02   0.287354225E-03
   0.200246554E-02   0.435464783E-02  -0.704119820E-02   0.275578612E-03
   0.245770114E-02   0.537530286E-02  -0.717182411E-02   0.243813294E-03
   0.292826979E-02   0.642893603E-02  -0.681168586E-02   0.191902989E-03
   0.337631954E-02   0.742723653E-02  -0.587804103E-02   0.128134561E-03
   0.375278760E-02   0.826071668E-02  -0.434247311E-02   0.647169581E-04
   0.400790991E-02   0.882103015E-02  -0.231899996E-02   0.175097884E-04
   0.409768429E-02   0.901883096E-02  -0.481261431E-08   0.000000000E+00
