   0.584846654E-03   0.227468479E-01   0.432810587E-08   0.000000000E+00
   0.588312920E-03   0.223218128E-01   0.290918956E-02   0.173713161E-04
   0.597111473E-03   0.211510845E-01   0.550786220E-02   0.657192068E-04
   0.609006907E-03   0.193900075E-01   0.756906345E-02   0.135679074E-03
   0.618573395E-03   0.172603894E-01   0.897562318E-02   0.213206760E-03
   0.622292457E-03   0.149944108E-01   0.973430742E-02   0.287413306E-03
   0.615952944E-03   0.127591118E-01   0.991256256E-02   0.350228336E-03
   0.598305312E-03   0.106806839E-01   0.964061730E-02   0.395828043E-03
   0.569685479E-03   0.882197544E-02   0.904914457E-02   0.422956451E-03
   0.528895645E-03   0.719694747E-02   0.822617672E-02   0.429262233E-03
   0.477278809E-03   0.579689536E-02   0.725148199E-02   0.420952012E-03
   0.420341064E-03   0.462072156E-02   0.624145474E-02   0.395091134E-03
   0.359646685E-03   0.362996943E-02   0.522684166E-02   0.358726829E-03
   0.297141465E-03   0.279433234E-02   0.423732866E-02   0.313935132E-03
   0.239637593E-03   0.212166831E-02   0.336119719E-02   0.266302581E-03
   0.186582503E-03   0.157007412E-02   0.257864618E-02   0.218203946E-03
   0.138110219E-03   0.111530547E-02   0.188338419E-02   0.168781364E-03
   0.990519184E-04   0.770971761E-03   0.133407942E-02   0.126162413E-03
   0.681876190E-04   0.512974861E-03   0.907090434E-03   0.902071552E-04
   0.440594486E-04   0.320739753E-03   0.577766332E-03   0.600038984E-04
   0.268811091E-04   0.188463629E-03   0.346278423E-03   0.374667288E-04
   0.146272650E-04   0.979944598E-04   0.183477401E-03   0.206040113E-04
   0.741949316E-05   0.464042969E-04   0.895835474E-04   0.104334013E-04
   0.330139505E-05   0.185906119E-04   0.373860894E-04   0.445692740E-05
   0.112629994E-05   0.556187615E-05   0.112798962E-04   0.140510372E-05
   0.353870035E-06   0.199353258E-05   0.324864413E-05   0.416615507E-06
   0.271690226E-06   0.281094367E-05   0.381764721E-05   0.557966587E-06
   0.419073842E-06   0.492616300E-05   0.697071073E-05   0.984895223E-06
   0.628711405E-06   0.704848117E-05   0.103745542E-04   0.149804896E-05
   0.745416912E-06   0.777796595E-05   0.118242269E-04   0.166514133E-05
   0.756694590E-06   0.763525986E-05   0.118314665E-04   0.171203237E-05
   0.697224436E-06   0.680523817E-05   0.107390497E-04   0.156269675E-05
   0.635460196E-06   0.601456759E-05   0.953102062E-05   0.138173357E-05
   0.478705260E-06   0.439579071E-05   0.710256745E-05   0.101874957E-05
   0.326045296E-06   0.291621632E-05   0.478664560E-05   0.678692572E-06
   0.223968286E-06   0.191685035E-05   0.315334819E-05   0.425835992E-06
   0.152341514E-06   0.121671030E-05   0.200951058E-05   0.246915704E-06
   0.983821664E-07   0.752388189E-06   0.119404308E-05   0.144366979E-06
   0.723736093E-07   0.435000373E-06   0.437065466E-06   0.656172929E-07
   0.274465002E-07   0.992293891E-07   0.110202379E-06  -0.772841524E-08
   0.316391215E-07   0.108602435E-06  -0.538644116E-07   0.110688960E-07
   0.336847137E-07   0.876239952E-07  -0.246368728E-06   0.309829957E-07
   0.141132555E-07   0.417918677E-07  -0.121483481E-06   0.283542239E-07
   0.166399623E-07   0.611427424E-07  -0.138496034E-06   0.443986501E-07
   0.354144376E-07   0.119368224E-06  -0.188331612E-06   0.771227633E-07
   0.984658044E-08   0.752105009E-07   0.935987199E-08   0.475272799E-07
   0.127843531E-07   0.125550088E-06   0.136074661E-06   0.626329282E-07
   0.378599996E-08   0.426426041E-07   0.549939152E-07   0.196707912E-07
   0.418706403E-08   0.233484219E-07   0.161483182E-07   0.102913349E-07
   0.167101941E-07   0.845675956E-07   0.766868169E-07   0.100093187E-07
   0.217514540E-07   0.563545406E-07   0.447074999E-08  -0.747286322E-08
   0.475941526E-07   0.109034652E-06  -0.277505649E-06   0.198211030E-07
   0.111920649E-06   0.263970890E-06  -0.843188104E-06   0.962491100E-07
   0.187709190E-06   0.437322598E-06  -0.148847619E-05   0.184625463E-06
   0.326161029E-06   0.782187442E-06  -0.270826922E-05   0.387414815E-06
   0.587274030E-06   0.147444462E-05  -0.483801841E-05   0.682630684E-06
   0.877237426E-06   0.217227830E-05  -0.730682768E-05   0.107944084E-05
   0.137452912E-05   0.341918417E-05  -0.114205468E-04   0.170991859E-05
   0.163614720E-05   0.396349287E-05  -0.133762887E-04   0.198487169E-05
   0.223153506E-05   0.542767020E-05  -0.180908391E-04   0.269858447E-05
   0.212483701E-05   0.513324539E-05  -0.169328741E-04   0.251396750E-05
   0.226208385E-05   0.539537223E-05  -0.175972345E-04   0.258917476E-05
   0.186810530E-05   0.440200847E-05  -0.139594104E-04   0.192454877E-05
   0.148475078E-05   0.342974272E-05  -0.104326164E-04   0.139835049E-05
   0.844643068E-06   0.188146430E-05  -0.539683833E-05   0.805842376E-06
   0.741934969E-06   0.134479228E-05  -0.439649557E-05   0.632318518E-06
   0.243445538E-05   0.436227037E-05  -0.172409927E-04   0.229339935E-05
   0.737563505E-05   0.135932924E-04  -0.532506019E-04   0.669986775E-05
   0.172207383E-04   0.320984109E-04  -0.122858939E-03   0.148698027E-04
   0.350040355E-04   0.652145318E-04  -0.244583149E-03   0.283084228E-04
   0.654706964E-04   0.120721474E-03  -0.445888203E-03   0.494091182E-04
   0.110020374E-03   0.200588984E-03  -0.728447165E-03   0.769882172E-04
   0.174125700E-03   0.313285535E-03  -0.111755135E-02   0.112660520E-03
   0.258959772E-03   0.459980802E-03  -0.160579209E-02   0.154079884E-03
   0.368624198E-03   0.648620306E-03  -0.220316509E-02   0.199685353E-03
   0.503932592E-03   0.880526437E-03  -0.289106788E-02   0.246132433E-03
   0.669600326E-03   0.116606860E-02  -0.367238163E-02   0.293208461E-03
   0.864035159E-03   0.150653592E-02  -0.450613489E-02   0.335279939E-03
   0.108733564E-02   0.190789171E-02  -0.535799609E-02   0.368005043E-03
   0.134082371E-02   0.238005444E-02  -0.619264646E-02   0.390612084E-03
   0.162565219E-02   0.293364655E-02  -0.697179651E-02   0.399934244E-03
   0.194247323E-02   0.357846892E-02  -0.764254527E-02   0.396233576E-03
   0.229374156E-02   0.432494842E-02  -0.816489756E-02   0.380124548E-03
   0.268097501E-02   0.518076262E-02  -0.848894753E-02   0.347495516E-03
   0.309596886E-02   0.612879731E-02  -0.851866044E-02   0.300250656E-03
   0.353034749E-02   0.714435894E-02  -0.818816200E-02   0.242387090E-03
   0.396422623E-02   0.817603525E-02  -0.742869312E-02   0.177909053E-03
   0.436680811E-02   0.914218649E-02  -0.618618028E-02   0.111460911E-03
   0.469612423E-02   0.993614364E-02  -0.446237251E-02   0.538157037E-04
   0.491577992E-02   0.104680834E-01  -0.234410609E-02   0.141556666E-04
   0.499027455E-02   0.106489155E-01  -0.547540102E-08   0.000000000E+00
