   0.180950877E-02   0.334989838E-01   0.000000000E+00   0.000000000E+00
   0.178120821E-02   0.327374227E-01   0.350477407E-02   0.216937387E-04
   0.170124613E-02   0.306173805E-01   0.652353093E-02   0.809779885E-04
   0.158428110E-02   0.275192894E-01   0.873308629E-02   0.162440148E-03
   0.144658389E-02   0.239091367E-01   0.100319767E-01   0.249369739E-03
   0.130397512E-02   0.202109795E-01   0.105168028E-01   0.326040143E-03
   0.116598653E-02   0.167499240E-01   0.103794970E-01   0.386758475E-03
   0.103766774E-02   0.136624416E-01   0.982109923E-02   0.425648643E-03
   0.918990758E-03   0.110338917E-01   0.901057851E-02   0.446443039E-03
   0.809575839E-03   0.884686690E-02   0.807477068E-02   0.451175583E-03
   0.707165338E-03   0.704818591E-02   0.709093781E-02   0.438461022E-03
   0.610534917E-03   0.558128068E-02   0.610971730E-02   0.415288901E-03
   0.520399190E-03   0.439322181E-02   0.517559377E-02   0.380908867E-03
   0.436100556E-03   0.342822727E-02   0.430123694E-02   0.342657964E-03
   0.358390651E-03   0.265099504E-02   0.350537989E-02   0.298757775E-03
   0.288449344E-03   0.202493067E-02   0.279820594E-02   0.252145022E-03
   0.226983189E-03   0.152089726E-02   0.218334352E-02   0.209610138E-03
   0.173348541E-03   0.111729535E-02   0.165391422E-02   0.167507664E-03
   0.128581800E-03   0.801671471E-03   0.121723744E-02   0.129294174E-03
   0.929128801E-04   0.561742985E-03   0.872542383E-03   0.971889021E-04
   0.645910113E-04   0.378591154E-03   0.600427331E-03   0.700054079E-04
   0.426296901E-04   0.241915506E-03   0.391035952E-03   0.475996749E-04
   0.267811502E-04   0.147053550E-03   0.241560367E-03   0.303294528E-04
   0.160020536E-04   0.842816444E-04   0.141258875E-03   0.185128902E-04
   0.885468580E-05   0.439253345E-04   0.755169822E-04   0.103001285E-04
   0.421251161E-05   0.185909357E-04   0.333467069E-04   0.470453824E-05
   0.192221682E-05   0.733536490E-05   0.137983752E-04   0.201174225E-05
   0.688897046E-06   0.214357965E-05   0.398501970E-05   0.583645033E-06
   0.272336422E-06   0.111603003E-05   0.144575563E-05   0.165566448E-06
   0.206781166E-06   0.180292636E-05   0.188626257E-05   0.189368535E-06
   0.334058399E-06   0.326582335E-05   0.370380917E-05   0.389058869E-06
   0.458977269E-06   0.423104166E-05   0.520967569E-05   0.618206457E-06
   0.546160322E-06   0.475882325E-05   0.607538686E-05   0.750282140E-06
   0.573990690E-06   0.487713942E-05   0.647122260E-05   0.870921610E-06
   0.517254591E-06   0.414367378E-05   0.566806420E-05   0.741491476E-06
   0.469901352E-06   0.367023563E-05   0.501359318E-05   0.659710395E-06
   0.403073585E-06   0.302981675E-05   0.423468373E-05   0.548433036E-06
   0.325951618E-06   0.238060056E-05   0.315258603E-05   0.405872441E-06
   0.243627937E-06   0.174695776E-05   0.229448870E-05   0.299337160E-06
   0.175110628E-06   0.117222407E-05   0.144828209E-05   0.182243284E-06
   0.119410387E-06   0.817454747E-06   0.104615515E-05   0.137145676E-06
   0.719670652E-07   0.449974152E-06   0.532527906E-06   0.654481340E-07
   0.344360096E-07   0.205389668E-06   0.242465745E-06   0.277316179E-07
   0.204923740E-07   0.171588312E-06   0.208989348E-06   0.407931502E-07
   0.350271034E-08   0.457741045E-07   0.508103781E-07   0.172389338E-07
   0.284509638E-08   0.267967906E-07   0.123842323E-07   0.153358020E-07
   0.111828564E-07   0.342788162E-07  -0.789038737E-07   0.227905552E-07
   0.340436479E-07   0.791586601E-07  -0.187893264E-06   0.311959987E-07
   0.735849781E-07   0.144580085E-06  -0.375190666E-06   0.455293687E-07
   0.151190903E-06   0.284582711E-06  -0.798499002E-06   0.989795979E-07
   0.217947090E-06   0.414942861E-06  -0.111720487E-05   0.130365962E-06
   0.425203837E-06   0.846279249E-06  -0.232023240E-05   0.320002187E-06
   0.614096905E-06   0.116710896E-05  -0.334358219E-05   0.452670406E-06
   0.812700534E-06   0.152701921E-05  -0.444058423E-05   0.616738419E-06
   0.114547288E-05   0.213263934E-05  -0.621344498E-05   0.857605926E-06
   0.141532530E-05   0.266289408E-05  -0.767916117E-05   0.108755967E-05
   0.153160966E-05   0.282551150E-05  -0.821168396E-05   0.119406991E-05
   0.174019908E-05   0.324121629E-05  -0.917709804E-05   0.128128875E-05
   0.155439000E-05   0.284995645E-05  -0.791840466E-05   0.103991465E-05
   0.154431189E-05   0.284495695E-05  -0.761589035E-05   0.989613568E-06
   0.108956863E-05   0.195287680E-05  -0.491447145E-05   0.569229485E-06
   0.684143856E-06   0.112249234E-05  -0.265202402E-05   0.320516193E-06
   0.548010235E-06   0.667735378E-06  -0.172107445E-05   0.197133232E-06
   0.134915194E-05   0.166030043E-05  -0.603153558E-05   0.909241123E-06
   0.380261690E-05   0.517029912E-05  -0.186597063E-04   0.274748891E-05
   0.945012744E-05   0.135069795E-04  -0.471913881E-04   0.669200290E-05
   0.199163078E-04   0.289575728E-04  -0.985935985E-04   0.134041129E-04
   0.375598029E-04   0.553069185E-04  -0.183588170E-03   0.238182765E-04
   0.637370686E-04   0.930919705E-04  -0.303993496E-03   0.381829195E-04
   0.102504375E-03   0.149256288E-03  -0.477670430E-03   0.572164390E-04
   0.157463917E-03   0.227453507E-03  -0.714174472E-03   0.819319757E-04
   0.229550889E-03   0.329093658E-03  -0.101054762E-02   0.110603483E-03
   0.322818785E-03   0.460534677E-03  -0.137588824E-02   0.142645004E-03
   0.442927529E-03   0.629331742E-03  -0.182276487E-02   0.179496885E-03
   0.587927061E-03   0.835055369E-03  -0.232569920E-02   0.215468230E-03
   0.763726362E-03   0.108760817E-02  -0.289181597E-02   0.252026977E-03
   0.972119917E-03   0.139460666E-02  -0.350536802E-02   0.284214679E-03
   0.121841091E-02   0.176704256E-02  -0.415872922E-02   0.315178942E-03
   0.150998915E-02   0.222589448E-02  -0.484813284E-02   0.337242935E-03
   0.185098953E-02   0.278363936E-02  -0.554239191E-02   0.352837087E-03
   0.225302717E-02   0.346720312E-02  -0.623260019E-02   0.360346748E-03
   0.272833346E-02   0.430383580E-02  -0.689951144E-02   0.357056124E-03
   0.328767719E-02   0.531847123E-02  -0.749809854E-02   0.343816209E-03
   0.394568825E-02   0.653997110E-02  -0.798407570E-02   0.321082451E-03
   0.469693914E-02   0.795786083E-02  -0.826499052E-02   0.284695823E-03
   0.553602818E-02   0.956326630E-02  -0.823500380E-02   0.237302927E-03
   0.641933922E-02   0.112662585E-01  -0.774506759E-02   0.178555798E-03
   0.727393478E-02   0.129273767E-01  -0.666747568E-02   0.115746734E-03
   0.800720882E-02   0.143562984E-01  -0.494268304E-02   0.571548444E-04
   0.849623326E-02   0.153158512E-01  -0.264074164E-02   0.152680568E-04
   0.867320970E-02   0.156635307E-01  -0.615846574E-08   0.000000000E+00
