   0.397307565E-03   0.571116731E-01   0.832447355E-08   0.000000000E+00
   0.411231362E-03   0.561687835E-01   0.518095074E-02   0.327480229E-04
   0.449355226E-03   0.534749739E-01   0.986900553E-02   0.123431499E-03
   0.504190684E-03   0.493225455E-01   0.136771677E-01   0.253107341E-03
   0.563910115E-03   0.441774391E-01   0.163771175E-01   0.397158990E-03
   0.616236182E-03   0.385054722E-01   0.178913511E-01   0.533241720E-03
   0.652316492E-03   0.327334255E-01   0.183489434E-01   0.640617334E-03
   0.663125364E-03   0.271671508E-01   0.178230479E-01   0.710407097E-03
   0.647389097E-03   0.220475905E-01   0.165782049E-01   0.733479392E-03
   0.607373600E-03   0.175059494E-01   0.148375407E-01   0.726617582E-03
   0.544824696E-03   0.135854669E-01   0.127530219E-01   0.679776189E-03
   0.468143495E-03   0.102859223E-01   0.105440486E-01   0.605689245E-03
   0.386077008E-03   0.759720244E-02   0.840671081E-02   0.520928996E-03
   0.303144887E-03   0.544119626E-02   0.639842870E-02   0.424989616E-03
   0.226428034E-03   0.376940775E-02   0.463803438E-02   0.323774031E-03
   0.160641386E-03   0.251612137E-02   0.319162733E-02   0.234744803E-03
   0.106238367E-03   0.159483950E-02   0.203222013E-02   0.157464819E-03
   0.665555999E-04   0.971574802E-03   0.121947064E-02   0.983287246E-04
   0.368618021E-04   0.545895484E-03   0.624964596E-03   0.510915052E-04
   0.184861638E-04   0.290794618E-03   0.276544102E-03   0.223051920E-04
   0.829616420E-05   0.150812411E-03   0.996237359E-04   0.738852350E-05
   0.306930269E-05   0.795697415E-04   0.210322851E-04   0.934403374E-06
   0.113409055E-05   0.513459818E-04   0.629502983E-05   0.455948509E-06
   0.103412378E-05   0.430637556E-04   0.215387081E-04   0.290081243E-05
   0.150362234E-05   0.427165287E-04   0.425220969E-04   0.572926638E-05
   0.189231991E-05   0.420018187E-04   0.565565133E-04   0.790772447E-05
   0.224651694E-05   0.422240191E-04   0.675509436E-04   0.959659792E-05
   0.203496370E-05   0.352080933E-04   0.610369316E-04   0.895753783E-05
   0.176391109E-05   0.282364545E-04   0.507909135E-04   0.733009210E-05
   0.143661487E-05   0.222031613E-04   0.414994720E-04   0.616152738E-05
   0.930819567E-06   0.143606885E-04   0.273665428E-04   0.428142766E-05
   0.567508550E-06   0.859539887E-05   0.164856556E-04   0.261801688E-05
   0.355478448E-06   0.529599220E-05   0.103217926E-04   0.164731307E-05
   0.175198892E-06   0.249743903E-05   0.491007086E-05   0.746760008E-06
   0.871900454E-07   0.127595069E-05   0.230514320E-05   0.396188995E-06
   0.199326156E-07   0.360135800E-06   0.653405948E-06   0.138590124E-06
   0.769423103E-08   0.710595813E-07   0.498671824E-07   0.151790420E-07
   0.537009859E-08   0.637452260E-07   0.113997281E-06   0.241063685E-07
   0.697429758E-08   0.962851345E-07   0.204382573E-06   0.396057729E-07
   0.119667263E-07   0.176147410E-06   0.365544281E-06   0.755409602E-07
   0.249342751E-07   0.287094821E-06   0.353257917E-06   0.152531612E-06
   0.128673978E-07   0.225661438E-06   0.378044149E-06   0.116649908E-06
   0.108567777E-07   0.238862128E-06   0.337479804E-06   0.135599450E-06
   0.305389172E-07   0.438714693E-06   0.552208803E-06   0.243943589E-06
   0.438450414E-07   0.434284971E-06  -0.321213889E-06   0.303913396E-06
   0.329570788E-07   0.362590498E-06  -0.365786036E-06   0.270035571E-06
   0.560240032E-07   0.463779884E-06  -0.771273960E-06   0.339562149E-06
   0.543440848E-07   0.379562550E-06  -0.105544564E-05   0.286008856E-06
   0.415112247E-07   0.318434815E-06  -0.719584989E-06   0.240577975E-06
   0.401802609E-07   0.279946448E-06  -0.701162662E-06   0.208568792E-06
   0.317571001E-07   0.239707589E-06  -0.413418661E-06   0.172375834E-06
   0.136250309E-07   0.862399361E-07  -0.255986748E-06   0.644985576E-07
   0.179027406E-07   0.977785177E-07  -0.363575310E-06   0.639241264E-07
   0.692919588E-08   0.320631521E-07  -0.308993831E-09   0.956132773E-08
   0.867968009E-08   0.395016926E-07  -0.128865608E-06   0.173721642E-07
   0.101548615E-06   0.513596149E-06  -0.178299956E-05   0.272349467E-06
   0.206175486E-06   0.101242370E-05  -0.362657715E-05   0.537901599E-06
   0.365217687E-06   0.181753092E-05  -0.672907026E-05   0.109334735E-05
   0.874055161E-06   0.418878199E-05  -0.157610084E-04   0.243247564E-05
   0.161631203E-05   0.766812627E-05  -0.287310722E-04   0.439074665E-05
   0.241158227E-05   0.112006028E-04  -0.419593671E-04   0.635203878E-05
   0.323369363E-05   0.146537250E-04  -0.542163580E-04   0.782243387E-05
   0.457601527E-05   0.203436648E-04  -0.742000120E-04   0.104958253E-04
   0.554440157E-05   0.242460101E-04  -0.849805947E-04   0.115186685E-04
   0.611630821E-05   0.262700360E-04  -0.871514931E-04   0.119133620E-04
   0.682348946E-05   0.284118705E-04  -0.855276303E-04   0.111950649E-04
   0.628806447E-05   0.251751080E-04  -0.586091082E-04   0.746264459E-05
   0.620081255E-05   0.232279945E-04  -0.300368865E-04   0.411702467E-05
   0.757459065E-05   0.253232174E-04  -0.113474771E-04   0.178780624E-05
   0.130292274E-04   0.408335000E-04  -0.293914600E-04   0.371140186E-05
   0.262895719E-04   0.812105427E-04  -0.126502113E-03   0.140476013E-04
   0.541234112E-04   0.167233011E-03  -0.375901756E-03   0.391760877E-04
   0.102040955E-03   0.315991812E-03  -0.813196471E-03   0.799256668E-04
   0.177660550E-03   0.547826116E-03  -0.148439768E-02   0.140503325E-03
   0.294364756E-03   0.906331174E-03  -0.250504795E-02   0.223545736E-03
   0.451578351E-03   0.138844212E-02  -0.375457224E-02   0.317600498E-03
   0.667756540E-03   0.205384498E-02  -0.537497364E-02   0.429213018E-03
   0.941541395E-03   0.290675554E-02  -0.720488327E-02   0.541231944E-03
   0.127658946E-02   0.397001393E-02  -0.915333536E-02   0.645734952E-03
   0.168915186E-02   0.530531490E-02  -0.112863006E-01   0.744512014E-03
   0.216128631E-02   0.688059116E-02  -0.132395681E-01   0.812492159E-03
   0.270445785E-02   0.874480326E-02  -0.150309391E-01   0.848170603E-03
   0.330659095E-02   0.108698858E-01  -0.164155327E-01   0.851731573E-03
   0.396380853E-02   0.132447463E-01  -0.172986425E-01   0.807835953E-03
   0.466305157E-02   0.158113018E-01  -0.175449587E-01   0.724229380E-03
   0.537372474E-02   0.184523370E-01  -0.169180073E-01   0.600566447E-03
   0.606206618E-02   0.210226141E-01  -0.153194806E-01   0.446296879E-03
   0.668183202E-02   0.233410150E-01  -0.127034271E-01   0.285143702E-03
   0.717929006E-02   0.251948796E-01  -0.912059657E-02   0.138432748E-03
   0.750376098E-02   0.264010578E-01  -0.477892766E-02   0.366472595E-04
   0.761559466E-02   0.268185027E-01  -0.142433878E-07   0.000000000E+00
