   0.366880413E-03   0.475663319E-01   0.593397598E-08   0.000000000E+00
   0.383046427E-03   0.468521006E-01   0.564409560E-02   0.343089596E-04
   0.429944572E-03   0.447682478E-01   0.108189275E-01   0.130833912E-03
   0.498765090E-03   0.415834934E-01   0.151486928E-01   0.274078251E-03
   0.577068247E-03   0.376274735E-01   0.184093639E-01   0.440482254E-03
   0.651075563E-03   0.332516879E-01   0.204957873E-01   0.605509267E-03
   0.708337757E-03   0.287319906E-01   0.213989653E-01   0.750565552E-03
   0.742950535E-03   0.243877638E-01   0.213315170E-01   0.866320333E-03
   0.746186823E-03   0.203053858E-01   0.203530379E-01   0.932444353E-03
   0.721879594E-03   0.166361202E-01   0.187641028E-01   0.961380312E-03
   0.672630966E-03   0.134191029E-01   0.167580228E-01   0.942051061E-03
   0.605215610E-03   0.106572704E-01   0.145367533E-01   0.894056342E-03
   0.522084592E-03   0.828057155E-02   0.121596158E-01   0.808976009E-03
   0.431933877E-03   0.627606735E-02   0.980125368E-02   0.700384029E-03
   0.344305998E-03   0.465078140E-02   0.764867757E-02   0.583198213E-03
   0.263287366E-03   0.334118982E-02   0.574503653E-02   0.469359336E-03
   0.192748295E-03   0.232135388E-02   0.414007623E-02   0.357270415E-03
   0.130994376E-03   0.150955433E-02   0.276896986E-02   0.251981342E-03
   0.848197087E-04   0.941180449E-03   0.176648214E-02   0.168552870E-03
   0.508622616E-04   0.542426482E-03   0.103997090E-02   0.103864848E-03
   0.284502312E-04   0.291961565E-03   0.569316791E-03   0.591176031E-04
   0.137962961E-04   0.135817318E-03   0.266342831E-03   0.285027363E-04
   0.561961997E-05   0.537699962E-04   0.102150880E-03   0.112346434E-04
   0.196713927E-05   0.192033913E-04   0.327356647E-04   0.364506309E-05
   0.693461686E-06   0.102993545E-04   0.129320124E-04   0.173675710E-05
   0.864400818E-06   0.142541458E-04   0.208381189E-04   0.282574183E-05
   0.149364485E-05   0.231384929E-04   0.385615858E-04   0.555612178E-05
   0.202150295E-05   0.285477399E-04   0.505978132E-04   0.715174792E-05
   0.225128133E-05   0.304349705E-04   0.554045000E-04   0.796431505E-05
   0.221911887E-05   0.291106389E-04   0.541317168E-04   0.792065293E-05
   0.190674200E-05   0.243629838E-04   0.458944050E-04   0.674448120E-05
   0.153037581E-05   0.195149150E-04   0.372423892E-04   0.570354632E-05
   0.130638114E-05   0.160387008E-04   0.306291986E-04   0.453514622E-05
   0.742896759E-06   0.904719218E-05   0.171859847E-04   0.258040563E-05
   0.511865608E-06   0.608319215E-05   0.115609027E-04   0.171860484E-05
   0.307373881E-06   0.371544684E-05   0.735306003E-05   0.113740464E-05
   0.137910476E-06   0.146293485E-05   0.286415593E-05   0.366133207E-06
   0.768839854E-07   0.645538194E-06   0.113149872E-05   0.106240634E-06
   0.463059280E-07   0.227397379E-06   0.868460717E-07   0.311878368E-08
   0.154924464E-07   0.357144749E-07  -0.639272884E-07  -0.117942385E-07
   0.218557012E-07   0.844363939E-07  -0.226879266E-06   0.441929977E-07
   0.146613530E-07   0.174417607E-06   0.328101102E-07   0.115916805E-06
   0.333760752E-07   0.289695862E-06  -0.385763371E-06   0.220723209E-06
   0.262987658E-07   0.307366150E-06  -0.334127179E-07   0.215118888E-06
   0.565057974E-07   0.561986496E-06  -0.125312098E-06   0.385609354E-06
   0.638230659E-07   0.493328628E-06  -0.665700213E-06   0.362453932E-06
   0.250737529E-07   0.340746141E-06   0.113040080E-06   0.228875180E-06
   0.380843836E-07   0.395728961E-06   0.669944029E-07   0.257703647E-06
   0.527551123E-07   0.507623895E-06   0.328090977E-06   0.294319960E-06
   0.199702903E-07   0.237626480E-06   0.457108058E-06   0.961209139E-07
   0.133234010E-07   0.140381303E-06   0.302775845E-06   0.414162677E-07
   0.339337660E-07   0.226637653E-06   0.349084985E-06   0.224665246E-07
   0.580770099E-07   0.202392826E-06  -0.698515919E-06   0.619201117E-07
   0.154414309E-06   0.596193502E-06  -0.216691751E-05   0.265587943E-06
   0.346033289E-06   0.139522569E-05  -0.506504512E-05   0.684752820E-06
   0.593963932E-06   0.248724041E-05  -0.909742448E-05   0.138390863E-05
   0.987186127E-06   0.411249221E-05  -0.148563240E-04   0.217917318E-05
   0.164215123E-05   0.688914679E-05  -0.247382104E-04   0.369742997E-05
   0.251917936E-05   0.104126420E-04  -0.375926174E-04   0.558284592E-05
   0.354489589E-05   0.146435232E-04  -0.523655435E-04   0.772714793E-05
   0.431938770E-05   0.175072291E-04  -0.631037765E-04   0.942792394E-05
   0.457292617E-05   0.183595130E-04  -0.653065581E-04   0.936163451E-05
   0.541381496E-05   0.215019008E-04  -0.759527247E-04   0.109739976E-04
   0.527738666E-05   0.206966779E-04  -0.714102644E-04   0.984657254E-05
   0.365078563E-05   0.141569508E-04  -0.466127349E-04   0.627877671E-05
   0.244815465E-05   0.927396195E-05  -0.278307871E-04   0.384735176E-05
   0.190300432E-05   0.635594051E-05  -0.169935156E-04   0.218608920E-05
   0.384543682E-05   0.116860892E-04  -0.382323742E-04   0.478925949E-05
   0.110373476E-04   0.338647114E-04  -0.123243342E-03   0.146931015E-04
   0.283574282E-04   0.872444725E-04  -0.326383335E-03   0.373435396E-04
   0.607032780E-04   0.186943857E-03  -0.696703617E-03   0.761992123E-04
   0.111497895E-03   0.338934391E-03  -0.125114259E-02   0.131582099E-03
   0.192184729E-03   0.578615756E-03  -0.210153405E-02   0.209506950E-03
   0.302318978E-03   0.898875936E-03  -0.319619873E-02   0.304820947E-03
   0.451919215E-03   0.133216428E-02  -0.460156659E-02   0.414936163E-03
   0.644981686E-03   0.188874139E-02  -0.629513990E-02   0.536693726E-03
   0.883202010E-03   0.257918681E-02  -0.821859948E-02   0.659503858E-03
   0.116296986E-02   0.340132019E-02  -0.102473320E-01   0.769962964E-03
   0.149006199E-02   0.438176235E-02  -0.123496009E-01   0.868882635E-03
   0.185915735E-02   0.552865257E-02  -0.143742245E-01   0.937278033E-03
   0.226814207E-02   0.685338583E-02  -0.161980633E-01   0.970183231E-03
   0.271160575E-02   0.835553557E-02  -0.176674277E-01   0.966017833E-03
   0.318809529E-02   0.100423992E-01  -0.186778549E-01   0.925452856E-03
   0.369133474E-02   0.118964845E-01  -0.191018861E-01   0.848159892E-03
   0.421199715E-02   0.138786519E-01  -0.188234765E-01   0.727380742E-03
   0.473258132E-02   0.159093868E-01  -0.177212171E-01   0.584539142E-03
   0.523053296E-02   0.178837944E-01  -0.157286618E-01   0.423820660E-03
   0.567791192E-02   0.196668245E-01  -0.128526818E-01   0.263192342E-03
   0.603007106E-02   0.210811794E-01  -0.911097601E-02   0.125921550E-03
   0.625992613E-02   0.220005028E-01  -0.473215291E-02   0.328467249E-04
   0.634129392E-02   0.223283917E-01  -0.117759269E-07   0.000000000E+00
