   0.136557923E-03   0.152841173E-01  -0.591305616E-10   0.000000000E+00
   0.141145167E-03   0.149210375E-01   0.171362050E-02   0.104175951E-04
   0.153309345E-03   0.138947992E-01   0.319405063E-02   0.383140214E-04
   0.169291699E-03   0.123765469E-01   0.428084889E-02   0.753737258E-04
   0.184163699E-03   0.105854208E-01   0.490445411E-02   0.111807945E-03
   0.193488246E-03   0.872658286E-02   0.508022122E-02   0.140858261E-03
   0.194223016E-03   0.696335873E-02   0.489167869E-02   0.157248418E-03
   0.185054712E-03   0.538330479E-02   0.442502927E-02   0.160423384E-03
   0.166969330E-03   0.403762609E-02   0.378991407E-02   0.151983782E-03
   0.142208970E-03   0.292891078E-02   0.307228602E-02   0.135336348E-03
   0.114351336E-03   0.205367524E-02   0.236397376E-02   0.112983849E-03
   0.862781308E-04   0.138251821E-02   0.171294354E-02   0.885117042E-04
   0.611975338E-04   0.890901836E-03   0.116971938E-02   0.645335822E-04
   0.395556963E-04   0.536595879E-03   0.722950790E-03   0.423149904E-04
   0.236390679E-04   0.304065412E-03   0.410577253E-03   0.253101243E-04
   0.123974396E-04   0.156884154E-03   0.198669979E-03   0.125758761E-04
   0.564581387E-05   0.739308671E-04   0.784993026E-04   0.483274289E-05
   0.211824295E-05   0.325676665E-04   0.216072185E-04   0.112394355E-05
   0.639031043E-06   0.154176360E-04   0.258311661E-05  -0.241874289E-07
   0.312623087E-06   0.105469480E-04   0.321368589E-05   0.280236378E-06
   0.429273626E-06   0.106078769E-04   0.100425659E-04   0.108064671E-05
   0.564743232E-06   0.103482089E-04   0.145827735E-04   0.160936463E-05
   0.657379076E-06   0.101841670E-04   0.173264780E-04   0.196609471E-05
   0.522332925E-06   0.742310476E-05   0.135574764E-04   0.157948830E-05
   0.431072493E-06   0.577713263E-05   0.111546051E-04   0.133954597E-05
   0.321609576E-06   0.410376879E-05   0.819765046E-05   0.995799837E-06
   0.167406185E-06   0.212629425E-05   0.435315178E-05   0.550191146E-06
   0.828659168E-07   0.102765637E-05   0.207485868E-05   0.270085366E-06
   0.339452697E-07   0.435977569E-06   0.900778048E-06   0.123360934E-06
   0.517153342E-08   0.783621488E-07   0.151675096E-06   0.261256030E-07
   0.549444434E-09   0.873878570E-08   0.154127306E-07   0.279343304E-08
   0.121379473E-08   0.957676161E-08   0.155088848E-07   0.293331448E-08
   0.863901040E-08   0.816579941E-07   0.164490260E-06   0.238287257E-07
   0.106534621E-07   0.102970823E-06   0.222927923E-06   0.293169951E-07
   0.739980344E-08   0.721428322E-07   0.180333160E-06   0.202756905E-07
   0.153622359E-07   0.145976969E-06   0.291466193E-06   0.435290168E-07
   0.526708011E-08   0.400228579E-07   0.798449591E-07   0.937334921E-08
   0.439992753E-08   0.296511846E-07   0.506837665E-07   0.661153621E-08
   0.465293715E-08   0.239206130E-07   0.473553374E-08   0.614186035E-08
   0.164369329E-08   0.602208239E-08  -0.135097722E-08   0.712246540E-09
   0.115428811E-08   0.506824049E-08   0.363462926E-08   0.700706992E-09
   0.139491985E-08   0.391032318E-08  -0.197700434E-07   0.194072114E-08
   0.153753710E-08   0.769794362E-08  -0.496715336E-08   0.268177258E-08
   0.234502445E-09   0.201130534E-08  -0.512028775E-08   0.162358849E-08
   0.162871328E-09   0.814350587E-09  -0.251282462E-08   0.516617638E-09
   0.266664330E-09   0.345576101E-08   0.151372204E-08   0.209597273E-08
   0.137361275E-09   0.982436688E-09  -0.223852092E-08   0.676500855E-09
   0.150705545E-09   0.961835389E-09  -0.226659735E-08   0.658363919E-09
   0.344547973E-09   0.263653654E-08   0.573186787E-08   0.761183727E-09
   0.158720337E-08   0.525850252E-08  -0.207901376E-07   0.248925325E-08
   0.273390954E-08   0.104362705E-07  -0.340612232E-07   0.498038011E-08
   0.245103116E-08   0.812995182E-08  -0.150874087E-07   0.180754856E-08
   0.892258889E-08   0.295819955E-07  -0.148719863E-06   0.184683433E-07
   0.528087130E-08   0.151957682E-07  -0.798993014E-07   0.808743739E-08
   0.233640272E-07   0.867900525E-07  -0.355021456E-06   0.485891860E-07
   0.149520964E-07   0.507376754E-07  -0.241731271E-06   0.299900798E-07
   0.180416784E-07   0.626104608E-07  -0.282427180E-06   0.356012642E-07
   0.245441090E-07   0.881442688E-07  -0.374357825E-06   0.486119482E-07
   0.226334915E-07   0.794026107E-07  -0.387784610E-06   0.524221697E-07
   0.476552042E-08   0.188737630E-07  -0.731532737E-07   0.109286544E-07
   0.154113888E-08   0.905526054E-08  -0.247018619E-07   0.668727695E-08
   0.302190024E-07   0.109759767E-06  -0.491905041E-06   0.728748404E-07
   0.116881409E-06   0.396880324E-06  -0.184363125E-05   0.245601228E-06
   0.223997688E-06   0.737601056E-06  -0.343784745E-05   0.445749066E-06
   0.488036278E-06   0.153861129E-05  -0.725873770E-05   0.905803915E-06
   0.103772709E-05   0.317171816E-05  -0.149223224E-04   0.177557979E-05
   0.151486131E-05   0.448221545E-05  -0.208619458E-04   0.241620842E-05
   0.214080751E-05   0.612852000E-05  -0.277879881E-04   0.308117228E-05
   0.242449596E-05   0.668947359E-05  -0.286195955E-04   0.308568838E-05
   0.273319120E-05   0.714849102E-05  -0.275335024E-04   0.288711408E-05
   0.245582169E-05   0.587803470E-05  -0.161249554E-04   0.163705420E-05
   0.261106175E-05   0.545004605E-05  -0.557305566E-05   0.577412891E-06
   0.421131381E-05   0.805984382E-05  -0.653087136E-05   0.748521302E-06
   0.952956634E-05   0.184996388E-04  -0.384823652E-04   0.361516686E-05
   0.218679779E-04   0.433243877E-04  -0.127649677E-03   0.109564671E-04
   0.474699991E-04   0.948633315E-04  -0.326437643E-03   0.260028100E-04
   0.903053806E-04   0.179502487E-03  -0.639097358E-03   0.478142611E-04
   0.157322080E-03   0.310176489E-03  -0.109320180E-02   0.765660952E-04
   0.254968210E-03   0.498892099E-03  -0.169230707E-02   0.110515233E-03
   0.388539920E-03   0.756274792E-03  -0.240958109E-02   0.146650142E-03
   0.564067799E-03   0.109619577E-02  -0.321752881E-02   0.181207943E-03
   0.783569645E-03   0.152625563E-02  -0.403608475E-02   0.209375125E-03
   0.104971719E-02   0.205522962E-02  -0.479815295E-02   0.228352685E-03
   0.136431050E-02   0.268942304E-02  -0.543921022E-02   0.234616426E-03
   0.172473863E-02   0.342398952E-02  -0.587306218E-02   0.225465716E-03
   0.211928925E-02   0.423328578E-02  -0.598166510E-02   0.198977068E-03
   0.253114547E-02   0.507728662E-02  -0.569668273E-02   0.156962662E-03
   0.292506767E-02   0.588108040E-02  -0.492671970E-02   0.105293111E-03
   0.325985812E-02   0.655897148E-02  -0.365333888E-02   0.531575388E-04
   0.348538510E-02   0.701307505E-02  -0.195320556E-02   0.144151654E-04
   0.356492121E-02   0.717308838E-02  -0.408291756E-08   0.000000000E+00
