   0.964489555E+01   0.258719234E+02  -0.674407752E-09   0.000000000E+00
   0.899400425E+01   0.241335030E+02   0.108357430E+01   0.803258829E-02
   0.736569357E+01   0.197870560E+02   0.177200103E+01   0.262842458E-01
   0.543543196E+01   0.146289139E+02   0.195578277E+01   0.435038470E-01
   0.372683907E+01   0.100568285E+02   0.177982390E+01   0.527757555E-01
   0.244215012E+01   0.661274242E+01   0.144780064E+01   0.536541417E-01
   0.156403422E+01   0.425347376E+01   0.110121906E+01   0.489693359E-01
   0.996055663E+00   0.272409248E+01   0.805844367E+00   0.418993197E-01
   0.638522148E+00   0.175853443E+01   0.577339590E+00   0.343784913E-01
   0.416666210E+00   0.115768325E+01   0.410483629E+00   0.275974981E-01
   0.279461980E+00   0.785003543E+00   0.292601287E+00   0.219504442E-01
   0.194148570E+00   0.552682817E+00   0.210815400E+00   0.175471585E-01
   0.140695602E+00   0.406686127E+00   0.154828772E+00   0.142090842E-01
   0.106544048E+00   0.313029021E+00   0.116471730E+00   0.116562592E-01
   0.842525512E-01   0.251671284E+00   0.902290270E-01   0.984909292E-02
   0.692498460E-01   0.210080534E+00   0.721164122E-01   0.844733324E-02
   0.587137155E-01   0.180613384E+00   0.593717285E-01   0.748162577E-02
   0.509877726E-01   0.158720374E+00   0.502126329E-01   0.669716345E-02
   0.450298116E-01   0.141540557E+00   0.434012413E-01   0.616493542E-02
   0.402194038E-01   0.127381355E+00   0.381239876E-01   0.572702754E-02
   0.361683890E-01   0.115216218E+00   0.338696726E-01   0.530499779E-02
   0.326665528E-01   0.104460031E+00   0.303179789E-01   0.496273767E-02
   0.295331050E-01   0.946542770E-01   0.271976963E-01   0.461703911E-02
   0.267291572E-01   0.856668726E-01   0.244316906E-01   0.433003390E-02
   0.241988003E-01   0.774324164E-01   0.219633710E-01   0.402846653E-02
   0.218389295E-01   0.696376413E-01   0.196019132E-01   0.372486492E-02
   0.197440665E-01   0.625877157E-01   0.175339542E-01   0.345948990E-02
   0.178015176E-01   0.559520796E-01   0.155541049E-01   0.319484295E-02
   0.160610136E-01   0.499759279E-01   0.138079654E-01   0.292739295E-02
   0.144545371E-01   0.443560146E-01   0.121252751E-01   0.268039876E-02
   0.130346799E-01   0.393112637E-01   0.106452052E-01   0.245920685E-02
   0.117403883E-01   0.347077847E-01   0.927934889E-02   0.223863753E-02
   0.105941184E-01   0.305759069E-01   0.806548167E-02   0.204186165E-02
   0.955910422E-02   0.268257800E-01   0.694951043E-02   0.185163028E-02
   0.865153875E-02   0.234860126E-01   0.596204912E-02   0.168826489E-02
   0.784668885E-02   0.205212459E-01   0.508456584E-02   0.153559516E-02
   0.714656711E-02   0.178875588E-01   0.429980410E-02   0.140486041E-02
   0.652746018E-02   0.155683355E-01   0.360076013E-02   0.128415704E-02
   0.600700174E-02   0.135717187E-01   0.300254836E-02   0.118704420E-02
   0.555479527E-02   0.118151559E-01   0.245256210E-02   0.110072421E-02
   0.518725766E-02   0.103485007E-01   0.199479400E-02   0.103119935E-02
   0.487089902E-02   0.908407755E-02   0.156888599E-02   0.970582361E-03
   0.462254463E-02   0.804218557E-02   0.119548419E-02   0.921746134E-03
   0.443117274E-02   0.719586853E-02   0.853126636E-03   0.885158603E-03
   0.428973651E-02   0.653431425E-02   0.546795374E-03   0.856641622E-03
   0.420380337E-02   0.604778808E-02   0.254067447E-03   0.839958782E-03
   0.416392833E-02   0.571882213E-02  -0.306705588E-04   0.829564640E-03
   0.418182136E-02   0.556205167E-02  -0.302161527E-03   0.831158890E-03
   0.424708426E-02   0.555727771E-02  -0.570577045E-03   0.841756118E-03
   0.435562758E-02   0.569272041E-02  -0.865046168E-03   0.854849117E-03
   0.452021789E-02   0.598620204E-02  -0.116431655E-02   0.879859843E-03
   0.474174600E-02   0.643589813E-02  -0.148790842E-02   0.913651951E-03
   0.501712319E-02   0.704001496E-02  -0.184360647E-02   0.955298019E-03
   0.534640718E-02   0.780161889E-02  -0.223480840E-02   0.100374932E-02
   0.574744539E-02   0.874282513E-02  -0.267259567E-02   0.106539018E-02
   0.620443281E-02   0.983296614E-02  -0.313766161E-02   0.113075087E-02
   0.673150783E-02   0.111247785E-01  -0.367348338E-02   0.120474724E-02
   0.733003765E-02   0.125940945E-01  -0.425127102E-02   0.128763646E-02
   0.800592266E-02   0.142737105E-01  -0.489641028E-02   0.137853913E-02
   0.876216684E-02   0.161725692E-01  -0.561088882E-02   0.147338200E-02
   0.959572196E-02   0.182637107E-01  -0.636930857E-02   0.157548836E-02
   0.105241165E-01   0.205935445E-01  -0.720220292E-02   0.169117365E-02
   0.115135703E-01   0.231495760E-01  -0.809032656E-02   0.178220775E-02
   0.126350690E-01   0.259560626E-01  -0.905969273E-02   0.193246629E-02
   0.138286958E-01   0.290302262E-01  -0.101033263E-01   0.203999039E-02
   0.151164811E-01   0.323555171E-01  -0.112098968E-01   0.216104393E-02
   0.164910052E-01   0.358995833E-01  -0.123632345E-01   0.229425938E-02
   0.179888774E-01   0.397881977E-01  -0.136380475E-01   0.242645317E-02
   0.195970610E-01   0.440044962E-01  -0.150198676E-01   0.254254322E-02
   0.213454999E-01   0.485807098E-01  -0.165394023E-01   0.269081094E-02
   0.232680049E-01   0.536337644E-01  -0.182658341E-01   0.284361769E-02
   0.254522618E-01   0.593667328E-01  -0.203227382E-01   0.304092816E-02
   0.279864799E-01   0.660272390E-01  -0.228432398E-01   0.324099930E-02
   0.310754459E-01   0.741368681E-01  -0.261008255E-01   0.352390995E-02
   0.350061208E-01   0.844699517E-01  -0.304605048E-01   0.389429042E-02
   0.402856432E-01   0.983873829E-01  -0.365149118E-01   0.437529525E-02
   0.476878434E-01   0.118052781E+00  -0.451175235E-01   0.506728934E-02
   0.584408455E-01   0.146970272E+00  -0.574919358E-01   0.603832165E-02
   0.746767670E-01   0.191093847E+00  -0.754926652E-01   0.718846219E-02
   0.995341912E-01   0.259872437E+00  -0.101669759E+00   0.883772690E-02
   0.138224646E+00   0.368836850E+00  -0.139508516E+00   0.110023301E-01
   0.199312478E+00   0.543621778E+00  -0.193799064E+00   0.136053571E-01
   0.295803130E+00   0.824362040E+00  -0.269903958E+00   0.166905597E-01
   0.448282987E+00   0.127517712E+01  -0.373523831E+00   0.200972408E-01
   0.685800552E+00   0.198795092E+01  -0.506458879E+00   0.233061742E-01
   0.104636049E+01   0.308231139E+01  -0.660608172E+00   0.251473710E-01
   0.156559992E+01   0.467591333E+01  -0.806540668E+00   0.244933236E-01
   0.224698973E+01   0.678513336E+01  -0.881068945E+00   0.200252682E-01
   0.300872874E+01   0.915702534E+01  -0.794520020E+00   0.120038250E-01
   0.364514947E+01   0.111486998E+02  -0.484241217E+00   0.365773053E-02
   0.389891291E+01   0.119439650E+02  -0.116178808E-05   0.000000000E+00
