   0.209095539E-02   0.375837050E-01   0.396030764E-08   0.000000000E+00
   0.206191116E-02   0.368178263E-01   0.392353022E-02   0.246468135E-04
   0.197951356E-02   0.346395075E-01   0.734760379E-02   0.924569613E-04
   0.185690587E-02   0.313758105E-01   0.992100500E-02   0.186411693E-03
   0.171094306E-02   0.275574122E-01   0.115251010E-01   0.289306307E-03
   0.155663560E-02   0.235758144E-01   0.122269113E-01   0.383879349E-03
   0.140412466E-02   0.197694972E-01   0.122094220E-01   0.458439346E-03
   0.125966535E-02   0.163298100E-01   0.116854375E-01   0.510807964E-03
   0.112367864E-02   0.133398790E-01   0.108341323E-01   0.543201109E-03
   0.997849973E-03   0.108047016E-01   0.981239323E-02   0.552899728E-03
   0.877712620E-03   0.869613793E-02   0.870055053E-02   0.541239919E-03
   0.764050579E-03   0.695393514E-02   0.757238083E-02   0.518041314E-03
   0.655917858E-03   0.552348047E-02   0.647164835E-02   0.480171904E-03
   0.554766215E-03   0.435604947E-02   0.543688703E-02   0.434201938E-03
   0.461115356E-03   0.340197375E-02   0.448327418E-02   0.385510008E-03
   0.375433068E-03   0.262563769E-02   0.362136704E-02   0.329568982E-03
   0.299474195E-03   0.200032629E-02   0.286730030E-02   0.276224135E-03
   0.232014907E-03   0.148996920E-02   0.220497558E-02   0.224616539E-03
   0.176332192E-03   0.109130738E-02   0.166264852E-02   0.179159455E-03
   0.128990054E-03   0.774825749E-03   0.120699056E-02   0.135631053E-03
   0.916503486E-04   0.534552790E-03   0.850126962E-03   0.999091062E-04
   0.623705637E-04   0.352637406E-03   0.571897952E-03   0.702773177E-04
   0.406073996E-04   0.222109258E-03   0.366947585E-03   0.468821236E-04
   0.251184938E-04   0.132053858E-03   0.222521689E-03   0.295426416E-04
   0.149497537E-04   0.747764934E-04   0.129001914E-03   0.177135807E-04
   0.796413951E-05   0.368566762E-04   0.655894692E-04   0.935171101E-05
   0.357340218E-05   0.143094167E-04   0.266814604E-04   0.396662426E-05
   0.144313401E-05   0.477819549E-05   0.916484623E-05   0.140044426E-05
   0.550118330E-06   0.149666630E-05   0.252568930E-05   0.284687928E-06
   0.262383992E-06   0.152725431E-05   0.157888087E-05   0.115921814E-06
   0.299333180E-06   0.284248404E-05   0.304153900E-05   0.288515167E-06
   0.451139243E-06   0.428258409E-05   0.517953777E-05   0.599714838E-06
   0.610051245E-06   0.552543725E-05   0.701225508E-05   0.863595346E-06
   0.695159429E-06   0.592770994E-05   0.767780330E-05   0.944210626E-06
   0.726657618E-06   0.603163789E-05   0.807951074E-05   0.106331493E-05
   0.668488781E-06   0.536090693E-05   0.725644759E-05   0.961917976E-06
   0.585899386E-06   0.459868852E-05   0.630662771E-05   0.853270762E-06
   0.461764614E-06   0.349425773E-05   0.472341162E-05   0.622027983E-06
   0.345084175E-06   0.260587944E-05   0.359822729E-05   0.491323931E-06
   0.293466542E-06   0.212795339E-05   0.288486626E-05   0.379227657E-06
   0.180475070E-06   0.127877126E-05   0.165712731E-05   0.221134187E-06
   0.928817485E-07   0.696747122E-06   0.933708691E-06   0.137685504E-06
   0.630882582E-07   0.515136435E-06   0.742991688E-06   0.139603571E-06
   0.225159855E-07   0.224529842E-06   0.277984213E-06   0.662481625E-07
   0.116278578E-07   0.189091011E-06   0.175274167E-06   0.868720633E-07
   0.115399397E-07   0.874685426E-07  -0.872062458E-07   0.653062671E-07
   0.336323680E-07   0.126721659E-06  -0.216372669E-06   0.936471380E-07
   0.969108811E-07   0.252053695E-06  -0.641364238E-06   0.154591731E-06
   0.182054052E-06   0.395100102E-06  -0.106170512E-05   0.167365286E-06
   0.275432484E-06   0.592949959E-06  -0.155143391E-05   0.225994313E-06
   0.475664052E-06   0.945040028E-06  -0.271373870E-05   0.398486094E-06
   0.624727477E-06   0.128096497E-05  -0.340231622E-05   0.442805430E-06
   0.901356714E-06   0.184790133E-05  -0.507227423E-05   0.721228560E-06
   0.122236281E-05   0.244328226E-05  -0.680848052E-05   0.945926558E-06
   0.169277746E-05   0.343720126E-05  -0.939015172E-05   0.130249839E-05
   0.171366707E-05   0.334580477E-05  -0.938050744E-05   0.130056571E-05
   0.198923271E-05   0.388982835E-05  -0.107374599E-04   0.146483251E-05
   0.192132188E-05   0.371669535E-05  -0.101641599E-04   0.139404926E-05
   0.178342702E-05   0.343859938E-05  -0.904437184E-05   0.113611145E-05
   0.140702969E-05   0.266588177E-05  -0.671478938E-05   0.815084263E-06
   0.973163651E-06   0.173916317E-05  -0.392832180E-05   0.358129796E-06
   0.648104333E-06   0.905916181E-06  -0.198327712E-05   0.154937965E-06
   0.967162350E-06   0.112844293E-05  -0.373343846E-05   0.551495873E-06
   0.271714748E-05   0.366332438E-05  -0.131214783E-04   0.202847832E-05
   0.763232583E-05   0.111440722E-04  -0.389368251E-04   0.578649269E-05
   0.160549098E-04   0.240832996E-04  -0.817422551E-04   0.116528554E-04
   0.308366434E-04   0.469906226E-04  -0.155454225E-03   0.213121803E-04
   0.554121143E-04   0.847567862E-04  -0.274952996E-03   0.361149796E-04
   0.907844296E-04   0.138271615E-03  -0.440731557E-03   0.558270513E-04
   0.140880948E-03   0.214124477E-03  -0.668360910E-03   0.805109012E-04
   0.209451857E-03   0.315629703E-03  -0.966650317E-03   0.112041213E-03
   0.298725383E-03   0.448551349E-03  -0.134005514E-02   0.147760889E-03
   0.411825837E-03   0.616361096E-03  -0.178979244E-02   0.186725287E-03
   0.553778780E-03   0.826771720E-03  -0.232356461E-02   0.230356964E-03
   0.722822791E-03   0.108167622E-02  -0.291724596E-02   0.271873927E-03
   0.928062364E-03   0.139594532E-02  -0.358949322E-02   0.313865341E-03
   0.116786209E-02   0.177415903E-02  -0.430635503E-02   0.350955524E-03
   0.144768017E-02   0.222970988E-02  -0.506061641E-02   0.383638253E-03
   0.177226053E-02   0.277986773E-02  -0.583403697E-02   0.408720400E-03
   0.215146225E-02   0.345130172E-02  -0.662035169E-02   0.421697157E-03
   0.258988095E-02   0.426097587E-02  -0.737695908E-02   0.425567850E-03
   0.310040847E-02   0.523983315E-02  -0.808615889E-02   0.418841868E-03
   0.369262043E-02   0.641070073E-02  -0.871217903E-02   0.400679768E-03
   0.437403936E-02   0.779551314E-02  -0.917499792E-02   0.370394439E-03
   0.514113065E-02   0.938209426E-02  -0.939838029E-02   0.324390130E-03
   0.597784063E-02   0.111382436E-01  -0.925290026E-02   0.265485956E-03
   0.684546027E-02   0.129813552E-01  -0.860354584E-02   0.198805312E-03
   0.766633358E-02   0.147333853E-01  -0.732497079E-02   0.126044863E-03
   0.836044922E-02   0.162282661E-01  -0.538297510E-02   0.619477505E-04
   0.882505253E-02   0.172295403E-01  -0.286014029E-02   0.164632347E-04
   0.898880418E-02   0.175823662E-01  -0.716096737E-08   0.000000000E+00
