   0.654782110E-03   0.592478998E-01   0.000000000E+00   0.000000000E+00
   0.658893725E-03   0.580802038E-01   0.506248698E-02   0.343358770E-04
   0.669327099E-03   0.547425747E-01   0.956612546E-02   0.127923908E-03
   0.681239530E-03   0.497037359E-01   0.130891819E-01   0.257008447E-03
   0.687920197E-03   0.435566716E-01   0.154187018E-01   0.390312343E-03
   0.681977777E-03   0.368981548E-01   0.164525285E-01   0.502148352E-03
   0.658516074E-03   0.303140488E-01   0.163592547E-01   0.577708415E-03
   0.615848112E-03   0.241908245E-01   0.153791737E-01   0.609770010E-03
   0.553830585E-03   0.187399853E-01   0.137064094E-01   0.596762635E-03
   0.478180096E-03   0.141123431E-01   0.116654197E-01   0.553330930E-03
   0.393737952E-03   0.102972193E-01   0.943317171E-02   0.481616851E-03
   0.309079478E-03   0.727431988E-02   0.726574985E-02   0.396218908E-03
   0.229520578E-03   0.494875386E-02   0.528071122E-02   0.307023874E-03
   0.159928124E-03   0.322154094E-02   0.358112436E-02   0.220332906E-03
   0.104087077E-03   0.199814886E-02   0.224861992E-02   0.144889433E-03
   0.622599764E-04   0.116859830E-02   0.127302879E-02   0.854655445E-04
   0.337462952E-04   0.642531726E-03   0.629610498E-03   0.427043487E-04
   0.154643512E-04   0.325947680E-03   0.233269631E-03   0.149651387E-04
   0.648778132E-05   0.164676909E-03   0.653521638E-04   0.331587148E-05
   0.269091947E-05   0.893468459E-04   0.147058563E-04   0.393601198E-06
   0.147890819E-05   0.594449339E-04   0.180573643E-04   0.197174927E-05
   0.177225922E-05   0.543905589E-04   0.492927575E-04   0.578141999E-05
   0.207176572E-05   0.487021607E-04   0.672622409E-04   0.803634794E-05
   0.218914033E-05   0.436976188E-04   0.748076782E-04   0.915070450E-05
   0.196432006E-05   0.356767523E-04   0.683276303E-04   0.857478517E-05
   0.164381743E-05   0.278780299E-04   0.565506889E-04   0.722233744E-05
   0.122956897E-05   0.201466028E-04   0.430603068E-04   0.563245158E-05
   0.790321224E-06   0.128900001E-04   0.281861139E-04   0.387366890E-05
   0.381307927E-06   0.627646523E-05   0.139603226E-04   0.200375621E-05
   0.243175407E-06   0.394308790E-05   0.884989640E-05   0.128710667E-05
   0.459915803E-07   0.876189119E-06   0.183345912E-05   0.340026816E-06
   0.279912946E-07   0.484697011E-06   0.100947329E-05   0.169359382E-06
   0.989532900E-09   0.308976489E-07   0.156706488E-07   0.177728712E-07
   0.536804379E-08   0.583031365E-07   0.931540924E-07   0.213605347E-07
   0.260933426E-07   0.234226761E-06   0.233360325E-06   0.721160731E-07
   0.263800537E-07   0.290056306E-06   0.665570781E-06   0.849227888E-07
   0.186738252E-07   0.215199023E-06   0.522146308E-06   0.650908873E-07
   0.299187661E-07   0.312733619E-06   0.690417323E-06   0.882159483E-07
   0.305251824E-07   0.357836313E-06   0.922438232E-06   0.110382032E-06
   0.243223433E-07   0.217929255E-06   0.327367644E-06   0.603538410E-07
   0.417147561E-08   0.347530111E-07   0.105919312E-06   0.586480242E-08
   0.548483481E-08   0.517064684E-07   0.151519615E-06   0.120066472E-07
   0.139430218E-07   0.169595950E-06   0.341551925E-06   0.605662436E-07
   0.472923833E-08   0.227960459E-07  -0.735047578E-07   0.860120686E-08
   0.301134828E-08   0.429068052E-07   0.111423994E-06   0.168902385E-07
   0.278117485E-08   0.248495322E-07  -0.386850658E-07   0.165222644E-07
   0.214487716E-08   0.330771499E-07   0.349745548E-07   0.191449328E-07
   0.106843157E-08   0.941918987E-08  -0.306409476E-07   0.726113658E-08
   0.818004686E-08   0.448056063E-07  -0.190435557E-06   0.254187000E-07
   0.249574654E-07   0.135061512E-06  -0.620307674E-06   0.822726136E-07
   0.362867993E-07   0.211008910E-06  -0.933448689E-06   0.143374450E-06
   0.551834312E-07   0.334062435E-06  -0.134137144E-05   0.201891879E-06
   0.490703833E-07   0.252794536E-06  -0.117271952E-05   0.146994878E-06
   0.210060769E-07   0.100654162E-06  -0.404328944E-06   0.435410890E-07
   0.785450354E-07   0.429038010E-06  -0.189573655E-05   0.253579742E-06
   0.578232964E-07   0.300305345E-06  -0.136030610E-05   0.172399339E-06
   0.451596947E-07   0.237316272E-06  -0.111976556E-05   0.149078645E-06
   0.225484573E-07   0.142824035E-06  -0.464841179E-06   0.784091512E-07
   0.375384701E-08   0.432227125E-07  -0.834556246E-07   0.333184111E-07
   0.782676395E-07   0.469807304E-06  -0.195111352E-05   0.304162000E-06
   0.199271867E-06   0.114579734E-05  -0.483516396E-05   0.714844930E-06
   0.602137789E-06   0.331694878E-05  -0.142224853E-04   0.198600310E-05
   0.104785192E-05   0.558611873E-05  -0.242348488E-04   0.332120089E-05
   0.198230669E-05   0.102651638E-04  -0.445801015E-04   0.593055574E-05
   0.305320668E-05   0.153073270E-04  -0.660759615E-04   0.849207754E-05
   0.447785669E-05   0.218914483E-04  -0.928859954E-04   0.116917645E-04
   0.511711869E-05   0.241363741E-04  -0.976820302E-04   0.117325662E-04
   0.661134027E-05   0.301193413E-04  -0.114346381E-03   0.132953510E-04
   0.676428726E-05   0.292512905E-04  -0.941230101E-04   0.106744892E-04
   0.697944233E-05   0.278842435E-04  -0.602492291E-04   0.652264862E-05
   0.828733573E-05   0.300387892E-04  -0.252733098E-04   0.288851697E-05
   0.131910983E-04   0.445026053E-04  -0.223055722E-04   0.259321837E-05
   0.255670257E-04   0.851469013E-04  -0.907619033E-04   0.915053442E-05
   0.538969762E-04   0.181031646E-03  -0.348350324E-03   0.321446860E-04
   0.105995423E-03   0.356917561E-03  -0.849059259E-03   0.740994365E-04
   0.192122447E-03   0.646184897E-03  -0.166005758E-02   0.136723233E-03
   0.330933137E-03   0.110892148E-02  -0.295341737E-02   0.230162346E-03
   0.523398223E-03   0.174881914E-02  -0.453008991E-02   0.333148870E-03
   0.789449667E-03   0.263656513E-02  -0.649530347E-02   0.448210369E-03
   0.113946118E-02   0.381171703E-02  -0.875390135E-02   0.566464150E-03
   0.157631480E-02   0.529795745E-02  -0.110801756E-01   0.670327689E-03
   0.210741349E-02   0.713351928E-02  -0.133368149E-01   0.751729298E-03
   0.273569021E-02   0.933982246E-02  -0.153549463E-01   0.798378838E-03
   0.345213874E-02   0.118898749E-01  -0.168710332E-01   0.799124187E-03
   0.424325839E-02   0.147315552E-01  -0.176844858E-01   0.748913328E-03
   0.508318422E-02   0.177574642E-01  -0.175930634E-01   0.645926688E-03
   0.592287676E-02   0.207780767E-01  -0.163571369E-01   0.497294939E-03
   0.669810362E-02   0.235557817E-01  -0.138429161E-01   0.326308393E-03
   0.733514689E-02   0.258204043E-01  -0.101002436E-01   0.161985998E-03
   0.775494240E-02   0.273052566E-01  -0.533791119E-02   0.434069516E-04
   0.790281780E-02   0.278248880E-01  -0.134727198E-07   0.000000000E+00
