   0.487877846E+01   0.134308414E+02   0.226117214E-08   0.000000000E+00
   0.470230675E+01   0.129567223E+02   0.208737135E+00   0.177966652E-02
   0.422136641E+01   0.116616631E+02   0.375487804E+00   0.644812454E-02
   0.355598640E+01   0.986549664E+01   0.475966781E+00   0.124070039E-01
   0.284049797E+01   0.792795229E+01   0.509238183E+00   0.179971401E-01
   0.217483258E+01   0.611736298E+01   0.490307897E+00   0.221492127E-01
   0.161493969E+01   0.458466625E+01   0.440107316E+00   0.244939364E-01
   0.117308557E+01   0.336651754E+01   0.376243234E+00   0.252426397E-01
   0.840840518E+00   0.244215274E+01   0.311257988E+00   0.247938335E-01
   0.598798692E+00   0.176078343E+01   0.251959413E+00   0.235372465E-01
   0.426017672E+00   0.126798558E+01   0.201205537E+00   0.218814760E-01
   0.304788053E+00   0.916934013E+00   0.159716308E+00   0.201117154E-01
   0.220308408E+00   0.667677701E+00   0.126589835E+00   0.183472931E-01
   0.161862418E+00   0.491394162E+00   0.100670844E+00   0.166705325E-01
   0.121620484E+00   0.367062718E+00   0.806739330E-01   0.151949702E-01
   0.938167721E-01   0.278588414E+00   0.652589723E-01   0.138583323E-01
   0.747292787E-01   0.215859339E+00   0.535221733E-01   0.126913870E-01
   0.614818931E-01   0.170764670E+00   0.444983467E-01   0.116863949E-01
   0.523073226E-01   0.138309851E+00   0.376005024E-01   0.108121224E-01
   0.458698645E-01   0.114589654E+00   0.322566181E-01   0.100604715E-01
   0.412945114E-01   0.970489234E-01   0.280853454E-01   0.939241517E-02
   0.379720964E-01   0.838647485E-01   0.247760396E-01   0.880936347E-02
   0.355187990E-01   0.738189295E-01   0.221188664E-01   0.829988252E-02
   0.336291455E-01   0.659855828E-01   0.199377406E-01   0.784446020E-02
   0.321312882E-01   0.597523190E-01   0.181065053E-01   0.744161056E-02
   0.308851618E-01   0.546760894E-01   0.165466890E-01   0.705680903E-02
   0.298403557E-01   0.504864752E-01   0.151859140E-01   0.673050620E-02
   0.288891662E-01   0.469043292E-01   0.139730098E-01   0.640872773E-02
   0.280522089E-01   0.438574851E-01   0.128899096E-01   0.612887647E-02
   0.272721723E-01   0.411755443E-01   0.118915699E-01   0.587643124E-02
   0.265446547E-01   0.388108790E-01   0.109809851E-01   0.562679628E-02
   0.258381348E-01   0.366725400E-01   0.101247402E-01   0.539759081E-02
   0.251920596E-01   0.347818211E-01   0.933293905E-02   0.519554690E-02
   0.245768111E-01   0.330606624E-01   0.858915132E-02   0.500821834E-02
   0.239989925E-01   0.315110125E-01   0.789562799E-02   0.483440701E-02
   0.234742276E-01   0.301485322E-01   0.725801894E-02   0.468139770E-02
   0.229192022E-01   0.288192406E-01   0.662556570E-02   0.453151530E-02
   0.224610399E-01   0.276965182E-01   0.605878886E-02   0.440847315E-02
   0.219998658E-01   0.266540926E-01   0.551490206E-02   0.429555308E-02
   0.215723626E-01   0.257101394E-01   0.499760127E-02   0.419946900E-02
   0.211905614E-01   0.248993132E-01   0.452974625E-02   0.411303341E-02
   0.208426956E-01   0.241733920E-01   0.408003852E-02   0.404565828E-02
   0.204982925E-01   0.235234424E-01   0.365926255E-02   0.398485875E-02
   0.202019364E-01   0.229601692E-01   0.325324968E-02   0.394188240E-02
   0.199525375E-01   0.225232970E-01   0.289385929E-02   0.391500676E-02
   0.196906608E-01   0.221188497E-01   0.253943657E-02   0.389270089E-02
   0.194763504E-01   0.218085684E-01   0.220181374E-02   0.388804055E-02
   0.192994047E-01   0.215981193E-01   0.189585227E-02   0.389883853E-02
   0.191504564E-01   0.214679632E-01   0.160743110E-02   0.392261893E-02
   0.189990792E-01   0.213839952E-01   0.132466084E-02   0.395410415E-02
   0.188817848E-01   0.213882253E-01   0.105777604E-02   0.399950985E-02
   0.187918209E-01   0.214761682E-01   0.800217211E-03   0.406136410E-02
   0.187061001E-01   0.216277018E-01   0.550455938E-03   0.413124263E-02
   0.186655018E-01   0.218888596E-01   0.323253538E-03   0.422324985E-02
   0.186052229E-01   0.221882071E-01   0.855527251E-04   0.431392808E-02
   0.185900517E-01   0.226161238E-01  -0.134828500E-03   0.443373248E-02
   0.185863227E-01   0.231292378E-01  -0.350368151E-03   0.456452090E-02
   0.185742732E-01   0.237241909E-01  -0.571030483E-03   0.470309425E-02
   0.185909029E-01   0.244418904E-01  -0.790734775E-03   0.486114295E-02
   0.185792930E-01   0.252533443E-01  -0.101531018E-02   0.502273953E-02
   0.185994692E-01   0.262279082E-01  -0.123301672E-02   0.521523133E-02
   0.186465625E-01   0.273764357E-01  -0.147367618E-02   0.542142568E-02
   0.186832231E-01   0.287118275E-01  -0.172095944E-02   0.565185538E-02
   0.187106747E-01   0.302560236E-01  -0.200146483E-02   0.588194281E-02
   0.187682025E-01   0.321021043E-01  -0.231616129E-02   0.613600248E-02
   0.188592896E-01   0.343327634E-01  -0.268105115E-02   0.641947612E-02
   0.189867653E-01   0.370394252E-01  -0.312309409E-02   0.671861693E-02
   0.191973876E-01   0.404110961E-01  -0.367238955E-02   0.704292394E-02
   0.195522923E-01   0.446482413E-01  -0.436806586E-02   0.740277348E-02
   0.201227795E-01   0.500816144E-01  -0.526927738E-02   0.779255154E-02
   0.209988449E-01   0.571276955E-01  -0.645465031E-02   0.820642430E-02
   0.223669186E-01   0.664765090E-01  -0.803204160E-02   0.868471153E-02
   0.244786814E-01   0.789513364E-01  -0.101333121E-01   0.916680414E-02
   0.276885498E-01   0.959483907E-01  -0.129532991E-01   0.973978825E-02
   0.325208306E-01   0.119193725E+00  -0.167232342E-01   0.103618111E-01
   0.397363491E-01   0.151355430E+00  -0.217599180E-01   0.110533694E-01
   0.504757464E-01   0.196132481E+00  -0.284605827E-01   0.117678829E-01
   0.663083270E-01   0.258778930E+00  -0.373038203E-01   0.125309434E-01
   0.895154029E-01   0.347029775E+00  -0.488917790E-01   0.133553697E-01
   0.123253219E+00   0.470919132E+00  -0.637922809E-01   0.141525874E-01
   0.171939805E+00   0.644713879E+00  -0.826148316E-01   0.148730883E-01
   0.241344854E+00   0.887603343E+00  -0.105747491E+00   0.154697187E-01
   0.338913649E+00   0.122290289E+01  -0.133004174E+00   0.157551877E-01
   0.472646475E+00   0.167612565E+01  -0.162984535E+00   0.155506413E-01
   0.650623798E+00   0.227327085E+01  -0.192778304E+00   0.146876769E-01
   0.876768351E+00   0.302534842E+01  -0.216741428E+00   0.129469112E-01
   0.114487410E+01   0.391184545E+01  -0.226580098E+00   0.103126932E-01
   0.143390596E+01   0.486186790E+01  -0.212889761E+00   0.698947906E-02
   0.170238149E+01   0.574178410E+01  -0.168520957E+00   0.358683500E-02
   0.189641309E+01   0.637749290E+01  -0.938847214E-01   0.984280836E-03
   0.196788502E+01   0.661099434E+01  -0.216641780E-06   0.000000000E+00
