   0.189074688E-02   0.563221723E-01   0.000000000E+00   0.000000000E+00
   0.189300429E-02   0.555950329E-01   0.643141428E-02   0.401253310E-04
   0.190154696E-02   0.535285883E-01   0.123748416E-01   0.154133551E-03
   0.190754258E-02   0.503840558E-01   0.174089745E-01   0.325771020E-03
   0.190945261E-02   0.463769995E-01   0.212906972E-01   0.529434066E-03
   0.190038083E-02   0.418852195E-01   0.239254162E-01   0.740501389E-03
   0.187850185E-02   0.371580534E-01   0.253796000E-01   0.939110527E-03
   0.183260208E-02   0.324892066E-01   0.257299729E-01   0.110748562E-02
   0.176610262E-02   0.280435104E-01   0.252178162E-01   0.123961340E-02
   0.167097885E-02   0.238972977E-01   0.239528660E-01   0.131683180E-02
   0.156076800E-02   0.201805495E-01   0.222618487E-01   0.136298523E-02
   0.142697338E-02   0.168565791E-01   0.201843679E-01   0.134700153E-02
   0.128185085E-02   0.139356237E-01   0.179341156E-01   0.129957346E-02
   0.112701696E-02   0.113910343E-01   0.155961476E-01   0.121408212E-02
   0.970396504E-03   0.919135939E-02   0.132808620E-01   0.111154397E-02
   0.813553925E-03   0.729625812E-02   0.110256290E-01   0.983235310E-03
   0.665851228E-03   0.569556560E-02   0.894302502E-02   0.844757189E-03
   0.535361760E-03   0.438552629E-02   0.712978514E-02   0.711753382E-03
   0.415221322E-03   0.328377425E-02   0.548859965E-02   0.577214349E-03
   0.314533623E-03   0.240770262E-02   0.412564399E-02   0.452973240E-03
   0.227956378E-03   0.169358903E-02   0.296330173E-02   0.340669852E-03
   0.160493626E-03   0.115626259E-02   0.206497428E-02   0.247957505E-03
   0.108640386E-03   0.759239309E-03   0.138154218E-02   0.172780521E-03
   0.705694256E-04   0.477145921E-03   0.883921981E-03   0.114388233E-03
   0.419560965E-04   0.271294761E-03   0.511685386E-03   0.683718681E-04
   0.228280460E-04   0.139181328E-03   0.267229858E-03   0.369674308E-04
   0.117343834E-04   0.654471878E-04   0.128857064E-03   0.183276570E-04
   0.509948859E-05   0.255126997E-04   0.498609006E-04   0.719043828E-05
   0.195828488E-05   0.919399645E-05   0.154165846E-04   0.197140412E-05
   0.902361364E-06   0.651023356E-05   0.706654691E-05   0.421470162E-06
   0.956620738E-06   0.997068946E-05   0.115164603E-04   0.777191246E-06
   0.128451495E-05   0.146852935E-04   0.193338055E-04   0.200068507E-05
   0.184976454E-05   0.207169633E-04   0.288573647E-04   0.342998692E-05
   0.206148184E-05   0.218852383E-04   0.319960054E-04   0.401044963E-05
   0.235787957E-05   0.241892812E-04   0.361201128E-04   0.473942009E-05
   0.221629534E-05   0.223650895E-04   0.344841064E-04   0.482296355E-05
   0.209147584E-05   0.201488219E-04   0.317658378E-04   0.433159812E-05
   0.178607991E-05   0.170760813E-04   0.268835011E-04   0.377718379E-05
   0.130924104E-05   0.125330425E-04   0.197848149E-04   0.288842330E-05
   0.113241913E-05   0.111477484E-04   0.177045076E-04   0.282611791E-05
   0.758795693E-06   0.771918349E-05   0.121441562E-04   0.209396239E-05
   0.495604695E-06   0.529316230E-05   0.838005326E-05   0.162254230E-05
   0.281403658E-06   0.335789400E-05   0.507626146E-05   0.118271032E-05
   0.186349396E-06   0.264922619E-05   0.352251823E-05   0.121165579E-05
   0.167519957E-06   0.207446237E-05   0.183607528E-05   0.121618791E-05
   0.121479729E-06   0.133865922E-05  -0.263056364E-06   0.995427172E-06
   0.190419030E-06   0.126020109E-05  -0.207041762E-05   0.971831014E-06
   0.417286714E-06   0.182785061E-05  -0.422556241E-05   0.128594172E-05
   0.816786383E-06   0.307481241E-05  -0.829591590E-05   0.174895706E-05
   0.115453940E-05   0.400841327E-05  -0.113103251E-04   0.216912849E-05
   0.137453469E-05   0.455162944E-05  -0.130765411E-04   0.227977057E-05
   0.260246520E-05   0.883666144E-05  -0.239434121E-04   0.377346851E-05
   0.300438660E-05   0.944077601E-05  -0.271478420E-04   0.400929594E-05
   0.353932955E-05   0.110117871E-04  -0.318090351E-04   0.469891120E-05
   0.454615065E-05   0.143572461E-04  -0.400943682E-04   0.561490560E-05
   0.502801595E-05   0.155850612E-04  -0.442046512E-04   0.631265675E-05
   0.474774515E-05   0.145403365E-04  -0.409444292E-04   0.571650253E-05
   0.478549919E-05   0.147138362E-04  -0.399914716E-04   0.521688435E-05
   0.420433753E-05   0.128116490E-04  -0.336476260E-04   0.415085651E-05
   0.311552640E-05   0.913365693E-05  -0.228654626E-04   0.252522159E-05
   0.219560161E-05   0.608216624E-05  -0.135421569E-04   0.130968510E-05
   0.194434620E-05   0.420219249E-05  -0.104374285E-04   0.119209290E-05
   0.309699431E-05   0.610536608E-05  -0.183814755E-04   0.272851116E-05
   0.806636399E-05   0.172739947E-04  -0.580647538E-04   0.886916587E-05
   0.200553131E-04   0.452770364E-04  -0.153738743E-03   0.227786004E-04
   0.387578948E-04   0.898466169E-04  -0.299729174E-03   0.426017177E-04
   0.720173994E-04   0.169337829E-03  -0.555993698E-03   0.760345574E-04
   0.122596466E-03   0.289384392E-03  -0.935836171E-03   0.122692858E-03
   0.194538268E-03   0.459487841E-03  -0.146094791E-02   0.183377997E-03
   0.293105870E-03   0.688283006E-03  -0.215429254E-02   0.260949426E-03
   0.420868571E-03   0.985767459E-03  -0.302100345E-02   0.348800706E-03
   0.585941074E-03   0.137019565E-02  -0.410014205E-02   0.449856248E-03
   0.781589129E-03   0.182390714E-02  -0.530643435E-02   0.555146777E-03
   0.102551689E-02   0.239560427E-02  -0.674735755E-02   0.671458256E-03
   0.130417175E-02   0.306185079E-02  -0.828621164E-02   0.776213361E-03
   0.162525778E-02   0.385030033E-02  -0.994136743E-02   0.872350414E-03
   0.198437995E-02   0.476175314E-02  -0.116341999E-01   0.958119286E-03
   0.236889604E-02   0.578990113E-02  -0.132395159E-01   0.101309340E-02
   0.279753306E-02   0.699218782E-02  -0.148393307E-01   0.105140370E-02
   0.325117866E-02   0.834972132E-02  -0.162492711E-01   0.105726672E-02
   0.372752943E-02   0.987658929E-02  -0.173972268E-01   0.102370675E-02
   0.423352467E-02   0.115932589E-01  -0.182799138E-01   0.980864628E-03
   0.475841668E-02   0.134863937E-01  -0.187604278E-01   0.896710611E-03
   0.529400958E-02   0.155269420E-01  -0.187329035E-01   0.782673305E-03
   0.582953868E-02   0.176593699E-01  -0.181037616E-01   0.646630244E-03
   0.635420391E-02   0.198193863E-01  -0.167953484E-01   0.501408300E-03
   0.683600409E-02   0.218728911E-01  -0.147380428E-01   0.356551725E-03
   0.726485439E-02   0.237176903E-01  -0.119219674E-01   0.215823500E-03
   0.759107526E-02   0.251490939E-01  -0.840491615E-02   0.101386344E-03
   0.780341355E-02   0.260868352E-01  -0.435135374E-02   0.262870035E-04
   0.787619967E-02   0.264127124E-01  -0.116229506E-07   0.000000000E+00
