   0.673497503E-03   0.210731141E-01   0.277706680E-08   0.000000000E+00
   0.672303024E-03   0.206427500E-01   0.262301113E-02   0.157375307E-04
   0.669058645E-03   0.194429141E-01   0.493637938E-02   0.589173833E-04
   0.662067265E-03   0.176804699E-01   0.671562692E-02   0.120203593E-03
   0.650840462E-03   0.155702885E-01   0.786937494E-02   0.187843834E-03
   0.633417454E-03   0.133615667E-01   0.842070580E-02   0.251189020E-03
   0.608891831E-03   0.112340543E-01   0.847113598E-02   0.301143678E-03
   0.576700200E-03   0.929306913E-02   0.814052857E-02   0.338180136E-03
   0.537290005E-03   0.758992741E-02   0.755640632E-02   0.354649354E-03
   0.490024104E-03   0.613321224E-02   0.679996330E-02   0.359010795E-03
   0.436997158E-03   0.490333512E-02   0.595604256E-02   0.348536443E-03
   0.381031947E-03   0.388327241E-02   0.509526441E-02   0.325185072E-03
   0.323641842E-03   0.303596770E-02   0.424752897E-02   0.293821213E-03
   0.268142961E-03   0.234374031E-02   0.345961261E-02   0.259129505E-03
   0.214564061E-03   0.177002628E-02   0.272691250E-02   0.218892252E-03
   0.166318860E-03   0.130708050E-02   0.208545080E-02   0.178094924E-03
   0.124964703E-03   0.941549777E-03   0.154745998E-02   0.140302960E-03
   0.897866557E-04   0.653595547E-03   0.109914108E-02   0.104819745E-03
   0.614097080E-04   0.432326051E-03   0.742212054E-03   0.743709170E-04
   0.407375810E-04   0.277488842E-03   0.486110337E-03   0.510956525E-04
   0.249968161E-04   0.164299447E-03   0.293249846E-03   0.321307307E-04
   0.141375012E-04   0.889778967E-04   0.162006851E-03   0.184319724E-04
   0.718575075E-05   0.424467289E-04   0.793501895E-04   0.935864500E-05
   0.343672468E-05   0.185660374E-04   0.360080303E-04   0.437225208E-05
   0.129825696E-05   0.610363986E-05   0.122781330E-04   0.156241504E-05
   0.389239801E-06   0.169091368E-05   0.314773774E-05   0.437720047E-06
   0.184739747E-06   0.164718813E-05   0.210750409E-05   0.336870528E-06
   0.280318545E-06   0.317870490E-05   0.417280035E-05   0.578463641E-06
   0.408357920E-06   0.444571788E-05   0.625037910E-05   0.917355351E-06
   0.579734944E-06   0.588774628E-05   0.847875435E-05   0.118807554E-05
   0.621012703E-06   0.605603691E-05   0.909757182E-05   0.133888341E-05
   0.585171676E-06   0.549820015E-05   0.832124442E-05   0.121007838E-05
   0.483218685E-06   0.439205496E-05   0.680679659E-05   0.994018933E-06
   0.397790586E-06   0.355398038E-05   0.540878682E-05   0.791585080E-06
   0.272782216E-06   0.228468025E-05   0.351278118E-05   0.476259402E-06
   0.208048732E-06   0.172865202E-05   0.269136513E-05   0.372536874E-06
   0.124164828E-06   0.950809635E-06   0.142560305E-05   0.180726175E-06
   0.886022846E-07   0.658546867E-06   0.110777296E-05   0.132250435E-06
   0.482267950E-07   0.310215796E-06   0.480269023E-06   0.443889050E-07
   0.424749587E-07   0.150855669E-06   0.351222873E-07   0.603744432E-08
   0.139154297E-07   0.445673152E-07   0.346600224E-07  -0.353530560E-08
   0.105883116E-07   0.172462151E-07  -0.429961204E-07  -0.909108955E-09
   0.117815366E-07   0.313727604E-07  -0.912033968E-07   0.157914801E-07
   0.689280411E-08   0.284421020E-07  -0.430861640E-07   0.204931876E-07
   0.155796371E-07   0.505421127E-07  -0.113543216E-06   0.362469272E-07
   0.116754988E-07   0.573624526E-07  -0.307625712E-07   0.375208273E-07
   0.118407986E-07   0.442474430E-07  -0.475230522E-07   0.283275767E-07
   0.564986502E-08   0.519336929E-07   0.711112946E-07   0.212381313E-07
   0.521714938E-08   0.455473241E-07   0.745031983E-07   0.137999745E-07
   0.881535733E-08   0.292394944E-07   0.496684898E-07  -0.283617330E-08
   0.190371221E-07   0.378937912E-07  -0.188103737E-07  -0.778684939E-08
   0.689578883E-07   0.172465818E-06  -0.330184776E-06   0.341785302E-07
   0.110427614E-06   0.228053210E-06  -0.752376138E-06   0.879697311E-07
   0.252435001E-06   0.569170197E-06  -0.180023721E-05   0.244251112E-06
   0.360248492E-06   0.761062154E-06  -0.260983052E-05   0.369255673E-06
   0.608804498E-06   0.136410176E-05  -0.445385376E-05   0.645592593E-06
   0.834269144E-06   0.184470969E-05  -0.610169673E-05   0.905383502E-06
   0.112521138E-05   0.246767877E-05  -0.817519413E-05   0.122936626E-05
   0.154514669E-05   0.337184792E-05  -0.111114277E-04   0.167175779E-05
   0.172664193E-05   0.369712188E-05  -0.121748208E-04   0.180246695E-05
   0.187949524E-05   0.402957039E-05  -0.130556373E-04   0.192778953E-05
   0.188202557E-05   0.399367445E-05  -0.127181966E-04   0.182932740E-05
   0.146718605E-05   0.307954951E-05  -0.954612096E-05   0.135922062E-05
   0.991313073E-06   0.203564628E-05  -0.599135456E-05   0.829807902E-06
   0.578669244E-06   0.106410653E-05  -0.299498197E-05   0.390377380E-06
   0.841537258E-06   0.124079702E-05  -0.479210030E-05   0.636754123E-06
   0.274753120E-05   0.449118488E-05  -0.178248283E-04   0.237160816E-05
   0.782216466E-05   0.129893815E-04  -0.504925920E-04   0.639487098E-05
   0.175479599E-04   0.294601159E-04  -0.111385474E-03   0.134953398E-04
   0.357556783E-04   0.596156315E-04  -0.221413051E-03   0.257341271E-04
   0.635914766E-04   0.104701205E-03  -0.382877100E-03   0.426504484E-04
   0.106662461E-03   0.173813649E-03  -0.624305685E-03   0.665112893E-04
   0.164441532E-03   0.264751754E-03  -0.932323164E-03   0.942893457E-04
   0.242683600E-03   0.386727392E-03  -0.133024936E-02   0.127076695E-03
   0.343703839E-03   0.542181137E-03  -0.181421754E-02   0.164113153E-03
   0.470043742E-03   0.736351300E-03  -0.238173106E-02   0.202567098E-03
   0.620644656E-03   0.969198067E-03  -0.300299865E-02   0.239111294E-03
   0.801905466E-03   0.125418103E-02  -0.368720805E-02   0.273008394E-03
   0.101137464E-02   0.159232516E-02  -0.438877102E-02   0.299732696E-03
   0.125421444E-02   0.199751835E-02  -0.509668933E-02   0.319966406E-03
   0.152885134E-02   0.247466308E-02  -0.576055190E-02   0.330006878E-03
   0.184123532E-02   0.304283411E-02  -0.635369122E-02   0.327062240E-03
   0.219638250E-02   0.371402176E-02  -0.684802514E-02   0.313325087E-03
   0.259636040E-02   0.449669641E-02  -0.718414783E-02   0.287831790E-03
   0.303750113E-02   0.538454624E-02  -0.729385577E-02   0.252597209E-03
   0.351141905E-02   0.635720044E-02  -0.710072555E-02   0.206045268E-03
   0.399688538E-02   0.736692129E-02  -0.652641989E-02   0.152343127E-03
   0.445466628E-02   0.832657609E-02  -0.549991475E-02   0.966295338E-04
   0.483934814E-02   0.913846307E-02  -0.400748011E-02   0.471524836E-04
   0.509352097E-02   0.967493467E-02  -0.211764476E-02   0.124315566E-04
   0.518509280E-02   0.986838713E-02  -0.634100994E-08   0.000000000E+00
