   0.685376814E-03   0.486232154E-01   0.000000000E+00   0.000000000E+00
   0.684157596E-03   0.475399680E-01   0.425905082E-02   0.295115296E-04
   0.679635094E-03   0.445113853E-01   0.801189616E-02   0.109428693E-03
   0.669183908E-03   0.399461426E-01   0.108546661E-01   0.215557520E-03
   0.649405411E-03   0.344446823E-01   0.125674428E-01   0.320155930E-03
   0.616987760E-03   0.286165457E-01   0.131618027E-01   0.401652243E-03
   0.570418022E-03   0.229670256E-01   0.128109856E-01   0.447161350E-03
   0.510513841E-03   0.178429112E-01   0.117517784E-01   0.457317568E-03
   0.438786403E-03   0.134100411E-01   0.101759778E-01   0.432939327E-03
   0.361313228E-03   0.975396298E-02   0.837278459E-02   0.384860497E-03
   0.282369176E-03   0.683548581E-02   0.648903148E-02   0.319653045E-03
   0.208470461E-03   0.460103946E-02   0.472475449E-02   0.248270691E-03
   0.144784717E-03   0.296203210E-02   0.321685080E-02   0.179246766E-03
   0.913285257E-04   0.178568263E-02   0.194470782E-02   0.114120674E-03
   0.543402639E-04   0.102932029E-02   0.110014505E-02   0.668403154E-04
   0.287664843E-04   0.550613622E-03   0.526827236E-03   0.322917986E-04
   0.134258316E-04   0.276019680E-03   0.202050025E-03   0.118833805E-04
   0.531568139E-05   0.132914982E-03   0.479915689E-04   0.203114246E-05
   0.202735464E-05   0.708158768E-04   0.671759335E-05   0.852609645E-07
   0.141206044E-05   0.484112643E-04   0.208270994E-04   0.209302334E-05
   0.152513996E-05   0.407954540E-04   0.428947824E-04   0.477571302E-05
   0.193493338E-05   0.405859028E-04   0.654687756E-04   0.738527797E-05
   0.182401288E-05   0.336009907E-04   0.638284037E-04   0.734849618E-05
   0.168819895E-05   0.285380065E-04   0.598340957E-04   0.702557782E-05
   0.122619974E-05   0.197903537E-04   0.439639443E-04   0.524808866E-05
   0.821232163E-06   0.131009401E-04   0.300100783E-04   0.377084734E-05
   0.375657265E-06   0.599383429E-05   0.139313688E-04   0.181518919E-05
   0.207302250E-06   0.336941184E-05   0.798459860E-05   0.110321946E-05
   0.877276136E-07   0.144245814E-05   0.337675442E-05   0.487340401E-06
   0.180524360E-07   0.341083847E-06   0.753831500E-06   0.130529173E-06
   0.566816372E-08   0.735128154E-07   0.185442516E-06   0.263541153E-07
   0.979769865E-08   0.114471575E-06   0.230679873E-06   0.405995806E-07
   0.741419059E-08   0.699944351E-07   0.128810441E-06   0.195382235E-07
   0.223139072E-07   0.256373426E-06   0.650052925E-06   0.786607757E-07
   0.125812099E-07   0.142983311E-06   0.365159025E-06   0.432024976E-07
   0.374889950E-07   0.443246250E-06   0.930797455E-06   0.153609548E-06
   0.376860463E-07   0.457159700E-06   0.107054871E-05   0.157933243E-06
   0.525339461E-08   0.282236545E-07   0.570897392E-07   0.188558683E-10
   0.126322766E-07   0.122943078E-06   0.284733375E-06   0.348080427E-07
   0.101624194E-07   0.839571115E-07   0.121574843E-06   0.241260096E-07
   0.649735998E-08   0.655522499E-07   0.182979832E-06   0.184380209E-07
   0.300044944E-08   0.195142285E-07   0.441442367E-07   0.265616307E-08
   0.282438717E-08   0.135730120E-07  -0.563365141E-07   0.630671160E-08
   0.203187089E-08   0.158742832E-07   0.109396803E-07   0.655083499E-08
   0.119601229E-08   0.225936745E-07   0.129817952E-07   0.136374005E-07
   0.333713557E-09   0.103557429E-07   0.859582006E-08   0.706011116E-08
   0.105558728E-08   0.134166775E-07   0.103869846E-07   0.664326016E-08
   0.226181340E-08   0.232463027E-07  -0.110772973E-07   0.123347395E-07
   0.115984822E-08   0.158146296E-07   0.148842982E-07   0.794368837E-08
   0.299212655E-08   0.264686619E-07   0.344517126E-08   0.111253993E-07
   0.201064365E-08   0.737247108E-08  -0.969429248E-08  -0.191811705E-10
   0.103726467E-07   0.498387571E-07  -0.232050752E-06   0.258345612E-07
   0.145952388E-07   0.746922026E-07  -0.375281672E-06   0.452751685E-07
   0.126025448E-07   0.614968627E-07  -0.178410858E-06   0.211890612E-07
   0.264443045E-07   0.142719443E-06  -0.642365762E-06   0.820204633E-07
   0.678014018E-07   0.387495902E-06  -0.180507016E-05   0.245798162E-06
   0.705773360E-07   0.411263187E-06  -0.186227919E-05   0.258957272E-06
   0.468173020E-07   0.260816108E-06  -0.124637472E-05   0.165527851E-06
   0.253195953E-07   0.139427783E-06  -0.604977231E-06   0.795387365E-07
   0.285389157E-08   0.154734110E-07  -0.438688552E-07   0.615185813E-08
   0.323469318E-08   0.314974216E-07  -0.695110103E-07   0.235744952E-07
   0.525319876E-07   0.296346457E-06  -0.134813797E-05   0.190915415E-06
   0.198625287E-06   0.106768721E-05  -0.499758562E-05   0.669004351E-06
   0.521800530E-06   0.275702087E-05  -0.129238661E-04   0.170929854E-05
   0.985708425E-06   0.497646033E-05  -0.234117324E-04   0.292270761E-05
   0.180233792E-05   0.878594983E-05  -0.413977978E-04   0.502337662E-05
   0.303662819E-05   0.143368825E-04  -0.667013956E-04   0.780263872E-05
   0.416254443E-05   0.189744860E-04  -0.858032363E-04   0.974237264E-05
   0.543320675E-05   0.237060631E-04  -0.101843107E-03   0.111037562E-04
   0.633786522E-05   0.262939120E-04  -0.100610450E-03   0.106219168E-04
   0.644447073E-05   0.246090458E-04  -0.689459630E-04   0.702567286E-05
   0.731817636E-05   0.249216682E-04  -0.309305542E-04   0.307865184E-05
   0.110866522E-04   0.347505193E-04  -0.131140705E-04   0.148272352E-05
   0.223525531E-04   0.693722905E-04  -0.777356545E-04   0.730911052E-05
   0.469257684E-04   0.147302926E-03  -0.277044717E-03   0.239768342E-04
   0.965039580E-04   0.305305788E-03  -0.750227307E-03   0.605858295E-04
   0.179294686E-03   0.566540461E-03  -0.150498271E-02   0.114812610E-03
   0.314447738E-03   0.989960972E-03  -0.271049095E-02   0.194238397E-03
   0.507946592E-03   0.159293483E-02  -0.422489224E-02   0.284594542E-03
   0.777385780E-03   0.243232143E-02  -0.608006492E-02   0.384026411E-03
   0.113248336E-02   0.354421162E-02  -0.813358091E-02   0.481661322E-03
   0.158184208E-02   0.496609183E-02  -0.102269230E-01   0.561549212E-03
   0.213593757E-02   0.673531974E-02  -0.122522209E-01   0.623193162E-03
   0.278175669E-02   0.882017333E-02  -0.138240019E-01   0.643494888E-03
   0.352184149E-02   0.112217134E-01  -0.149019277E-01   0.621435465E-03
   0.431830995E-02   0.138119180E-01  -0.150767844E-01   0.548787299E-03
   0.513755204E-02   0.164638273E-01  -0.142757474E-01   0.432793895E-03
   0.591026293E-02   0.189484376E-01  -0.122667560E-01   0.288649579E-03
   0.655296491E-02   0.209975019E-01  -0.905346218E-02   0.145558239E-03
   0.698025012E-02   0.223514810E-01  -0.481251255E-02   0.393532755E-04
   0.713242870E-02   0.228315759E-01  -0.113515863E-07   0.000000000E+00
