   0.169198155E+00   0.802952886E+00   0.000000000E+00   0.000000000E+00
   0.163227573E+00   0.775916636E+00   0.498745851E-01   0.332412455E-03
   0.146784708E+00   0.701121032E+00   0.890352800E-01   0.118386967E-02
   0.124315344E+00   0.598549962E+00   0.111723587E+00   0.222074543E-02
   0.100147828E+00   0.487678945E+00   0.117969356E+00   0.312324148E-02
   0.778446645E-01   0.384326607E+00   0.112109721E+00   0.368604134E-02
   0.591643974E-01   0.296863467E+00   0.995506942E-01   0.390721858E-02
   0.445469916E-01   0.227475375E+00   0.847816616E-01   0.386063987E-02
   0.335227102E-01   0.174334675E+00   0.704461262E-01   0.367289898E-02
   0.254691802E-01   0.134714261E+00   0.579968840E-01   0.339348498E-02
   0.196094327E-01   0.105261296E+00   0.476951003E-01   0.309922965E-02
   0.153590562E-01   0.834189728E-01   0.394711494E-01   0.283126230E-02
   0.122182555E-01   0.668867901E-01   0.328835174E-01   0.257022236E-02
   0.986781623E-02   0.542758815E-01   0.276319217E-01   0.236189389E-02
   0.806399621E-02   0.444024615E-01   0.233631134E-01   0.215273420E-02
   0.665015681E-02   0.365600921E-01   0.198437180E-01   0.196920428E-02
   0.551513489E-02   0.302134100E-01   0.168822035E-01   0.179636432E-02
   0.458897417E-02   0.250122454E-01   0.143594379E-01   0.161551638E-02
   0.382302422E-02   0.207013767E-01   0.121938949E-01   0.145375030E-02
   0.318025192E-02   0.171017237E-01   0.103076370E-01   0.129818521E-02
   0.263958890E-02   0.140891327E-01   0.867140666E-02   0.113541912E-02
   0.218121032E-02   0.115574487E-01   0.724510523E-02   0.987291569E-03
   0.179213111E-02   0.942196138E-02   0.599976443E-02   0.851742167E-03
   0.146532303E-02   0.764507987E-02   0.493542245E-02   0.720543962E-03
   0.118715258E-02   0.615063403E-02   0.400821911E-02   0.602804183E-03
   0.954401563E-03   0.491371704E-02   0.322169927E-02   0.492632855E-03
   0.761182921E-03   0.389041030E-02   0.256029028E-02   0.402150326E-03
   0.604981149E-03   0.306433160E-02   0.202255696E-02   0.321667176E-03
   0.472778251E-03   0.237910473E-02   0.155955344E-02   0.249065750E-03
   0.365563377E-03   0.182909693E-02   0.118370284E-02   0.188710372E-03
   0.279364525E-03   0.138683466E-02   0.878746214E-03   0.138096875E-03
   0.212961982E-03   0.104594184E-02   0.648006680E-03   0.100688965E-03
   0.160472584E-03   0.781149429E-03   0.466761412E-03   0.699701195E-04
   0.118557196E-03   0.570209522E-03   0.320566178E-03   0.454278161E-04
   0.872559394E-04   0.411520334E-03   0.214208296E-03   0.282103229E-04
   0.638152851E-04   0.294823141E-03   0.137431663E-03   0.162691558E-04
   0.467091450E-04   0.209956546E-03   0.825150710E-04   0.819299567E-05
   0.341908017E-04   0.147047758E-03   0.457650021E-04   0.349152424E-05
   0.254124243E-04   0.104258710E-03   0.204217959E-04   0.105777121E-05
   0.193813758E-04   0.745694197E-04   0.595821666E-05   0.543266253E-06
   0.152463517E-04   0.544726608E-04  -0.278245375E-05   0.995388859E-06
   0.125776050E-04   0.412724003E-04  -0.590214586E-05   0.195217490E-05
   0.108362465E-04   0.327138368E-04  -0.672023407E-05   0.309144775E-05
   0.991090201E-05   0.275414986E-04  -0.574959631E-05   0.417525416E-05
   0.940362133E-05   0.243588147E-04  -0.333125286E-05   0.491588798E-05
   0.930131682E-05   0.226184293E-04  -0.329446948E-06   0.519282366E-05
   0.971331065E-05   0.217712532E-04   0.229237298E-05   0.498432246E-05
   0.105436611E-04   0.220409511E-04   0.465839003E-05   0.423138999E-05
   0.121832099E-04   0.233719747E-04   0.563773528E-05   0.313395844E-05
   0.149011166E-04   0.266041498E-04   0.494131291E-05   0.190707181E-05
   0.193319866E-04   0.322534142E-04   0.434029658E-06   0.697468579E-06
   0.257804695E-04   0.406321524E-04  -0.740484984E-05  -0.317279813E-06
   0.353747710E-04   0.550445220E-04  -0.214121937E-04  -0.324608664E-06
   0.493378429E-04   0.762193304E-04  -0.434887297E-04   0.595769848E-06
   0.694393748E-04   0.106076375E-03  -0.788809630E-04   0.392317952E-05
   0.963350030E-04   0.149564716E-03  -0.126806728E-03   0.912383439E-05
   0.133835652E-03   0.209612073E-03  -0.196417750E-03   0.178466526E-04
   0.183423777E-03   0.288229494E-03  -0.288760028E-03   0.310621544E-04
   0.248883269E-03   0.394692644E-03  -0.412566791E-03   0.488208934E-04
   0.332060183E-03   0.530263234E-03  -0.567869225E-03   0.715666538E-04
   0.437445706E-03   0.705942104E-03  -0.765101693E-03   0.994280563E-04
   0.566102972E-03   0.922162435E-03  -0.999695971E-03   0.132720801E-03
   0.732400455E-03   0.120082742E-02  -0.130512763E-02   0.176789414E-03
   0.929225876E-03   0.153698761E-02  -0.165481842E-02   0.225266427E-03
   0.116985501E-02   0.195236807E-02  -0.207646633E-02   0.280939887E-03
   0.145315565E-02   0.245090062E-02  -0.255784509E-02   0.341418054E-03
   0.179380598E-02   0.305222883E-02  -0.312233786E-02   0.415956485E-03
   0.218892749E-02   0.377111300E-02  -0.375728495E-02   0.487456215E-03
   0.265923957E-02   0.463922555E-02  -0.449810922E-02   0.567904615E-03
   0.320009235E-02   0.565714017E-02  -0.531400880E-02   0.653339550E-03
   0.383173488E-02   0.687849149E-02  -0.624268455E-02   0.738996780E-03
   0.456475979E-02   0.832157489E-02  -0.728195673E-02   0.837053522E-03
   0.540918810E-02   0.100345127E-01  -0.843116641E-02   0.930345326E-03
   0.640061125E-02   0.120860236E-01  -0.974044763E-02   0.103179307E-02
   0.756719196E-02   0.145580601E-01  -0.112264249E-01   0.113325473E-02
   0.896451995E-02   0.175752770E-01  -0.129510546E-01   0.123385468E-02
   0.106583899E-01   0.212893225E-01  -0.149782645E-01   0.135856203E-02
   0.127609503E-01   0.259590056E-01  -0.174209792E-01   0.149591872E-02
   0.154291270E-01   0.319392793E-01  -0.204081554E-01   0.163060008E-02
   0.188763533E-01   0.397187844E-01  -0.241206083E-01   0.179195707E-02
   0.234272555E-01   0.500458144E-01  -0.287669748E-01   0.197078777E-02
   0.294805784E-01   0.638480112E-01  -0.344911292E-01   0.213220576E-02
   0.375669375E-01   0.824314579E-01  -0.413778424E-01   0.229606661E-02
   0.482533090E-01   0.107183784E+00  -0.491517968E-01   0.239351951E-02
   0.620856807E-01   0.139555618E+00  -0.570864044E-01   0.239511277E-02
   0.792440623E-01   0.180145979E+00  -0.635999814E-01   0.222909800E-02
   0.992890373E-01   0.228045076E+00  -0.663176328E-01   0.185997656E-02
   0.120520473E+00   0.279340088E+00  -0.623284467E-01   0.131502957E-02
   0.140097052E+00   0.326893121E+00  -0.494225621E-01   0.693445210E-03
   0.154068515E+00   0.361156911E+00  -0.275655910E-01   0.194008433E-03
   0.159150064E+00   0.373655081E+00  -0.753211680E-07   0.000000000E+00
