   0.612373535E+03   0.162937732E+04   0.649213398E-04   0.000000000E+00
   0.437604584E+03   0.116541333E+04   0.331922569E+02   0.263140142E+00
   0.200492111E+03   0.535403198E+03   0.305811100E+02   0.496340513E+00
   0.813696442E+02   0.218319672E+03   0.187964077E+02   0.476474553E+00
   0.337867241E+02   0.912804794E+02   0.105574856E+02   0.378219306E+00
   0.148399458E+02   0.404690895E+02   0.591426086E+01   0.285936564E+00
   0.687230635E+01   0.189699459E+02   0.337620258E+01   0.215724096E+00
   0.331964183E+01   0.930494690E+01   0.196955872E+01   0.165232107E+00
   0.165467215E+01   0.472486639E+01   0.117047870E+01   0.129115999E+00
   0.846407950E+00   0.246811676E+01   0.706694007E+00   0.103128061E+00
   0.444624484E+00   0.132296646E+01   0.432075739E+00   0.840334296E-01
   0.243822902E+00   0.734394431E+00   0.267860085E+00   0.700015351E-01
   0.144461870E+00   0.430728048E+00   0.168853864E+00   0.594049878E-01
   0.970788077E-01   0.276059180E+00   0.109064311E+00   0.512523651E-01
   0.764069259E-01   0.200273976E+00   0.732591376E-01   0.449671000E-01
   0.691235065E-01   0.165722132E+00   0.520957038E-01   0.399053581E-01
   0.682452619E-01   0.152248412E+00   0.398091078E-01   0.358547904E-01
   0.701087490E-01   0.148990527E+00   0.329255462E-01   0.325665139E-01
   0.727138370E-01   0.149923518E+00   0.292217620E-01   0.297398996E-01
   0.752399042E-01   0.152272657E+00   0.273878016E-01   0.272809397E-01
   0.771903768E-01   0.154123783E+00   0.265123211E-01   0.251935124E-01
   0.783927515E-01   0.154878721E+00   0.260921847E-01   0.233257860E-01
   0.789111853E-01   0.154418856E+00   0.258483160E-01   0.216366258E-01
   0.786678120E-01   0.152393326E+00   0.255055316E-01   0.200945009E-01
   0.780229345E-01   0.149457023E+00   0.251281969E-01   0.187115762E-01
   0.768377855E-01   0.145434633E+00   0.245732181E-01   0.173981097E-01
   0.753327236E-01   0.140580133E+00   0.238375813E-01   0.162057355E-01
   0.734978467E-01   0.135033950E+00   0.229151119E-01   0.150806215E-01
   0.715499297E-01   0.129297048E+00   0.219463240E-01   0.140363201E-01
   0.694832280E-01   0.123131603E+00   0.208056681E-01   0.130807264E-01
   0.673768073E-01   0.116978489E+00   0.196430441E-01   0.121848155E-01
   0.652587414E-01   0.110809058E+00   0.184216890E-01   0.113596926E-01
   0.631011352E-01   0.104524724E+00   0.170848072E-01   0.105927037E-01
   0.611308739E-01   0.987243131E-01   0.158690810E-01   0.990808848E-02
   0.590886064E-01   0.927683339E-01   0.144972922E-01   0.925928541E-02
   0.572233535E-01   0.873380527E-01   0.132547580E-01   0.868279301E-02
   0.554699600E-01   0.821429640E-01   0.120024094E-01   0.816504192E-02
   0.538271293E-01   0.772507414E-01   0.107639311E-01   0.770181697E-02
   0.523101129E-01   0.727573335E-01   0.958981551E-02   0.729641085E-02
   0.509066805E-01   0.685713142E-01   0.842967629E-02   0.693682348E-02
   0.496253036E-01   0.647280216E-01   0.728559261E-02   0.664532185E-02
   0.485431589E-01   0.613775179E-01   0.623671990E-02   0.640109507E-02
   0.474803671E-01   0.582289807E-01   0.516079320E-02   0.619648257E-02
   0.466391295E-01   0.555738248E-01   0.414790818E-02   0.605722982E-02
   0.459646396E-01   0.533431210E-01   0.318547944E-02   0.597151741E-02
   0.452884845E-01   0.513107739E-01   0.220979634E-02   0.591894286E-02
   0.448348559E-01   0.497503243E-01   0.126811315E-02   0.593195390E-02
   0.445039868E-01   0.485550836E-01   0.364489184E-03   0.599522982E-02
   0.442345850E-01   0.476247706E-01  -0.548285665E-03   0.609822851E-02
   0.441177003E-01   0.470694564E-01  -0.145271339E-02   0.625566626E-02
   0.440862402E-01   0.468081757E-01  -0.235709688E-02   0.645668292E-02
   0.442559719E-01   0.469716154E-01  -0.322621502E-02   0.672079716E-02
   0.444207862E-01   0.473071672E-01  -0.412028702E-02   0.701632258E-02
   0.447243750E-01   0.479904711E-01  -0.503017381E-02   0.737606268E-02
   0.451483801E-01   0.489702970E-01  -0.592521485E-02   0.778241968E-02
   0.456161350E-01   0.501623154E-01  -0.680191955E-02   0.824129768E-02
   0.461634323E-01   0.515929163E-01  -0.769982208E-02   0.874783657E-02
   0.467839576E-01   0.532493852E-01  -0.859326310E-02   0.931401458E-02
   0.474541932E-01   0.550920889E-01  -0.948356092E-02   0.993546564E-02
   0.481614508E-01   0.570760258E-01  -0.103555229E-01   0.106117390E-01
   0.488753840E-01   0.591915846E-01  -0.112442309E-01   0.113388067E-01
   0.495892763E-01   0.613281466E-01  -0.120511018E-01   0.121418489E-01
   0.502257347E-01   0.634584203E-01  -0.128525281E-01   0.129879275E-01
   0.508437790E-01   0.655895248E-01  -0.136191566E-01   0.139042679E-01
   0.513094626E-01   0.674594715E-01  -0.142620821E-01   0.149027705E-01
   0.516464375E-01   0.692076460E-01  -0.149060311E-01   0.159617271E-01
   0.517751798E-01   0.705803558E-01  -0.154395299E-01   0.171228498E-01
   0.516834781E-01   0.716145486E-01  -0.159453936E-01   0.183673874E-01
   0.512170307E-01   0.720490217E-01  -0.163841005E-01   0.196960550E-01
   0.504567958E-01   0.720041767E-01  -0.168438163E-01   0.211724658E-01
   0.493309982E-01   0.714522451E-01  -0.174127538E-01   0.227945168E-01
   0.477456301E-01   0.703938678E-01  -0.182283148E-01   0.245361496E-01
   0.459238626E-01   0.693488717E-01  -0.195641909E-01   0.265323035E-01
   0.440356061E-01   0.690874904E-01  -0.218311809E-01   0.287931301E-01
   0.425469205E-01   0.711437017E-01  -0.256741438E-01   0.313743986E-01
   0.422821008E-01   0.782783628E-01  -0.321683101E-01   0.343481787E-01
   0.449960306E-01   0.958318338E-01  -0.429357588E-01   0.378804840E-01
   0.538415201E-01   0.133507147E+00  -0.606943518E-01   0.421304181E-01
   0.747254565E-01   0.209146410E+00  -0.897522792E-01   0.472826511E-01
   0.118889458E+00   0.356507808E+00  -0.137311921E+00   0.536715165E-01
   0.208004251E+00   0.640380263E+00  -0.215409532E+00   0.617386252E-01
   0.385252923E+00   0.118906677E+01  -0.344745040E+00   0.720367134E-01
   0.739758492E+00   0.226776338E+01  -0.562059522E+00   0.855568126E-01
   0.146528196E+01   0.445009232E+01  -0.934444785E+00   0.103445761E+00
   0.300425458E+01   0.904769993E+01  -0.158768594E+01   0.127634898E+00
   0.643673325E+01   0.192542095E+02  -0.276213527E+01   0.159933001E+00
   0.145627689E+02   0.433525543E+02  -0.490605354E+01   0.201167956E+00
   0.348981285E+02   0.103546257E+03  -0.870258617E+01   0.242735103E+00
   0.856763916E+02   0.253691910E+03  -0.141233835E+02   0.244668141E+00
   0.186588974E+03   0.551896545E+03  -0.153069448E+02   0.127010435E+00
   0.260907959E+03   0.771444641E+03  -0.518559355E-04   0.000000000E+00
