   0.423955231E+03   0.949139160E+03   0.123916280E-09   0.000000000E+00
   0.351545929E+03   0.788052917E+03   0.175897446E+02   0.153111100E+00
   0.216620636E+03   0.487525909E+03   0.217677021E+02   0.391317576E+00
   0.114812683E+03   0.260162994E+03   0.174314404E+02   0.495352119E+00
   0.581770554E+02   0.133139053E+03   0.119039297E+02   0.484759986E+00
   0.296310921E+02   0.687234344E+02   0.769175005E+01   0.428824008E+00
   0.154345942E+02   0.364233780E+02   0.490309048E+01   0.365749717E+00
   0.824673462E+01   0.198910351E+02   0.313425899E+01   0.309224039E+00
   0.450970364E+01   0.111721315E+02   0.202106166E+01   0.262029797E+00
   0.251517797E+01   0.643444300E+01   0.131683481E+01   0.223939270E+00
   0.142793715E+01   0.379025888E+01   0.867243230E+00   0.193091989E+00
   0.826158464E+00   0.228196001E+01   0.577480137E+00   0.168184951E+00
   0.490593493E+00   0.140636039E+01   0.389147848E+00   0.147722304E+00
   0.303698391E+00   0.892417610E+00   0.266026586E+00   0.131014958E+00
   0.200844675E+00   0.587670505E+00   0.184989139E+00   0.116938390E+00
   0.146121800E+00   0.407488525E+00   0.131782115E+00   0.105159469E+00
   0.118697010E+00   0.300975293E+00   0.967471749E-01   0.950392038E-01
   0.106679298E+00   0.238729373E+00   0.737106875E-01   0.863592625E-01
   0.103121005E+00   0.203087896E+00   0.586568862E-01   0.788155794E-01
   0.103996828E+00   0.183267578E+00   0.488376357E-01   0.722083002E-01
   0.106901579E+00   0.172700301E+00   0.424818955E-01   0.663242787E-01
   0.110537045E+00   0.167393655E+00   0.383277386E-01   0.610980839E-01
   0.114054278E+00   0.164794698E+00   0.355649702E-01   0.563814007E-01
   0.117313728E+00   0.163756624E+00   0.337099917E-01   0.521373190E-01
   0.119812228E+00   0.162992865E+00   0.323080532E-01   0.482671410E-01
   0.121822350E+00   0.162374452E+00   0.311916545E-01   0.448186994E-01
   0.123164453E+00   0.161483288E+00   0.302094650E-01   0.416151360E-01
   0.123890027E+00   0.160178527E+00   0.292407013E-01   0.386863723E-01
   0.124192305E+00   0.158549279E+00   0.282659773E-01   0.360162593E-01
   0.123971775E+00   0.156408682E+00   0.271858200E-01   0.335814394E-01
   0.123559415E+00   0.154151559E+00   0.261145048E-01   0.313650109E-01
   0.122695744E+00   0.151366904E+00   0.248912685E-01   0.293262135E-01
   0.121774964E+00   0.148579150E+00   0.236581173E-01   0.274954978E-01
   0.120660752E+00   0.145629108E+00   0.223916620E-01   0.258164629E-01
   0.119408712E+00   0.142572701E+00   0.210558567E-01   0.243156217E-01
   0.118051454E+00   0.139401004E+00   0.196585879E-01   0.229537692E-01
   0.116729073E+00   0.136348441E+00   0.182884410E-01   0.217469707E-01
   0.115333706E+00   0.133283585E+00   0.168877300E-01   0.206750166E-01
   0.113901623E+00   0.130208880E+00   0.154295508E-01   0.197441708E-01
   0.112615362E+00   0.127439886E+00   0.140664754E-01   0.189434625E-01
   0.111315630E+00   0.124685600E+00   0.126500614E-01   0.182699207E-01
   0.110142633E+00   0.122191876E+00   0.112892110E-01   0.177302696E-01
   0.108843565E+00   0.119583689E+00   0.983937178E-02   0.172765404E-01
   0.107744768E+00   0.117363960E+00   0.849686284E-02   0.169653092E-01
   0.106631137E+00   0.115213230E+00   0.714334985E-02   0.167600773E-01
   0.105747975E+00   0.113379151E+00   0.580789382E-02   0.166778844E-01
   0.104844682E+00   0.111681722E+00   0.451745139E-02   0.167137124E-01
   0.103972055E+00   0.110076390E+00   0.319996336E-02   0.168388374E-01
   0.103249013E+00   0.108767174E+00   0.192483282E-02   0.171085261E-01
   0.102605633E+00   0.107641853E+00   0.662523147E-03   0.174878873E-01
   0.101997323E+00   0.106673621E+00  -0.540281355E-03   0.179741308E-01
   0.101444513E+00   0.105877578E+00  -0.175356911E-02   0.185963977E-01
   0.100873560E+00   0.105164841E+00  -0.297017605E-02   0.193311907E-01
   0.100428328E+00   0.104700588E+00  -0.414646091E-02   0.202085860E-01
   0.999660566E-01   0.104317442E+00  -0.531417504E-02   0.212050080E-01
   0.995032862E-01   0.104051247E+00  -0.647825515E-02   0.223439466E-01
   0.989448577E-01   0.103798799E+00  -0.755318394E-02   0.236147512E-01
   0.984964967E-01   0.103766851E+00  -0.866867602E-02   0.250557624E-01
   0.978447348E-01   0.103645824E+00  -0.973978639E-02   0.266381670E-01
   0.972196385E-01   0.103667058E+00  -0.107853310E-01   0.284012780E-01
   0.964209884E-01   0.103643797E+00  -0.118299546E-01   0.303315558E-01
   0.954551995E-01   0.103581429E+00  -0.127974069E-01   0.324593559E-01
   0.943391323E-01   0.103532046E+00  -0.137640117E-01   0.347952805E-01
   0.929823592E-01   0.103447601E+00  -0.147173349E-01   0.373611450E-01
   0.912997201E-01   0.103270464E+00  -0.157064777E-01   0.401262343E-01
   0.892591625E-01   0.103062287E+00  -0.167044383E-01   0.431482419E-01
   0.867987871E-01   0.102919124E+00  -0.178061239E-01   0.464521572E-01
   0.839927420E-01   0.103061527E+00  -0.190476272E-01   0.500654280E-01
   0.806452185E-01   0.103629030E+00  -0.205770321E-01   0.539768375E-01
   0.768574998E-01   0.105161078E+00  -0.225152429E-01   0.582666956E-01
   0.726680234E-01   0.108427763E+00  -0.251506921E-01   0.629627034E-01
   0.682792440E-01   0.114728272E+00  -0.288041122E-01   0.681771189E-01
   0.639207885E-01   0.125909418E+00  -0.340449736E-01   0.738220885E-01
   0.602954291E-01   0.145487517E+00  -0.416496620E-01   0.801730379E-01
   0.584638864E-01   0.178482354E+00  -0.527619943E-01   0.871277526E-01
   0.603670664E-01   0.233715609E+00  -0.691646561E-01   0.948494747E-01
   0.693911165E-01   0.325803220E+00  -0.935222059E-01   0.103574574E+00
   0.914848894E-01   0.478792757E+00  -0.129809961E+00   0.113340490E+00
   0.137019351E+00   0.734212339E+00  -0.184181929E+00   0.124419980E+00
   0.224826217E+00   0.116462791E+01  -0.266329855E+00   0.136918813E+00
   0.389280081E+00   0.190221751E+01  -0.391813159E+00   0.151345775E+00
   0.694658220E+00   0.318624663E+01  -0.584923089E+00   0.167686716E+00
   0.126480460E+01   0.547861099E+01  -0.885994792E+00   0.186638147E+00
   0.234684801E+01   0.968431854E+01  -0.136019695E+01   0.208054468E+00
   0.444634533E+01   0.176437168E+02  -0.211181521E+01   0.231461555E+00
   0.862110615E+01   0.331892548E+02  -0.329614186E+01   0.254845411E+00
   0.170648212E+02   0.642163239E+02  -0.508651495E+01   0.270929903E+00
   0.339246254E+02   0.125568794E+03  -0.744451714E+01   0.261897653E+00
   0.644353638E+02   0.235887054E+03  -0.931145191E+01   0.198193192E+00
   0.105149673E+03   0.382509277E+03  -0.754445076E+01   0.755362734E-01
   0.127107117E+03   0.461426758E+03  -0.272041234E-04   0.000000000E+00
