   0.201961160E+01   0.670470238E+01   0.000000000E+00   0.000000000E+00
   0.190533781E+01   0.632954550E+01   0.336001158E+00   0.236239890E-02
   0.161114573E+01   0.536207151E+01   0.565876663E+00   0.793718360E-02
   0.124355423E+01   0.415193796E+01   0.650425434E+00   0.136312461E-01
   0.896381974E+00   0.300671530E+01   0.618367255E+00   0.171742830E-01
   0.617702663E+00   0.208518457E+01   0.524603069E+00   0.180782937E-01
   0.415544927E+00   0.141450632E+01   0.414842993E+00   0.169923343E-01
   0.277530968E+00   0.954970956E+00   0.314529419E+00   0.148780085E-01
   0.186663523E+00   0.651005626E+00   0.233373448E+00   0.124631589E-01
   0.127859905E+00   0.453306973E+00   0.172037616E+00   0.102180578E-01
   0.900102034E-01   0.325237244E+00   0.127555132E+00   0.831959676E-02
   0.654960498E-01   0.241629258E+00   0.959912688E-01   0.679269712E-02
   0.493847057E-01   0.186186105E+00   0.738311708E-01   0.564578827E-02
   0.385175422E-01   0.148347259E+00   0.581965335E-01   0.478553120E-02
   0.309780911E-01   0.121722661E+00   0.470899642E-01   0.417627674E-02
   0.255508889E-01   0.102206245E+00   0.390232429E-01   0.368666439E-02
   0.214762054E-01   0.872622952E-01   0.329769179E-01   0.331819593E-02
   0.182923842E-01   0.753430650E-01   0.282812677E-01   0.300891302E-02
   0.157149620E-01   0.654808432E-01   0.244927611E-01   0.275920192E-02
   0.135756973E-01   0.571227334E-01   0.213519949E-01   0.252923695E-02
   0.117509151E-01   0.498546809E-01   0.186469741E-01   0.231170864E-02
   0.101740751E-01   0.434724763E-01   0.162809454E-01   0.209527207E-02
   0.880306680E-02   0.378180109E-01   0.141875632E-01   0.191037450E-02
   0.760533102E-02   0.328119323E-01   0.123289190E-01   0.171389466E-02
   0.654985616E-02   0.283584837E-01   0.106569873E-01   0.151635031E-02
   0.563400378E-02   0.244243033E-01   0.918300543E-02   0.134725997E-02
   0.482462859E-02   0.209169853E-01   0.784525368E-02   0.117866532E-02
   0.411775988E-02   0.178253707E-01   0.665583462E-02   0.102349394E-02
   0.351481279E-02   0.151547324E-01   0.564083923E-02   0.886929687E-03
   0.298714847E-02   0.127945514E-01   0.472838199E-02   0.757197267E-03
   0.252981065E-02   0.107462164E-01   0.392939523E-02   0.637250545E-03
   0.213950966E-02   0.898249354E-02   0.324275298E-02   0.534262275E-03
   0.180695660E-02   0.747011602E-02   0.265444443E-02   0.442486285E-03
   0.152659416E-02   0.618205918E-02   0.215693796E-02   0.364631851E-03
   0.128785439E-02   0.507507706E-02   0.172586169E-02   0.298247644E-03
   0.109121203E-02   0.415960280E-02   0.137845450E-02   0.242364084E-03
   0.927408109E-03   0.339284586E-02   0.108959200E-02   0.196568973E-03
   0.790421094E-03   0.274626189E-02   0.844451191E-03   0.158896844E-03
   0.680062512E-03   0.221944135E-02   0.650087721E-03   0.129368855E-03
   0.591691933E-03   0.178368483E-02   0.489957340E-03   0.106036081E-03
   0.522287679E-03   0.144006766E-02   0.367305242E-03   0.890491792E-04
   0.468802697E-03   0.116489991E-02   0.268833275E-03   0.754560315E-04
   0.430356915E-03   0.949095353E-03   0.188150589E-03   0.664015606E-04
   0.403138052E-03   0.785171578E-03   0.122949161E-03   0.592837314E-04
   0.387480541E-03   0.664888648E-03   0.651367882E-04   0.545374533E-04
   0.384686660E-03   0.588860188E-03   0.174912602E-04   0.520503818E-04
   0.392477756E-03   0.549026940E-03  -0.298290197E-04   0.512080842E-04
   0.412403198E-03   0.545521441E-03  -0.770023544E-04   0.523624512E-04
   0.444361242E-03   0.575922488E-03  -0.132877612E-03   0.544832401E-04
   0.491551764E-03   0.642741681E-03  -0.195119399E-03   0.591811258E-04
   0.548680779E-03   0.743177196E-03  -0.270286924E-03   0.637743433E-04
   0.629413058E-03   0.888289476E-03  -0.363894040E-03   0.734478017E-04
   0.726839877E-03   0.107425859E-02  -0.474265486E-03   0.857820560E-04
   0.847272866E-03   0.131244480E-02  -0.612579170E-03   0.100112760E-03
   0.995800016E-03   0.161038234E-02  -0.783307594E-03   0.118737800E-03
   0.117611850E-02   0.197291397E-02  -0.988675631E-03   0.144150559E-03
   0.139327336E-02   0.241048681E-02  -0.123568450E-02   0.176576868E-03
   0.164404046E-02   0.292556733E-02  -0.151800073E-02   0.211971797E-03
   0.194360537E-02   0.354487612E-02  -0.185934920E-02   0.252353057E-03
   0.229279394E-02   0.426612329E-02  -0.225062761E-02   0.300934393E-03
   0.270153768E-02   0.511034671E-02  -0.270576123E-02   0.358296908E-03
   0.316672609E-02   0.608875696E-02  -0.322038285E-02   0.417007599E-03
   0.370008568E-02   0.720636500E-02  -0.379684567E-02   0.487344718E-03
   0.430987962E-02   0.849233661E-02  -0.444996962E-02   0.564509246E-03
   0.499506854E-02   0.995781180E-02  -0.517382007E-02   0.641273218E-03
   0.576561037E-02   0.116311116E-01  -0.598101225E-02   0.716252485E-03
   0.662927795E-02   0.134934848E-01  -0.685545756E-02   0.814300263E-03
   0.759064034E-02   0.156064332E-01  -0.782163441E-02   0.907534792E-03
   0.865719002E-02   0.179848466E-01  -0.887778401E-02   0.983733335E-03
   0.985069014E-02   0.206514560E-01  -0.100433631E-01   0.110594602E-02
   0.111864489E-01   0.236827675E-01  -0.113461092E-01   0.120931026E-02
   0.126864780E-01   0.271174703E-01  -0.128034363E-01   0.132185081E-02
   0.144011425E-01   0.310982410E-01  -0.144877965E-01   0.142355589E-02
   0.164039154E-01   0.357640237E-01  -0.164923072E-01   0.159625337E-02
   0.188136995E-01   0.414259285E-01  -0.189612322E-01   0.174432097E-02
   0.218273830E-01   0.485239960E-01  -0.221450981E-01   0.197784859E-02
   0.257463232E-01   0.577911995E-01  -0.263737030E-01   0.226183282E-02
   0.310676079E-01   0.704132393E-01  -0.321757533E-01   0.263578002E-02
   0.385585725E-01   0.882705674E-01  -0.402823687E-01   0.313026062E-02
   0.494511165E-01   0.114434816E+00  -0.517363995E-01   0.378679880E-02
   0.656840429E-01   0.153811902E+00  -0.679596215E-01   0.462412275E-02
   0.901442245E-01   0.213863075E+00  -0.905733705E-01   0.564260827E-02
   0.127337724E+00   0.306447655E+00  -0.121533215E+00   0.684068305E-02
   0.183597729E+00   0.448350906E+00  -0.162081435E+00   0.805365294E-02
   0.267374724E+00   0.662483454E+00  -0.211744204E+00   0.906624179E-02
   0.387544990E+00   0.973599076E+00  -0.265287608E+00   0.950636994E-02
   0.550415933E+00   0.140020287E+01  -0.310219377E+00   0.894412957E-02
   0.750426710E+00   0.192866194E+01  -0.324102491E+00   0.701722549E-02
   0.959856153E+00   0.248614264E+01  -0.280562282E+00   0.405799365E-02
   0.112600851E+01   0.293005109E+01  -0.166014761E+00   0.119905721E-02
   0.119009697E+01   0.310217285E+01  -0.365156922E-06   0.000000000E+00
