   0.131967897E-01   0.122428723E+00   0.000000000E+00   0.000000000E+00
   0.129416501E-01   0.120055869E+00   0.984930433E-02   0.662299863E-04
   0.122432234E-01   0.113505565E+00   0.184716173E-01   0.248064258E-03
   0.111998944E-01   0.103635788E+00   0.249755550E-01   0.501408067E-03
   0.997042470E-02   0.919220373E-01   0.290509891E-01   0.779920316E-03
   0.869024079E-02   0.795577615E-01   0.308382176E-01   0.103909755E-02
   0.747751072E-02   0.676238462E-01   0.308387838E-01   0.124086323E-02
   0.637739897E-02   0.566698611E-01   0.295577236E-01   0.139793160E-02
   0.542440964E-02   0.470303260E-01   0.275167376E-01   0.148524181E-02
   0.461421534E-02   0.387716256E-01   0.250937007E-01   0.153504452E-02
   0.393050211E-02   0.318172835E-01   0.225296952E-01   0.152814994E-02
   0.335678319E-02   0.260208678E-01   0.200058147E-01   0.150146021E-02
   0.286549400E-02   0.212200806E-01   0.175657906E-01   0.143455213E-02
   0.244421326E-02   0.172551386E-01   0.152839618E-01   0.135082693E-02
   0.207461254E-02   0.139846373E-01   0.131524224E-01   0.125051779E-02
   0.175622292E-02   0.112888189E-01   0.112319579E-01   0.113738107E-02
   0.147584768E-02   0.906670000E-02   0.949029811E-02   0.101956201E-02
   0.122701400E-02   0.723348185E-02   0.791362580E-02   0.898950850E-03
   0.101100188E-02   0.573042687E-02   0.652729301E-02   0.779946044E-03
   0.821738213E-03   0.449393410E-02   0.530369813E-02   0.666355423E-03
   0.658960780E-03   0.348804588E-02   0.424793828E-02   0.557781605E-03
   0.521697686E-03   0.267676706E-02   0.335312681E-02   0.458295021E-03
   0.403895596E-03   0.201762957E-02   0.258671027E-02   0.368059089E-03
   0.307578361E-03   0.149673014E-02   0.195857487E-02   0.287432078E-03
   0.228207893E-03   0.108379114E-02   0.144141191E-02   0.218723668E-03
   0.168714934E-03   0.778251153E-03   0.105528883E-02   0.165003454E-03
   0.118873329E-03   0.533384271E-03   0.731859007E-03   0.118436037E-03
   0.822540533E-04   0.356272765E-03   0.495025946E-03   0.822700240E-04
   0.540334659E-04   0.225621174E-03   0.314869772E-03   0.540270630E-04
   0.345518056E-04   0.139091615E-03   0.193361047E-03   0.337712736E-04
   0.208878009E-04   0.788033722E-04   0.108309941E-03   0.192453263E-04
   0.120133673E-04   0.418711825E-04   0.555287988E-04   0.101577662E-04
   0.654545329E-05   0.212174473E-04   0.251602814E-04   0.476970263E-05
   0.325580891E-05   0.102732110E-04   0.857529085E-05   0.193746155E-05
   0.139631572E-05   0.569998974E-05   0.779419508E-06   0.809189714E-06
   0.719847151E-06   0.507986897E-05  -0.243083349E-06   0.948131117E-06
   0.496212692E-06   0.615177805E-05   0.862018226E-06   0.169502312E-05
   0.584274687E-06   0.869201176E-05   0.370111366E-05   0.282444944E-05
   0.698464760E-06   0.992995865E-05   0.533947241E-05   0.383657834E-05
   0.105560821E-05   0.121051808E-04   0.723453786E-05   0.531479009E-05
   0.117210379E-05   0.129048794E-04   0.810759138E-05   0.603843955E-05
   0.121482992E-05   0.126255773E-04   0.699821931E-05   0.657118289E-05
   0.137803215E-05   0.130116196E-04   0.632647107E-05   0.724835763E-05
   0.168798522E-05   0.127593294E-04   0.305190383E-05   0.794722018E-05
   0.170925921E-05   0.125643073E-04   0.218403807E-05   0.807353626E-05
   0.181390863E-05   0.115982793E-04  -0.733742411E-06   0.790171180E-05
   0.207246262E-05   0.115863641E-04  -0.275363504E-05   0.810208167E-05
   0.214538295E-05   0.105755144E-04  -0.540981000E-05   0.758384522E-05
   0.235653579E-05   0.102087906E-04  -0.812658618E-05   0.731088494E-05
   0.239801329E-05   0.948886554E-05  -0.859840929E-05   0.666077995E-05
   0.235633047E-05   0.880390508E-05  -0.834483490E-05   0.602746695E-05
   0.225965277E-05   0.788367379E-05  -0.814057148E-05   0.511277722E-05
   0.196290193E-05   0.646617491E-05  -0.675563206E-05   0.380558890E-05
   0.173511410E-05   0.549854622E-05  -0.438158850E-05   0.303482830E-05
   0.135279856E-05   0.368389942E-05  -0.194927998E-05   0.163355412E-05
   0.145337276E-05   0.288751085E-05  -0.782877066E-06   0.932401690E-06
   0.241131102E-05   0.334226888E-05  -0.308268750E-05   0.915918974E-06
   0.508476160E-05   0.633373747E-05  -0.122702168E-04   0.215035470E-05
   0.997575444E-05   0.129840346E-04  -0.297851639E-04   0.492654544E-05
   0.193005289E-04   0.261542082E-04  -0.644563625E-04   0.107127189E-04
   0.334201868E-04   0.477549111E-04  -0.117837430E-03   0.194753520E-04
   0.560499211E-04   0.822793663E-04  -0.202935902E-03   0.330999246E-04
   0.905489360E-04   0.135852242E-03  -0.332797499E-03   0.529982826E-04
   0.136333285E-03   0.207501624E-03  -0.500460563E-03   0.781140989E-04
   0.198462934E-03   0.304754911E-03  -0.723057427E-03   0.110507710E-03
   0.281224202E-03   0.435541355E-03  -0.101314986E-02   0.148987296E-03
   0.386847940E-03   0.601712207E-03  -0.137155131E-02   0.198086214E-03
   0.524205272E-03   0.822177448E-03  -0.182905095E-02   0.253783655E-03
   0.689769047E-03   0.109001109E-02  -0.235612574E-02   0.313688943E-03
   0.893950521E-03   0.142289349E-02  -0.298296590E-02   0.383318344E-03
   0.113635079E-02   0.183182501E-02  -0.369565538E-02   0.451715256E-03
   0.142138579E-02   0.232051243E-02  -0.448795967E-02   0.523940544E-03
   0.176159898E-02   0.292363949E-02  -0.539254723E-02   0.594760000E-03
   0.215335167E-02   0.364287384E-02  -0.636647316E-02   0.663006911E-03
   0.261286390E-02   0.451568142E-02  -0.744185830E-02   0.731603999E-03
   0.314159459E-02   0.556562282E-02  -0.858638901E-02   0.790742284E-03
   0.375134801E-02   0.683036027E-02  -0.979603361E-02   0.839412969E-03
   0.446266355E-02   0.836356170E-02  -0.110909613E-01   0.879648607E-03
   0.528697530E-02   0.102117928E-01  -0.124383625E-01   0.912521791E-03
   0.625146972E-02   0.124493828E-01  -0.138386553E-01   0.925726257E-03
   0.738350395E-02   0.151554132E-01  -0.152574722E-01   0.917064899E-03
   0.870328676E-02   0.183912832E-01  -0.166547839E-01   0.908789225E-03
   0.102467900E-01   0.222444572E-01  -0.179386977E-01   0.860690139E-03
   0.120126130E-01   0.267286152E-01  -0.189601816E-01   0.795773987E-03
   0.139906937E-01   0.318349004E-01  -0.195061862E-01   0.707007654E-03
   0.161219947E-01   0.373974033E-01  -0.192837734E-01   0.582429115E-03
   0.183044318E-01   0.431390852E-01  -0.179782324E-01   0.432666944E-03
   0.203297511E-01   0.485510901E-01  -0.153252576E-01   0.278310938E-03
   0.220398027E-01   0.531127192E-01  -0.112690395E-01   0.135148162E-03
   0.231647827E-01   0.561728850E-01  -0.598948961E-02   0.361876446E-04
   0.235575605E-01   0.572291501E-01  -0.150460977E-07   0.000000000E+00
