   0.218805246E-03   0.291832164E-01   0.497044494E-08   0.000000000E+00
   0.227827186E-03   0.286195260E-01   0.299377856E-02   0.184233777E-04
   0.252584781E-03   0.270126816E-01   0.566342007E-02   0.687730353E-04
   0.287056115E-03   0.245858002E-01   0.774448831E-02   0.139252792E-03
   0.322804030E-03   0.216289721E-01   0.910583511E-02   0.213663428E-03
   0.351978408E-03   0.184574891E-01   0.973696355E-02   0.280411128E-03
   0.368865469E-03   0.153133553E-01   0.973874610E-02   0.328269467E-03
   0.367935398E-03   0.123707429E-01   0.918327179E-02   0.351608905E-03
   0.351684517E-03   0.976196397E-02   0.830012467E-02   0.355106662E-03
   0.319497049E-03   0.750552490E-02   0.715599023E-02   0.336386845E-03
   0.277153187E-03   0.562534481E-02   0.592439668E-02   0.303376000E-03
   0.228876757E-03   0.409891689E-02   0.469556637E-02   0.259854569E-03
   0.178556453E-03   0.288224570E-02   0.352696609E-02   0.210095663E-03
   0.132825284E-03   0.196140399E-02   0.253574923E-02   0.160839278E-03
   0.926093417E-04   0.127411226E-02   0.170689682E-02   0.114876799E-03
   0.596103928E-04   0.780088012E-03   0.105295167E-02   0.741486219E-04
   0.357153622E-04   0.451726868E-03   0.599412248E-03   0.442060700E-04
   0.194919194E-04   0.244592346E-03   0.303651235E-03   0.227380006E-04
   0.903038563E-05   0.120324228E-03   0.121562851E-03   0.889218063E-05
   0.360334320E-05   0.571943565E-04   0.361112106E-04   0.226593534E-05
   0.119198421E-05   0.293856101E-04   0.578536674E-05   0.109989763E-06
   0.563602498E-06   0.203453837E-04   0.523154040E-05   0.482385474E-06
   0.631989394E-06   0.193341311E-04   0.149616153E-04   0.191824756E-05
   0.972839302E-06   0.206444656E-04   0.257261690E-04   0.320946538E-05
   0.116839203E-05   0.204303760E-04   0.314555909E-04   0.406423078E-05
   0.113205112E-05   0.176877893E-04   0.300586034E-04   0.396209043E-05
   0.106098184E-05   0.153387919E-04   0.277045183E-04   0.371590204E-05
   0.828186614E-06   0.116221045E-04   0.219126941E-04   0.307354571E-05
   0.530740124E-06   0.725135124E-05   0.138349942E-04   0.197967711E-05
   0.297281645E-06   0.407956713E-05   0.791915500E-05   0.118803632E-05
   0.200409531E-06   0.273141313E-05   0.540705969E-05   0.836038055E-06
   0.586514410E-07   0.818717524E-06   0.157074317E-05   0.253965197E-06
   0.215388241E-07   0.342973522E-06   0.604944887E-06   0.139720598E-06
   0.952606438E-08   0.148752392E-06   0.247792372E-06   0.514492591E-07
   0.784811438E-09   0.171003300E-07   0.207357798E-08   0.109301039E-07
   0.393800503E-08   0.287460864E-07   0.307750021E-07   0.847479065E-08
   0.662686661E-08   0.623939584E-07   0.145984316E-06   0.173156849E-07
   0.153980437E-07   0.137463772E-06   0.270038612E-06   0.362699595E-07
   0.113580709E-07   0.103973861E-06   0.235485288E-06   0.269747176E-07
   0.142331000E-07   0.140184085E-06   0.252711715E-06   0.429086917E-07
   0.843476311E-08   0.908719642E-07   0.211525204E-06   0.295224929E-07
   0.436927738E-08   0.507073388E-07   0.110439913E-06   0.172991630E-07
   0.453314541E-08   0.451672371E-07   0.288440614E-07   0.253048125E-07
   0.820834245E-08   0.940174090E-07   0.175363340E-06   0.406160652E-07
   0.695302438E-08   0.910789026E-07   0.174711275E-06   0.401629912E-07
   0.482660445E-08   0.418591739E-07  -0.663270754E-07   0.314203881E-07
   0.111748291E-07   0.541745280E-07  -0.204992759E-06   0.392501356E-07
   0.213811457E-07   0.108017147E-06  -0.405675905E-06   0.760670105E-07
   0.273394729E-07   0.124615653E-06  -0.496370944E-06   0.880107081E-07
   0.125574964E-07   0.560741640E-07  -0.225603358E-06   0.392106223E-07
   0.897216790E-08   0.519875094E-07  -0.140863037E-06   0.380686274E-07
   0.275880989E-07   0.106179712E-06  -0.465465490E-06   0.672043541E-07
   0.321416920E-07   0.135449000E-06  -0.532284503E-06   0.805896647E-07
   0.993698901E-08   0.357518743E-07  -0.159602052E-06   0.222952430E-07
   0.159963083E-07   0.542112311E-07  -0.228680648E-06   0.257673083E-07
   0.120765629E-07   0.430081322E-07  -0.188803071E-06   0.247457308E-07
   0.170050274E-08   0.133519649E-07  -0.304273833E-07   0.100310054E-07
   0.942523659E-08   0.540740075E-07  -0.159688028E-06   0.400980937E-07
   0.853642632E-07   0.348983775E-06  -0.136665653E-05   0.205507661E-06
   0.260847116E-06   0.104550020E-05  -0.417357433E-05   0.624411143E-06
   0.427256055E-06   0.168621705E-05  -0.677468370E-05   0.103762659E-05
   0.927161238E-06   0.351246149E-05  -0.142626250E-04   0.205037531E-05
   0.141810972E-05   0.522722394E-05  -0.210259095E-04   0.286642035E-05
   0.233990045E-05   0.839362474E-05  -0.338268655E-04   0.456800308E-05
   0.321118569E-05   0.111792242E-04  -0.443182616E-04   0.572663703E-05
   0.378105415E-05   0.128498832E-04  -0.490524726E-04   0.617609385E-05
   0.397888471E-05   0.131092502E-04  -0.464309815E-04   0.565147366E-05
   0.401186162E-05   0.126962077E-04  -0.386301035E-04   0.459436478E-05
   0.365806909E-05   0.107451924E-04  -0.221548526E-04   0.273139221E-05
   0.401188299E-05   0.105356612E-04  -0.769062353E-05   0.104860328E-05
   0.615756380E-05   0.146966868E-04  -0.624865970E-05   0.889781916E-06
   0.134619258E-04   0.317872982E-04  -0.550805489E-04   0.587592376E-05
   0.291947636E-04   0.698238218E-04  -0.176460584E-03   0.173491990E-04
   0.592835422E-04   0.142570017E-03  -0.420400873E-03   0.389838497E-04
   0.109774977E-03   0.263767724E-03  -0.821775175E-03   0.717166549E-04
   0.188432459E-03   0.450762309E-03  -0.142031023E-02   0.116945332E-03
   0.300776126E-03   0.716382812E-03  -0.221035606E-02   0.171753331E-03
   0.455168542E-03   0.108171208E-02  -0.320543256E-02   0.233116647E-03
   0.656482822E-03   0.156091829E-02  -0.436256779E-02   0.296823680E-03
   0.907384965E-03   0.216620881E-02  -0.560612744E-02   0.356442877E-03
   0.120833225E-02   0.290814741E-02  -0.683677429E-02   0.404081744E-03
   0.156683312E-02   0.381194823E-02  -0.803348050E-02   0.437624229E-03
   0.197832589E-02   0.487511419E-02  -0.905085728E-02   0.451820961E-03
   0.244050380E-02   0.609542662E-02  -0.979468506E-02   0.440181204E-03
   0.294583733E-02   0.745056896E-02  -0.101612452E-01   0.404609833E-03
   0.347569305E-02   0.888493564E-02  -0.100082718E-01   0.341767067E-03
   0.400434434E-02   0.103225242E-01  -0.924215745E-02   0.260947563E-03
   0.449273642E-02   0.116495201E-01  -0.778724859E-02   0.169245584E-03
   0.489324750E-02   0.127328010E-01  -0.565846451E-02   0.834696693E-04
   0.515958248E-02   0.134501830E-01  -0.298680249E-02   0.222606195E-04
   0.525146537E-02   0.136979064E-01  -0.881079654E-08   0.000000000E+00
