   0.101346383E-01   0.101839252E+00   0.115181775E-07   0.000000000E+00
   0.990594923E-02   0.995170847E-01   0.830847956E-02   0.544399554E-04
   0.926204026E-02   0.929541588E-01   0.153772635E-01   0.200401861E-03
   0.832347106E-02   0.834033713E-01   0.203880649E-01   0.400217134E-03
   0.724628428E-02   0.722816885E-01   0.231230427E-01   0.605658628E-03
   0.616805069E-02   0.610029511E-01   0.238857698E-01   0.784616161E-03
   0.518105738E-02   0.504963398E-01   0.232230686E-01   0.915323908E-03
   0.432436122E-02   0.412481464E-01   0.216767639E-01   0.100235199E-02
   0.360773061E-02   0.333927274E-01   0.196886733E-01   0.104031386E-02
   0.302010821E-02   0.269342791E-01   0.175699126E-01   0.104431005E-02
   0.253617251E-02   0.216364078E-01   0.154631790E-01   0.103200076E-02
   0.213736389E-02   0.173674878E-01   0.134771038E-01   0.984802260E-03
   0.180386996E-02   0.139157819E-01   0.116427885E-01   0.929799688E-03
   0.151837000E-02   0.111211138E-01   0.995353423E-02   0.860240601E-03
   0.127516733E-02   0.886076409E-02   0.844063703E-02   0.783138734E-03
   0.106023240E-02   0.702331634E-02   0.706020929E-02   0.700603880E-03
   0.878297898E-03   0.554783130E-02   0.586697413E-02   0.619177299E-03
   0.716884388E-03   0.434209732E-02   0.479413429E-02   0.535349012E-03
   0.579813728E-03   0.337502151E-02   0.387673103E-02   0.456227048E-03
   0.460300274E-03   0.258780806E-02   0.307330140E-02   0.379523757E-03
   0.359487487E-03   0.195814390E-02   0.239405152E-02   0.308996241E-03
   0.275341386E-03   0.145674020E-02   0.182666630E-02   0.246331474E-03
   0.206047465E-03   0.106219924E-02   0.135978113E-02   0.189983926E-03
   0.151250395E-03   0.758969632E-03   0.991019304E-03   0.144778649E-03
   0.107977990E-03   0.527566008E-03   0.700394856E-03   0.106274958E-03
   0.744614445E-04   0.355441240E-03   0.476797140E-03   0.744360150E-04
   0.503481861E-04   0.232572042E-03   0.316163001E-03   0.510322425E-04
   0.319365063E-04   0.142731253E-03   0.194601409E-03   0.324372668E-04
   0.199226160E-04   0.850226133E-04   0.116801501E-03   0.203378513E-04
   0.113604929E-04   0.462534044E-04   0.624144741E-04   0.112455364E-04
   0.589366164E-05   0.224589749E-04   0.285885217E-04   0.537118331E-05
   0.285660644E-05   0.103208331E-04   0.113107644E-04   0.231112563E-05
   0.124594158E-05   0.456959879E-05   0.296822714E-05   0.675753483E-06
   0.547553668E-06   0.300429951E-05   0.687162867E-06   0.221962324E-06
   0.304030522E-06   0.353718542E-05   0.109248674E-05   0.312893036E-06
   0.352589979E-06   0.428933845E-05   0.262063668E-05   0.675875867E-06
   0.482484609E-06   0.580461483E-05   0.468493909E-05   0.120576419E-05
   0.580009157E-06   0.686529529E-05   0.615211366E-05   0.164522930E-05
   0.660308842E-06   0.720575372E-05   0.688741784E-05   0.205287961E-05
   0.708488869E-06   0.737084520E-05   0.698090480E-05   0.253544545E-05
   0.635097479E-06   0.670730515E-05   0.607936636E-05   0.260856541E-05
   0.650271772E-06   0.670794680E-05   0.588014882E-05   0.282026167E-05
   0.630054956E-06   0.586751412E-05   0.420201286E-05   0.289357035E-05
   0.544601107E-06   0.503967749E-05   0.244862213E-05   0.285276860E-05
   0.708977495E-06   0.505223534E-05   0.136650522E-05   0.308852009E-05
   0.708883931E-06   0.435025140E-05  -0.695154597E-06   0.296635221E-05
   0.860317300E-06   0.416123112E-05  -0.214886745E-05   0.294916663E-05
   0.117556863E-05   0.439843097E-05  -0.401132820E-05   0.313075930E-05
   0.140283180E-05   0.445069873E-05  -0.558071770E-05   0.309664006E-05
   0.162044375E-05   0.449440086E-05  -0.682016025E-05   0.297282418E-05
   0.198246403E-05   0.495506447E-05  -0.846086914E-05   0.304600576E-05
   0.212276223E-05   0.496914345E-05  -0.912821179E-05   0.272942998E-05
   0.190736273E-05   0.442389319E-05  -0.791425191E-05   0.231176614E-05
   0.185024578E-05   0.406445133E-05  -0.711446273E-05   0.191383720E-05
   0.157261150E-05   0.331940032E-05  -0.537045344E-05   0.129220166E-05
   0.122753158E-05   0.247866319E-05  -0.328034639E-05   0.777625417E-06
   0.104114849E-05   0.176639298E-05  -0.158321211E-05   0.320248546E-06
   0.128885415E-05   0.158178159E-05  -0.148355593E-05   0.220625751E-06
   0.248390552E-05   0.292037998E-05  -0.547161289E-05   0.998061637E-06
   0.500487340E-05   0.621612344E-05  -0.140859283E-04   0.251309621E-05
   0.108933991E-04   0.141690462E-04  -0.355452794E-04   0.616938860E-05
   0.207056637E-04   0.283928712E-04  -0.721765900E-04   0.121631592E-04
   0.360438535E-04   0.503032425E-04  -0.127646912E-03   0.209396767E-04
   0.615211102E-04   0.876504055E-04  -0.221068025E-03   0.350322553E-04
   0.957908269E-04   0.136994524E-03  -0.341359497E-03   0.525274736E-04
   0.144195830E-03   0.207114921E-03  -0.508264871E-03   0.757330345E-04
   0.210026337E-03   0.303303095E-03  -0.730420114E-03   0.104740015E-03
   0.297816820E-03   0.430696324E-03  -0.101701298E-02   0.140869990E-03
   0.406747713E-03   0.591385528E-03  -0.135934982E-02   0.180214891E-03
   0.542966649E-03   0.792454521E-03  -0.176817307E-02   0.225112031E-03
   0.715546950E-03   0.105128530E-02  -0.226880587E-02   0.275913888E-03
   0.922825828E-03   0.136733358E-02  -0.283846958E-02   0.328342081E-03
   0.117178645E-02   0.175521756E-02  -0.348424003E-02   0.384396873E-03
   0.146628323E-02   0.222660648E-02  -0.420002639E-02   0.439749216E-03
   0.181548786E-02   0.280771474E-02  -0.499384850E-02   0.487699261E-03
   0.223087147E-02   0.351855531E-02  -0.587166566E-02   0.539555447E-03
   0.271816878E-02   0.438525155E-02  -0.681427540E-02   0.582632900E-03
   0.329448981E-02   0.544812763E-02  -0.782797672E-02   0.625771820E-03
   0.398038933E-02   0.675910339E-02  -0.891562551E-02   0.654370524E-03
   0.480200863E-02   0.837960094E-02  -0.100728422E-01   0.675473246E-03
   0.579240918E-02   0.103815654E-01  -0.112993624E-01   0.686027633E-03
   0.698848302E-02   0.128504504E-01  -0.125696566E-01   0.687816297E-03
   0.842776056E-02   0.158697478E-01  -0.138273612E-01   0.675155257E-03
   0.101459492E-01   0.195188280E-01  -0.149660697E-01   0.638660567E-03
   0.121553093E-01   0.238322541E-01  -0.158046577E-01   0.580844178E-03
   0.144182527E-01   0.287251584E-01  -0.160591211E-01   0.489781902E-03
   0.168056246E-01   0.339413509E-01  -0.153755080E-01   0.376192387E-03
   0.191377141E-01   0.390718207E-01  -0.134355715E-01   0.246927113E-03
   0.211322233E-01   0.435032323E-01  -0.100710867E-01   0.124321581E-03
   0.224882942E-01   0.465085171E-01  -0.541865267E-02   0.333030148E-04
   0.229674187E-01   0.475797206E-01  -0.131155877E-07   0.000000000E+00
