   0.207080956E+02   0.905112381E+02   0.118077367E-09   0.000000000E+00
   0.165847912E+02   0.725323563E+02   0.233034444E+01   0.165319499E-01
   0.942053032E+01   0.412720375E+02   0.266076231E+01   0.379637964E-01
   0.454010773E+01   0.199484520E+02   0.194044566E+01   0.419231728E-01
   0.209094572E+01   0.922462654E+01   0.120707989E+01   0.352781788E-01
   0.968618870E+00   0.429532194E+01   0.711192846E+00   0.265318993E-01
   0.459414124E+00   0.204900789E+01   0.413386762E+00   0.190315787E-01
   0.224409863E+00   0.100631821E+01   0.240854084E+00   0.134266494E-01
   0.113732375E+00   0.511451006E+00   0.141797110E+00   0.946989749E-02
   0.608069226E-01   0.272421628E+00   0.849938318E-01   0.674695335E-02
   0.352149121E-01   0.155376747E+00   0.522853658E-01   0.490058027E-02
   0.228338074E-01   0.979053155E-01   0.334790945E-01   0.367410970E-02
   0.168702584E-01   0.697196499E-01   0.226914492E-01   0.284675905E-02
   0.139927752E-01   0.559048429E-01   0.165345445E-01   0.230286852E-02
   0.125533715E-01   0.489716306E-01   0.130029488E-01   0.192884391E-02
   0.117411204E-01   0.451788008E-01   0.109581994E-01   0.168280513E-02
   0.111651877E-01   0.426838547E-01   0.972878095E-02   0.150328362E-02
   0.106426422E-01   0.405804068E-01   0.891815778E-02   0.137380266E-02
   0.101040658E-01   0.384820700E-01   0.830915105E-02   0.127374392E-02
   0.952856988E-02   0.362883545E-01   0.779035781E-02   0.118436350E-02
   0.892671105E-02   0.339658707E-01   0.730288262E-02   0.110775919E-02
   0.828641932E-02   0.314577222E-01   0.679107662E-02   0.103178539E-02
   0.764119392E-02   0.289648101E-01   0.628787791E-02   0.952972856E-03
   0.702487351E-02   0.264783502E-01   0.578825781E-02   0.887205300E-03
   0.640449347E-02   0.240017269E-01   0.527103385E-02   0.812709739E-03
   0.581679633E-02   0.216041002E-01   0.476008514E-02   0.742473116E-03
   0.526410528E-02   0.193218458E-01   0.426282454E-02   0.674549199E-03
   0.475231558E-02   0.172287133E-01   0.380475377E-02   0.608605100E-03
   0.428239722E-02   0.152497552E-01   0.336230220E-02   0.546718133E-03
   0.384858530E-02   0.134359868E-01   0.295099872E-02   0.486706675E-03
   0.346361194E-02   0.117833316E-01   0.257506757E-02   0.432691595E-03
   0.311500952E-02   0.102900434E-01   0.223168056E-02   0.382731203E-03
   0.280310446E-02   0.895190798E-02   0.192264747E-02   0.336332276E-03
   0.252267066E-02   0.773978187E-02   0.163829699E-02   0.293198827E-03
   0.229004910E-02   0.669977628E-02   0.140190404E-02   0.257687847E-03
   0.207786425E-02   0.575443963E-02   0.117925159E-02   0.224167408E-03
   0.189793191E-02   0.493984111E-02   0.989963766E-03   0.195497007E-03
   0.174377346E-02   0.423079496E-02   0.823391718E-03   0.170536252E-03
   0.161544152E-02   0.361612206E-02   0.677173492E-03   0.149270258E-03
   0.150722626E-02   0.309665222E-02   0.552668760E-03   0.131565728E-03
   0.142144749E-02   0.266404008E-02   0.447653088E-03   0.117438780E-03
   0.135227828E-02   0.229120278E-02   0.349658076E-03   0.105801832E-03
   0.130722963E-02   0.199677609E-02   0.268085481E-03   0.974791255E-04
   0.127284986E-02   0.175798882E-02   0.194769338E-03   0.912571559E-04
   0.126022205E-02   0.157878920E-02   0.128513944E-03   0.877485800E-04
   0.126187957E-02   0.144906074E-02   0.655694967E-04   0.868284769E-04
   0.127718342E-02   0.136727560E-02   0.734664081E-05   0.879351574E-04
   0.131372816E-02   0.133323949E-02  -0.555983206E-04   0.918923688E-04
   0.136561156E-02   0.134483993E-02  -0.115990049E-03   0.979737015E-04
   0.143147935E-02   0.139564683E-02  -0.185600176E-03   0.106164123E-03
   0.152352406E-02   0.149951852E-02  -0.258128479E-03   0.117473544E-03
   0.163953751E-02   0.165281515E-02  -0.339942053E-03   0.132102650E-03
   0.177287660E-02   0.184847997E-02  -0.428742060E-03   0.148975654E-03
   0.193476363E-02   0.209961669E-02  -0.533566345E-03   0.169013510E-03
   0.213068537E-02   0.240945956E-02  -0.651969283E-03   0.193686676E-03
   0.234884978E-02   0.276952749E-02  -0.783809926E-03   0.220244343E-03
   0.260469993E-02   0.319346762E-02  -0.933683419E-03   0.251044286E-03
   0.288737216E-02   0.367891020E-02  -0.110180932E-02   0.284009846E-03
   0.321881473E-02   0.423630374E-02  -0.128969830E-02   0.322863547E-03
   0.358786946E-02   0.487253210E-02  -0.150433520E-02   0.363542815E-03
   0.400120020E-02   0.557871209E-02  -0.173591846E-02   0.408910302E-03
   0.445687678E-02   0.636113808E-02  -0.198899629E-02   0.456255017E-03
   0.495753437E-02   0.722090993E-02  -0.226191501E-02   0.506291457E-03
   0.550003117E-02   0.815039035E-02  -0.255019707E-02   0.559667591E-03
   0.608976092E-02   0.916949008E-02  -0.286380248E-02   0.613185228E-03
   0.672192639E-02   0.102495626E-01  -0.318760844E-02   0.669491943E-03
   0.738129392E-02   0.113818161E-01  -0.351828733E-02   0.723131176E-03
   0.806384254E-02   0.125496043E-01  -0.385038974E-02   0.776016852E-03
   0.875837356E-02   0.137300342E-01  -0.417707954E-02   0.828290998E-03
   0.946232677E-02   0.149255553E-01  -0.450728321E-02   0.876992068E-03
   0.101584354E-01   0.160980877E-01  -0.483420864E-02   0.924612803E-03
   0.108273756E-01   0.171971656E-01  -0.515544508E-02   0.977307209E-03
   0.114599736E-01   0.182252396E-01  -0.549456710E-02   0.102235959E-02
   0.120673077E-01   0.191856995E-01  -0.589151774E-02   0.107372715E-02
   0.127198091E-01   0.201866999E-01  -0.643529557E-02   0.114296051E-02
   0.135110514E-01   0.213784128E-01  -0.725373812E-02   0.123435375E-02
   0.146982400E-01   0.232010782E-01  -0.859618187E-02   0.136053830E-02
   0.168094318E-01   0.265469756E-01  -0.108748516E-01   0.156550051E-02
   0.208823550E-01   0.332173407E-01  -0.148214037E-01   0.187096081E-02
   0.289458223E-01   0.467684418E-01  -0.216173995E-01   0.234280922E-02
   0.450690500E-01   0.743813291E-01  -0.333672129E-01   0.306630833E-02
   0.773901194E-01   0.130517468E+00  -0.536287464E-01   0.415438646E-02
   0.142705604E+00   0.245180309E+00  -0.886346400E-01   0.577545958E-02
   0.276642740E+00   0.482387662E+00  -0.149333760E+00   0.817165803E-02
   0.557142973E+00   0.982228696E+00  -0.254673719E+00   0.115289707E-01
   0.115949810E+01   0.206152725E+01  -0.436436623E+00   0.160763953E-01
   0.247932839E+01   0.443628979E+01  -0.739275515E+00   0.214166008E-01
   0.535697365E+01   0.962999821E+01  -0.118936408E+01   0.255350620E-01
   0.111094170E+02   0.200345650E+02  -0.163649666E+01   0.232325401E-01
   0.196072598E+02   0.354256935E+02  -0.144028962E+01   0.101757152E-01
   0.245256348E+02   0.443397903E+02  -0.485802502E-05   0.000000000E+00
