   0.207784760E-03   0.267509762E-01   0.000000000E+00   0.000000000E+00
   0.215888300E-03   0.262090601E-01   0.276723970E-02   0.170173280E-04
   0.238048146E-03   0.246889070E-01   0.522065023E-02   0.636573168E-04
   0.268341333E-03   0.223950148E-01   0.711500412E-02   0.128158659E-03
   0.299489417E-03   0.196093917E-01   0.833399314E-02   0.195943197E-03
   0.323731336E-03   0.166337471E-01   0.886628032E-02   0.253367092E-03
   0.336379744E-03   0.137150269E-01   0.881585665E-02   0.294936064E-03
   0.332962081E-03   0.109980702E-01   0.826518890E-02   0.314187782E-03
   0.314730220E-03   0.860191882E-02   0.739945099E-02   0.313345459E-03
   0.282456807E-03   0.654528989E-02   0.630883686E-02   0.294770231E-03
   0.242351394E-03   0.485490263E-02   0.517407293E-02   0.261820067E-03
   0.196368434E-03   0.348458556E-02   0.402463367E-02   0.220440284E-03
   0.150712382E-03   0.241454341E-02   0.297522778E-02   0.173898588E-03
   0.110045832E-03   0.161573861E-02   0.210058223E-02   0.131355657E-03
   0.750491890E-04   0.102856872E-02   0.138141948E-02   0.912633186E-04
   0.472095890E-04   0.616307894E-03   0.831932528E-03   0.580291307E-04
   0.268748227E-04   0.343024469E-03   0.444810226E-03   0.320592517E-04
   0.136913231E-04   0.177063615E-03   0.205369273E-03   0.149391435E-04
   0.593953109E-05   0.845020186E-04   0.733566121E-04   0.505511116E-05
   0.227151963E-05   0.406070503E-04   0.191500640E-04   0.998747510E-06
   0.775452406E-06   0.226145658E-04   0.360242893E-05   0.831848439E-07
   0.508306584E-06   0.178571045E-04   0.798331166E-05   0.882345830E-06
   0.711909195E-06   0.179804629E-04   0.182562144E-04   0.228949102E-05
   0.981468020E-06   0.186829238E-04   0.263141192E-04   0.325956216E-05
   0.982670713E-06   0.160782747E-04   0.260697798E-04   0.327946123E-05
   0.107808376E-05   0.159727351E-04   0.286896375E-04   0.371431656E-05
   0.835831315E-06   0.118366725E-04   0.222688632E-04   0.299639782E-05
   0.598373617E-06   0.817634918E-05   0.156946226E-04   0.215681848E-05
   0.382441414E-06   0.514644398E-05   0.100900570E-04   0.142886745E-05
   0.170051777E-06   0.231584727E-05   0.451255664E-05   0.674508499E-06
   0.840259489E-07   0.117134573E-05   0.232831485E-05   0.369824477E-06
   0.236796449E-07   0.356090624E-06   0.677885794E-06   0.120063063E-06
   0.751299289E-08   0.121543607E-06   0.208817056E-06   0.437043930E-07
   0.149866297E-08   0.315208908E-07   0.199307433E-07   0.181618560E-07
   0.234549091E-08   0.177697483E-07   0.455346481E-07   0.464247529E-08
   0.506409448E-08   0.411016181E-07   0.941614360E-07   0.966492752E-08
   0.241544225E-07   0.247192844E-06   0.544364127E-06   0.737096855E-07
   0.943944301E-08   0.922471273E-07   0.225128474E-06   0.267037681E-07
   0.163939156E-07   0.149425659E-06   0.271303975E-06   0.425001687E-07
   0.169729333E-07   0.167018413E-06   0.362487555E-06   0.485503016E-07
   0.567439074E-08   0.515294509E-07   0.127110496E-06   0.146825014E-07
   0.619067686E-08   0.490069390E-07   0.103447718E-06   0.110009797E-07
   0.358727248E-08   0.374930131E-07   0.822903132E-07   0.136401734E-07
   0.358697716E-08   0.435378205E-07   0.912302696E-07   0.156848632E-07
   0.359470032E-08   0.250751793E-07  -0.687737298E-07   0.185805380E-07
   0.302501912E-08   0.283029742E-07   0.973493552E-08   0.162893254E-07
   0.921806720E-08   0.442069741E-07  -0.173995033E-06   0.304716536E-07
   0.750942775E-08   0.343347430E-07  -0.132726981E-06   0.218999681E-07
   0.106689333E-07   0.505112183E-07  -0.180771963E-06   0.358983669E-07
   0.138545913E-07   0.548301493E-07  -0.218700464E-06   0.303784518E-07
   0.132291174E-07   0.579545159E-07  -0.223951361E-06   0.403858422E-07
   0.125127979E-07   0.511779241E-07  -0.205812654E-06   0.297701686E-07
   0.294828588E-07   0.111521501E-06  -0.498627287E-06   0.723345366E-07
   0.515049905E-07   0.205919960E-06  -0.868010318E-06   0.124407165E-06
   0.361254493E-07   0.140224913E-06  -0.610080463E-06   0.857277414E-07
   0.168222183E-07   0.648661427E-07  -0.268850869E-06   0.366351145E-07
   0.209747020E-08   0.852411297E-08  -0.229078854E-07   0.342653328E-08
   0.298078162E-08   0.201602504E-07  -0.501576345E-07   0.152517305E-07
   0.186281603E-07   0.918699143E-07  -0.328968781E-06   0.646907381E-07
   0.147254511E-06   0.600606256E-06  -0.244965713E-05   0.383549121E-06
   0.297187057E-06   0.115253681E-05  -0.474889112E-05   0.682443101E-06
   0.631667035E-06   0.237651443E-05  -0.986416944E-05   0.136821973E-05
   0.122551569E-05   0.447136472E-05  -0.188232589E-04   0.261040509E-05
   0.160888806E-05   0.572452063E-05  -0.238075863E-04   0.317717695E-05
   0.270003511E-05   0.937979712E-05  -0.385417079E-04   0.494398546E-05
   0.317636545E-05   0.106903008E-04  -0.428613530E-04   0.533970524E-05
   0.357942463E-05   0.117031559E-04  -0.444757206E-04   0.539211851E-05
   0.397713984E-05   0.125524175E-04  -0.432194065E-04   0.509037864E-05
   0.368215660E-05   0.109398225E-04  -0.290965600E-04   0.334519791E-05
   0.361354660E-05   0.971057671E-05  -0.130041299E-04   0.158737487E-05
   0.477009235E-05   0.113655060E-04  -0.525719406E-05   0.788589091E-06
   0.951006041E-05   0.219018184E-04  -0.295411010E-04   0.323533982E-05
   0.212299237E-04   0.495589411E-04  -0.117069430E-03   0.115268767E-04
   0.446655904E-04   0.105027204E-03  -0.304876390E-03   0.282674082E-04
   0.862938396E-04   0.203284391E-03  -0.640078913E-03   0.555651823E-04
   0.152262393E-03   0.356881239E-03  -0.114553643E-02   0.940573009E-04
   0.248402765E-03   0.579382875E-03  -0.182624697E-02   0.141068740E-03
   0.384673564E-03   0.894084747E-03  -0.271814875E-02   0.196647146E-03
   0.566061703E-03   0.131423259E-02  -0.378269074E-02   0.255803723E-03
   0.796467823E-03   0.185360457E-02  -0.495501561E-02   0.312366086E-03
   0.107604393E-02   0.251963967E-02  -0.612986600E-02   0.360203121E-03
   0.141298596E-02   0.333972438E-02  -0.729002757E-02   0.394247676E-03
   0.180218008E-02   0.430847937E-02  -0.828251243E-02   0.411168876E-03
   0.224383594E-02   0.542993983E-02  -0.903568976E-02   0.403872022E-03
   0.272864662E-02   0.667956285E-02  -0.942060165E-02   0.373364484E-03
   0.324417208E-02   0.801859889E-02  -0.934615079E-02   0.319255807E-03
   0.376110408E-02   0.936626457E-02  -0.866951235E-02   0.244795199E-03
   0.424129236E-02   0.106155556E-01  -0.733695924E-02   0.159452597E-03
   0.463736849E-02   0.116401622E-01  -0.535232341E-02   0.788773250E-04
   0.490044989E-02   0.123204291E-01  -0.283083529E-02   0.211725019E-04
   0.499221077E-02   0.125564169E-01  -0.715703896E-08   0.000000000E+00
