   0.168453240E+01   0.549224567E+01   0.000000000E+00   0.000000000E+00
   0.160017073E+01   0.522092819E+01   0.279563516E+00   0.195690827E-02
   0.137771332E+01   0.450514030E+01   0.479215980E+00   0.669181300E-02
   0.109139633E+01   0.358242917E+01   0.564970791E+00   0.117779924E-01
   0.810922742E+00   0.267673182E+01   0.553272963E+00   0.152994227E-01
   0.576815724E+00   0.191819167E+01   0.484084904E+00   0.165920947E-01
   0.400001198E+00   0.134307778E+01   0.394311100E+00   0.160586145E-01
   0.274631470E+00   0.933315516E+00   0.307202220E+00   0.144247180E-01
   0.189403668E+00   0.653221428E+00   0.233802095E+00   0.123910392E-01
   0.132583290E+00   0.465181917E+00   0.176364049E+00   0.103556057E-01
   0.949123427E-01   0.339623719E+00   0.133346453E+00   0.862432551E-02
   0.699221119E-01   0.255441159E+00   0.101996019E+00   0.714648049E-02
   0.531233475E-01   0.198234230E+00   0.794233903E-01   0.600688485E-02
   0.416307449E-01   0.158576474E+00   0.632495955E-01   0.515871029E-02
   0.335230790E-01   0.130141810E+00   0.514920354E-01   0.450278167E-02
   0.276172757E-01   0.109039187E+00   0.427847654E-01   0.397558697E-02
   0.231677331E-01   0.928299874E-01   0.361962207E-01   0.356715568E-02
   0.196780525E-01   0.798608437E-01   0.310156420E-01   0.325407996E-02
   0.168654118E-01   0.691840500E-01   0.268303137E-01   0.298188743E-02
   0.145311207E-01   0.601556897E-01   0.233356804E-01   0.272429455E-02
   0.125597911E-01   0.523932315E-01   0.203599241E-01   0.247682072E-02
   0.108550107E-01   0.455596820E-01   0.177305788E-01   0.227009808E-02
   0.938433409E-02   0.395939834E-01   0.154399760E-01   0.204247143E-02
   0.810723379E-02   0.343249701E-01   0.134149585E-01   0.184243824E-02
   0.698002707E-02   0.296296533E-01   0.115795871E-01   0.163748825E-02
   0.600080658E-02   0.254986715E-01   0.996367540E-02   0.145403889E-02
   0.513742678E-02   0.218238905E-01   0.850041956E-02   0.127256196E-02
   0.439429330E-02   0.186211169E-01   0.723121967E-02   0.110777421E-02
   0.374898198E-02   0.158244409E-01   0.611709896E-02   0.955978816E-03
   0.317976810E-02   0.133486111E-01   0.510643004E-02   0.811393023E-03
   0.269812089E-02   0.112252543E-01   0.425177347E-02   0.688230677E-03
   0.228557340E-02   0.939708389E-02   0.351580558E-02   0.578091422E-03
   0.193306501E-02   0.782736484E-02   0.288321543E-02   0.480022019E-03
   0.163114478E-02   0.646975217E-02   0.233149203E-02   0.394993520E-03
   0.137887965E-02   0.533363037E-02   0.187725190E-02   0.323989836E-03
   0.116527942E-02   0.436421158E-02   0.148784113E-02   0.263964175E-03
   0.992351095E-03   0.356864766E-02   0.118034484E-02   0.217135923E-03
   0.846219307E-03   0.289780064E-02   0.918031379E-03   0.175888796E-03
   0.729259453E-03   0.235080207E-02   0.711168745E-03   0.145059836E-03
   0.631816685E-03   0.189691246E-02   0.536991633E-03   0.118575175E-03
   0.556269195E-03   0.152904191E-02   0.397937925E-03   0.994753937E-04
   0.498346286E-03   0.123716111E-02   0.287588337E-03   0.851752993E-04
   0.456032954E-03   0.101482903E-02   0.204959506E-03   0.751124899E-04
   0.425965583E-03   0.840379333E-03   0.131456836E-03   0.673944960E-04
   0.409719476E-03   0.715150207E-03   0.692244430E-04   0.623963497E-04
   0.405557686E-03   0.635260658E-03   0.184400851E-04   0.596723658E-04
   0.413088070E-03   0.593606092E-03  -0.303666384E-04   0.587165669E-04
   0.433189649E-03   0.588750932E-03  -0.852320227E-04   0.593226614E-04
   0.465675635E-03   0.619585335E-03  -0.142768171E-03   0.613756420E-04
   0.512545463E-03   0.687756517E-03  -0.211075225E-03   0.652275339E-04
   0.572781952E-03   0.791198923E-03  -0.287808769E-03   0.704905178E-04
   0.656923919E-03   0.946786837E-03  -0.395490788E-03   0.804747833E-04
   0.757222704E-03   0.114047411E-02  -0.513887207E-03   0.922860054E-04
   0.884788344E-03   0.139222923E-02  -0.666745589E-03   0.108754088E-03
   0.103797740E-02   0.170410320E-02  -0.851188553E-03   0.128107698E-03
   0.122355134E-02   0.208149455E-02  -0.107107218E-02   0.154537775E-03
   0.144509401E-02   0.253150356E-02  -0.132988731E-02   0.188080274E-03
   0.170338550E-02   0.307219801E-02  -0.163615448E-02   0.222245086E-03
   0.200911285E-02   0.371146435E-02  -0.199645991E-02   0.268305623E-03
   0.236746599E-02   0.446644146E-02  -0.241871760E-02   0.317490107E-03
   0.278028124E-02   0.533394702E-02  -0.289324508E-02   0.375707110E-03
   0.325916405E-02   0.635211868E-02  -0.344660738E-02   0.443593744E-03
   0.380317355E-02   0.752884429E-02  -0.407087523E-02   0.509778329E-03
   0.441924576E-02   0.886344258E-02  -0.476040877E-02   0.586874026E-03
   0.512098055E-02   0.103933318E-01  -0.553837139E-02   0.672426657E-03
   0.590473460E-02   0.121217342E-01  -0.638952246E-02   0.762959418E-03
   0.678294478E-02   0.140878679E-01  -0.733343698E-02   0.853027799E-03
   0.777450763E-02   0.163203012E-01  -0.838865433E-02   0.957761833E-03
   0.886962377E-02   0.188221689E-01  -0.952879339E-02   0.105617428E-02
   0.100924606E-01   0.216580480E-01  -0.107913697E-01   0.116143515E-02
   0.114633730E-01   0.248753056E-01  -0.121955769E-01   0.127405557E-02
   0.130223753E-01   0.285710022E-01  -0.137978978E-01   0.140271906E-02
   0.148045113E-01   0.328567140E-01  -0.156349186E-01   0.152424688E-02
   0.168938767E-01   0.379147567E-01  -0.178200193E-01   0.169261149E-02
   0.194145944E-01   0.440649725E-01  -0.204973575E-01   0.183420524E-02
   0.225554947E-01   0.517618246E-01  -0.239205994E-01   0.211023958E-02
   0.266153961E-01   0.617457367E-01  -0.283940826E-01   0.238573668E-02
   0.320741385E-01   0.752243400E-01  -0.344503447E-01   0.277977018E-02
   0.396531783E-01   0.940126404E-01  -0.427523814E-01   0.325497938E-02
   0.504061840E-01   0.120883636E+00  -0.541719757E-01   0.388089148E-02
   0.660777465E-01   0.160433263E+00  -0.699804872E-01   0.467733433E-02
   0.891776904E-01   0.219393194E+00  -0.915422961E-01   0.560541963E-02
   0.123184994E+00   0.307346255E+00  -0.120009623E+00   0.662212307E-02
   0.173040092E+00   0.438186824E+00  -0.156086370E+00   0.764688477E-02
   0.244661465E+00   0.628764629E+00  -0.198324829E+00   0.841335766E-02
   0.343537182E+00   0.895312607E+00  -0.241189390E+00   0.858305674E-02
   0.472311586E+00   0.124673724E+01  -0.273579955E+00   0.784596149E-02
   0.624380350E+00   0.166545379E+01  -0.277620435E+00   0.598646468E-02
   0.777454495E+00   0.209006977E+01  -0.234242052E+00   0.337023078E-02
   0.895356715E+00   0.241904020E+01  -0.136206985E+00   0.981765799E-03
   0.940239251E+00   0.254427290E+01  -0.322680393E-06   0.000000000E+00
