   0.385933838E+02   0.878819809E+02   0.000000000E+00   0.000000000E+00
   0.354243851E+02   0.806958618E+02   0.308566689E+01   0.244323891E-01
   0.278299694E+02   0.634669495E+02   0.484996128E+01   0.771745145E-01
   0.194323139E+02   0.443965569E+02   0.508215094E+01   0.122359931E+00
   0.125790672E+02   0.288131866E+02   0.438847828E+01   0.142826766E+00
   0.781206417E+01   0.179502316E+02   0.340678859E+01   0.141102731E+00
   0.476872778E+01   0.109975863E+02   0.249270082E+01   0.126846910E+00
   0.290447116E+01   0.672621632E+01   0.176510942E+01   0.108074710E+00
   0.178529227E+01   0.415233660E+01   0.123016798E+01   0.892906189E-01
   0.111613870E+01   0.260808206E+01   0.852185667E+00   0.729352608E-01
   0.715677917E+00   0.167996490E+01   0.591159999E+00   0.594150797E-01
   0.475244433E+00   0.112006617E+01   0.413579911E+00   0.485953689E-01
   0.329208940E+00   0.778623581E+00   0.293059766E+00   0.402645171E-01
   0.240034893E+00   0.569156468E+00   0.211924806E+00   0.338668264E-01
   0.184757590E+00   0.438721359E+00   0.157188416E+00   0.289823432E-01
   0.149976805E+00   0.356242061E+00   0.120318972E+00   0.251862537E-01
   0.127450123E+00   0.302608669E+00   0.952603072E-01   0.224062558E-01
   0.112355791E+00   0.266436219E+00   0.780986473E-01   0.201870687E-01
   0.101746388E+00   0.240797803E+00   0.661668181E-01   0.184408575E-01
   0.938047022E-01   0.221418381E+00   0.576141849E-01   0.170200225E-01
   0.874958634E-01   0.205787480E+00   0.512885451E-01   0.158585589E-01
   0.821273625E-01   0.192308888E+00   0.463685989E-01   0.148164490E-01
   0.774212554E-01   0.180227831E+00   0.423945561E-01   0.139682638E-01
   0.730429813E-01   0.168899998E+00   0.389823690E-01   0.131165488E-01
   0.690169483E-01   0.158229515E+00   0.360087156E-01   0.124051971E-01
   0.651516840E-01   0.147877336E+00   0.332406349E-01   0.117019620E-01
   0.614257939E-01   0.137816042E+00   0.306185931E-01   0.110076740E-01
   0.579263382E-01   0.128126070E+00   0.281462464E-01   0.104127079E-01
   0.546319708E-01   0.119026087E+00   0.258930866E-01   0.979419984E-02
   0.514489226E-01   0.110139564E+00   0.236549489E-01   0.920900051E-02
   0.484585464E-01   0.101662859E+00   0.215154383E-01   0.866361428E-02
   0.456374101E-01   0.935978740E-01   0.194565449E-01   0.815747865E-02
   0.430032648E-01   0.861075595E-01   0.175639223E-01   0.765230460E-02
   0.405903012E-01   0.790857300E-01   0.157715976E-01   0.722025242E-02
   0.383021198E-01   0.724432915E-01   0.140279662E-01   0.678570755E-02
   0.362622589E-01   0.664712265E-01   0.124895740E-01   0.641139830E-02
   0.343600512E-01   0.608760379E-01   0.109881936E-01   0.606313441E-02
   0.326571614E-01   0.558241010E-01   0.962286536E-02   0.575281773E-02
   0.311055519E-01   0.512093194E-01   0.832666177E-02   0.547247147E-02
   0.296967067E-01   0.470444784E-01   0.710860128E-02   0.522378180E-02
   0.284895469E-01   0.434099101E-01   0.602011196E-02   0.501474272E-02
   0.273830332E-01   0.401506685E-01   0.497281458E-02   0.483073900E-02
   0.264586490E-01   0.373461545E-01   0.398686342E-02   0.468951184E-02
   0.256677754E-01   0.349491984E-01   0.304859504E-02   0.457818247E-02
   0.249902532E-01   0.329536237E-01   0.218797056E-02   0.449179718E-02
   0.244616736E-01   0.313542299E-01   0.135454268E-02   0.443606544E-02
   0.240446515E-01   0.301099010E-01   0.516735076E-03   0.441161310E-02
   0.237710960E-01   0.292709097E-01  -0.253265403E-03   0.441584922E-02
   0.235879607E-01   0.287565850E-01  -0.104263425E-02   0.445087254E-02
   0.235460103E-01   0.286153890E-01  -0.182239688E-02   0.450863736E-02
   0.236162022E-01   0.288254861E-01  -0.259819860E-02   0.460314564E-02
   0.238064323E-01   0.293744914E-01  -0.338902464E-02   0.472055608E-02
   0.240557771E-01   0.301977210E-01  -0.421701139E-02   0.484661618E-02
   0.244545452E-01   0.313898660E-01  -0.504460093E-02   0.501489779E-02
   0.249440353E-01   0.328769237E-01  -0.588556798E-02   0.520564383E-02
   0.255263690E-01   0.346794762E-01  -0.679164566E-02   0.541250175E-02
   0.262474846E-01   0.368441120E-01  -0.774407806E-02   0.566191273E-02
   0.270626675E-01   0.392611884E-01  -0.869311392E-02   0.593259884E-02
   0.279324073E-01   0.419676751E-01  -0.971600320E-02   0.620631222E-02
   0.288928691E-01   0.449011736E-01  -0.107239615E-01   0.650950009E-02
   0.299712699E-01   0.482067205E-01  -0.118392091E-01   0.683889631E-02
   0.311159436E-01   0.517316721E-01  -0.129700899E-01   0.717619294E-02
   0.323043503E-01   0.554283150E-01  -0.140995290E-01   0.753023941E-02
   0.335924849E-01   0.594381392E-01  -0.153031368E-01   0.791798718E-02
   0.349157713E-01   0.635564178E-01  -0.164997540E-01   0.832334626E-02
   0.362961106E-01   0.679232851E-01  -0.177687928E-01   0.873397384E-02
   0.377640724E-01   0.724979043E-01  -0.191020519E-01   0.920926500E-02
   0.392614640E-01   0.772870630E-01  -0.205336418E-01   0.966179185E-02
   0.408521742E-01   0.823056176E-01  -0.220876001E-01   0.102287410E-01
   0.425536670E-01   0.878108367E-01  -0.239203628E-01   0.107277930E-01
   0.444756858E-01   0.938957334E-01  -0.261226147E-01   0.114128804E-01
   0.467428230E-01   0.101110898E+00  -0.289542247E-01   0.120895952E-01
   0.496009365E-01   0.110109471E+00  -0.327471048E-01   0.129339704E-01
   0.534311347E-01   0.122098923E+00  -0.380224660E-01   0.140020242E-01
   0.588702895E-01   0.139104128E+00  -0.455514826E-01   0.151849920E-01
   0.669371560E-01   0.164355740E+00  -0.564752407E-01   0.166576393E-01
   0.792977735E-01   0.203337774E+00  -0.725420117E-01   0.185826067E-01
   0.986067429E-01   0.264867425E+00  -0.962084010E-01   0.210237149E-01
   0.129226997E+00   0.363556147E+00  -0.131070539E+00   0.240512919E-01
   0.178301886E+00   0.524172723E+00  -0.182549611E+00   0.280240495E-01
   0.257852107E+00   0.787658215E+00  -0.258145064E+00   0.328000896E-01
   0.387592852E+00   0.122339201E+01  -0.368479282E+00   0.386830643E-01
   0.600146472E+00   0.194665301E+01  -0.527193487E+00   0.455941260E-01
   0.949521899E+00   0.315020108E+01  -0.750658035E+00   0.532191992E-01
   0.152170944E+01   0.514215279E+01  -0.105253553E+01   0.604840815E-01
   0.244168878E+01   0.837610531E+01  -0.142927456E+01   0.654415190E-01
   0.386112595E+01   0.134060478E+02  -0.182931960E+01   0.646892786E-01
   0.587630606E+01   0.205933323E+02  -0.210623813E+01   0.544083305E-01
   0.832067966E+01   0.293496056E+02  -0.200011611E+01   0.337856598E-01
   0.105142708E+02   0.372336235E+02  -0.126823521E+01   0.105891982E-01
   0.114256706E+02   0.405125237E+02  -0.306475613E-05   0.000000000E+00
