   0.107994162E+00   0.573437631E+00   0.000000000E+00   0.000000000E+00
   0.104193948E+00   0.554144800E+00   0.370716415E-01   0.244380411E-03
   0.936963186E-01   0.500957131E+00   0.661601126E-01   0.873575395E-03
   0.793356076E-01   0.427688956E+00   0.829324871E-01   0.163644098E-02
   0.639727935E-01   0.348805338E+00   0.875601992E-01   0.229569082E-02
   0.497735217E-01   0.275265545E+00   0.832308382E-01   0.272691017E-02
   0.379330330E-01   0.213113502E+00   0.740522072E-01   0.290169008E-02
   0.286524706E-01   0.163652509E+00   0.632380843E-01   0.288764155E-02
   0.216863379E-01   0.125822231E+00   0.528230965E-01   0.274846586E-02
   0.165525284E-01   0.973525643E-01   0.436955430E-01   0.255920831E-02
   0.128171491E-01   0.761703327E-01   0.361510962E-01   0.236199540E-02
   0.100866817E-01   0.603248812E-01   0.300683063E-01   0.217874511E-02
   0.805808604E-02   0.482849926E-01   0.251597501E-01   0.199857610E-02
   0.652163289E-02   0.390054025E-01   0.211760886E-01   0.183498417E-02
   0.533604249E-02   0.317332260E-01   0.179144181E-01   0.167298620E-02
   0.439256849E-02   0.259244908E-01   0.151725849E-01   0.152754283E-02
   0.363403209E-02   0.212352090E-01   0.128587410E-01   0.137776416E-02
   0.300761568E-02   0.173823182E-01   0.108609004E-01   0.124391238E-02
   0.248623313E-02   0.142059559E-01   0.913229119E-02   0.110698398E-02
   0.205219258E-02   0.115841720E-01   0.764906593E-02   0.971276895E-03
   0.168490526E-02   0.939863175E-02   0.635272218E-02   0.843456946E-03
   0.137564784E-02   0.758209825E-02   0.523413811E-02   0.728339073E-03
   0.111209659E-02   0.607007276E-02   0.425814791E-02   0.610164192E-03
   0.893996446E-03   0.483020255E-02   0.343965949E-02   0.511075545E-03
   0.713680522E-03   0.381138921E-02   0.274960371E-02   0.421293225E-03
   0.561385939E-03   0.297215628E-02   0.215855381E-02   0.339924329E-03
   0.436274073E-03   0.229254528E-02   0.166766101E-02   0.266438554E-03
   0.337524136E-03   0.175575819E-02   0.127965829E-02   0.207931327E-03
   0.256127969E-03   0.132175442E-02   0.955801865E-03   0.156551629E-03
   0.191606028E-03   0.982682104E-03   0.699820521E-03   0.114758222E-03
   0.142239020E-03   0.721885415E-03   0.504727068E-03   0.830192439E-04
   0.102145648E-03   0.516041473E-03   0.344905886E-03   0.555504157E-04
   0.730685133E-04   0.366463268E-03   0.231896047E-03   0.361856619E-04
   0.518700945E-04   0.256753614E-03   0.151201297E-03   0.225392632E-04
   0.362684659E-04   0.177125577E-03   0.934687123E-04   0.130758226E-04
   0.250421799E-04   0.120707431E-03   0.524714596E-04   0.656107568E-05
   0.171067677E-04   0.810293204E-04   0.253698818E-04   0.292681420E-05
   0.119629276E-04   0.551076373E-04   0.955761971E-05   0.135235416E-05
   0.848518448E-05   0.380798556E-04  -0.129090381E-06   0.969818529E-06
   0.640834060E-05   0.279651831E-04  -0.422450285E-05   0.162587617E-05
   0.532862941E-05   0.223678289E-04  -0.655377198E-05   0.290830258E-05
   0.470694840E-05   0.189649199E-04  -0.634186790E-05   0.406374966E-05
   0.446795821E-05   0.174334618E-04  -0.548492062E-05   0.533851016E-05
   0.432831030E-05   0.166033024E-04  -0.394504241E-05   0.632195770E-05
   0.423113943E-05   0.160173331E-04  -0.213221620E-05   0.687171359E-05
   0.433007017E-05   0.158576349E-04  -0.126080465E-06   0.717273588E-05
   0.449987556E-05   0.152983157E-04   0.833618685E-06   0.703977094E-05
   0.437777862E-05   0.142375648E-04   0.255179498E-05   0.608328855E-05
   0.485842429E-05   0.146684324E-04   0.460543606E-05   0.547541003E-05
   0.542136013E-05   0.140198244E-04   0.483069243E-05   0.407121433E-05
   0.669234350E-05   0.151953818E-04   0.520421054E-05   0.288118713E-05
   0.894569894E-05   0.172231903E-04   0.230066576E-05   0.164283585E-05
   0.126476580E-04   0.215704622E-04  -0.249358163E-05   0.814563748E-06
   0.185674289E-04   0.293704506E-04  -0.118336120E-04   0.684573138E-06
   0.281173780E-04   0.431950866E-04  -0.297110437E-04   0.211227757E-05
   0.416244402E-04   0.620085557E-04  -0.547812524E-04   0.470592386E-05
   0.605205460E-04   0.908404982E-04  -0.914522461E-04   0.943651139E-05
   0.881074884E-04   0.132088186E-03  -0.146614955E-03   0.172993932E-04
   0.127254389E-03   0.191599975E-03  -0.227636978E-03   0.295092213E-04
   0.177336697E-03   0.269457902E-03  -0.329536095E-03   0.444845500E-04
   0.242474489E-03   0.371475762E-03  -0.461197342E-03   0.647816923E-04
   0.330059498E-03   0.508545083E-03  -0.638826226E-03   0.906525311E-04
   0.438141346E-03   0.678998302E-03  -0.851748162E-03   0.122050355E-03
   0.577135361E-03   0.899070874E-03  -0.112367910E-02   0.161630931E-03
   0.746061094E-03   0.117164233E-02  -0.144620647E-02   0.207145218E-03
   0.952766859E-03   0.150792184E-02  -0.182940485E-02   0.257757667E-03
   0.120312988E-02   0.192455575E-02  -0.228443998E-02   0.311455020E-03
   0.149959105E-02   0.242236396E-02  -0.280104368E-02   0.375059899E-03
   0.185348338E-02   0.302761188E-02  -0.339948689E-02   0.444920908E-03
   0.227204966E-02   0.375878578E-02  -0.408366043E-02   0.514571439E-03
   0.276230602E-02   0.463518873E-02  -0.485440018E-02   0.590972253E-03
   0.333673996E-02   0.568632176E-02  -0.572352950E-02   0.669792062E-03
   0.400857208E-02   0.694396533E-02  -0.669750944E-02   0.755300571E-03
   0.479673222E-02   0.845909677E-02  -0.779366354E-02   0.839197892E-03
   0.572666898E-02   0.102906153E-01  -0.903126411E-02   0.924729684E-03
   0.683525112E-02   0.125237498E-01  -0.104454877E-01   0.101563893E-02
   0.817665737E-02   0.152766863E-01  -0.120880809E-01   0.110999472E-02
   0.983212423E-02   0.187281780E-01  -0.140335262E-01   0.120505970E-02
   0.119172968E-01   0.231229886E-01  -0.163919833E-01   0.131776009E-02
   0.145886624E-01   0.288010780E-01  -0.192667507E-01   0.143333524E-02
   0.180843696E-01   0.362757370E-01  -0.228281673E-01   0.155679043E-02
   0.227174107E-01   0.462328605E-01  -0.272013694E-01   0.167898065E-02
   0.288801622E-01   0.595562235E-01  -0.324368365E-01   0.179054542E-02
   0.369971432E-01   0.772371516E-01  -0.383449085E-01   0.186312408E-02
   0.474802591E-01   0.100288473E+00  -0.443776734E-01   0.185913208E-02
   0.605186895E-01   0.129201427E+00  -0.493476763E-01   0.172494655E-02
   0.757212043E-01   0.163272649E+00  -0.514050014E-01   0.143976824E-02
   0.919119939E-01   0.199864626E+00  -0.483287983E-01   0.101482961E-02
   0.106740728E+00   0.233613208E+00  -0.383071266E-01   0.535368803E-03
   0.117413476E+00   0.258048832E+00  -0.213755351E-01   0.149308267E-03
   0.121296495E+00   0.267005622E+00  -0.418703578E-07   0.000000000E+00
