   0.375358621E-02   0.531818420E-01   0.321076291E-10   0.000000000E+00
   0.368514005E-02   0.520454980E-01   0.501424167E-02   0.319418250E-04
   0.348788989E-02   0.487592854E-01   0.933396630E-02   0.119090684E-03
   0.320043950E-02   0.439487584E-01   0.124954861E-01   0.239774454E-03
   0.286745583E-02   0.383385196E-01   0.143607231E-01   0.366555119E-03
   0.252611609E-02   0.325783379E-01   0.150572034E-01   0.481134222E-03
   0.220346684E-02   0.271209218E-01   0.148587050E-01   0.570044271E-03
   0.191334705E-02   0.222539809E-01   0.140690748E-01   0.631529896E-03
   0.165903522E-02   0.180823095E-01   0.129396878E-01   0.662722334E-03
   0.143774936E-02   0.145897996E-01   0.116488878E-01   0.669473549E-03
   0.124197570E-02   0.117136957E-01   0.102974540E-01   0.660639198E-03
   0.107066531E-02   0.936140586E-02   0.898151938E-02   0.633595278E-03
   0.913807075E-03   0.744473981E-02   0.770492805E-02   0.590207695E-03
   0.774685177E-03   0.589879602E-02   0.653383089E-02   0.541506626E-03
   0.647775771E-03   0.463963160E-02   0.545003125E-02   0.482766103E-03
   0.533409184E-03   0.361806154E-02   0.447078934E-02   0.421246543E-03
   0.432532484E-03   0.279311952E-02   0.360811455E-02   0.361764629E-03
   0.343481341E-03   0.212664716E-02   0.285128155E-02   0.300784304E-03
   0.267567753E-03   0.159360992E-02   0.220826431E-02   0.245987030E-03
   0.204047770E-03   0.117686461E-02   0.167560915E-02   0.194575667E-03
   0.150453765E-03   0.841018569E-03   0.122651970E-02   0.150056425E-03
   0.107920241E-03   0.586796261E-03   0.872929231E-03   0.110901361E-03
   0.751516563E-04   0.397270080E-03   0.601957319E-03   0.793815343E-04
   0.501907052E-04   0.256040134E-03   0.396010990E-03   0.548520038E-04
   0.321670850E-04   0.158327981E-03   0.249143573E-03   0.357205245E-04
   0.192932584E-04   0.906936693E-04   0.145307567E-03   0.217429188E-04
   0.112497373E-04   0.500098577E-04   0.817518885E-04   0.126621680E-04
   0.562742161E-05   0.225486147E-04   0.377071010E-04   0.609302197E-05
   0.262804883E-05   0.900551368E-05   0.153739802E-04   0.257958914E-05
   0.108174777E-05   0.319080641E-05   0.500638544E-05   0.848990453E-06
   0.464350592E-06   0.154179475E-05   0.156522049E-05   0.131968932E-06
   0.292985533E-06   0.210656958E-05   0.170559770E-05   0.780942528E-07
   0.381937696E-06   0.367229450E-05   0.349888001E-05   0.284676020E-06
   0.533800630E-06   0.507045843E-05   0.548495655E-05   0.637448863E-06
   0.613787279E-06   0.524168490E-05   0.623485175E-05   0.747636363E-06
   0.707578238E-06   0.604079014E-05   0.723327594E-05   0.979977926E-06
   0.687406668E-06   0.560767739E-05   0.699817247E-05   0.981861945E-06
   0.628422015E-06   0.510420750E-05   0.645032105E-05   0.970441533E-06
   0.517713488E-06   0.426293900E-05   0.528766350E-05   0.853562767E-06
   0.447854205E-06   0.367926305E-05   0.481866118E-05   0.868863253E-06
   0.288998763E-06   0.259340845E-05   0.324044231E-05   0.665110520E-06
   0.233155788E-06   0.211785982E-05   0.268315603E-05   0.632162823E-06
   0.134382091E-06   0.144672492E-05   0.166202187E-05   0.530060106E-06
   0.101340582E-06   0.112903558E-05   0.109753580E-05   0.510887219E-06
   0.845087413E-07   0.847461820E-06   0.464105312E-06   0.484834175E-06
   0.980104389E-07   0.714478858E-06  -0.687047788E-07   0.483876931E-06
   0.191558613E-06   0.734063462E-06  -0.946500052E-06   0.536986192E-06
   0.287174316E-06   0.837321977E-06  -0.168535507E-05   0.566978542E-06
   0.487376326E-06   0.114480690E-05  -0.271817339E-05   0.685715520E-06
   0.637460744E-06   0.137042480E-05  -0.343519741E-05   0.753120219E-06
   0.868417317E-06   0.186115790E-05  -0.464129334E-05   0.877577577E-06
   0.119672927E-05   0.240935265E-05  -0.615178078E-05   0.103953460E-05
   0.153907013E-05   0.299769044E-05  -0.776058096E-05   0.128975580E-05
   0.183580880E-05   0.362096216E-05  -0.911114421E-05   0.141614146E-05
   0.195220423E-05   0.371045758E-05  -0.940357495E-05   0.139615065E-05
   0.204371713E-05   0.381617747E-05  -0.958415421E-05   0.139512952E-05
   0.188699744E-05   0.351383414E-05  -0.849798562E-05   0.115746616E-05
   0.154916120E-05   0.280851418E-05  -0.645239561E-05   0.772415888E-06
   0.111449640E-05   0.190056164E-05  -0.386595502E-05   0.298647734E-06
   0.805807588E-06   0.124610096E-05  -0.205345236E-05   0.130469388E-06
   0.847998763E-06   0.914845998E-06  -0.196630072E-05   0.215660449E-06
   0.191336017E-05   0.221278287E-05  -0.684730094E-05   0.113420685E-05
   0.487408761E-05   0.634228400E-05  -0.203762029E-04   0.334611127E-05
   0.112491316E-04   0.158468592E-04  -0.498400004E-04   0.782273037E-05
   0.218900459E-04   0.313883611E-04  -0.969959656E-04   0.146692273E-04
   0.404878956E-04   0.590981945E-04  -0.178947172E-03   0.259186982E-04
   0.674474068E-04   0.986772284E-04  -0.293426885E-03   0.409523236E-04
   0.108172317E-03   0.158031078E-03  -0.462250464E-03   0.621248400E-04
   0.160917189E-03   0.234939114E-03  -0.672505004E-03   0.865482143E-04
   0.236752327E-03   0.344914792E-03  -0.967036758E-03   0.118852258E-03
   0.330501207E-03   0.480164308E-03  -0.131285901E-02   0.154786874E-03
   0.451339351E-03   0.654770003E-03  -0.173966005E-02   0.196194887E-03
   0.599762076E-03   0.872714620E-03  -0.223728013E-02   0.238017150E-03
   0.784708594E-03   0.114604947E-02  -0.282501709E-02   0.285346730E-03
   0.100155978E-02   0.147504732E-02  -0.346330181E-02   0.328832684E-03
   0.125651120E-02   0.187239225E-02  -0.415353244E-02   0.369737973E-03
   0.156111352E-02   0.236261543E-02  -0.491314661E-02   0.407270680E-03
   0.192043674E-02   0.296174968E-02  -0.572483148E-02   0.441880227E-03
   0.233668904E-02   0.368755194E-02  -0.654724566E-02   0.465988793E-03
   0.283133239E-02   0.458295271E-02  -0.740759354E-02   0.480995048E-03
   0.341722602E-02   0.568149239E-02  -0.827858783E-02   0.487412151E-03
   0.410981849E-02   0.702079479E-02  -0.912673678E-02   0.481364055E-03
   0.492897257E-02   0.864517223E-02  -0.990833528E-02   0.463031000E-03
   0.588681269E-02   0.105793206E-01  -0.105544552E-01   0.430454267E-03
   0.698714936E-02   0.128367245E-01  -0.109509388E-01   0.383869541E-03
   0.820849836E-02   0.153655941E-01  -0.109307123E-01   0.318180100E-03
   0.948513299E-02   0.180366393E-01  -0.102979867E-01   0.240380265E-03
   0.107156346E-01   0.206315648E-01  -0.887506455E-02   0.155948816E-03
   0.117513984E-01   0.228305366E-01  -0.657728268E-02   0.773291613E-04
   0.124543458E-01   0.243254900E-01  -0.351569499E-02   0.206699879E-04
   0.127137247E-01   0.248756297E-01  -0.941825107E-08   0.000000000E+00
