   0.572655292E-03   0.210185517E-01   0.000000000E+00   0.000000000E+00
   0.575066544E-03   0.206154082E-01   0.268828264E-02   0.160559175E-04
   0.580107502E-03   0.194844976E-01   0.507556135E-02   0.604030574E-04
   0.586353068E-03   0.177817568E-01   0.694265636E-02   0.123509395E-03
   0.589888718E-03   0.157422796E-01   0.818624999E-02   0.194119755E-03
   0.586906390E-03   0.136016132E-01   0.881948136E-02   0.260681671E-03
   0.576289545E-03   0.115059577E-01   0.893497467E-02   0.315689540E-03
   0.555328617E-03   0.957708526E-02   0.864215102E-02   0.353725394E-03
   0.524580886E-03   0.786100607E-02   0.806032959E-02   0.376518670E-03
   0.483626180E-03   0.638207933E-02   0.728629995E-02   0.381120044E-03
   0.433878915E-03   0.511669787E-02   0.639222376E-02   0.369934831E-03
   0.379976875E-03   0.405949820E-02   0.547394762E-02   0.346471992E-03
   0.323554850E-03   0.317598204E-02   0.456340797E-02   0.313985074E-03
   0.267164811E-03   0.244557671E-02   0.369977322E-02   0.274184684E-03
   0.212822124E-03   0.183729734E-02   0.289865700E-02   0.229806770E-03
   0.164323705E-03   0.135050027E-02   0.220582448E-02   0.186189689E-03
   0.122376616E-03   0.965720916E-03   0.162199826E-02   0.144841179E-03
   0.873017489E-04   0.664396328E-03   0.114283175E-02   0.107853681E-03
   0.589870724E-04   0.433241599E-03   0.761614065E-03   0.757977832E-04
   0.378886652E-04   0.269412645E-03   0.482213800E-03   0.500710194E-04
   0.228919507E-04   0.156837064E-03   0.286169176E-03   0.309801326E-04
   0.126594714E-04   0.827121039E-04   0.154193636E-03   0.173023545E-04
   0.627975987E-05   0.383894840E-04   0.735395297E-04   0.854634982E-05
   0.249265008E-05   0.134650081E-04   0.268785734E-04   0.321691664E-05
   0.889744456E-06   0.405605169E-05   0.842175632E-05   0.101701653E-05
   0.278715106E-06   0.164266419E-05   0.255510554E-05   0.373351071E-06
   0.225778038E-06   0.241795374E-05   0.320709250E-05   0.476795719E-06
   0.374150318E-06   0.420667584E-05   0.591093703E-05   0.798826534E-06
   0.524842164E-06   0.569338181E-05   0.846252533E-05   0.123518885E-05
   0.624721565E-06   0.643047633E-05   0.991079378E-05   0.147641845E-05
   0.692821288E-06   0.688028240E-05   0.107310880E-04   0.159018668E-05
   0.615610702E-06   0.595409938E-05   0.941440339E-05   0.141419264E-05
   0.502627699E-06   0.474155513E-05   0.755600513E-05   0.113265082E-05
   0.364735740E-06   0.331995216E-05   0.526706117E-05   0.765243215E-06
   0.295419824E-06   0.265370090E-05   0.424447717E-05   0.625302505E-06
   0.206098420E-06   0.175790092E-05   0.281826624E-05   0.392334357E-06
   0.115102928E-06   0.921894355E-06   0.145101910E-05   0.188758932E-06
   0.560102116E-07   0.380623760E-06   0.622748757E-06   0.578582942E-07
   0.591875029E-07   0.388058879E-06   0.482122005E-06   0.646204441E-07
   0.228109389E-07   0.995349794E-07   0.130586329E-06   0.756007423E-09
   0.135006255E-07   0.261275677E-07  -0.385714465E-07  -0.318773430E-08
   0.173927166E-07   0.345236231E-07  -0.123936047E-06   0.127667361E-07
   0.160568874E-07   0.416023660E-07  -0.106447899E-06   0.259716337E-07
   0.224015473E-07   0.876018831E-07  -0.856487716E-07   0.558864102E-07
   0.176521038E-07   0.897581032E-07  -0.666102729E-10   0.516895291E-07
   0.186019165E-07   0.995807667E-07  -0.113257546E-07   0.603263430E-07
   0.737512895E-08   0.721748847E-07   0.556544855E-07   0.397893523E-07
   0.131670754E-07   0.664111965E-07   0.160765410E-07   0.355006229E-07
   0.794909738E-08   0.661390303E-07   0.112000407E-06   0.212260272E-07
   0.726554594E-08   0.273856173E-07   0.514629335E-07   0.802432121E-09
   0.210321982E-07   0.654079955E-07  -0.440171135E-07   0.632638386E-08
   0.303792476E-07   0.608463182E-07  -0.153409800E-06   0.572749936E-08
   0.876493971E-07   0.202811847E-06  -0.618906313E-06   0.703165810E-07
   0.199705070E-06   0.481207906E-06  -0.156451756E-05   0.216433321E-06
   0.290145550E-06   0.663929086E-06  -0.231817921E-05   0.339810668E-06
   0.481194888E-06   0.112678754E-05  -0.379182370E-05   0.529793624E-06
   0.834718719E-06   0.195730058E-05  -0.669045676E-05   0.102242871E-05
   0.121717460E-05   0.288107208E-05  -0.963770890E-05   0.141348266E-05
   0.153752273E-05   0.358549664E-05  -0.120861996E-04   0.181256189E-05
   0.166237294E-05   0.387032605E-05  -0.128700458E-04   0.187895671E-05
   0.206938330E-05   0.474251419E-05  -0.157490067E-04   0.230114574E-05
   0.211048200E-05   0.479094979E-05  -0.157074555E-04   0.227224177E-05
   0.177158552E-05   0.398858629E-05  -0.127666372E-04   0.181688927E-05
   0.132121500E-05   0.293360517E-05  -0.904229546E-05   0.127945748E-05
   0.773238241E-06   0.162170579E-05  -0.477812910E-05   0.674849787E-06
   0.730909221E-06   0.124951282E-05  -0.439165160E-05   0.595879555E-06
   0.192304901E-05   0.326864233E-05  -0.130728613E-04   0.174130855E-05
   0.582315033E-05   0.102017611E-04  -0.403868180E-04   0.509233223E-05
   0.144057622E-04   0.256732983E-04  -0.989187101E-04   0.119324677E-04
   0.306225338E-04   0.544233881E-04  -0.205674907E-03   0.237179866E-04
   0.573046309E-04   0.100410856E-03  -0.374388386E-03   0.415999275E-04
   0.979207107E-04   0.169863692E-03  -0.622037740E-03   0.657129203E-04
   0.154176581E-03   0.264307309E-03  -0.949196285E-03   0.956570293E-04
   0.232930790E-03   0.394613395E-03  -0.138647994E-02   0.132535715E-03
   0.333621370E-03   0.559578184E-03  -0.191376870E-02   0.172589396E-03
   0.458775176E-03   0.762962911E-03  -0.252530561E-02   0.214629137E-03
   0.614127668E-03   0.101716723E-02  -0.323201017E-02   0.257014355E-03
   0.793458952E-03   0.131504715E-02  -0.396768050E-02   0.293460238E-03
   0.100277737E-02   0.167092495E-02  -0.473506656E-02   0.323810527E-03
   0.124383380E-02   0.209414307E-02  -0.550455414E-02   0.346006273E-03
   0.151649420E-02   0.259273197E-02  -0.622891542E-02   0.358047197E-03
   0.182096660E-02   0.317628728E-02  -0.685798749E-02   0.355255645E-03
   0.216208515E-02   0.385816721E-02  -0.736002671E-02   0.340219674E-03
   0.254115043E-02   0.464439252E-02  -0.768242078E-02   0.311290351E-03
   0.295368768E-02   0.552627118E-02  -0.775396731E-02   0.271353812E-03
   0.339033385E-02   0.648036273E-02  -0.750179728E-02   0.219924375E-03
   0.383274490E-02   0.746159069E-02  -0.684448332E-02   0.162179305E-03
   0.424355734E-02   0.838213135E-02  -0.572847854E-02   0.102573846E-03
   0.458576251E-02   0.915129110E-02  -0.415070122E-02   0.495622480E-04
   0.481192907E-02   0.966127031E-02  -0.218552630E-02   0.130483486E-04
   0.489500863E-02   0.984811969E-02  -0.564832670E-08   0.000000000E+00
