   0.507590501E-02   0.714714006E-01   0.915039600E-08   0.000000000E+00
   0.502523221E-02   0.704794973E-01   0.707584573E-02   0.467257960E-04
   0.487637753E-02   0.675109327E-01   0.134988613E-01   0.178574759E-03
   0.464660209E-02   0.629759878E-01   0.187558439E-01   0.372916111E-03
   0.436327467E-02   0.573353842E-01   0.225829929E-01   0.596219499E-03
   0.404809834E-02   0.511785559E-01   0.249415450E-01   0.824108778E-03
   0.372096966E-02   0.448361896E-01   0.259578396E-01   0.103227806E-02
   0.339752436E-02   0.387458354E-01   0.258969013E-01   0.120014360E-02
   0.308513711E-02   0.330689624E-01   0.250128023E-01   0.132175046E-02
   0.278634368E-02   0.279795080E-01   0.235585701E-01   0.139767840E-02
   0.250111776E-02   0.234732274E-01   0.217296444E-01   0.142513239E-02
   0.223068288E-02   0.195475183E-01   0.196924750E-01   0.141374813E-02
   0.197109045E-02   0.161732361E-01   0.175518375E-01   0.137649872E-02
   0.172572304E-02   0.132984752E-01   0.154221067E-01   0.130326999E-02
   0.149055116E-02   0.108451946E-01   0.133252218E-01   0.120599358E-02
   0.127063866E-02   0.877467543E-02   0.113428049E-01   0.108800735E-02
   0.107072515E-02   0.703799445E-02   0.952866767E-02   0.976844109E-03
   0.886807044E-03   0.558453333E-02   0.786384288E-02   0.847207208E-03
   0.719942909E-03   0.436350610E-02   0.635789847E-02   0.722416793E-03
   0.575092970E-03   0.336771831E-02   0.505760545E-02   0.602833345E-03
   0.450697495E-03   0.255855662E-02   0.394524587E-02   0.489308091E-03
   0.343452237E-03   0.189413328E-02   0.298820692E-02   0.386370666E-03
   0.255913736E-03   0.137214642E-02   0.221139728E-02   0.298238680E-03
   0.185097466E-03   0.967096130E-03   0.158613455E-02   0.220646325E-03
   0.128671352E-03   0.650644943E-03   0.108738593E-02   0.157330665E-03
   0.874017132E-04   0.425214123E-03   0.725987251E-03   0.109369685E-03
   0.561945490E-04   0.261925859E-03   0.455528119E-03   0.709075393E-04
   0.348654539E-04   0.153369139E-03   0.272982055E-03   0.437535855E-04
   0.203998534E-04   0.830858116E-04   0.151642307E-03   0.249834084E-04
   0.105762365E-04   0.379940175E-04   0.712032052E-04   0.122529373E-04
   0.550976847E-05   0.163060722E-04   0.317793128E-04   0.552369556E-05
   0.226405587E-05   0.578692197E-05   0.949395508E-05   0.165626875E-05
   0.885180043E-06   0.356785358E-05   0.245663523E-05   0.370079192E-06
   0.650897221E-06   0.523207973E-05   0.376904882E-05   0.463607421E-06
   0.699506870E-06   0.886373255E-05   0.794851894E-05   0.139242002E-05
   0.916066426E-06   0.110019109E-04   0.115526454E-04   0.216259241E-05
   0.118603020E-05   0.135655700E-04   0.156269434E-04   0.325135215E-05
   0.139978579E-05   0.157364611E-04   0.187462028E-04   0.410164012E-05
   0.136754284E-05   0.155143443E-04   0.186283251E-04   0.486438057E-05
   0.139370013E-05   0.158328730E-04   0.191122363E-04   0.526302256E-05
   0.120406344E-05   0.139263657E-04   0.162270953E-04   0.538977338E-05
   0.109487974E-05   0.120301420E-04   0.128521015E-04   0.544558361E-05
   0.865942184E-06   0.104670135E-04   0.976725187E-05   0.530507350E-05
   0.812124370E-06   0.928553709E-05   0.673677096E-05   0.531880005E-05
   0.911801180E-06   0.822197126E-05   0.218245600E-05   0.546687352E-05
   0.829379246E-06   0.696791130E-05  -0.119590914E-05   0.506230754E-05
   0.131373190E-05   0.772365547E-05  -0.477098365E-05   0.575389367E-05
   0.181437736E-05   0.815287058E-05  -0.951724996E-05   0.604770003E-05
   0.192266134E-05   0.776459001E-05  -0.122346273E-04   0.556802979E-05
   0.257415991E-05   0.898372582E-05  -0.163936857E-04   0.606634740E-05
   0.312927591E-05   0.982983966E-05  -0.202390092E-04   0.601516103E-05
   0.309161646E-05   0.937896039E-05  -0.198366397E-04   0.537392498E-05
   0.337798883E-05   0.969389657E-05  -0.210081471E-04   0.506098968E-05
   0.356226883E-05   0.977371019E-05  -0.212749219E-04   0.470532586E-05
   0.340836255E-05   0.926648590E-05  -0.195205448E-04   0.378540949E-05
   0.248083211E-05   0.645719092E-05  -0.129668297E-04   0.254008955E-05
   0.194356608E-05   0.475003890E-05  -0.842691134E-05   0.126400585E-05
   0.150264748E-05   0.303205093E-05  -0.426173119E-05   0.370535332E-06
   0.163059974E-05   0.201182684E-05  -0.364609264E-05   0.333953466E-06
   0.310246378E-05   0.381467794E-05  -0.113270125E-04   0.192342191E-05
   0.753218092E-05   0.107778196E-04  -0.349892834E-04   0.600345720E-05
   0.161260286E-04   0.261655023E-04  -0.825127427E-04   0.137586276E-04
   0.313759010E-04   0.526703698E-04  -0.163541816E-03   0.268954063E-04
   0.548690368E-04   0.949880705E-04  -0.287793955E-03   0.456211637E-04
   0.905508059E-04   0.160978147E-03  -0.475552166E-03   0.714360358E-04
   0.143654208E-03   0.256284140E-03  -0.745885249E-03   0.109952518E-03
   0.215344626E-03   0.387889479E-03  -0.110535685E-02   0.155914910E-03
   0.307747221E-03   0.554470753E-03  -0.155021029E-02   0.211619801E-03
   0.430405576E-03   0.779788534E-03  -0.213000691E-02   0.276470324E-03
   0.584211317E-03   0.105785253E-02  -0.282686460E-02   0.354874297E-03
   0.767410325E-03   0.139736547E-02  -0.362336403E-02   0.431104592E-03
   0.990165747E-03   0.181225722E-02  -0.455122115E-02   0.516236527E-03
   0.125503284E-02   0.231488585E-02  -0.560233183E-02   0.601322332E-03
   0.156238826E-02   0.291232672E-02  -0.675565563E-02   0.687445689E-03
   0.190599158E-02   0.360841560E-02  -0.795254484E-02   0.761616742E-03
   0.229774858E-02   0.443653064E-02  -0.922288187E-02   0.822979142E-03
   0.273969537E-02   0.541016832E-02  -0.105389226E-01   0.881827087E-03
   0.322811818E-02   0.655337982E-02  -0.118434820E-01   0.908619899E-03
   0.376743171E-02   0.788505748E-02  -0.131089883E-01   0.925101747E-03
   0.436531892E-02   0.944380183E-02  -0.143154310E-01   0.923553016E-03
   0.502058351E-02   0.112505034E-01  -0.153864622E-01   0.898261380E-03
   0.573983230E-02   0.133295283E-01  -0.162772294E-01   0.847158313E-03
   0.652350206E-02   0.156893842E-01  -0.169083793E-01   0.773957465E-03
   0.736250309E-02   0.183171686E-01  -0.171496756E-01   0.690079585E-03
   0.824008510E-02   0.211340394E-01  -0.168967489E-01   0.575807702E-03
   0.912576262E-02   0.240620393E-01  -0.159850959E-01   0.455487170E-03
   0.998290442E-02   0.269331224E-01  -0.142988311E-01   0.322840206E-03
   0.107490215E-01   0.295462906E-01  -0.117660845E-01   0.198830618E-03
   0.113595519E-01   0.316495150E-01  -0.840744376E-02   0.946156360E-04
   0.117564639E-01   0.330317356E-01  -0.439022854E-02   0.247304670E-04
   0.118942456E-01   0.335151739E-01  -0.116285932E-07   0.000000000E+00
