   0.139725639E-02   0.260876678E-01   0.000000000E+00   0.000000000E+00
   0.135997939E-02   0.252620503E-01   0.265845167E-02   0.158495732E-04
   0.125475298E-02   0.229321290E-01   0.478528487E-02   0.570842021E-04
   0.111105654E-02   0.197366327E-01   0.610134564E-02   0.109190085E-03
   0.954609714E-03   0.162437037E-01   0.660545332E-02   0.157318413E-03
   0.808095268E-03   0.129805347E-01   0.651219022E-02   0.194247928E-03
   0.680070254E-03   0.101501336E-01   0.604804466E-02   0.217057692E-03
   0.573285331E-03   0.784794614E-02   0.541538978E-02   0.227571596E-03
   0.484684657E-03   0.603363942E-02   0.473264186E-02   0.227079465E-03
   0.409679604E-03   0.462636724E-02   0.406006118E-02   0.219288544E-03
   0.345037348E-03   0.353899901E-02   0.342859072E-02   0.205223289E-03
   0.287543808E-03   0.269851671E-02   0.284631667E-02   0.187810481E-03
   0.236598513E-03   0.204916042E-02   0.232468150E-02   0.166130107E-03
   0.191554078E-03   0.154487975E-02   0.186499709E-02   0.143864614E-03
   0.151180458E-03   0.114910223E-02   0.145879306E-02   0.120430479E-03
   0.116630938E-03   0.842325680E-03   0.111548859E-02   0.984532962E-04
   0.874806938E-04   0.605250301E-03   0.829471042E-03   0.774362998E-04
   0.634691532E-04   0.423283636E-03   0.596654601E-03   0.588564835E-04
   0.445755031E-04   0.287694624E-03   0.415215938E-03   0.429941974E-04
   0.296627968E-04   0.185984303E-03   0.273418089E-03   0.296674152E-04
   0.191085164E-04   0.116242969E-03   0.173967317E-03   0.197135214E-04
   0.114291379E-04   0.670734735E-04   0.102064863E-03   0.120089644E-04
   0.632502952E-05   0.355435404E-04   0.550415134E-04   0.677558091E-05
   0.331699903E-05   0.176302146E-04   0.278305160E-04   0.354589088E-05
   0.144413764E-05   0.692798994E-05   0.112201487E-04   0.148227025E-05
   0.541761040E-06   0.225785834E-05   0.368684823E-05   0.514077612E-06
   0.169541934E-06   0.677230503E-06   0.931719569E-06   0.134704024E-06
   0.876268942E-07   0.646900219E-06   0.670257919E-06   0.842385930E-07
   0.113658807E-06   0.115445766E-05   0.127296016E-05   0.167634312E-06
   0.174849873E-06   0.172035743E-05   0.205779315E-05   0.281607498E-06
   0.224008261E-06   0.206719687E-05   0.259134504E-05   0.364751315E-06
   0.221670845E-06   0.196526025E-05   0.250778953E-05   0.359151755E-06
   0.230167245E-06   0.192753373E-05   0.254932115E-05   0.362450834E-06
   0.195130795E-06   0.157206932E-05   0.206403001E-05   0.283396133E-06
   0.159128305E-06   0.125087081E-05   0.166281745E-05   0.230130553E-06
   0.109681721E-06   0.835788455E-06   0.112204714E-05   0.152320794E-06
   0.840171452E-07   0.585385010E-06   0.757910186E-06   0.924041004E-07
   0.547054171E-07   0.355726684E-06   0.462009609E-06   0.511136946E-07
   0.328318812E-07   0.154535016E-06   0.159711306E-06   0.107260654E-07
   0.248146534E-07   0.114759722E-06   0.901160391E-07   0.112231922E-07
   0.145080419E-07   0.373472169E-07   0.104554463E-07  -0.212685469E-08
   0.135360523E-07   0.263983377E-07  -0.332205126E-07   0.185711768E-08
   0.741153361E-08   0.782190490E-08  -0.253425547E-07   0.152416635E-08
   0.647135456E-08   0.105933866E-07  -0.154290962E-07   0.469181005E-08
   0.665462396E-08   0.135284042E-07  -0.282561192E-07   0.872759998E-08
   0.722296800E-08   0.152933222E-07  -0.375915050E-07   0.102724877E-07
   0.706979097E-08   0.192176142E-07  -0.549073675E-08   0.963503233E-08
   0.176540882E-08   0.863229310E-08   0.659251942E-08   0.126333755E-08
   0.226509012E-08   0.426372671E-08   0.505147613E-08  -0.540383849E-09
   0.121760486E-07   0.352433460E-07  -0.102642277E-07   0.374992259E-08
   0.232518698E-07   0.345780506E-07  -0.921784249E-07   0.707110237E-08
   0.481559930E-07   0.729490637E-07  -0.215592834E-06   0.228559642E-07
   0.980827295E-07   0.157128213E-06  -0.458689186E-06   0.558346507E-07
   0.166201374E-06   0.256021423E-06  -0.811736641E-06   0.111304502E-06
   0.238549944E-06   0.386733973E-06  -0.115420437E-05   0.154007836E-06
   0.417241324E-06   0.660070157E-06  -0.205188871E-05   0.294449336E-06
   0.525101427E-06   0.831373768E-06  -0.257409579E-05   0.376747266E-06
   0.694183313E-06   0.108367090E-05  -0.335349614E-05   0.485536248E-06
   0.823280232E-06   0.127171620E-05  -0.391399772E-05   0.565387666E-06
   0.897270581E-06   0.137942015E-05  -0.417833689E-05   0.588672435E-06
   0.882493396E-06   0.134906270E-05  -0.400928593E-05   0.577636058E-06
   0.772191981E-06   0.116009630E-05  -0.334329184E-05   0.480843084E-06
   0.563922868E-06   0.837508424E-06  -0.222539870E-05   0.304517556E-06
   0.314257477E-06   0.412483047E-06  -0.101345643E-05   0.130996099E-06
   0.389413657E-06   0.437925706E-06  -0.136777567E-05   0.206205996E-06
   0.146729997E-05   0.175957916E-05  -0.636167306E-05   0.888447744E-06
   0.403901504E-05   0.499101861E-05  -0.177707461E-04   0.235119251E-05
   0.942646875E-05   0.117296240E-04  -0.409357453E-04   0.519077003E-05
   0.189725761E-04   0.233284354E-04  -0.803255898E-04   0.982826168E-05
   0.352976131E-04   0.432948582E-04  -0.146122402E-03   0.170354524E-04
   0.593427794E-04   0.719602467E-04  -0.238565743E-03   0.267355590E-04
   0.941486724E-04   0.113001610E-03  -0.366770866E-03   0.390987552E-04
   0.142955614E-03   0.169865642E-03  -0.538256601E-03   0.545319672E-04
   0.207241377E-03   0.243823728E-03  -0.750512932E-03   0.722962504E-04
   0.291322853E-03   0.340679078E-03  -0.101161667E-02   0.918382284E-04
   0.398189004E-03   0.463988283E-03  -0.131938292E-02   0.112486283E-03
   0.530386984E-03   0.618062040E-03  -0.166628358E-02   0.133213005E-03
   0.692866393E-03   0.810934056E-03  -0.204952084E-02   0.152395078E-03
   0.894390687E-03   0.105551782E-02  -0.247278600E-02   0.170514788E-03
   0.114382175E-02   0.136732974E-02  -0.293009006E-02   0.185018420E-03
   0.145272014E-02   0.176447083E-02  -0.341117894E-02   0.195874847E-03
   0.184016535E-02   0.227481662E-02  -0.391758885E-02   0.202585637E-03
   0.233096350E-02   0.293449406E-02  -0.444026990E-02   0.205316202E-03
   0.295184297E-02   0.378059293E-02  -0.495592272E-02   0.200536102E-03
   0.372965913E-02   0.485060224E-02  -0.541738747E-02   0.189421960E-03
   0.467478717E-02   0.615811581E-02  -0.572560029E-02   0.167961291E-03
   0.576212630E-02   0.766718481E-02  -0.572232623E-02   0.134445130E-03
   0.691224029E-02   0.926835090E-02  -0.522035640E-02   0.922105246E-04
   0.796646439E-02   0.107403370E-01  -0.406051613E-02   0.479544506E-04
   0.872510206E-02   0.118045527E-01  -0.224286481E-02   0.133051117E-04
   0.899828505E-02   0.121871009E-01  -0.617789642E-08   0.000000000E+00
