   0.612512085E-04   0.694118487E-02   0.000000000E+00   0.000000000E+00
   0.648001223E-04   0.675587449E-02   0.959388155E-03   0.534372202E-05
   0.742564443E-04   0.623780489E-02   0.177193375E-02   0.195962311E-04
   0.865922702E-04   0.549248978E-02   0.233928091E-02   0.383593069E-04
   0.984494836E-04   0.464078644E-02   0.263553252E-02   0.568558389E-04
   0.106811960E-03   0.378490565E-02   0.268616225E-02   0.714982889E-04
   0.109675566E-03   0.299693248E-02   0.254634465E-02   0.799958289E-04
   0.106826337E-03   0.231481693E-02   0.228539389E-02   0.825242460E-04
   0.982950442E-04   0.174403633E-02   0.194870704E-02   0.793400177E-04
   0.858068306E-04   0.128202955E-02   0.158922176E-02   0.717428047E-04
   0.709294109E-04   0.916491263E-03   0.123764283E-02   0.611971991E-04
   0.554936232E-04   0.633985561E-03   0.918856589E-03   0.495720014E-04
   0.408150845E-04   0.420550903E-03   0.644536049E-03   0.375093041E-04
   0.281806188E-04   0.265474810E-03   0.425383594E-03   0.265383496E-04
   0.179539311E-04   0.156498587E-03   0.258359214E-03   0.171204847E-04
   0.104788132E-04   0.851812802E-04   0.142664416E-03   0.997040661E-05
   0.554301869E-05   0.420112810E-04   0.699700249E-04   0.504507989E-05
   0.252520954E-05   0.180152765E-04   0.281789708E-04   0.206483173E-05
   0.926760038E-06   0.661151307E-05   0.792665560E-05   0.536312655E-06
   0.242052749E-06   0.255900272E-05   0.851686593E-06   0.180728552E-07
   0.773375177E-07   0.209501695E-05   0.618975889E-06   0.628480876E-07
   0.116453137E-06   0.270226838E-05   0.249264940E-05   0.287537290E-06
   0.194356517E-06   0.328623833E-05   0.428441581E-05   0.499357270E-06
   0.220405809E-06   0.312353382E-05   0.462923254E-05   0.545529190E-06
   0.234799685E-06   0.300365969E-05   0.478804895E-05   0.578569939E-06
   0.184331412E-06   0.223889947E-05   0.370945531E-05   0.465803510E-06
   0.123092889E-06   0.144508203E-05   0.246517084E-05   0.319155021E-06
   0.833179854E-07   0.956251597E-06   0.165335939E-05   0.221028330E-06
   0.374273483E-07   0.434772232E-06   0.749485082E-06   0.105959003E-06
   0.154201842E-07   0.184506163E-06   0.318811061E-06   0.487699126E-07
   0.472939954E-08   0.576650621E-07   0.967975353E-07   0.151300874E-07
   0.442594988E-09   0.791286503E-08   0.976500836E-08   0.322328453E-08
   0.219202739E-09   0.111535037E-08  -0.222509433E-08   0.757562513E-09
   0.253469667E-08   0.171338428E-07   0.197396961E-07   0.441749926E-08
   0.350919604E-08   0.286097066E-07   0.561170772E-07   0.662815136E-08
   0.279210122E-08   0.166531784E-07   0.208304130E-07   0.338747230E-08
   0.563303759E-08   0.438473720E-07   0.798025965E-07   0.100551656E-07
   0.501618702E-08   0.419213464E-07   0.790030796E-07   0.102513171E-07
   0.215914997E-08   0.971099912E-08   0.467316719E-08   0.197329730E-08
   0.168368619E-08   0.584085846E-08   0.884030849E-09   0.765493724E-09
   0.169459213E-08   0.596450134E-08  -0.177811077E-08   0.118465104E-08
   0.193793293E-08   0.129030866E-07   0.145699790E-07   0.348514995E-08
   0.592720928E-09   0.419965218E-08   0.920045817E-08   0.887997453E-09
   0.346172091E-09   0.862979632E-09   0.694935554E-09   0.555806052E-11
   0.133561065E-09   0.480037288E-09  -0.113428511E-08   0.258431221E-09
   0.449715369E-10   0.376182085E-09   0.212694154E-09   0.151480370E-09
   0.602476610E-10   0.242349224E-09   0.264754912E-09   0.545585799E-10
   0.735926153E-09   0.175785764E-08  -0.554374724E-08   0.648450960E-09
   0.299566660E-08   0.720901072E-08  -0.329194307E-07   0.451884175E-08
   0.359752561E-08   0.811561396E-08  -0.382153331E-07   0.490065100E-08
   0.853088156E-09   0.134136857E-08  -0.602094374E-08   0.249577720E-09
   0.396758004E-08   0.847341308E-08  -0.395872952E-07   0.455141747E-08
   0.451185223E-08   0.106897131E-07  -0.495106569E-07   0.680403911E-08
   0.729197325E-08   0.170654033E-07  -0.771084814E-07   0.100446611E-07
   0.606671513E-08   0.140612739E-07  -0.586847833E-07   0.707681824E-08
   0.124168444E-07   0.316020383E-07  -0.124640337E-06   0.169543473E-07
   0.123388775E-07   0.290195157E-07  -0.131919890E-06   0.176859611E-07
   0.656406618E-08   0.142788092E-07  -0.689532769E-07   0.903768793E-08
   0.259707561E-09   0.270815059E-08   0.535607225E-09   0.135625944E-08
   0.329807293E-08   0.881298323E-08  -0.343842110E-07   0.597168803E-08
   0.303638501E-07   0.732753875E-07  -0.311344564E-06   0.482286069E-07
   0.624702849E-07   0.145600737E-06  -0.632403669E-06   0.900497668E-07
   0.157863880E-06   0.350151396E-06  -0.154900260E-05   0.207434041E-06
   0.284488891E-06   0.616419584E-06  -0.272414491E-05   0.359396182E-06
   0.575538365E-06   0.120034144E-05  -0.531378009E-05   0.655257168E-06
   0.856863039E-06   0.173843853E-05  -0.761218007E-05   0.905031129E-06
   0.101981539E-05   0.200906470E-05  -0.859054944E-05   0.991262823E-06
   0.128698366E-05   0.245779142E-05  -0.100970537E-04   0.111986890E-05
   0.119200456E-05   0.218188734E-05  -0.814530904E-05   0.891281218E-06
   0.973425927E-06   0.165123095E-05  -0.475169190E-05   0.500630392E-06
   0.769296776E-06   0.108860149E-05  -0.126184602E-05   0.166089919E-06
   0.120563129E-05   0.150317885E-05  -0.229038233E-05   0.302157844E-06
   0.327598491E-05   0.432121624E-05  -0.147924475E-04   0.149707842E-05
   0.882743825E-05   0.121517187E-04  -0.510639111E-04   0.468864073E-05
   0.201186886E-04   0.278942389E-04  -0.122940241E-03   0.104890023E-04
   0.401998223E-04   0.553530954E-04  -0.245083560E-03   0.195410139E-04
   0.719271047E-04   0.979221877E-04  -0.425050617E-03   0.315397192E-04
   0.118168580E-03   0.158823153E-03  -0.664897903E-03   0.459919538E-04
   0.182766191E-03   0.243236645E-03  -0.969054934E-03   0.620679421E-04
   0.267183990E-03   0.353371637E-03  -0.131787721E-02   0.778874819E-04
   0.374846539E-03   0.495247950E-03  -0.170065439E-02   0.920396342E-04
   0.507711957E-03   0.673232717E-03  -0.209080521E-02   0.103036218E-03
   0.667996937E-03   0.892696204E-03  -0.245917193E-02   0.109466739E-03
   0.858318585E-03   0.115902885E-02  -0.277610240E-02   0.110147099E-03
   0.108034990E-02   0.147552555E-02  -0.300093833E-02   0.104597610E-03
   0.132947671E-02   0.183489802E-02  -0.307897897E-02   0.915924538E-04
   0.159719808E-02   0.222293893E-02  -0.296085840E-02   0.720832977E-04
   0.186187308E-02   0.260653882E-02  -0.258894102E-02   0.481780553E-04
   0.209294376E-02   0.294088968E-02  -0.194096717E-02   0.244922867E-04
   0.225260435E-02   0.317117036E-02  -0.104481331E-02   0.666086271E-05
   0.230961689E-02   0.325334631E-02  -0.221042518E-08   0.000000000E+00
