   0.109678913E-03   0.746304868E-02  -0.332665818E-11   0.000000000E+00
   0.112085705E-03   0.725878589E-02   0.102025142E-02   0.569487656E-05
   0.118475946E-03   0.668968353E-02   0.187754293E-02   0.208933288E-04
   0.126533370E-03   0.587256160E-02   0.246743741E-02   0.410420325E-04
   0.133474532E-03   0.494872127E-02   0.276664621E-02   0.607053298E-04
   0.137189098E-03   0.402996922E-02   0.281093153E-02   0.765692748E-04
   0.136272225E-03   0.319590932E-02   0.266763056E-02   0.866090413E-04
   0.130046348E-03   0.248000328E-02   0.240065157E-02   0.898181970E-04
   0.119376979E-03   0.188778096E-02   0.207061856E-02   0.876728081E-04
   0.105020023E-03   0.140929804E-02   0.171578035E-02   0.814010273E-04
   0.888535651E-04   0.103294384E-02   0.137457484E-02   0.716305003E-04
   0.714605339E-04   0.736274174E-03   0.105250243E-02   0.597106518E-04
   0.549605757E-04   0.509984966E-03   0.774262415E-03   0.477459726E-04
   0.397822478E-04   0.338183949E-03   0.537598680E-03   0.354768163E-04
   0.274672693E-04   0.215032065E-03   0.356301403E-03   0.251450801E-04
   0.176160156E-04   0.127922278E-03   0.218626403E-03   0.163913337E-04
   0.105874569E-04   0.712200344E-04   0.124964965E-03   0.989575801E-05
   0.562336209E-05   0.348228859E-04   0.615558893E-04   0.506526976E-05
   0.267219207E-05   0.149492607E-04   0.260351098E-04   0.220116544E-05
   0.106822165E-05   0.537989763E-05   0.830263252E-05   0.690826084E-06
   0.296772640E-06   0.169827831E-05   0.103434047E-05   0.627234868E-07
   0.709162364E-07   0.126845805E-05   0.106607942E-06   0.815194401E-08
   0.777587061E-07   0.177675179E-05   0.128803094E-05   0.148872701E-06
   0.135647113E-06   0.240412896E-05   0.271823296E-05   0.337371148E-06
   0.184586554E-06   0.266354300E-05   0.351460903E-05   0.434743555E-06
   0.185504135E-06   0.239096721E-05   0.343025522E-05   0.438432977E-06
   0.165169041E-06   0.199388637E-05   0.300284228E-05   0.401099186E-06
   0.137106426E-06   0.157437842E-05   0.244268904E-05   0.331957978E-06
   0.949918970E-07   0.105085360E-05   0.163105324E-05   0.225377732E-06
   0.491266903E-07   0.551284643E-06   0.881831511E-06   0.131519243E-06
   0.234869439E-07   0.270876484E-06   0.431740489E-06   0.704315326E-07
   0.801525779E-08   0.969264065E-07   0.148213843E-06   0.260525752E-07
   0.466849759E-08   0.545256782E-07   0.840231351E-07   0.140366030E-07
   0.387000015E-09   0.709749459E-08   0.802568678E-08   0.286459523E-08
   0.580680337E-09   0.408392342E-08   0.572585046E-08   0.120939725E-08
   0.158300750E-08   0.972676961E-08   0.132227838E-07   0.210519024E-08
   0.294937097E-08   0.232561579E-07   0.436730474E-07   0.531592725E-08
   0.276808620E-08   0.176803407E-07   0.261293014E-07   0.334911987E-08
   0.277758905E-08   0.198043875E-07   0.324539684E-07   0.410987600E-08
   0.175547843E-08   0.127517064E-07   0.245279619E-07   0.256943444E-08
   0.319327387E-08   0.237295303E-07   0.442872583E-07   0.628657570E-08
   0.133013078E-08   0.884308538E-08   0.147950940E-07   0.167515257E-08
   0.870923222E-09   0.751026530E-08   0.133730058E-07   0.189251370E-08
   0.293417873E-09   0.201259076E-08   0.288735413E-08   0.641066700E-09
   0.420486077E-10   0.567435765E-09   0.631604213E-09   0.230183608E-09
   0.812941603E-09   0.425545243E-08   0.399689004E-09   0.215236406E-08
   0.163998459E-08   0.438803438E-08  -0.124131549E-07   0.289417423E-08
   0.192645144E-08   0.513192200E-08  -0.173440640E-07   0.363166608E-08
   0.725184712E-08   0.172648793E-07  -0.695171778E-07   0.114554863E-07
   0.728648830E-08   0.166416321E-07  -0.671341951E-07   0.102463780E-07
   0.490211205E-08   0.109763780E-07  -0.444343549E-07   0.658895560E-08
   0.107552056E-07   0.237172344E-07  -0.962185283E-07   0.139888821E-07
   0.651663701E-08   0.138962166E-07  -0.585716364E-07   0.844873682E-08
   0.901532360E-08   0.179888122E-07  -0.786047210E-07   0.106953157E-07
   0.593164362E-08   0.131893616E-07  -0.492650294E-07   0.680897871E-08
   0.121351151E-08   0.244181741E-08  -0.983951409E-08   0.120931110E-08
   0.423151320E-09   0.769624586E-09  -0.321911919E-08   0.411730039E-09
   0.419979296E-08   0.102075095E-07  -0.372106861E-07   0.684400003E-08
   0.225748664E-07   0.502119910E-07  -0.195694682E-06   0.303912771E-07
   0.473445247E-07   0.101652979E-06  -0.403136937E-06   0.629575823E-07
   0.134004267E-06   0.273250947E-06  -0.110704298E-05   0.159447595E-06
   0.247746357E-06   0.490891068E-06  -0.199136343E-05   0.272112970E-06
   0.396535512E-06   0.764066556E-06  -0.310368841E-05   0.417543419E-06
   0.616166915E-06   0.115839725E-05  -0.467764676E-05   0.611072437E-06
   0.808085474E-06   0.147540425E-05  -0.588485136E-05   0.743943872E-06
   0.100503246E-05   0.179148503E-05  -0.694824530E-05   0.851781692E-06
   0.109741427E-05   0.189791012E-05  -0.698939766E-05   0.816969020E-06
   0.999904842E-06   0.166101461E-05  -0.546451565E-05   0.627526731E-06
   0.728107693E-06   0.110905410E-05  -0.261632931E-05   0.303856069E-06
   0.557108308E-06   0.667081906E-06  -0.485317400E-06   0.905674682E-07
   0.101926287E-05   0.109002292E-05  -0.237805466E-05   0.320767754E-06
   0.330378839E-05   0.399198325E-05  -0.163750829E-04   0.175345883E-05
   0.841533802E-05   0.105667104E-04  -0.464571203E-04   0.456326779E-05
   0.191078489E-04   0.242203514E-04  -0.108443295E-03   0.996598465E-05
   0.373870353E-04   0.471222520E-04  -0.208763449E-03   0.179183771E-04
   0.651006703E-04   0.811331556E-04  -0.350102491E-03   0.281501343E-04
   0.106477433E-03   0.131112494E-03  -0.547642761E-03   0.411910150E-04
   0.162444965E-03   0.198180642E-03  -0.790350023E-03   0.550972363E-04
   0.237010434E-03   0.287332718E-03  -0.108258228E-02   0.697261639E-04
   0.331734162E-03   0.401593308E-03  -0.140866404E-02   0.833297454E-04
   0.450498046E-03   0.547102420E-03  -0.176155835E-02   0.953855997E-04
   0.595888007E-03   0.729641004E-03  -0.212002289E-02   0.103869104E-03
   0.770832296E-03   0.955388241E-03  -0.245658751E-02   0.107847969E-03
   0.978334225E-03   0.122997095E-02  -0.274185697E-02   0.106894884E-03
   0.122359779E-02   0.156087650E-02  -0.295144226E-02   0.100139201E-03
   0.150286150E-02   0.194252573E-02  -0.302891759E-02   0.866051996E-04
   0.180708710E-02   0.236099469E-02  -0.292186905E-02   0.680734811E-04
   0.211080676E-02   0.277960789E-02  -0.256690988E-02   0.454392684E-04
   0.237773149E-02   0.314770942E-02  -0.193289772E-02   0.230841069E-04
   0.256303325E-02   0.340227783E-02  -0.104371516E-02   0.625329312E-05
   0.263151014E-02   0.349691417E-02  -0.217062324E-08   0.000000000E+00
