   0.102219719E+03   0.486225067E+03   0.217208799E-04   0.000000000E+00
   0.576608582E+02   0.274308350E+03   0.113368130E+02   0.783752725E-01
   0.180989265E+02   0.861311111E+02   0.717211294E+01   0.996875986E-01
   0.554162121E+01   0.263819313E+02   0.333982563E+01   0.702882782E-01
   0.187677574E+01   0.893577003E+01   0.154032493E+01   0.439006351E-01
   0.697488487E+00   0.331805205E+01   0.736843348E+00   0.268562902E-01
   0.277644753E+00   0.131710815E+01   0.365205318E+00   0.165295545E-01
   0.116716914E+00   0.550037801E+00   0.186181769E+00   0.103110289E-01
   0.521573983E-01   0.242759407E+00   0.972446576E-01   0.656949915E-02
   0.258332528E-01   0.118071467E+00   0.523471870E-01   0.430881511E-02
   0.152108725E-01   0.684470534E-01   0.296011008E-01   0.294005568E-02
   0.110851647E-01   0.498948582E-01   0.181731023E-01   0.214043632E-02
   0.958366971E-02   0.438207388E-01   0.125896977E-01   0.165957655E-02
   0.903596357E-02   0.422043912E-01   0.995503552E-02   0.137542898E-02
   0.875057466E-02   0.416902862E-01   0.875403639E-02   0.121716375E-02
   0.844574813E-02   0.409486815E-01   0.819175504E-02   0.110930263E-02
   0.803767238E-02   0.395656824E-01   0.785305258E-02   0.103476841E-02
   0.754273776E-02   0.376028642E-01   0.756921014E-02   0.979466597E-03
   0.695782760E-02   0.350844041E-01   0.722227711E-02   0.923710293E-03
   0.633436581E-02   0.322526172E-01   0.681343209E-02   0.869776239E-03
   0.568076409E-02   0.291943550E-01   0.631812448E-02   0.806855329E-03
   0.504250685E-02   0.261033494E-01   0.577940745E-02   0.742636563E-03
   0.442790566E-02   0.230740905E-01   0.520967366E-02   0.676001131E-03
   0.385778607E-02   0.202274323E-01   0.465050153E-02   0.608813309E-03
   0.333397021E-02   0.175499208E-01   0.409496715E-02   0.542027585E-03
   0.285916706E-02   0.151012503E-01   0.356580853E-02   0.476366229E-03
   0.243687397E-02   0.128741618E-01   0.306613115E-02   0.414427748E-03
   0.206630863E-02   0.109153809E-01   0.261875126E-02   0.356642879E-03
   0.174408604E-02   0.917928480E-02   0.221234839E-02   0.303330482E-03
   0.146173942E-02   0.764789106E-02   0.184232579E-02   0.253739214E-03
   0.122265576E-02   0.633657770E-02   0.152366608E-02   0.210334678E-03
   0.102498743E-02   0.523144472E-02   0.125778536E-02   0.173647233E-03
   0.853719888E-03   0.427559856E-02   0.102082675E-02   0.140210992E-03
   0.714105903E-03   0.347184786E-02   0.822861912E-03   0.112234418E-03
   0.597103208E-03   0.280117081E-02   0.656577817E-03   0.885921327E-04
   0.500667666E-03   0.224476238E-02   0.518965768E-03   0.687146676E-04
   0.422069512E-03   0.178218947E-02   0.404291728E-03   0.519488276E-04
   0.359256315E-03   0.140721747E-02   0.312597404E-03   0.386415777E-04
   0.308877905E-03   0.111069903E-02   0.241834263E-03   0.285005826E-04
   0.270383665E-03   0.865118753E-03   0.181978350E-03   0.201804214E-04
   0.242603899E-03   0.675549963E-03   0.136884235E-03   0.142022609E-04
   0.219598747E-03   0.526085671E-03   0.100716679E-03   0.948510933E-05
   0.205561955E-03   0.411602727E-03   0.715004717E-04   0.632302726E-05
   0.198952024E-03   0.328193564E-03   0.482914147E-04   0.433955029E-05
   0.195200439E-03   0.266277726E-03   0.280115364E-04   0.294470988E-05
   0.200749826E-03   0.229577650E-03   0.946044747E-05   0.286559498E-05
   0.211614286E-03   0.212016050E-03  -0.869915675E-05   0.344545742E-05
   0.227305893E-03   0.211818391E-03  -0.262833892E-04   0.468303006E-05
   0.251623656E-03   0.231071186E-03  -0.463578654E-04   0.698965277E-05
   0.287321163E-03   0.272192847E-03  -0.727687220E-04   0.105819008E-04
   0.331084186E-03   0.331584393E-03  -0.102298254E-03   0.150669739E-04
   0.388477842E-03   0.414162816E-03  -0.137734009E-03   0.209405625E-04
   0.461263757E-03   0.524744275E-03  -0.185096840E-03   0.285447895E-04
   0.550463388E-03   0.662447652E-03  -0.240399066E-03   0.377704491E-04
   0.666392676E-03   0.844332739E-03  -0.316557038E-03   0.500443457E-04
   0.803564442E-03   0.106240786E-02  -0.404732535E-03   0.639842474E-04
   0.973024813E-03   0.132807659E-02  -0.510918559E-03   0.811956488E-04
   0.117355853E-02   0.164912245E-02  -0.638819241E-03   0.100582976E-03
   0.142130430E-02   0.203974592E-02  -0.795489759E-03   0.124337937E-03
   0.171185529E-02   0.249905116E-02  -0.976287760E-03   0.151175322E-03
   0.205472251E-02   0.304034865E-02  -0.118682638E-02   0.181189374E-03
   0.245914306E-02   0.367710344E-02  -0.143244432E-02   0.214495973E-03
   0.292147556E-02   0.439900253E-02  -0.170087721E-02   0.250436453E-03
   0.345592969E-02   0.523901684E-02  -0.200976967E-02   0.288485695E-03
   0.406085886E-02   0.618347339E-02  -0.234523276E-02   0.328478724E-03
   0.474094413E-02   0.723586325E-02  -0.270590861E-02   0.369039743E-03
   0.549559714E-02   0.840825215E-02  -0.309406943E-02   0.408617227E-03
   0.632149493E-02   0.967386458E-02  -0.349239004E-02   0.447426573E-03
   0.719640078E-02   0.110139018E-01  -0.388706662E-02   0.480519491E-03
   0.813884474E-02   0.124450605E-01  -0.429246016E-02   0.509444799E-03
   0.909047108E-02   0.138703138E-01  -0.465921964E-02   0.531902944E-03
   0.100466469E-01   0.152861746E-01  -0.499874214E-02   0.545059564E-03
   0.109567083E-01   0.166064966E-01  -0.528898276E-02   0.547007017E-03
   0.117802378E-01   0.177393444E-01  -0.552283507E-02   0.546342693E-03
   0.124779586E-01   0.186479595E-01  -0.573587324E-02   0.533053244E-03
   0.130246561E-01   0.192371216E-01  -0.597642688E-02   0.526947260E-03
   0.134450793E-01   0.195443891E-01  -0.638328632E-02   0.530826801E-03
   0.138854142E-01   0.197559502E-01  -0.722582592E-02   0.576119346E-03
   0.147633897E-01   0.204929076E-01  -0.902520120E-02   0.686297077E-03
   0.171412602E-01   0.233855415E-01  -0.127800172E-01   0.910124334E-03
   0.234634485E-01   0.322562233E-01  -0.203365870E-01   0.136093749E-02
   0.392959453E-01   0.559348948E-01  -0.352014974E-01   0.215135585E-02
   0.777249560E-01   0.115351819E+00  -0.642877370E-01   0.350874243E-02
   0.170250386E+00   0.261363328E+00  -0.121392190E+00   0.583703117E-02
   0.398022562E+00   0.625474215E+00  -0.235688940E+00   0.972250756E-02
   0.985902607E+00   0.157385945E+01  -0.471692681E+00   0.162350368E-01
   0.262395406E+01   0.423300171E+01  -0.979782581E+00   0.269463342E-01
   0.768373108E+01   0.124840908E+02  -0.211427879E+01   0.435970351E-01
   0.249402771E+02   0.407096901E+02  -0.452341652E+01   0.621669106E-01
   0.791158295E+02   0.129479080E+03  -0.712985373E+01   0.489773862E-01
   0.140003418E+03   0.229321518E+03  -0.272969592E-04   0.000000000E+00
