   0.691718608E-02   0.778120682E-01   0.000000000E+00   0.000000000E+00
   0.666650850E-02   0.750089660E-01   0.653274357E-02   0.400368008E-04
   0.599283818E-02   0.675099045E-01   0.115953041E-01   0.142607620E-03
   0.507701049E-02   0.572164617E-01   0.144242607E-01   0.266333780E-03
   0.411800714E-02   0.463104062E-01   0.151491771E-01   0.372735056E-03
   0.325230462E-02   0.363297202E-01   0.144163733E-01   0.444546313E-03
   0.254054181E-02   0.279639959E-01   0.129284691E-01   0.477278430E-03
   0.198952598E-02   0.213832539E-01   0.112255411E-01   0.485406548E-03
   0.157109532E-02   0.163138211E-01   0.956544187E-02   0.476089626E-03
   0.125679432E-02   0.124853067E-01   0.808398984E-02   0.454821449E-03
   0.101663987E-02   0.959019549E-02   0.679491693E-02   0.427411753E-03
   0.828243617E-03   0.738931121E-02   0.568176247E-02   0.395156327E-03
   0.676929485E-03   0.570221199E-02   0.472296402E-02   0.359610858E-03
   0.553659163E-03   0.440175552E-02   0.390297221E-02   0.321121799E-03
   0.448906387E-03   0.338409632E-02   0.318386406E-02   0.282370602E-03
   0.361124927E-03   0.259047374E-02   0.256954739E-02   0.243066650E-03
   0.285804563E-03   0.196210714E-02   0.203596894E-02   0.204836819E-03
   0.222786388E-03   0.146939978E-02   0.158654968E-02   0.169278530E-03
   0.170265659E-03   0.108478428E-02   0.121090037E-02   0.135926588E-03
   0.127414110E-03   0.786241435E-03   0.903572654E-03   0.106814965E-03
   0.934052514E-04   0.560325163E-03   0.660058111E-03   0.813688384E-04
   0.664425825E-04   0.388377957E-03   0.466819358E-03   0.600036219E-04
   0.454482542E-04   0.259609427E-03   0.316644495E-03   0.423776655E-04
   0.302068984E-04   0.168213141E-03   0.207941659E-03   0.289617310E-04
   0.191145100E-04   0.103361679E-03   0.129084525E-03   0.187964852E-04
   0.114274162E-04   0.604084817E-04   0.753327258E-04   0.113716460E-04
   0.640426515E-05   0.325064575E-04   0.403817030E-04   0.638108168E-05
   0.325280962E-05   0.159397059E-04   0.191380859E-04   0.318339903E-05
   0.157443549E-05   0.733198385E-05   0.828691827E-05   0.145146453E-05
   0.677305536E-06   0.306833203E-05   0.286614886E-05   0.510975610E-06
   0.244337940E-06   0.138521432E-05   0.650832021E-06   0.807356813E-07
   0.156422601E-06   0.128500506E-05   0.665230345E-06   0.316136521E-07
   0.186491860E-06   0.167831229E-05   0.130007129E-05   0.897666226E-07
   0.278700412E-06   0.244051148E-05   0.227547162E-05   0.216579295E-06
   0.303640689E-06   0.246939180E-05   0.256692351E-05   0.285841196E-06
   0.332825721E-06   0.268816530E-05   0.288615320E-05   0.378468201E-06
   0.338695770E-06   0.259877129E-05   0.291945798E-05   0.392183409E-06
   0.306161922E-06   0.233017636E-05   0.267381006E-05   0.388687113E-06
   0.247481438E-06   0.187566570E-05   0.213337535E-05   0.320948118E-06
   0.188379815E-06   0.144475985E-05   0.171229772E-05   0.293826247E-06
   0.152443477E-06   0.120320988E-05   0.138807013E-05   0.247814341E-06
   0.987332029E-07   0.848455386E-06   0.961437081E-06   0.205309121E-06
   0.586718656E-07   0.592816093E-06   0.621323295E-06   0.192388981E-06
   0.482566271E-07   0.493658547E-06   0.486627982E-06   0.181047682E-06
   0.315399014E-07   0.320534411E-06   0.202991586E-06   0.158512648E-06
   0.497548740E-07   0.221252307E-06  -0.178264628E-06   0.155943340E-06
   0.796739741E-07   0.236602332E-06  -0.351113897E-06   0.166878579E-06
   0.139239077E-06   0.313831293E-06  -0.632257752E-06   0.204282543E-06
   0.203250693E-06   0.377654118E-06  -0.882380220E-06   0.215676238E-06
   0.376091407E-06   0.629745614E-06  -0.156286683E-05   0.317378664E-06
   0.515930139E-06   0.847649687E-06  -0.209948530E-05   0.367055350E-06
   0.644866248E-06   0.104591811E-05  -0.258465548E-05   0.438402651E-06
   0.878806361E-06   0.138050291E-05  -0.342401336E-05   0.538078780E-06
   0.980214850E-06   0.149626874E-05  -0.371727219E-05   0.560658975E-06
   0.115025796E-05   0.176334959E-05  -0.427093210E-05   0.612389272E-06
   0.116221861E-05   0.170429610E-05  -0.414247324E-05   0.600755186E-06
   0.107477490E-05   0.158151988E-05  -0.362508217E-05   0.465969919E-06
   0.947564615E-06   0.138417670E-05  -0.292405116E-05   0.352075205E-06
   0.729574651E-06   0.103664615E-05  -0.182159420E-05   0.179464266E-06
   0.559776538E-06   0.708696234E-06  -0.857762302E-06   0.556591324E-07
   0.731379941E-06   0.801411375E-06  -0.115374905E-05   0.162945639E-06
   0.160985508E-05   0.184272005E-05  -0.397229041E-05   0.673572686E-06
   0.388645640E-05   0.455352529E-05  -0.114084269E-04   0.186688385E-05
   0.852983430E-05   0.103850025E-04  -0.271207318E-04   0.421027380E-05
   0.167655635E-04   0.204395292E-04  -0.540972178E-04   0.811901009E-05
   0.304322330E-04   0.373930234E-04  -0.986018713E-04   0.142523659E-04
   0.507135665E-04   0.622618027E-04  -0.162324039E-03   0.225832791E-04
   0.804663141E-04   0.988059692E-04  -0.253429462E-03   0.337212623E-04
   0.124588056E-03   0.152584602E-03  -0.384919113E-03   0.493101325E-04
   0.179960422E-03   0.219584457E-03  -0.540155219E-03   0.664709150E-04
   0.256865489E-03   0.313280732E-03  -0.749521249E-03   0.878978026E-04
   0.355292344E-03   0.433218112E-03  -0.100287725E-02   0.112551672E-03
   0.481220573E-03   0.588159135E-03  -0.130971347E-02   0.139197844E-03
   0.637204736E-03   0.782164221E-03  -0.166416762E-02   0.167921724E-03
   0.829804107E-03   0.102623482E-02  -0.207054638E-02   0.197428832E-03
   0.106662698E-02   0.133287953E-02  -0.253073708E-02   0.227613418E-03
   0.135662640E-02   0.171779201E-02  -0.304508139E-02   0.256734755E-03
   0.171302794E-02   0.220441748E-02  -0.361802452E-02   0.284889509E-03
   0.215771818E-02   0.282702339E-02  -0.426470768E-02   0.310421834E-03
   0.271612662E-02   0.362753333E-02  -0.499138096E-02   0.334999728E-03
   0.342809316E-02   0.466743950E-02  -0.581823429E-02   0.357128971E-03
   0.434871949E-02   0.603127293E-02  -0.676254230E-02   0.376606360E-03
   0.555050047E-02   0.782714598E-02  -0.783569552E-02   0.388891262E-03
   0.712774461E-02   0.101984804E-01  -0.902610645E-02   0.395867828E-03
   0.916974247E-02   0.132798599E-01  -0.102366684E-01   0.386378291E-03
   0.117344353E-01   0.171673819E-01  -0.112512251E-01   0.356598321E-03
   0.147663988E-01   0.217829067E-01  -0.116700418E-01   0.297210412E-03
   0.180574991E-01   0.268135890E-01  -0.109940032E-01   0.210277372E-03
   0.211394206E-01   0.315459222E-01  -0.876563415E-02   0.111826121E-03
   0.233802330E-01   0.349953026E-01  -0.491341203E-02   0.313426426E-04
   0.242128912E-01   0.362819918E-01  -0.119068471E-07   0.000000000E+00
