   0.122541916E-01   0.118042588E+00   0.000000000E+00   0.000000000E+00
   0.117392587E-01   0.113213778E+00   0.940797105E-02   0.578196668E-04
   0.103951953E-01   0.100616373E+00   0.164626483E-01   0.202519164E-03
   0.860111509E-02   0.836761519E-01   0.200324580E-01   0.369298185E-03
   0.676804502E-02   0.662000328E-01   0.204598960E-01   0.502514420E-03
   0.516644446E-02   0.507190749E-01   0.188820828E-01   0.579983171E-03
   0.389494188E-02   0.382025838E-01   0.164218657E-01   0.604786270E-03
   0.294372509E-02   0.286518838E-01   0.138471304E-01   0.597499951E-03
   0.225170306E-02   0.215622503E-01   0.115190595E-01   0.572530844E-03
   0.175123382E-02   0.163464770E-01   0.954919029E-02   0.536601467E-03
   0.138419447E-02   0.124917310E-01   0.791850500E-02   0.497833942E-03
   0.110889610E-02   0.961721037E-02   0.657370314E-02   0.456485897E-03
   0.895601988E-03   0.743643381E-02   0.544939842E-02   0.417042436E-03
   0.725539052E-03   0.576005690E-02   0.449839095E-02   0.374463503E-03
   0.587143993E-03   0.446087075E-02   0.369044929E-02   0.330677809E-03
   0.471298874E-03   0.343630509E-02   0.299055874E-02   0.287326693E-03
   0.375838106E-03   0.263481913E-02   0.240115984E-02   0.245988747E-03
   0.296065817E-03   0.200233376E-02   0.190030679E-02   0.206098208E-03
   0.229733792E-03   0.150491891E-02   0.147915247E-02   0.168622530E-03
   0.174567947E-03   0.111010659E-02   0.112423603E-02   0.135425464E-03
   0.130263041E-03   0.807625940E-03   0.838693813E-03   0.105463267E-03
   0.955076321E-04   0.577244151E-03   0.613439945E-03   0.809186895E-04
   0.677244534E-04   0.401544297E-03   0.433265232E-03   0.592292527E-04
   0.468475882E-04   0.271940895E-03   0.297366933E-03   0.423811653E-04
   0.311818003E-04   0.177553025E-03   0.195566303E-03   0.290444696E-04
   0.196913261E-04   0.110377594E-03   0.121174802E-03   0.186900234E-04
   0.121559633E-04   0.666737687E-04   0.728824671E-04   0.116837336E-04
   0.679499635E-05   0.367650355E-04   0.388763910E-04   0.653173538E-05
   0.363190657E-05   0.192249117E-04   0.192788921E-04   0.338855421E-05
   0.177242885E-05   0.930985243E-05   0.825795996E-05   0.153497058E-05
   0.809509515E-06   0.433472997E-05   0.295613722E-05   0.561454442E-06
   0.344797257E-06   0.220930610E-05   0.838685992E-06   0.132653284E-06
   0.197172469E-06   0.165732558E-05   0.566206268E-06   0.217323919E-07
   0.192495804E-06   0.186840589E-05   0.107454889E-05   0.686788013E-07
   0.240691435E-06   0.223679194E-05   0.176164349E-05   0.188314004E-06
   0.304202445E-06   0.266229495E-05   0.245316892E-05   0.320457559E-06
   0.326940295E-06   0.276223045E-05   0.274539593E-05   0.415519452E-06
   0.329213208E-06   0.275416755E-05   0.283521922E-05   0.475977004E-06
   0.286714936E-06   0.230871069E-05   0.248908532E-05   0.459870392E-06
   0.254399453E-06   0.213523617E-05   0.228992894E-05   0.479272956E-06
   0.186308910E-06   0.161179378E-05   0.170234011E-05   0.432090530E-06
   0.161334725E-06   0.133504125E-05   0.134946276E-05   0.429061544E-06
   0.101489810E-06   0.101635521E-05   0.899622080E-06   0.386185121E-06
   0.967653904E-07   0.886158318E-06   0.678566266E-06   0.384666691E-06
   0.961535136E-07   0.633846525E-06   0.110602805E-06   0.369906758E-06
   0.115710677E-06   0.614823875E-06  -0.122126707E-06   0.395006538E-06
   0.199788971E-06   0.622152697E-06  -0.647979959E-06   0.429294772E-06
   0.273461694E-06   0.666925075E-06  -0.955056180E-06   0.448974333E-06
   0.376679054E-06   0.754846099E-06  -0.141806970E-05   0.473962444E-06
   0.544465252E-06   0.965154413E-06  -0.210361100E-05   0.523458141E-06
   0.728258101E-06   0.121102232E-05  -0.272128113E-05   0.609109009E-06
   0.945427473E-06   0.148325239E-05  -0.341371947E-05   0.668650728E-06
   0.100514092E-05   0.155984594E-05  -0.354419353E-05   0.629660860E-06
   0.108402537E-05   0.165425718E-05  -0.368501810E-05   0.609286985E-06
   0.112784983E-05   0.169378882E-05  -0.366444010E-05   0.605944933E-06
   0.102967817E-05   0.153117310E-05  -0.308129074E-05   0.451696792E-06
   0.890586591E-06   0.131474201E-05  -0.230023693E-05   0.297391239E-06
   0.704878687E-06   0.977446462E-06  -0.131771844E-05   0.160371513E-06
   0.679604170E-06   0.853063796E-06  -0.723726146E-06   0.661504700E-07
   0.104011156E-05   0.119534104E-05  -0.130259514E-05   0.200672304E-06
   0.219531648E-05   0.254324800E-05  -0.434898493E-05   0.756317320E-06
   0.473773707E-05   0.557945987E-05  -0.114730819E-04   0.194317204E-05
   0.989226191E-05   0.119824999E-04  -0.268076819E-04   0.434582626E-05
   0.184502733E-04   0.225185959E-04  -0.517015251E-04   0.806402204E-05
   0.319853025E-04   0.391066569E-04  -0.903739856E-04   0.135962009E-04
   0.535436629E-04   0.653361421E-04  -0.151216969E-03   0.219584981E-04
   0.835257742E-04   0.101898098E-03  -0.232976221E-03   0.327360722E-04
   0.126641855E-03   0.154657973E-03  -0.347967492E-03   0.466496458E-04
   0.184456541E-03   0.225024487E-03  -0.495554355E-03   0.639760256E-04
   0.261898676E-03   0.319269224E-03  -0.685732521E-03   0.847026386E-04
   0.362285413E-03   0.441954704E-03  -0.920626917E-03   0.109261120E-03
   0.487685815E-03   0.596508908E-03  -0.119681098E-02   0.135843817E-03
   0.643973006E-03   0.792072969E-03  -0.152066525E-02   0.163788151E-03
   0.841323112E-03   0.104196079E-02  -0.190666784E-02   0.195217013E-03
   0.108270184E-02   0.135413802E-02  -0.234466465E-02   0.227590426E-03
   0.137843948E-02   0.174539047E-02  -0.284008402E-02   0.259863795E-03
   0.174069218E-02   0.223706593E-02  -0.339630060E-02   0.292223063E-03
   0.219012448E-02   0.286162319E-02  -0.403014012E-02   0.324339693E-03
   0.275220675E-02   0.366107794E-02  -0.475217262E-02   0.354195101E-03
   0.346695841E-02   0.469668722E-02  -0.558937155E-02   0.385681633E-03
   0.439487956E-02   0.606020028E-02  -0.657977397E-02   0.416568248E-03
   0.562062673E-02   0.787773076E-02  -0.776660116E-02   0.446741848E-03
   0.727053452E-02   0.103379320E-01  -0.919694640E-02   0.474801665E-03
   0.949379057E-02   0.136639513E-01  -0.108699901E-01   0.494178210E-03
   0.124650234E-01   0.181241576E-01  -0.126923835E-01   0.499168818E-03
   0.163232554E-01   0.239360016E-01  -0.143830823E-01   0.472959393E-03
   0.210723914E-01   0.311188120E-01  -0.153966798E-01   0.404398132E-03
   0.263876263E-01   0.392041393E-01  -0.149207972E-01   0.294541795E-03
   0.314730071E-01   0.469797328E-01  -0.121537354E-01   0.160281939E-03
   0.352819711E-01   0.528191999E-01  -0.691702962E-02   0.455245936E-04
   0.366831459E-01   0.549750514E-01  -0.150084070E-07   0.000000000E+00
