   0.106962636E+00   0.546345949E+00   0.134943408E-07   0.000000000E+00
   0.103858761E+00   0.530451894E+00   0.109292232E-01   0.448183710E-04
   0.951999873E-01   0.486424208E+00   0.200659949E-01   0.161311415E-03
   0.828392506E-01   0.423150480E+00   0.262390506E-01   0.301863212E-03
   0.689622015E-01   0.351840317E+00   0.291777272E-01   0.417391595E-03
   0.553489588E-01   0.281647295E+00   0.293131080E-01   0.477142981E-03
   0.433632880E-01   0.219316363E+00   0.275331121E-01   0.468480284E-03
   0.334887058E-01   0.167602569E+00   0.246939454E-01   0.408275489E-03
   0.257312190E-01   0.126536354E+00   0.214523990E-01   0.309339375E-03
   0.199110862E-01   0.954181254E-01   0.183189344E-01   0.200992930E-03
   0.156331621E-01   0.722482800E-01   0.155048007E-01   0.909896844E-04
   0.125403972E-01   0.553101525E-01   0.131067233E-01  -0.906785829E-06
   0.103376545E-01   0.430698805E-01   0.111407535E-01  -0.787938989E-04
   0.874925219E-02   0.341794267E-01   0.953990035E-02  -0.131300665E-03
   0.760466419E-02   0.277128089E-01   0.825338159E-02  -0.170232161E-03
   0.676104426E-02   0.229436755E-01   0.721357670E-02  -0.197889123E-03
   0.612037396E-02   0.193713997E-01   0.636223843E-02  -0.205475008E-03
   0.562131498E-02   0.166404601E-01   0.565881515E-02  -0.206958794E-03
   0.521543948E-02   0.144898584E-01   0.505987508E-02  -0.195985122E-03
   0.487832446E-02   0.127660893E-01   0.454644486E-02  -0.183914730E-03
   0.458552362E-02   0.113406880E-01   0.409324188E-02  -0.171108797E-03
   0.432511838E-02   0.101312688E-01   0.368598662E-02  -0.155309681E-03
   0.409290241E-02   0.910493638E-02   0.332144275E-02  -0.140679316E-03
   0.387915666E-02   0.819678418E-02   0.298499782E-02  -0.123868813E-03
   0.368570630E-02   0.741297845E-02   0.268162740E-02  -0.109763292E-03
   0.350455474E-02   0.670192065E-02   0.239826762E-02  -0.958295932E-04
   0.333945896E-02   0.608498044E-02   0.214305287E-02  -0.839180866E-04
   0.318335649E-02   0.552125927E-02   0.190391194E-02  -0.735075300E-04
   0.304424181E-02   0.503062876E-02   0.169142336E-02  -0.623000742E-04
   0.291520008E-02   0.458759721E-02   0.149650697E-02  -0.526892909E-04
   0.279394584E-02   0.418642024E-02   0.131668558E-02  -0.447115053E-04
   0.268627587E-02   0.383306737E-02   0.115739764E-02  -0.359681653E-04
   0.258667115E-02   0.351774273E-02   0.101311237E-02  -0.286618779E-04
   0.249550655E-02   0.323747052E-02   0.884362496E-03  -0.220070415E-04
   0.241308729E-02   0.299488101E-02   0.771781604E-03  -0.152810589E-04
   0.233786344E-02   0.277385698E-02   0.670527807E-03  -0.989852560E-05
   0.227100938E-02   0.258140755E-02   0.582984474E-03  -0.421182131E-05
   0.221044361E-02   0.241410942E-02   0.506765209E-03   0.509238021E-06
   0.215405063E-02   0.226465729E-02   0.439557072E-03   0.497692190E-05
   0.210650056E-02   0.213473756E-02   0.383002014E-03   0.911458392E-05
   0.206260453E-02   0.202401052E-02   0.335031771E-03   0.123588761E-04
   0.202266872E-02   0.192744285E-02   0.293968042E-03   0.151671838E-04
   0.199014531E-02   0.184593245E-02   0.260657805E-03   0.177263373E-04
   0.195879838E-02   0.177505054E-02   0.231254075E-03   0.192069474E-04
   0.193562428E-02   0.171886489E-02   0.209514794E-03   0.210533035E-04
   0.191234215E-02   0.167079945E-02   0.189237748E-03   0.214835582E-04
   0.189689512E-02   0.163548731E-02   0.174323373E-03   0.221836945E-04
   0.188375229E-02   0.160933100E-02   0.160750584E-03   0.219591839E-04
   0.187449204E-02   0.159382797E-02   0.150522843E-03   0.214426364E-04
   0.187269563E-02   0.158887089E-02   0.141030250E-03   0.211279894E-04
   0.187202357E-02   0.159352366E-02   0.132347268E-03   0.199464248E-04
   0.187822303E-02   0.160985719E-02   0.122599406E-03   0.188393951E-04
   0.189067435E-02   0.163740979E-02   0.112711285E-03   0.179886047E-04
   0.190448586E-02   0.167571299E-02   0.102587168E-03   0.164302928E-04
   0.192746357E-02   0.172829709E-02   0.891712334E-04   0.152930425E-04
   0.195550267E-02   0.179464335E-02   0.734619243E-04   0.135466962E-04
   0.199459447E-02   0.187693711E-02   0.536877196E-04   0.133972480E-04
   0.203685090E-02   0.197439687E-02   0.319178907E-04   0.125806737E-04
   0.208961545E-02   0.209136144E-02   0.490268485E-05   0.121125850E-04
   0.215155585E-02   0.222993735E-02  -0.276004921E-04   0.108609311E-04
   0.222061528E-02   0.238606683E-02  -0.625609100E-04   0.108362110E-04
   0.230311812E-02   0.256837066E-02  -0.104205748E-03   0.114454579E-04
   0.239484967E-02   0.277796248E-02  -0.151328320E-03   0.105064164E-04
   0.249972055E-02   0.301454007E-02  -0.203543663E-03   0.114245067E-04
   0.261724135E-02   0.328647741E-02  -0.262917281E-03   0.100034331E-04
   0.275116879E-02   0.359326159E-02  -0.328058057E-03   0.108164659E-04
   0.290366611E-02   0.394786475E-02  -0.402750185E-03   0.873535009E-05
   0.307263085E-02   0.434491457E-02  -0.482781645E-03   0.817282944E-05
   0.327112270E-02   0.480749225E-02  -0.575893908E-03   0.766246103E-05
   0.349150575E-02   0.533474330E-02  -0.677422679E-03   0.332086188E-05
   0.375631079E-02   0.595734036E-02  -0.797694724E-03   0.115488581E-05
   0.407352438E-02   0.669591269E-02  -0.940242666E-03   0.152176028E-05
   0.446445495E-02   0.759499241E-02  -0.111577020E-02   0.466687197E-05
   0.495930435E-02   0.870771147E-02  -0.133428955E-02   0.531500700E-05
   0.560207712E-02   0.101168826E-01  -0.161475153E-02   0.826477390E-05
   0.646129670E-02   0.119540347E-01  -0.198256434E-02   0.219419253E-04
   0.763028301E-02   0.143880723E-01  -0.246850844E-02   0.436065093E-04
   0.925137941E-02   0.176629052E-01  -0.310981995E-02   0.645047912E-04
   0.115102055E-01   0.221302677E-01  -0.395224150E-02   0.983573191E-04
   0.146655738E-01   0.282705035E-01  -0.504151313E-02   0.146374761E-03
   0.190653056E-01   0.367024839E-01  -0.641790219E-02   0.203241812E-03
   0.251205955E-01   0.481623821E-01  -0.808648951E-02   0.263455033E-03
   0.333484784E-01   0.635643005E-01  -0.100140749E-01   0.317703030E-03
   0.441550091E-01   0.837105736E-01  -0.120585589E-01   0.366997439E-03
   0.578850731E-01   0.109147757E+00  -0.139574269E-01   0.386912958E-03
   0.744457394E-01   0.139736831E+00  -0.153029077E-01   0.370995986E-03
   0.931066424E-01   0.174102426E+00  -0.155748837E-01   0.312947232E-03
   0.112152413E+00   0.209142014E+00  -0.142471585E-01   0.220725182E-03
   0.128995746E+00   0.240138903E+00  -0.110186925E-01   0.116319396E-03
   0.140789047E+00   0.261699885E+00  -0.604060432E-02   0.319497303E-04
   0.144977942E+00   0.269493610E+00  -0.192091196E-07   0.000000000E+00
