   0.920093444E-04   0.667574909E-02   0.162636726E-08   0.000000000E+00
   0.943725390E-04   0.648713391E-02   0.926311652E-03   0.512343468E-05
   0.100622354E-03   0.595885096E-02   0.170000037E-02   0.187975802E-04
   0.108359702E-03   0.520693930E-02   0.222524954E-02   0.365506712E-04
   0.114983173E-03   0.436598994E-02   0.248130271E-02   0.541784793E-04
   0.118759934E-03   0.353320688E-02   0.250887894E-02   0.677410862E-04
   0.117998170E-03   0.278637628E-02   0.236694911E-02   0.761332703E-04
   0.112569469E-03   0.214764872E-02   0.211777561E-02   0.786488163E-04
   0.102785132E-03   0.162292423E-02   0.181177270E-02   0.758972601E-04
   0.898402213E-04   0.120211742E-02   0.148860354E-02   0.695308481E-04
   0.749716201E-04   0.870463322E-03   0.117441162E-02   0.606364738E-04
   0.598692677E-04   0.614987803E-03   0.891883508E-03   0.501372961E-04
   0.453572939E-04   0.419881428E-03   0.645676802E-03   0.394355193E-04
   0.323516870E-04   0.273972517E-03   0.441165525E-03   0.289259751E-04
   0.219993399E-04   0.171475884E-03   0.287785224E-03   0.201710754E-04
   0.137494471E-04   0.994918664E-04   0.171679916E-03   0.126654413E-04
   0.788865782E-05   0.527140073E-04   0.929546004E-04   0.725434666E-05
   0.401793386E-05   0.246040072E-04   0.434492722E-04   0.350906453E-05
   0.175938999E-05   0.969640678E-05   0.163609566E-04   0.133505796E-05
   0.617657008E-06   0.314921817E-05   0.408174174E-05   0.314150469E-06
   0.158554343E-06   0.118417586E-05   0.261364420E-06  -0.320368598E-08
   0.513229672E-07   0.132125206E-05   0.439903971E-06   0.476883493E-07
   0.885745379E-07   0.186032082E-05   0.173209435E-05   0.202591650E-06
   0.138168105E-06   0.224438486E-05   0.276900278E-05   0.338345359E-06
   0.175617984E-06   0.241991324E-05   0.336996459E-05   0.420214292E-06
   0.162444039E-06   0.202620186E-05   0.300341389E-05   0.379717846E-06
   0.133273758E-06   0.157146678E-05   0.240061786E-05   0.314004382E-06
   0.938352329E-07   0.107514506E-05   0.168675001E-05   0.229517710E-06
   0.513116163E-07   0.574386377E-06   0.913786948E-06   0.127320391E-06
   0.330589920E-07   0.369982388E-06   0.593048867E-06   0.868296368E-07
   0.152237885E-07   0.170407944E-06   0.267985030E-06   0.405984082E-07
   0.321740079E-08   0.423306190E-07   0.629640056E-07   0.129731665E-07
   0.612702999E-09   0.101553894E-07   0.132042217E-07   0.350168983E-08
   0.258251642E-09   0.155424917E-08  -0.965895697E-09   0.886687446E-09
   0.541041822E-09   0.138110645E-08  -0.132450229E-08   0.246739074E-09
   0.259607580E-08   0.174184009E-07   0.236865052E-07   0.383971122E-08
   0.175569204E-08   0.119684929E-07   0.243693226E-07   0.228836927E-08
   0.295792590E-08   0.178835773E-07   0.187790814E-07   0.396114119E-08
   0.298876501E-08   0.232247679E-07   0.396846644E-07   0.519893684E-08
   0.155131030E-08   0.109994893E-07   0.217730136E-07   0.212091611E-08
   0.943055634E-09   0.501489694E-08   0.590269389E-08   0.880286344E-09
   0.594821137E-09   0.357796570E-08   0.730627026E-08   0.494539798E-09
   0.878267514E-09   0.590350924E-08   0.907507047E-08   0.122905019E-08
   0.444959569E-09   0.262261302E-08   0.435741443E-08   0.421185531E-09
   0.156761493E-09   0.134890910E-08   0.215159290E-08   0.355790702E-09
   0.136054112E-08   0.469192951E-08  -0.383939236E-08   0.238780684E-08
   0.110067178E-08   0.366231223E-08  -0.802252043E-08   0.244798537E-08
   0.177526482E-08   0.428850910E-08  -0.136018459E-07   0.275792567E-08
   0.176522330E-08   0.348523677E-08  -0.138765373E-07   0.210914330E-08
   0.810378964E-08   0.185539584E-07  -0.733545775E-07   0.109103881E-07
   0.476458739E-08   0.103085398E-07  -0.401702422E-07   0.542679413E-08
   0.565261216E-08   0.121093517E-07  -0.508714386E-07   0.717514714E-08
   0.749678986E-08   0.159542619E-07  -0.662750281E-07   0.916270615E-08
   0.961937818E-08   0.194836325E-07  -0.850456274E-07   0.115103704E-07
   0.607099482E-08   0.121266499E-07  -0.517843475E-07   0.660883126E-08
   0.936343181E-08   0.213825988E-07  -0.803933204E-07   0.115244152E-07
   0.118021082E-08   0.343905238E-08  -0.895203467E-08   0.163160985E-08
   0.245367560E-09   0.276225731E-08   0.503830255E-09   0.162668534E-08
   0.274811773E-08   0.823670110E-08  -0.251229633E-07   0.601594152E-08
   0.316840243E-07   0.657851729E-07  -0.270301399E-06   0.408962144E-07
   0.620850713E-07   0.123991867E-06  -0.515919282E-06   0.720058182E-07
   0.181855611E-06   0.354828586E-06  -0.148818833E-05   0.206004074E-06
   0.293650714E-06   0.557592273E-06  -0.233833975E-05   0.316123021E-06
   0.441745811E-06   0.820783157E-06  -0.341100531E-05   0.440813182E-06
   0.692086076E-06   0.125279314E-05  -0.515900410E-05   0.643548219E-06
   0.829898170E-06   0.146132800E-05  -0.588589637E-05   0.706485082E-06
   0.102156378E-05   0.174138120E-05  -0.679184586E-05   0.800265980E-06
   0.919943488E-06   0.151316999E-05  -0.541000281E-05   0.611636153E-06
   0.774177352E-06   0.119627134E-05  -0.348079789E-05   0.379931066E-06
   0.525709538E-06   0.682305938E-06  -0.927614678E-06   0.131559432E-06
   0.680845687E-06   0.715701105E-06  -0.943391683E-06   0.157750108E-06
   0.210165581E-05   0.244495641E-05  -0.951027778E-05   0.103937953E-05
   0.574564820E-05   0.701965928E-05  -0.310265314E-04   0.305835101E-05
   0.137237475E-04   0.170263684E-04  -0.775713997E-04   0.708591188E-05
   0.280623917E-04   0.346495654E-04  -0.156905793E-03   0.134468419E-04
   0.519649002E-04   0.635246251E-04  -0.282571593E-03   0.226420598E-04
   0.863537061E-04   0.104153318E-03  -0.448163395E-03   0.334884026E-04
   0.136027564E-03   0.162221259E-03  -0.669701200E-03   0.465615267E-04
   0.201653660E-03   0.238622961E-03  -0.931759598E-03   0.597272992E-04
   0.287344476E-03   0.338799233E-03  -0.123554131E-02   0.727094302E-04
   0.394387345E-03   0.465681864E-03  -0.156001677E-02   0.838593842E-04
   0.525613839E-03   0.624632754E-03  -0.188804825E-02   0.919998784E-04
   0.685913372E-03   0.823692884E-03  -0.220639538E-02   0.963279745E-04
   0.877974671E-03   0.106809568E-02  -0.248173648E-02   0.959825193E-04
   0.110544742E-02   0.136317138E-02  -0.268480275E-02   0.904759581E-04
   0.136718794E-02   0.170666480E-02  -0.277278223E-02   0.790813428E-04
   0.165368360E-02   0.208504405E-02  -0.268743606E-02   0.623764790E-04
   0.194243167E-02   0.246682367E-02  -0.237201154E-02   0.418134332E-04
   0.219694315E-02   0.280310563E-02  -0.179193786E-02   0.212756422E-04
   0.237641833E-02   0.304021011E-02  -0.970399706E-03   0.581087033E-05
   0.244112033E-02   0.312558538E-02  -0.263899325E-08   0.000000000E+00
