   0.347695351E+02   0.223247711E+03   0.000000000E+00   0.000000000E+00
   0.167316589E+02   0.107423203E+03   0.530452347E+01   0.344781838E-01
   0.426069832E+01   0.273457031E+02   0.272899246E+01   0.357129797E-01
   0.113492513E+01   0.727653742E+01   0.111055636E+01   0.220664162E-01
   0.346030146E+00   0.221294355E+01   0.464356571E+00   0.125631150E-01
   0.117054157E+00   0.744258702E+00   0.203935444E+00   0.712716067E-02
   0.428023785E-01   0.268823802E+00   0.932273269E-01   0.409881631E-02
   0.170027837E-01   0.104456767E+00   0.440641008E-01   0.242145290E-02
   0.780583126E-02   0.465460904E-01   0.217628423E-01   0.148810737E-02
   0.455717230E-02   0.267032422E-01   0.116204703E-01   0.974149618E-03
   0.344733777E-02   0.204552468E-01   0.708205067E-02   0.697380281E-03
   0.306321238E-02   0.187261198E-01   0.512658153E-02   0.546371448E-03
   0.287805218E-02   0.181315914E-01   0.430825353E-02   0.466278463E-03
   0.270794891E-02   0.175105687E-01   0.394633692E-02   0.418658339E-03
   0.250758347E-02   0.165634267E-01   0.373161607E-02   0.390141184E-03
   0.226930762E-02   0.152733130E-01   0.352429878E-02   0.364751002E-03
   0.201405492E-02   0.137720555E-01   0.328697404E-02   0.341836683E-03
   0.175016525E-02   0.121543361E-01   0.300511089E-02   0.314288423E-03
   0.149425329E-02   0.105251884E-01   0.269115437E-02   0.285343616E-03
   0.125523936E-02   0.896880403E-02   0.236534746E-02   0.254605780E-03
   0.103828975E-02   0.751184439E-02   0.203391071E-02   0.223426978E-03
   0.848913915E-03   0.621794676E-02   0.172456377E-02   0.193379994E-03
   0.686610932E-03   0.508340495E-02   0.144007208E-02   0.165074060E-03
   0.547144096E-03   0.409573456E-02   0.117848860E-02   0.137852257E-03
   0.431559834E-03   0.326271378E-02   0.950409565E-03   0.113413815E-03
   0.336659839E-03   0.257090922E-02   0.755868969E-03   0.914475604E-04
   0.258956454E-03   0.199560774E-02   0.588094466E-03   0.721184115E-04
   0.198654845E-03   0.154292537E-02   0.456299109E-03   0.567330571E-04
   0.149807107E-03   0.117101101E-02   0.344404485E-03   0.429565698E-04
   0.111246671E-03   0.878194929E-03   0.254821265E-03   0.318296952E-04
   0.822764850E-04   0.653178722E-03   0.186772028E-03   0.231498725E-04
   0.604334200E-04   0.479292677E-03   0.134141737E-03   0.164317626E-04
   0.440665463E-04   0.346231885E-03   0.941369581E-04   0.111143236E-04
   0.314047356E-04   0.246756943E-03   0.641105071E-04   0.722443838E-05
   0.221029331E-04   0.173220455E-03   0.423654601E-04   0.440304984E-05
   0.159424180E-04   0.121275880E-03   0.281771081E-04   0.253738790E-05
   0.111943755E-04   0.822595102E-04   0.173119770E-04   0.120401205E-05
   0.798156361E-05   0.559222390E-04   0.106908583E-04   0.422961477E-06
   0.566925155E-05   0.373373696E-04   0.621635809E-05  -0.371863393E-07
   0.420518745E-05   0.250391186E-04   0.369320355E-05  -0.269345435E-06
   0.305243793E-05   0.153358869E-04   0.143287650E-05  -0.399850791E-06
   0.237120071E-05   0.102187996E-04   0.710318375E-06  -0.364395873E-06
   0.197304462E-05   0.614893088E-05   0.482559095E-07  -0.344224333E-06
   0.183695181E-05   0.408327014E-05  -0.524707353E-07  -0.303767393E-06
   0.181855910E-05   0.267933547E-05  -0.151916467E-06  -0.264052233E-06
   0.188936531E-05   0.204376897E-05  -0.982190684E-07  -0.229442236E-06
   0.220931247E-05   0.179917390E-05  -0.142546682E-06  -0.215199051E-06
   0.282875112E-05   0.219895765E-05  -0.146945112E-06  -0.244984022E-06
   0.377382185E-05   0.310028486E-05  -0.289663063E-06  -0.268582909E-06
   0.527271322E-05   0.481326515E-05  -0.769642782E-06  -0.254534399E-06
   0.758994656E-05   0.758579608E-05  -0.170153010E-05  -0.189903801E-06
   0.108160339E-04   0.114971917E-04  -0.303885395E-05  -0.679983785E-07
   0.160754444E-04   0.178807313E-04  -0.586881788E-05   0.254075303E-06
   0.236559627E-04   0.271668996E-04  -0.103372840E-04   0.825290385E-06
   0.345136868E-04   0.406289728E-04  -0.172908585E-04   0.177358777E-05
   0.499978487E-04   0.596454993E-04  -0.276646624E-04   0.321692937E-05
   0.716658396E-04   0.857472114E-04  -0.423866513E-04   0.527396605E-05
   0.101438462E-03   0.122350437E-03  -0.637239646E-04   0.825683765E-05
   0.141040990E-03   0.170176136E-03  -0.914904667E-04   0.121425519E-04
   0.195804168E-03   0.236909065E-03  -0.131715511E-03   0.175816986E-04
   0.267091178E-03   0.322537002E-03  -0.182689997E-03   0.243643372E-04
   0.361411483E-03   0.435081573E-03  -0.249951758E-03   0.332425734E-04
   0.481681491E-03   0.579179905E-03  -0.334757700E-03   0.439012110E-04
   0.630857830E-03   0.757805945E-03  -0.436639850E-03   0.560342050E-04
   0.821589900E-03   0.983635080E-03  -0.564036833E-03   0.710559616E-04
   0.105789991E-02   0.126405014E-02  -0.718503317E-03   0.880824737E-04
   0.133916922E-02   0.159573636E-02  -0.891970645E-03   0.106161642E-03
   0.168104016E-02   0.199766224E-02  -0.109624234E-02   0.126186278E-03
   0.208317419E-02   0.246786559E-02  -0.132365373E-02   0.147161598E-03
   0.255599618E-02   0.301902904E-02  -0.157929503E-02   0.168733735E-03
   0.308628031E-02   0.363195105E-02  -0.184289482E-02   0.188732301E-03
   0.367707643E-02   0.431435695E-02  -0.211776141E-02   0.205753415E-03
   0.432483759E-02   0.505536702E-02  -0.239588530E-02   0.220642847E-03
   0.499245850E-02   0.581197161E-02  -0.265016966E-02   0.229125159E-03
   0.567252096E-02   0.656897901E-02  -0.288449833E-02   0.233674582E-03
   0.631642435E-02   0.726817455E-02  -0.308230869E-02   0.232626713E-03
   0.688245893E-02   0.785683095E-02  -0.325283455E-02   0.224635616E-03
   0.734195765E-02   0.828647055E-02  -0.343571417E-02   0.218004338E-03
   0.769806048E-02   0.855254475E-02  -0.373891881E-02   0.219679205E-03
   0.809778925E-02   0.881742593E-02  -0.441384409E-02   0.243019022E-03
   0.903211161E-02   0.963803660E-02  -0.599099835E-02   0.317500235E-03
   0.118853599E-01   0.126376823E-01  -0.957325380E-02   0.484998804E-03
   0.203303993E-01   0.221673306E-01  -0.174876451E-01   0.833443657E-03
   0.440866537E-01   0.498454235E-01  -0.346585475E-01   0.149784808E-02
   0.110187054E+00   0.128158718E+00  -0.721561015E-01   0.273068482E-02
   0.299091697E+00   0.354191571E+00  -0.156000465E+00   0.497535476E-02
   0.877901316E+00   0.105120242E+01  -0.352109551E+00   0.904286094E-02
   0.286375785E+01   0.345250797E+01  -0.837041497E+00   0.161660723E-01
   0.107117929E+02   0.129680119E+02  -0.204909134E+01   0.264235847E-01
   0.420130386E+02   0.509788933E+02  -0.397815466E+01   0.256665312E-01
   0.873378296E+02   0.106053406E+03  -0.190513329E-04   0.000000000E+00
