   0.112360623E-02   0.231847204E-01   0.154517523E-11   0.000000000E+00
   0.109980139E-02   0.225126185E-01   0.247521000E-02   0.147848805E-04
   0.103337283E-02   0.206705220E-01   0.451618014E-02   0.539992288E-04
   0.938276644E-03   0.180338211E-01   0.585902529E-02   0.105124716E-03
   0.832580379E-03   0.151237128E-01   0.648793438E-02   0.155095055E-03
   0.728716957E-03   0.122925797E-01   0.653813034E-02   0.195335961E-03
   0.634456577E-03   0.979882758E-02   0.621246314E-02   0.223410694E-03
   0.550817058E-03   0.770682469E-02   0.567033933E-02   0.237250642E-03
   0.476981455E-03   0.600835588E-02   0.503028557E-02   0.241842441E-03
   0.410841079E-03   0.466442015E-02   0.436745072E-02   0.234971289E-03
   0.351137394E-03   0.360437203E-02   0.372207747E-02   0.222053059E-03
   0.296380633E-03   0.277267303E-02   0.311539276E-02   0.204053766E-03
   0.245345058E-03   0.211675931E-02   0.255166483E-02   0.181931871E-03
   0.199437112E-03   0.160424644E-02   0.205155718E-02   0.157304908E-03
   0.158052586E-03   0.119772216E-02   0.160809082E-02   0.132163783E-03
   0.122171754E-03   0.880476902E-03   0.123035640E-02   0.107485241E-03
   0.915526325E-04   0.632845040E-03   0.913320458E-03   0.846318217E-04
   0.660461374E-04   0.440083502E-03   0.652265851E-03   0.638760612E-04
   0.462531279E-04   0.298593863E-03   0.452457840E-03   0.464803925E-04
   0.309150091E-04   0.193752639E-03   0.299161096E-03   0.321985572E-04
   0.192787411E-04   0.116694202E-03   0.183540731E-03   0.206431796E-04
   0.114951026E-04   0.673518953E-04   0.107534739E-03   0.125606002E-04
   0.620249830E-05   0.346314591E-04   0.563515059E-04   0.685822306E-05
   0.306121319E-05   0.157233753E-04   0.264799819E-04   0.335029154E-05
   0.130040996E-05   0.598917723E-05   0.103583807E-04   0.135943731E-05
   0.458189220E-06   0.179358869E-05   0.312801058E-05   0.441742685E-06
   0.166013663E-06   0.656516363E-06   0.988605962E-06   0.117370440E-06
   0.952102965E-07   0.918484375E-06   0.968284553E-06   0.130281094E-06
   0.155445491E-06   0.164849871E-05   0.193907681E-05   0.268119322E-06
   0.223746881E-06   0.221011146E-05   0.279934443E-05   0.407063595E-06
   0.277936437E-06   0.254957877E-05   0.332575019E-05   0.462716173E-06
   0.279443526E-06   0.247422531E-05   0.331185652E-05   0.478694005E-06
   0.249119410E-06   0.212225541E-05   0.284721500E-05   0.404439334E-06
   0.228237553E-06   0.189135687E-05   0.256745693E-05   0.368195373E-06
   0.168329251E-06   0.135314554E-05   0.185646456E-05   0.263405383E-06
   0.121760479E-06   0.962634658E-06   0.131680008E-05   0.188110022E-06
   0.882316868E-07   0.646623391E-06   0.898321730E-06   0.115816988E-06
   0.659819293E-07   0.443665584E-06   0.555673637E-06   0.703002030E-07
   0.389802928E-07   0.226780827E-06   0.281408433E-06   0.277176238E-07
   0.231763106E-07   0.114967641E-06   0.143810411E-06   0.888968987E-08
   0.130086644E-07   0.301954906E-07   0.306532977E-08  -0.301172420E-08
   0.114649170E-07   0.185436644E-07  -0.308740589E-07  -0.181502272E-09
   0.524786969E-08   0.813141909E-08  -0.239271181E-07   0.212572582E-08
   0.689493262E-08   0.128114985E-07  -0.279669887E-07   0.752841611E-08
   0.419079971E-08   0.106451550E-07  -0.205171951E-07   0.731213001E-08
   0.924195476E-08   0.284290724E-07  -0.205138733E-07   0.170244476E-07
   0.767878294E-08   0.194934238E-07  -0.213779057E-07   0.114193295E-07
   0.271231659E-08   0.149890340E-07   0.196735410E-07   0.468523886E-08
   0.624447560E-08   0.285232282E-07   0.104977600E-07   0.502148190E-08
   0.136385827E-07   0.296958493E-07  -0.354647476E-07   0.315422799E-08
   0.124983117E-07   0.212550653E-07  -0.147688848E-07  -0.309575210E-08
   0.580752193E-07   0.933466140E-07  -0.279200776E-06   0.297558991E-07
   0.116170632E-06   0.205728412E-06  -0.588353259E-06   0.750514531E-07
   0.183664000E-06   0.302063114E-06  -0.964383162E-06   0.129844267E-06
   0.270389620E-06   0.459853595E-06  -0.143323030E-05   0.199835924E-06
   0.404821549E-06   0.693087316E-06  -0.214880174E-05   0.304466312E-06
   0.580228630E-06   0.980766345E-06  -0.307007963E-05   0.442653004E-06
   0.712794133E-06   0.117982461E-05  -0.373018065E-05   0.547478180E-06
   0.917962950E-06   0.151732365E-05  -0.474433864E-05   0.689451497E-06
   0.105904223E-05   0.173083538E-05  -0.538088307E-05   0.795770518E-06
   0.100981606E-05   0.163086497E-05  -0.499009320E-05   0.725466577E-06
   0.917404350E-06   0.148054676E-05  -0.437641802E-05   0.616164186E-06
   0.645366299E-06   0.101880926E-05  -0.287068360E-05   0.404311692E-06
   0.383950464E-06   0.558295483E-06  -0.148886772E-05   0.200216249E-06
   0.418651666E-06   0.495696383E-06  -0.168532165E-05   0.235960371E-06
   0.110416602E-05   0.135113544E-05  -0.511969210E-05   0.717930220E-06
   0.349637298E-05   0.451842197E-05  -0.167697563E-04   0.222561835E-05
   0.849968274E-05   0.111651043E-04  -0.402968508E-04   0.510529026E-05
   0.183974807E-04   0.239486417E-04  -0.851115910E-04   0.103875382E-04
   0.337312231E-04   0.437174822E-04  -0.152179331E-03   0.176877529E-04
   0.580429842E-04   0.743186902E-04  -0.254376035E-03   0.283649169E-04
   0.931991963E-04   0.117953692E-03  -0.395994342E-03   0.422149606E-04
   0.141889264E-03   0.177492984E-03  -0.582610199E-03   0.592534598E-04
   0.207571487E-03   0.257118867E-03  -0.821590307E-03   0.789650876E-04
   0.292377517E-03   0.359163241E-03  -0.111087214E-02   0.100966863E-03
   0.398633303E-03   0.487574202E-03  -0.144725817E-02   0.123825492E-03
   0.529873825E-03   0.647579785E-03  -0.182764919E-02   0.146015067E-03
   0.690885761E-03   0.847349293E-03  -0.224993215E-02   0.167066421E-03
   0.887230737E-03   0.109709788E-02  -0.270718150E-02   0.185173165E-03
   0.112520275E-02   0.140847277E-02  -0.318813091E-02   0.199944843E-03
   0.141575676E-02   0.180086435E-02  -0.368597941E-02   0.210091705E-03
   0.177303329E-02   0.229754648E-02  -0.419113785E-02   0.215849650E-03
   0.221347855E-02   0.292494311E-02  -0.468689483E-02   0.214523359E-03
   0.275729876E-02   0.371351535E-02  -0.514808763E-02   0.206031254E-03
   0.341975479E-02   0.468622893E-02  -0.551628601E-02   0.189940096E-03
   0.419893768E-02   0.584014971E-02  -0.569987530E-02   0.164658268E-03
   0.506987423E-02   0.713568227E-02  -0.556500070E-02   0.128649801E-03
   0.596664893E-02   0.847706106E-02  -0.496616960E-02   0.868975912E-04
   0.676742895E-02   0.967619475E-02  -0.379166636E-02   0.441753655E-04
   0.733952317E-02   0.105358008E-01  -0.206964952E-02   0.120984187E-04
   0.753930304E-02   0.108330790E-01  -0.562318458E-08   0.000000000E+00
