   0.490694772E-02   0.612917729E-01  -0.427941580E-11   0.000000000E+00
   0.466395495E-02   0.582825840E-01   0.539491046E-02   0.315544676E-04
   0.402731262E-02   0.504071973E-01   0.916677527E-02   0.107168082E-03
   0.321921916E-02   0.403426364E-01   0.107040154E-01   0.187450554E-03
   0.244161393E-02   0.305623673E-01   0.104423035E-01   0.243352697E-03
   0.180214294E-02   0.224068891E-01   0.921405572E-02   0.268507894E-03
   0.132624654E-02   0.162311364E-01   0.771995122E-02   0.270699762E-03
   0.988780987E-03   0.117697353E-01   0.632468984E-02   0.260777626E-03
   0.752727501E-03   0.860558916E-02   0.514960801E-02   0.243379909E-03
   0.584821042E-03   0.635493873E-02   0.419241237E-02   0.225334908E-03
   0.461931224E-03   0.473657390E-02   0.341678481E-02   0.205968827E-03
   0.368348410E-03   0.355327199E-02   0.278050429E-02   0.184523815E-03
   0.294088561E-03   0.267169229E-02   0.224824925E-02   0.163393866E-03
   0.233693791E-03   0.200477685E-02   0.179983815E-02   0.141676021E-03
   0.184078512E-03   0.149804563E-02   0.142366404E-02   0.120734825E-03
   0.142436882E-03   0.110658119E-02   0.110363786E-02   0.998978649E-04
   0.108769513E-03   0.809037359E-03   0.842568465E-03   0.813355437E-04
   0.807726319E-04   0.579623855E-03   0.625036599E-03   0.637255653E-04
   0.586363931E-04   0.407579821E-03   0.452699111E-03   0.484397860E-04
   0.412452428E-04   0.278429186E-03   0.317044382E-03   0.357533208E-04
   0.279867509E-04   0.184219520E-03   0.213791660E-03   0.251477286E-04
   0.181295691E-04   0.116567477E-03   0.137153387E-03   0.168283404E-04
   0.113092965E-04   0.710188979E-04   0.844385722E-04   0.107583401E-04
   0.657069859E-05   0.402834157E-04   0.480420858E-04   0.638007305E-05
   0.359186265E-05   0.213538897E-04   0.254236693E-04   0.351642166E-05
   0.172123441E-05   0.995595474E-05   0.114986915E-04   0.166501763E-05
   0.790599984E-06   0.439729547E-05   0.483762324E-05   0.728831878E-06
   0.274195003E-06   0.154817269E-05   0.134374659E-05   0.214690445E-06
   0.100294400E-06   0.705797561E-06   0.394709105E-06   0.520123464E-07
   0.698805778E-07   0.690703644E-06   0.451824434E-06   0.435354295E-07
   0.100820927E-06   0.973175474E-06   0.866574794E-06   0.905886708E-07
   0.138526786E-06   0.123687823E-05   0.127273972E-05   0.152612330E-06
   0.165332239E-06   0.137451514E-05   0.150037920E-05   0.186286769E-06
   0.161910251E-06   0.128688930E-05   0.143085310E-05   0.181330861E-06
   0.153357064E-06   0.114668092E-05   0.131919580E-05   0.162966018E-06
   0.132984724E-06   0.987334488E-06   0.115593366E-05   0.151993703E-06
   0.106708825E-06   0.728328814E-06   0.817196565E-06   0.962431201E-07
   0.849700967E-07   0.565128346E-06   0.644346017E-06   0.755133982E-07
   0.628223731E-07   0.405012770E-06   0.441819708E-06   0.531783080E-07
   0.373148623E-07   0.215091589E-06   0.258072760E-06   0.226061516E-07
   0.246944172E-07   0.121474713E-06   0.127412690E-06   0.847536352E-08
   0.171280679E-07   0.827740152E-07   0.844613623E-07   0.589863536E-08
   0.792637067E-08   0.333697621E-07   0.373801505E-07   0.795886856E-09
   0.524551114E-08   0.257300012E-07   0.171346031E-07   0.313196824E-08
   0.100592157E-08   0.181260063E-08   0.515629345E-10   0.761223549E-11
   0.174450648E-09   0.115113752E-08  -0.812210132E-09   0.716018023E-09
   0.245411469E-08   0.375098352E-08  -0.960428448E-08   0.153336632E-08
   0.727647587E-08   0.100769482E-07  -0.187208968E-07   0.932378619E-09
   0.212153815E-07   0.321596190E-07  -0.681149928E-07   0.720441529E-08
   0.416525019E-07   0.562502755E-07  -0.145551169E-06   0.160524927E-07
   0.900903032E-07   0.116388350E-06  -0.324187454E-06   0.380674585E-07
   0.128502350E-06   0.170872951E-06  -0.466762089E-06   0.568777239E-07
   0.224741200E-06   0.301202220E-06  -0.839508232E-06   0.113244354E-06
   0.293839889E-06   0.393766697E-06  -0.108896108E-05   0.144744391E-06
   0.400911375E-06   0.527353563E-06  -0.148350966E-05   0.204320401E-06
   0.511212306E-06   0.671237160E-06  -0.187378532E-05   0.257861046E-06
   0.598172562E-06   0.782297150E-06  -0.217003685E-05   0.306500738E-06
   0.708105631E-06   0.919672971E-06  -0.251750339E-05   0.357956594E-06
   0.719237846E-06   0.938764401E-06  -0.247897492E-05   0.340360828E-06
   0.615318413E-06   0.786573366E-06  -0.198074349E-05   0.262559638E-06
   0.506371009E-06   0.640310020E-06  -0.143267994E-05   0.176047692E-06
   0.330898217E-06   0.388317034E-06  -0.676383820E-06   0.870812755E-07
   0.384811273E-06   0.409379425E-06  -0.659793329E-06   0.100390785E-06
   0.913992665E-06   0.947165745E-06  -0.218396417E-05   0.329836752E-06
   0.257205397E-05   0.278469793E-05  -0.751507787E-05   0.108457346E-05
   0.594077164E-05   0.653689267E-05  -0.181941123E-04   0.250654989E-05
   0.123733134E-04   0.136308399E-04  -0.382523540E-04   0.504459103E-05
   0.228603149E-04   0.249506829E-04  -0.697083378E-04   0.889050807E-05
   0.399333621E-04   0.433883652E-04  -0.119788063E-03   0.146636630E-04
   0.644303000E-04   0.693309703E-04  -0.188071877E-03   0.222016643E-04
   0.100119534E-03   0.107066146E-03  -0.283848902E-03   0.320749241E-04
   0.149297979E-03   0.158542563E-03  -0.409015018E-03   0.441960983E-04
   0.214916901E-03   0.227441895E-03  -0.566625444E-03   0.580924534E-04
   0.301139720E-03   0.317684258E-03  -0.760339026E-03   0.743525670E-04
   0.411226909E-03   0.434023736E-03  -0.989264343E-03   0.911086245E-04
   0.551893259E-03   0.584251829E-03  -0.125859922E-02   0.109292312E-03
   0.730132742E-03   0.777320995E-03  -0.156965945E-02   0.128076194E-03
   0.953874260E-03   0.102461688E-02  -0.192072685E-02   0.146819541E-03
   0.123991095E-02   0.134724367E-02  -0.232480210E-02   0.165030549E-03
   0.160788430E-02   0.177018985E-02  -0.278873509E-02   0.183805052E-03
   0.209045690E-02   0.233487296E-02  -0.332892151E-02   0.201324874E-03
   0.273982319E-02   0.310297264E-02  -0.397899607E-02   0.218488611E-03
   0.363269681E-02   0.416604057E-02  -0.477374671E-02   0.236481646E-03
   0.488096382E-02   0.565680163E-02  -0.574699137E-02   0.253136881E-03
   0.663240394E-02   0.775032816E-02  -0.689125108E-02   0.262379355E-03
   0.903268065E-02   0.106215272E-01  -0.808331184E-02   0.257420179E-03
   0.121811256E-01   0.143954419E-01  -0.902178138E-02   0.230657562E-03
   0.159432311E-01   0.189173277E-01  -0.913639180E-02   0.175394249E-03
   0.197779629E-01   0.235443972E-01  -0.774662523E-02   0.994127840E-04
   0.227542315E-01   0.271425303E-01  -0.452778209E-02   0.289936725E-04
   0.238938723E-01   0.285210796E-01  -0.118302399E-07   0.000000000E+00
