   0.951730355E-03   0.197343249E-01   0.244075604E-08   0.000000000E+00
   0.922117557E-03   0.190019161E-01   0.207974552E-02   0.120542354E-04
   0.841490342E-03   0.170167275E-01   0.368934264E-02   0.429586544E-04
   0.733902503E-03   0.143482499E-01   0.460429676E-02   0.802523718E-04
   0.620571838E-03   0.115350503E-01   0.486565661E-02   0.113153474E-03
   0.517325592E-03   0.898379646E-02   0.467663351E-02   0.136570685E-03
   0.430591725E-03   0.686381850E-02   0.424881885E-02   0.148943873E-03
   0.359569793E-03   0.519313058E-02   0.372761977E-02   0.151755594E-03
   0.301316904E-03   0.391404703E-02   0.319690071E-02   0.149859203E-03
   0.252525613E-03   0.294641382E-02   0.269559352E-02   0.141856901E-03
   0.210105092E-03   0.221486785E-02   0.223440886E-02   0.130516390E-03
   0.172737899E-03   0.166061812E-02   0.182110234E-02   0.116354175E-03
   0.139132331E-03   0.123457133E-02   0.145086145E-02   0.101278478E-03
   0.109896588E-03   0.910291506E-03   0.113322015E-02   0.853124293E-04
   0.845590184E-04   0.661138853E-03   0.862479152E-03   0.693830953E-04
   0.633002492E-04   0.471798558E-03   0.639231061E-03   0.547855052E-04
   0.454240726E-04   0.325178960E-03   0.454031629E-03   0.413596463E-04
   0.315932193E-04   0.218355766E-03   0.312665157E-03   0.301311247E-04
   0.208031834E-04   0.139512820E-03   0.203546326E-03   0.204906682E-04
   0.130554663E-04   0.848841664E-04   0.126012295E-03   0.132720816E-04
   0.769650887E-05   0.483590920E-04   0.730143511E-04   0.805198761E-05
   0.413637372E-05   0.248311571E-04   0.381746395E-04   0.437674043E-05
   0.203815512E-05   0.115913581E-04   0.181265550E-04   0.216697640E-05
   0.820473360E-06   0.419744674E-05   0.672892429E-05   0.834824846E-06
   0.265738294E-06   0.117748573E-05   0.186643103E-05   0.250010174E-06
   0.794292490E-07   0.399544092E-06   0.488695207E-06   0.754969989E-07
   0.511219191E-07   0.562747857E-06   0.564754998E-06   0.872860397E-07
   0.843368042E-07   0.883369694E-06   0.102787408E-05   0.143027037E-06
   0.131171035E-06   0.131026684E-05   0.162445440E-05   0.233422327E-06
   0.157908431E-06   0.147657522E-05   0.188649244E-05   0.266368801E-06
   0.151422370E-06   0.135773382E-05   0.180198083E-05   0.268339988E-06
   0.122452192E-06   0.106115738E-05   0.139618430E-05   0.198574156E-06
   0.102831372E-06   0.884677945E-06   0.118621983E-05   0.177846658E-06
   0.695836277E-07   0.581100778E-06   0.786539260E-06   0.115837537E-06
   0.453601636E-07   0.370620739E-06   0.487898092E-06   0.711066761E-07
   0.330765104E-07   0.261714433E-06   0.338999428E-06   0.492257293E-07
   0.162666041E-07   0.112800016E-06   0.153844255E-06   0.177323169E-07
   0.965982672E-08   0.562987630E-07   0.665672459E-07   0.690273261E-08
   0.426616698E-08   0.221209007E-07   0.271598477E-07   0.198665551E-08
   0.196243533E-08   0.572776893E-08   0.973914904E-08  -0.630790864E-09
   0.142551482E-08   0.155588231E-08  -0.540114842E-08   0.231245717E-09
   0.372113718E-08   0.603795236E-08  -0.194828527E-07   0.370896225E-08
   0.203848849E-08   0.616881390E-08  -0.100650430E-07   0.433181224E-08
   0.623678620E-08   0.182690929E-07  -0.127343416E-07   0.104289528E-07
   0.657829613E-08   0.169307590E-07  -0.314857402E-07   0.116103500E-07
   0.103291695E-07   0.254501042E-07  -0.338290249E-07   0.155801114E-07
   0.109316289E-07   0.228900277E-07  -0.425945359E-07   0.142555789E-07
   0.173511272E-08   0.126553346E-07   0.805569034E-08   0.599377747E-08
   0.299259173E-08   0.123385711E-07   0.162882385E-08   0.622621155E-08
   0.524263744E-09   0.440360415E-08   0.521033305E-08   0.152912749E-08
   0.176054926E-08   0.318365667E-08   0.275634693E-08  -0.148489845E-09
   0.389671406E-08   0.477468376E-08  -0.660556232E-08  -0.103502096E-08
   0.106488782E-07   0.162951537E-07  -0.422915996E-07   0.373111986E-08
   0.405688212E-07   0.613785076E-07  -0.200152044E-06   0.267195013E-07
   0.667359572E-07   0.101901790E-06  -0.334007410E-06   0.466800643E-07
   0.126826876E-06   0.192132816E-06  -0.639758525E-06   0.938461682E-07
   0.221272501E-06   0.338236134E-06  -0.111682220E-05   0.166909899E-06
   0.305650985E-06   0.459865902E-06  -0.152285043E-05   0.226481205E-06
   0.454957785E-06   0.669940050E-06  -0.222944914E-05   0.333082653E-06
   0.607614083E-06   0.891603236E-06  -0.293758990E-05   0.431287305E-06
   0.722563470E-06   0.104996718E-05  -0.342395174E-05   0.492237461E-06
   0.713723807E-06   0.102154172E-05  -0.328401575E-05   0.454032715E-06
   0.629691158E-06   0.894616562E-06  -0.280357290E-05   0.395845916E-06
   0.457100981E-06   0.630268175E-06  -0.189993420E-05   0.260878920E-06
   0.264412080E-06   0.338026183E-06  -0.988554689E-06   0.129416023E-06
   0.244504378E-06   0.276749887E-06  -0.882371012E-06   0.128147164E-06
   0.818303306E-06   0.938423057E-06  -0.354234407E-05   0.472162554E-06
   0.274890112E-05   0.323266113E-05  -0.121257863E-04   0.151914696E-05
   0.677402022E-05   0.789988098E-05  -0.291758242E-04   0.347941000E-05
   0.143444104E-04   0.166454356E-04  -0.602762666E-04   0.688854198E-05
   0.270441615E-04   0.308941599E-04  -0.110166628E-03   0.120803961E-04
   0.469496445E-04   0.530062753E-04  -0.185330515E-03   0.193165051E-04
   0.768931568E-04   0.854176833E-04  -0.292861019E-03   0.292032473E-04
   0.118185242E-03   0.129588603E-03  -0.433191075E-03   0.409932181E-04
   0.174263536E-03   0.189080369E-03  -0.612356991E-03   0.545743314E-04
   0.247371529E-03   0.265863142E-03  -0.828825810E-03   0.696690768E-04
   0.340393424E-03   0.364016305E-03  -0.108099484E-02   0.850438009E-04
   0.457348477E-03   0.488612102E-03  -0.136686384E-02   0.997797251E-04
   0.605542096E-03   0.648779271E-03  -0.168997271E-02   0.114164606E-03
   0.790178252E-03   0.852747471E-03  -0.203815964E-02   0.126945481E-03
   0.102386635E-02   0.111760991E-02  -0.241531967E-02   0.136505565E-03
   0.132230308E-02   0.146327936E-02  -0.281869201E-02   0.144047764E-03
   0.170696457E-02   0.191746035E-02  -0.324288919E-02   0.147911996E-03
   0.220654975E-02   0.251513184E-02  -0.367844827E-02   0.147537517E-03
   0.285108201E-02   0.329211587E-02  -0.409638090E-02   0.141731391E-03
   0.366197736E-02   0.427427748E-02  -0.442131283E-02   0.128547137E-03
   0.463577639E-02   0.545597961E-02  -0.452760840E-02   0.105781895E-03
   0.569693046E-02   0.674813287E-02  -0.422759214E-02   0.748661114E-04
   0.670542754E-02   0.797707215E-02  -0.335748494E-02   0.397484400E-04
   0.744194258E-02   0.887544081E-02  -0.187904364E-02   0.111124673E-04
   0.771498447E-02   0.920999609E-02  -0.440301529E-08   0.000000000E+00
