   0.937079953E-03   0.698375329E-02   0.141672812E-09   0.000000000E+00
   0.934542913E-03   0.696370425E-02   0.648779751E-04   0.207671917E-06
   0.926465902E-03   0.689986255E-02   0.128428917E-03   0.828349869E-06
   0.913232681E-03   0.679459702E-02   0.189468148E-03   0.182774659E-05
   0.895083998E-03   0.665110908E-02   0.246722921E-03   0.319767992E-05
   0.872786681E-03   0.647376711E-02   0.299389998E-03   0.486470481E-05
   0.846707728E-03   0.626850780E-02   0.346542220E-03   0.687966804E-05
   0.818334811E-03   0.604273472E-02   0.388098386E-03   0.910444578E-05
   0.786878110E-03   0.579283061E-02   0.423180667E-03   0.114716331E-04
   0.754363427E-03   0.553349080E-02   0.452079694E-03   0.141248074E-04
   0.720586919E-03   0.526390923E-02   0.474801171E-03   0.168348670E-04
   0.685811683E-03   0.498607894E-02   0.491414161E-03   0.194093373E-04
   0.650987786E-03   0.470783701E-02   0.502353534E-03   0.220591992E-04
   0.616289501E-03   0.443077926E-02   0.507902703E-03   0.247433491E-04
   0.582167238E-03   0.415760325E-02   0.508521916E-03   0.273659371E-04
   0.548419135E-03   0.388872088E-02   0.504599127E-03   0.299215098E-04
   0.516271277E-03   0.363189378E-02   0.497352215E-03   0.324096764E-04
   0.484300777E-03   0.337867159E-02   0.486094737E-03   0.346967936E-04
   0.453910441E-03   0.313842995E-02   0.472457439E-03   0.367864704E-04
   0.425534789E-03   0.291121937E-02   0.456437439E-03   0.390275127E-04
   0.397374213E-03   0.268849195E-02   0.437670358E-03   0.409963068E-04
   0.370976690E-03   0.247998070E-02   0.417856150E-03   0.427602499E-04
   0.345963024E-03   0.228162576E-02   0.396589545E-03   0.444858160E-04
   0.321681815E-03   0.209188089E-02   0.373972201E-03   0.458913055E-04
   0.298636733E-03   0.191412563E-02   0.350874790E-03   0.470275590E-04
   0.278255437E-03   0.175346795E-02   0.328668189E-03   0.482240102E-04
   0.257759035E-03   0.159550703E-02   0.305115042E-03   0.490131060E-04
   0.239275527E-03   0.145066576E-02   0.282040128E-03   0.498825611E-04
   0.222379851E-03   0.131922844E-02   0.259989843E-03   0.505579337E-04
   0.205236531E-03   0.119020836E-02   0.236902910E-03   0.509642159E-04
   0.191279920E-03   0.107744790E-02   0.215801629E-03   0.516526889E-04
   0.178083297E-03   0.973011425E-03   0.195381130E-03   0.520665744E-04
   0.165794350E-03   0.877539569E-03   0.175916313E-03   0.522690825E-04
   0.153934845E-03   0.788718113E-03   0.156914248E-03   0.523501258E-04
   0.143854733E-03   0.706740422E-03   0.138659685E-03   0.524428579E-04
   0.135020571E-03   0.633742020E-03   0.121528152E-03   0.525744545E-04
   0.127834166E-03   0.570403761E-03   0.105890249E-03   0.527516131E-04
   0.120955658E-03   0.510606857E-03   0.903983309E-04   0.527620105E-04
   0.115330484E-03   0.458864874E-03   0.762044583E-04   0.527617667E-04
   0.111135530E-03   0.413554546E-03   0.628726339E-04   0.527784978E-04
   0.106915148E-03   0.371762813E-03   0.498956251E-04   0.525731157E-04
   0.104483530E-03   0.338515907E-03   0.385664389E-04   0.524222050E-04
   0.103224775E-03   0.309257768E-03   0.272012585E-04   0.523547023E-04
   0.103078732E-03   0.285832532E-03   0.167453891E-04   0.522643204E-04
   0.103771345E-03   0.266253424E-03   0.669439032E-05   0.520100293E-04
   0.104950181E-03   0.250807992E-03  -0.276967080E-05   0.516570872E-04
   0.108475659E-03   0.241495130E-03  -0.119851675E-04   0.515331303E-04
   0.113103204E-03   0.236390071E-03  -0.207857101E-04   0.513289160E-04
   0.118576885E-03   0.234571082E-03  -0.295809259E-04   0.509639685E-04
   0.125217601E-03   0.237363463E-03  -0.381033678E-04   0.507228069E-04
   0.132547400E-03   0.242888578E-03  -0.465659687E-04   0.501865870E-04
   0.143297075E-03   0.254999817E-03  -0.551727135E-04   0.499214984E-04
   0.153708112E-03   0.268864853E-03  -0.637469493E-04   0.493202060E-04
   0.166829937E-03   0.288269279E-03  -0.721132747E-04   0.488751139E-04
   0.180905059E-03   0.310875068E-03  -0.808706827E-04   0.483198091E-04
   0.197581830E-03   0.338699814E-03  -0.900966188E-04   0.477908288E-04
   0.214674510E-03   0.368933514E-03  -0.993982540E-04   0.469383704E-04
   0.235290980E-03   0.405378611E-03  -0.108961081E-03   0.462073658E-04
   0.257633568E-03   0.446034712E-03  -0.118777709E-03   0.455399932E-04
   0.282510940E-03   0.491689658E-03  -0.128929401E-03   0.447691018E-04
   0.308427989E-03   0.540419074E-03  -0.138864503E-03   0.438654315E-04
   0.338275393E-03   0.596289581E-03  -0.149715182E-03   0.429782012E-04
   0.368454872E-03   0.654326344E-03  -0.159972231E-03   0.416752082E-04
   0.402708247E-03   0.719407515E-03  -0.170791056E-03   0.406681902E-04
   0.439310214E-03   0.789807178E-03  -0.181685580E-03   0.394296840E-04
   0.477403402E-03   0.863819325E-03  -0.192353356E-03   0.378740187E-04
   0.518962101E-03   0.944567379E-03  -0.202650321E-03   0.363952349E-04
   0.562348636E-03   0.102942740E-02  -0.212591418E-03   0.348656977E-04
   0.610776304E-03   0.112320075E-02  -0.222934337E-03   0.332578966E-04
   0.659714802E-03   0.121916505E-02  -0.232002451E-03   0.317296290E-04
   0.711292494E-03   0.132079259E-02  -0.240354304E-03   0.296840317E-04
   0.766888959E-03   0.142991496E-02  -0.248127122E-03   0.277930667E-04
   0.823773968E-03   0.154252560E-02  -0.254385348E-03   0.259875287E-04
   0.883629837E-03   0.166045967E-02  -0.259685417E-03   0.238246048E-04
   0.945917272E-03   0.178430555E-02  -0.263292925E-03   0.219086069E-04
   0.101088313E-02   0.191262912E-02  -0.265609735E-03   0.200177419E-04
   0.107649271E-02   0.204226002E-02  -0.265700248E-03   0.177442598E-04
   0.114414061E-02   0.217597210E-02  -0.263840629E-03   0.157747854E-04
   0.121340156E-02   0.231372053E-02  -0.259601278E-03   0.138287869E-04
   0.128255168E-02   0.244932482E-02  -0.252964324E-03   0.118331109E-04
   0.135141308E-02   0.258660829E-02  -0.243434799E-03   0.101387141E-04
   0.141792011E-02   0.271809706E-02  -0.230886581E-03   0.835275569E-05
   0.148417556E-02   0.284779328E-02  -0.215749664E-03   0.672722581E-05
   0.154566427E-02   0.296905916E-02  -0.197258560E-03   0.521030506E-05
   0.160286622E-02   0.308300043E-02  -0.175931535E-03   0.395872166E-05
   0.165477628E-02   0.318468176E-02  -0.151762899E-03   0.277824506E-05
   0.169850560E-02   0.327115972E-02  -0.124922168E-03   0.181274595E-05
   0.173468655E-02   0.334377331E-02  -0.958769742E-04   0.104829508E-05
   0.176151283E-02   0.339373760E-02  -0.650056245E-04   0.462683687E-06
   0.177679432E-02   0.342342514E-02  -0.328042661E-04   0.115719622E-06
   0.178274175E-02   0.343730790E-02  -0.811945372E-10   0.000000000E+00
