   0.713270158E-01   0.549914122E+00  -0.138553807E-09   0.000000000E+00
   0.648075864E-01   0.499856979E+00   0.400139354E-01   0.244509720E-03
   0.494837388E-01   0.382278621E+00   0.603550598E-01   0.735288661E-03
   0.331969671E-01   0.257245988E+00   0.594587065E-01   0.107931392E-02
   0.205916446E-01   0.160444364E+00   0.476863608E-01   0.114542339E-02
   0.123876231E-01   0.973609090E-01   0.344184265E-01   0.102482759E-02
   0.748535898E-02   0.595675446E-01   0.237062499E-01   0.842174399E-03
   0.466812402E-02   0.377308019E-01   0.162331033E-01   0.671384565E-03
   0.306084659E-02   0.251512658E-01   0.113841416E-01   0.538670865E-03
   0.211831415E-02   0.176700596E-01   0.828835089E-02   0.445080368E-03
   0.154086412E-02   0.129971486E-01   0.628696289E-02   0.379297853E-03
   0.116508501E-02   0.988979265E-02   0.493753608E-02   0.332020310E-03
   0.903550128E-03   0.768399518E-02   0.396844931E-02   0.293452613E-03
   0.710794411E-03   0.603302708E-02   0.322899222E-02   0.260974630E-03
   0.562101544E-03   0.474844268E-02   0.263520936E-02   0.231223865E-03
   0.444127945E-03   0.372801535E-02   0.214397791E-02   0.201508956E-03
   0.348116882E-03   0.290071848E-02   0.172397506E-02   0.173267545E-03
   0.271450670E-03   0.224219123E-02   0.137656124E-02   0.146708451E-03
   0.208497077E-03   0.170796597E-02   0.107844768E-02   0.121422934E-03
   0.157989751E-03   0.128476310E-02   0.831743062E-03   0.981215780E-04
   0.117910633E-03   0.951320108E-03   0.629448157E-03   0.779269758E-04
   0.861102526E-04   0.690678717E-03   0.464443001E-03   0.600871135E-04
   0.616094985E-04   0.492097402E-03   0.334705081E-03   0.452126624E-04
   0.431967965E-04   0.344057393E-03   0.235656262E-03   0.329733557E-04
   0.293476114E-04   0.233946615E-03   0.159900446E-03   0.231885988E-04
   0.194584736E-04   0.155355810E-03   0.105307023E-03   0.158425628E-04
   0.122967440E-04   0.990807821E-04   0.654045580E-04   0.102059867E-04
   0.740862879E-05   0.608525443E-04   0.382536673E-04   0.617687101E-05
   0.437761582E-05   0.365964079E-04   0.216358076E-04   0.360436320E-05
   0.240306031E-05   0.210227463E-04   0.110583533E-04   0.190408298E-05
   0.124444114E-05   0.113906372E-04   0.488941578E-05   0.861192007E-06
   0.650121535E-06   0.626556312E-05   0.205136166E-05   0.348588088E-06
   0.330285104E-06   0.342744897E-05   0.699357827E-06   0.918800538E-07
   0.198062082E-06   0.213671228E-05   0.389691081E-06   0.357301104E-07
   0.167524277E-06   0.159634953E-05   0.499007115E-06   0.370173296E-07
   0.166943238E-06   0.144027535E-05   0.768327652E-06   0.101448691E-06
   0.172549505E-06   0.140401926E-05   0.967513984E-06   0.143765035E-06
   0.179175643E-06   0.138606015E-05   0.113650469E-05   0.206740253E-06
   0.158423489E-06   0.126821828E-05   0.108964161E-05   0.224668128E-06
   0.137373164E-06   0.113666715E-05   0.100034049E-05   0.233407022E-06
   0.116381571E-06   0.969478378E-06   0.857909072E-06   0.237842968E-06
   0.108659783E-06   0.873109116E-06   0.736135576E-06   0.262780702E-06
   0.744397326E-07   0.634367495E-06   0.440149194E-06   0.237875000E-06
   0.833728606E-07   0.601017859E-06   0.325573495E-06   0.261661825E-06
   0.850184847E-07   0.478251366E-06   0.718143340E-07   0.256167539E-06
   0.104496763E-06   0.413370373E-06  -0.138508057E-06   0.252990134E-06
   0.155479214E-06   0.402950548E-06  -0.391398117E-06   0.261930239E-06
   0.233060220E-06   0.448690287E-06  -0.643438113E-06   0.282413623E-06
   0.327468712E-06   0.535200627E-06  -0.958758278E-06   0.312272249E-06
   0.364697996E-06   0.555715019E-06  -0.105202037E-05   0.304570790E-06
   0.484542852E-06   0.684232248E-06  -0.137488587E-05   0.330526746E-06
   0.573852049E-06   0.769285805E-06  -0.155106159E-05   0.340536474E-06
   0.595089091E-06   0.788452780E-06  -0.153118060E-05   0.299759506E-06
   0.691452328E-06   0.893243623E-06  -0.165311405E-05   0.311610677E-06
   0.673956833E-06   0.853140307E-06  -0.137631696E-05   0.224053110E-06
   0.665862558E-06   0.838047015E-06  -0.104650053E-05   0.165339529E-06
   0.682209588E-06   0.843435032E-06  -0.623311678E-06   0.947760412E-07
   0.889793625E-06   0.106865741E-05  -0.432073591E-06   0.537786846E-07
   0.146460411E-05   0.171961926E-05  -0.882555923E-06   0.142460166E-06
   0.278758012E-05   0.322256824E-05  -0.270813166E-05   0.447071159E-06
   0.532194917E-05   0.602927412E-05  -0.665453945E-05   0.107325309E-05
   0.998165979E-05   0.112304115E-04  -0.147367045E-04   0.230270598E-05
   0.175024670E-04   0.196878755E-04  -0.281188441E-04   0.422241419E-05
   0.298644645E-04   0.333209318E-04  -0.502775401E-04   0.735469530E-05
   0.485139935E-04   0.538458371E-04  -0.834385646E-04   0.117964173E-04
   0.758414608E-04   0.839383356E-04  -0.131369481E-03   0.179296603E-04
   0.113305905E-03   0.124751416E-03  -0.194039021E-03   0.256038675E-04
   0.166561644E-03   0.182654432E-03  -0.281391898E-03   0.360445192E-04
   0.237549975E-03   0.260146451E-03  -0.393260183E-03   0.483396143E-04
   0.329376140E-03   0.360329635E-03  -0.530083023E-03   0.624350068E-04
   0.449909945E-03   0.492041348E-03  -0.702152844E-03   0.793143627E-04
   0.600236643E-03   0.656626944E-03  -0.902348547E-03   0.981981866E-04
   0.790822553E-03   0.867479364E-03  -0.114420394E-02   0.118632328E-03
   0.102593610E-02   0.112930487E-02  -0.142321014E-02   0.140994292E-03
   0.131357764E-02   0.145319710E-02  -0.174248777E-02   0.164267418E-03
   0.166329159E-02   0.185172411E-02  -0.210494641E-02   0.188738704E-03
   0.209103385E-02   0.234601926E-02  -0.252231956E-02   0.214222935E-03
   0.261906115E-02   0.296395691E-02  -0.301043876E-02   0.242871276E-03
   0.328999572E-02   0.375849288E-02  -0.360935880E-02   0.273855578E-03
   0.417826977E-02   0.481814099E-02  -0.438758917E-02   0.313441240E-03
   0.542226341E-02   0.630818494E-02  -0.546892034E-02   0.365424959E-03
   0.728452764E-02   0.853991415E-02  -0.706692925E-02   0.434304180E-03
   0.102586942E-01   0.120994486E-01  -0.953210890E-02   0.527050754E-03
   0.152331181E-01   0.180525072E-01  -0.133639136E-01   0.651840237E-03
   0.237954147E-01   0.283158533E-01  -0.191920120E-01   0.801270187E-03
   0.384502858E-01   0.459450670E-01  -0.274085216E-01   0.945309293E-03
   0.627177730E-01   0.752756894E-01  -0.374497510E-01   0.102279079E-02
   0.994462967E-01   0.119889528E+00  -0.460629836E-01   0.934678363E-03
   0.146520808E+00   0.177299857E+00  -0.462860540E-01   0.620530685E-03
   0.190454766E+00   0.231068268E+00  -0.304827075E-01   0.203468036E-03
   0.209071025E+00   0.253879458E+00  -0.905413273E-07   0.000000000E+00
