   0.693765978E-04   0.942356326E-02  -0.318690387E-10   0.000000000E+00
   0.739895404E-04   0.918958336E-02   0.121482310E-02   0.693204856E-05
   0.863123496E-04   0.854193419E-02   0.225995178E-02   0.255323594E-04
   0.102856568E-03   0.758404611E-02   0.301220082E-02   0.504797354E-04
   0.119116019E-03   0.647274079E-02   0.343295047E-02   0.752532796E-04
   0.131097593E-03   0.533119030E-02   0.353711820E-02   0.950344402E-04
   0.136532646E-03   0.426423037E-02   0.339788198E-02   0.107204956E-03
   0.133500973E-03   0.331316120E-02   0.306447665E-02   0.110340225E-03
   0.124014521E-03   0.251144543E-02   0.264168461E-02   0.106550440E-03
   0.108899090E-03   0.185310328E-02   0.217152410E-02   0.971488043E-04
   0.899723673E-04   0.132388086E-02   0.169357553E-02   0.829232158E-04
   0.698068034E-04   0.910522474E-03   0.124864606E-02   0.663972532E-04
   0.515661995E-04   0.605231849E-03   0.882015796E-03   0.504154486E-04
   0.351720300E-04   0.379093894E-03   0.575336860E-03   0.351287126E-04
   0.221922674E-04   0.222793911E-03   0.346220389E-03   0.223949773E-04
   0.127331077E-04   0.120669050E-03   0.187403988E-03   0.127047042E-04
   0.648593277E-05   0.590114869E-04   0.877275816E-04   0.613506700E-05
   0.283745385E-05   0.257899555E-04   0.331195006E-04   0.225456938E-05
   0.977758191E-06   0.101831120E-04   0.804060437E-05   0.455208863E-06
   0.256615806E-06   0.484968450E-05   0.708316520E-06  -0.280905663E-07
   0.130215341E-06   0.423976780E-05   0.183860323E-05   0.198500473E-06
   0.228345797E-06   0.497330711E-05   0.518622528E-05   0.574283433E-06
   0.345315328E-06   0.565663095E-05   0.796031327E-05   0.905531692E-06
   0.359617388E-06   0.510611062E-05   0.810709207E-05   0.952990661E-06
   0.342799183E-06   0.447965931E-05   0.762883292E-05   0.929833675E-06
   0.263065118E-06   0.325723727E-05   0.575347985E-05   0.719378590E-06
   0.187188022E-06   0.223709526E-05   0.402753494E-05   0.517736112E-06
   0.117745813E-06   0.137386121E-05   0.252799896E-05   0.331047858E-06
   0.537129168E-07   0.635651645E-06   0.117157072E-05   0.163012629E-06
   0.206455386E-07   0.249257567E-06   0.460407648E-06   0.675928860E-07
   0.742004058E-08   0.940216438E-07   0.167496182E-06   0.269540568E-07
   0.358496816E-09   0.800906719E-08   0.100364499E-07   0.325302851E-08
   0.302082936E-08   0.259569397E-07   0.489693193E-07   0.736029149E-08
   0.526985211E-08   0.397458848E-07   0.532227773E-07   0.109574980E-07
   0.400077571E-08   0.316051256E-07   0.653726460E-07   0.721040383E-08
   0.403856504E-08   0.300878646E-07   0.591093716E-07   0.656632748E-08
   0.605309580E-08   0.378478084E-07   0.571917091E-07   0.763518315E-08
   0.446332704E-08   0.349908049E-07   0.785790562E-07   0.778121567E-08
   0.436721637E-08   0.305152597E-07   0.474774566E-07   0.737572581E-08
   0.118622390E-08   0.545022028E-08   0.138274565E-07   0.515274420E-10
   0.234278663E-08   0.167977117E-07   0.383265117E-07   0.346873241E-08
   0.496899411E-09   0.156087210E-08   0.363520125E-08  -0.194133862E-09
   0.852096727E-09   0.234459696E-08  -0.569696335E-08   0.662642274E-09
   0.245186510E-09   0.114984144E-08  -0.949962775E-09   0.435659092E-09
   0.254177790E-09   0.122300325E-08  -0.237215889E-10   0.378501563E-09
   0.892975472E-12   0.370003550E-11  -0.760108643E-11   0.201743852E-11
   0.153146784E-08   0.482405937E-08  -0.189675831E-07   0.286261481E-08
   0.412026219E-09   0.113252874E-08  -0.304328895E-08   0.360484947E-09
   0.222762386E-08   0.524838395E-08  -0.257066386E-07   0.298040193E-08
   0.203975348E-08   0.464419880E-08  -0.218166871E-07   0.215811014E-08
   0.335510730E-08   0.107932410E-07  -0.369346509E-07   0.564269431E-08
   0.770270336E-08   0.218440466E-07  -0.983772352E-07   0.134423095E-07
   0.954963486E-08   0.277949681E-07  -0.122708130E-06   0.171883396E-07
   0.673899914E-08   0.212689084E-07  -0.597589320E-07   0.875164741E-08
   0.958491686E-08   0.249367993E-07  -0.117697184E-06   0.147088421E-07
   0.233580142E-07   0.667149322E-07  -0.297125609E-06   0.410939371E-07
   0.999484229E-08   0.270700387E-07  -0.124261248E-06   0.162476024E-07
   0.631116981E-08   0.157289719E-07  -0.758196421E-07   0.101960937E-07
   0.915743814E-09   0.350637874E-08  -0.101726760E-07   0.202815609E-08
   0.180338222E-08   0.562104585E-08  -0.233714648E-07   0.384627574E-08
   0.151737112E-07   0.443426664E-07  -0.186748181E-06   0.289139166E-07
   0.750826885E-07   0.201643729E-06  -0.888067291E-06   0.119599420E-06
   0.211240646E-06   0.548902221E-06  -0.244108560E-05   0.315813253E-06
   0.400075521E-06   0.100906652E-05  -0.452698578E-05   0.581326105E-06
   0.608866515E-06   0.149388484E-05  -0.664920526E-05   0.817430134E-06
   0.958680857E-06   0.227793453E-05  -0.100956859E-04   0.121341031E-05
   0.133656647E-05   0.308619542E-05  -0.134080301E-04   0.156105534E-05
   0.166150119E-05   0.371323654E-05  -0.155322050E-04   0.175135006E-05
   0.170373198E-05   0.364618518E-05  -0.140168531E-04   0.153324174E-05
   0.150384608E-05   0.301307023E-05  -0.923698644E-05   0.964292440E-06
   0.132526031E-05   0.232280786E-05  -0.348907224E-05   0.369253399E-06
   0.169101111E-05   0.252925861E-05  -0.152354335E-05   0.228338436E-06
   0.400563567E-05   0.610012921E-05  -0.147644960E-04   0.151754682E-05
   0.102897820E-04   0.162929537E-04  -0.574967526E-04   0.529473027E-05
   0.237938420E-04   0.381564423E-04  -0.151677974E-03   0.129758610E-04
   0.474676453E-04   0.758956157E-04  -0.308975228E-03   0.246421805E-04
   0.856469414E-04   0.135565468E-03  -0.547306612E-03   0.408740743E-04
   0.141976067E-03   0.222416813E-03  -0.869932584E-03   0.606256399E-04
   0.220553018E-03   0.342573563E-03  -0.127533253E-02   0.826993783E-04
   0.326801761E-03   0.505188073E-03  -0.176606781E-02   0.105789310E-03
   0.459642411E-03   0.710240274E-03  -0.228276663E-02   0.125718347E-03
   0.623645727E-03   0.967518252E-03  -0.280751358E-02   0.141591489E-03
   0.820764049E-03   0.128281000E-02  -0.330047333E-02   0.151570974E-03
   0.104979286E-02   0.165765674E-02  -0.369429262E-02   0.151745247E-03
   0.131485367E-02   0.209741783E-02  -0.397550361E-02   0.144270103E-03
   0.160609302E-02   0.258627743E-02  -0.404569693E-02   0.126077852E-03
   0.191224599E-02   0.310225086E-02  -0.385140884E-02   0.990082481E-04
   0.220959517E-02   0.360220065E-02  -0.333970576E-02   0.658498029E-04
   0.246351003E-02   0.402739458E-02  -0.248336862E-02   0.332206946E-04
   0.263757934E-02   0.431801612E-02  -0.132844492E-02   0.900105897E-05
   0.269864686E-02   0.442002853E-02  -0.392509891E-08   0.000000000E+00
