   0.878244787E-01   0.567419112E+00   0.610882012E-07   0.000000000E+00
   0.825058743E-01   0.533640623E+00   0.392544456E-01   0.249338249E-03
   0.689233914E-01   0.447374642E+00   0.648972616E-01   0.820752932E-03
   0.522692353E-01   0.341558844E+00   0.725538358E-01   0.137457484E-02
   0.370756276E-01   0.244504631E+00   0.669309124E-01   0.167786400E-02
   0.252902582E-01   0.168852940E+00   0.552689135E-01   0.172326842E-02
   0.170097593E-01   0.115295865E+00   0.428950973E-01   0.160141732E-02
   0.115324883E-01   0.794504210E-01   0.324177258E-01   0.140576938E-02
   0.798997469E-02   0.559491441E-01   0.244108532E-01   0.121246697E-02
   0.571078761E-02   0.405488014E-01   0.186161157E-01   0.104228768E-02
   0.422150642E-02   0.302844699E-01   0.145009551E-01   0.909957045E-03
   0.321599492E-02   0.232055169E-01   0.115422821E-01   0.810248195E-03
   0.251207710E-02   0.181478057E-01   0.936414860E-02   0.721304736E-03
   0.199714559E-02   0.143883927E-01   0.770053826E-02   0.649344409E-03
   0.160416216E-02   0.114949765E-01   0.637349021E-02   0.581898668E-03
   0.129408098E-02   0.920654088E-02   0.528131891E-02   0.521031499E-03
   0.104551925E-02   0.737354020E-02   0.437081326E-02   0.459860632E-03
   0.841773755E-03   0.588146597E-02   0.359456637E-02   0.402998325E-03
   0.673227070E-03   0.466130907E-02   0.292859506E-02   0.347318186E-03
   0.534069259E-03   0.366450660E-02   0.236028875E-02   0.293946592E-03
   0.419772347E-03   0.285571185E-02   0.188072131E-02   0.245831179E-03
   0.325869041E-03   0.219911826E-02   0.147539924E-02   0.201135874E-03
   0.249416480E-03   0.167197199E-02   0.113814732E-02   0.161397416E-03
   0.188124279E-03   0.125481409E-02   0.863332592E-03   0.127197607E-03
   0.140034201E-03   0.928397872E-03   0.643719977E-03   0.980640179E-04
   0.102013713E-03   0.674166833E-03   0.467859471E-03   0.739485477E-04
   0.725476348E-04   0.480296556E-03   0.330591953E-03   0.534168576E-04
   0.503619485E-04   0.334076351E-03   0.226122895E-03   0.376630560E-04
   0.345043009E-04   0.229203069E-03   0.151891523E-03   0.260568067E-04
   0.226816464E-04   0.152089895E-03   0.964155188E-04   0.168786210E-04
   0.145960348E-04   0.993205977E-04   0.592396245E-04   0.104519995E-04
   0.896706661E-05   0.625989705E-04   0.337011661E-04   0.608187702E-05
   0.538132917E-05   0.386521242E-04   0.179350518E-04   0.322961091E-05
   0.306034690E-05   0.231118702E-04   0.822141737E-05   0.148823619E-05
   0.174211573E-05   0.141556202E-04   0.339623466E-05   0.664843242E-06
   0.990394028E-06   0.889837702E-05   0.102936667E-05   0.334537333E-06
   0.612204644E-06   0.608864457E-05   0.242669387E-06   0.342721535E-06
   0.461175290E-06   0.473459841E-05   0.314424881E-06   0.532911258E-06
   0.427077254E-06   0.420014703E-05   0.673013915E-06   0.820485525E-06
   0.441738422E-06   0.415118348E-05   0.128839963E-05   0.110104099E-05
   0.478486982E-06   0.395460393E-05   0.126904331E-05   0.138092435E-05
   0.527681379E-06   0.397554686E-05   0.136393896E-05   0.162345339E-05
   0.611113478E-06   0.384211444E-05   0.969782036E-06   0.182131612E-05
   0.695896460E-06   0.389081379E-05   0.784136319E-06   0.199846545E-05
   0.777667310E-06   0.361746334E-05  -0.617021723E-08   0.205228389E-05
   0.771357577E-06   0.341359328E-05  -0.355949197E-06   0.203208629E-05
   0.964108835E-06   0.342797875E-05  -0.121770722E-05   0.213797989E-05
   0.103649029E-05   0.326713166E-05  -0.163632001E-05   0.205288529E-05
   0.110203757E-05   0.309534062E-05  -0.192931179E-05   0.191230265E-05
   0.107846506E-05   0.279630149E-05  -0.208244342E-05   0.165255335E-05
   0.106035225E-05   0.256644557E-05  -0.189361742E-05   0.138016230E-05
   0.116548915E-05   0.252954919E-05  -0.169739724E-05   0.116325884E-05
   0.123565701E-05   0.247834055E-05  -0.115804005E-05   0.879915547E-06
   0.140768145E-05   0.251958909E-05  -0.675762180E-06   0.539165342E-06
   0.195365055E-05   0.316589808E-05  -0.733877016E-06   0.405662490E-06
   0.299286035E-05   0.437413155E-05  -0.138219355E-05   0.332969591E-06
   0.516765022E-05   0.711034863E-05  -0.432376146E-05   0.716333886E-06
   0.880665812E-05   0.119068218E-04  -0.100251063E-04   0.158880152E-05
   0.154606623E-04   0.205791894E-04  -0.220908769E-04   0.349698144E-05
   0.252367390E-04   0.331363117E-04  -0.395453390E-04   0.634131493E-05
   0.402855912E-04   0.529625431E-04  -0.679238074E-04   0.107522337E-04
   0.625928005E-04   0.817735418E-04  -0.109764493E-03   0.171737865E-04
   0.945211796E-04   0.122778758E-03  -0.169315550E-03   0.262678641E-04
   0.136921168E-03   0.177366965E-03  -0.246118347E-03   0.373698713E-04
   0.195375644E-03   0.253732200E-03  -0.352338393E-03   0.520097128E-04
   0.272665871E-03   0.354308082E-03  -0.488594116E-03   0.696479838E-04
   0.372427545E-03   0.483228476E-03  -0.657527533E-03   0.920742896E-04
   0.499471382E-03   0.649458379E-03  -0.866335642E-03   0.116657444E-03
   0.657328113E-03   0.858057931E-03  -0.111518230E-02   0.144544421E-03
   0.854956626E-03   0.111975276E-02  -0.141383742E-02   0.177728929E-03
   0.109520054E-02   0.144264579E-02  -0.176001596E-02   0.212572762E-03
   0.138760556E-02   0.184041122E-02  -0.216195919E-02   0.250844692E-03
   0.173777482E-02   0.232424214E-02  -0.261648814E-02   0.289144838E-03
   0.215901900E-02   0.291567016E-02  -0.313669513E-02   0.330979208E-03
   0.266177370E-02   0.363360764E-02  -0.372264814E-02   0.376274693E-03
   0.327007612E-02   0.451805023E-02  -0.439881207E-02   0.423053280E-03
   0.401089806E-02   0.561431563E-02  -0.518324925E-02   0.470094528E-03
   0.493566087E-02   0.700054504E-02  -0.612841360E-02   0.528531149E-03
   0.612150365E-02   0.879867468E-02  -0.730030797E-02   0.589394243E-03
   0.770473387E-02   0.112146689E-01  -0.882704742E-02   0.665732019E-03
   0.990089215E-02   0.145754302E-01  -0.108846417E-01   0.755940971E-03
   0.130807143E-01   0.194466636E-01  -0.137484260E-01   0.870013086E-03
   0.178048555E-01   0.266950633E-01  -0.177319460E-01   0.100868649E-02
   0.249813665E-01   0.377318524E-01  -0.232000723E-01   0.115660205E-02
   0.358513556E-01   0.545196496E-01  -0.302856658E-01   0.128873449E-02
   0.518661514E-01   0.794101134E-01  -0.384713523E-01   0.135861384E-02
   0.743135065E-01   0.114544794E+00  -0.460607633E-01   0.129639066E-02
   0.102719530E+00   0.159289196E+00  -0.493893586E-01   0.103628496E-02
   0.133418873E+00   0.207927763E+00  -0.438083857E-01   0.610661518E-03
   0.158258587E+00   0.247430772E+00  -0.263567884E-01   0.183061624E-03
   0.168039471E+00   0.263014257E+00  -0.763884742E-07   0.000000000E+00
