   0.152743936E+00   0.909274876E+00   0.940395779E-07   0.000000000E+00
   0.142477810E+00   0.848890126E+00   0.601728894E-01   0.387452397E-03
   0.116811454E+00   0.697988510E+00   0.977422670E-01   0.125581759E-02
   0.863021836E-01   0.518327653E+00   0.106596373E+00   0.204590755E-02
   0.593256094E-01   0.358996540E+00   0.954510570E-01   0.242308504E-02
   0.391813815E-01   0.239711523E+00   0.764289424E-01   0.241913903E-02
   0.255332217E-01   0.158385977E+00   0.574885048E-01   0.216786470E-02
   0.168082714E-01   0.106006667E+00   0.421403460E-01   0.184114708E-02
   0.113480529E-01   0.729178861E-01   0.308401268E-01   0.154131651E-02
   0.794075895E-02   0.519709960E-01   0.229306668E-01   0.128823821E-02
   0.576969981E-02   0.384041891E-01   0.174697023E-01   0.110054587E-02
   0.434985803E-02   0.293504186E-01   0.136996619E-01   0.961163198E-03
   0.337836868E-02   0.230155159E-01   0.110148303E-01   0.849109434E-03
   0.268055359E-02   0.183755867E-01   0.902361237E-02   0.758237264E-03
   0.215685042E-02   0.148311611E-01   0.748210959E-02   0.683030928E-03
   0.174741086E-02   0.120248208E-01   0.623210939E-02   0.614241872E-03
   0.141888042E-02   0.975725427E-02   0.519321393E-02   0.545830000E-03
   0.115013565E-02   0.789195392E-02   0.430910382E-02   0.483297510E-03
   0.928328722E-03   0.635466399E-02   0.355404988E-02   0.421796198E-03
   0.745174068E-03   0.508443685E-02   0.290857535E-02   0.362897001E-03
   0.591564749E-03   0.402478175E-02   0.234557898E-02   0.306354224E-03
   0.466943282E-03   0.316530350E-02   0.187866110E-02   0.256872125E-03
   0.362975377E-03   0.245473743E-02   0.147568178E-02   0.209964783E-03
   0.279681874E-03   0.188669679E-02   0.114705658E-02   0.169346255E-03
   0.211588995E-03   0.142759120E-02   0.871900527E-03   0.132444780E-03
   0.158421011E-03   0.106822595E-02   0.653986470E-03   0.102105580E-03
   0.116531250E-03   0.786175369E-03   0.479451148E-03   0.771540144E-04
   0.838003543E-04   0.567057403E-03   0.341169740E-03   0.563831745E-04
   0.593025979E-04   0.403667800E-03   0.237910077E-03   0.398164448E-04
   0.409338572E-04   0.280631677E-03   0.159783798E-03   0.270740420E-04
   0.278642165E-04   0.192940861E-03   0.105142222E-03   0.179527069E-04
   0.184245073E-04   0.129145497E-03   0.657049677E-04   0.112285770E-04
   0.117590862E-04   0.840949651E-04   0.382971775E-04   0.645156342E-05
   0.729942667E-05   0.539814828E-04   0.207521007E-04   0.340800352E-05
   0.457083570E-05   0.345754597E-04   0.107739043E-04   0.172995556E-05
   0.275914499E-05   0.216629669E-04   0.448752007E-05   0.717904356E-06
   0.170622593E-05   0.140797347E-04   0.132699688E-05   0.422309029E-06
   0.114908676E-05   0.964077390E-05   0.234360069E-07   0.493921732E-06
   0.905804654E-06   0.727252973E-05  -0.211545526E-06   0.786893509E-06
   0.792512651E-06   0.596204472E-05  -0.808921286E-07   0.112393320E-05
   0.775593548E-06   0.536130619E-05   0.288850742E-06   0.147655066E-05
   0.820823175E-06   0.512446150E-05   0.493812252E-06   0.184469934E-05
   0.864878302E-06   0.482173300E-05   0.290157999E-06   0.209260452E-05
   0.982339088E-06   0.479906794E-05   0.113454924E-06   0.236235633E-05
   0.109258804E-05   0.473420869E-05  -0.201930447E-06   0.253336270E-05
   0.120013328E-05   0.467028349E-05  -0.450769761E-06   0.261760897E-05
   0.127218539E-05   0.448007359E-05  -0.782657196E-06   0.257793999E-05
   0.131126569E-05   0.422682933E-05  -0.112614919E-05   0.244631951E-05
   0.144053843E-05   0.413475618E-05  -0.123758275E-05   0.230748356E-05
   0.137466975E-05   0.374395449E-05  -0.106137156E-05   0.191733125E-05
   0.152621715E-05   0.371079750E-05  -0.814869168E-06   0.162859874E-05
   0.168489646E-05   0.364163157E-05  -0.486531064E-06   0.117824948E-05
   0.213719409E-05   0.404853063E-05  -0.270772233E-06   0.829252940E-06
   0.304587206E-05   0.506278002E-05  -0.658055626E-06   0.544228328E-06
   0.478276615E-05   0.736113816E-05  -0.234979439E-05   0.571041653E-06
   0.760813282E-05   0.110876581E-04  -0.554703365E-05   0.840815403E-06
   0.123932741E-04   0.174565030E-04  -0.121528610E-04   0.171988563E-05
   0.203323852E-04   0.280346740E-04  -0.244908751E-04   0.358393095E-05
   0.322736814E-04   0.441605662E-04  -0.439298346E-04   0.655021813E-05
   0.499177186E-04   0.678004508E-04  -0.732806948E-04   0.111352156E-04
   0.749263054E-04   0.101089609E-03  -0.114821225E-03   0.175118457E-04
   0.109504108E-03   0.146994207E-03  -0.171882071E-03   0.262963094E-04
   0.155691814E-03   0.208556259E-03  -0.246888580E-03   0.374672818E-04
   0.218229776E-03   0.292489596E-03  -0.348418107E-03   0.515915963E-04
   0.301798078E-03   0.404201885E-03  -0.482089876E-03   0.701377285E-04
   0.408107095E-03   0.547313830E-03  -0.647262204E-03   0.916644203E-04
   0.543887494E-03   0.729354389E-03  -0.851306308E-03   0.117179341E-03
   0.711521134E-03   0.956433534E-03  -0.109404675E-02   0.146217091E-03
   0.919108861E-03   0.123958371E-02  -0.138416619E-02   0.179785784E-03
   0.117197994E-02   0.158848136E-02  -0.172390160E-02   0.214491432E-03
   0.147617888E-02   0.200990750E-02  -0.211197184E-02   0.254444283E-03
   0.184041518E-02   0.252378709E-02  -0.255821669E-02   0.295888924E-03
   0.227443967E-02   0.314319413E-02  -0.306538702E-02   0.339532708E-03
   0.278329547E-02   0.388185680E-02  -0.362729095E-02   0.385107443E-03
   0.339215086E-02   0.477733510E-02  -0.427377224E-02   0.435675960E-03
   0.411847048E-02   0.586491125E-02  -0.501326052E-02   0.485728553E-03
   0.500317290E-02   0.720831705E-02  -0.588667952E-02   0.538808294E-03
   0.610856432E-02   0.890584011E-02  -0.695547229E-02   0.607291120E-03
   0.754231308E-02   0.111249788E-01  -0.832557213E-02   0.683288614E-03
   0.948772393E-02   0.141488649E-01  -0.101689510E-01   0.780605478E-03
   0.122566856E-01   0.184594020E-01  -0.127483876E-01   0.901973923E-03
   0.163757522E-01   0.248761531E-01  -0.164545756E-01   0.105851819E-02
   0.227218792E-01   0.347785726E-01  -0.218138788E-01   0.125242025E-02
   0.326357931E-01   0.503102280E-01  -0.293618310E-01   0.147741998E-02
   0.481901877E-01   0.748254582E-01  -0.395180918E-01   0.170355861E-02
   0.720251799E-01   0.112643048E+00  -0.518305600E-01   0.185038010E-02
   0.106630951E+00   0.167944774E+00  -0.639756471E-01   0.181271113E-02
   0.152277112E+00   0.241390616E+00  -0.706992820E-01   0.149244990E-02
   0.203296646E+00   0.323953927E+00  -0.643135011E-01   0.900652842E-03
   0.245971158E+00   0.393271357E+00  -0.394101888E-01   0.274905440E-03
   0.262891859E+00   0.420873612E+00  -0.967954321E-07   0.000000000E+00
