   0.344422442E-03   0.110049294E-01   0.000000000E+00   0.000000000E+00
   0.340018014E-03   0.106661841E-01   0.137861783E-02   0.792246101E-05
   0.327762915E-03   0.973085314E-02   0.250857417E-02   0.287561816E-04
   0.309819879E-03   0.842724275E-02   0.324722985E-02   0.559743639E-04
   0.288492854E-03   0.699791638E-02   0.358461658E-02   0.819320558E-04
   0.265751412E-03   0.563269015E-02   0.360142672E-02   0.102832557E-03
   0.242204274E-03   0.443815161E-02   0.340220984E-02   0.116166906E-03
   0.218325295E-03   0.345083512E-02   0.308213127E-02   0.122226716E-03
   0.193499291E-03   0.265726843E-02   0.269877817E-02   0.122448648E-03
   0.168234779E-03   0.203202059E-02   0.229922868E-02   0.117071482E-03
   0.142913646E-03   0.154234574E-02   0.190873118E-02   0.107618878E-03
   0.117925498E-03   0.115780835E-02   0.154008332E-02   0.949808018E-04
   0.943965424E-04   0.856755301E-03   0.120755984E-02   0.807244578E-04
   0.731634791E-04   0.623086758E-03   0.919082260E-03   0.661670565E-04
   0.543595124E-04   0.439293828E-03   0.671627175E-03   0.519693567E-04
   0.387706241E-04   0.300142681E-03   0.471900421E-03   0.388612279E-04
   0.263392794E-04   0.196719353E-03   0.316094694E-03   0.275207312E-04
   0.169358991E-04   0.122244412E-03   0.200211056E-03   0.183839293E-04
   0.100017269E-04   0.697034629E-04   0.116079733E-03   0.111758018E-04
   0.553167774E-05   0.369126865E-04   0.627702539E-04   0.634161097E-05
   0.278195307E-05   0.176695939E-04   0.306232723E-04   0.321949938E-05
   0.116853914E-05   0.670857753E-05   0.121499634E-04   0.132610342E-05
   0.364796307E-06   0.177142067E-05   0.335888058E-05   0.385907811E-06
   0.113239345E-06   0.538663926E-06   0.949078583E-06   0.125541419E-06
   0.550485275E-07   0.587631291E-06   0.717962280E-06   0.976750485E-07
   0.941061771E-07   0.104654816E-05   0.138810242E-05   0.198033305E-06
   0.147412337E-06   0.155988198E-05   0.214895999E-05   0.300768733E-06
   0.179135654E-06   0.178810285E-05   0.254224960E-05   0.355482968E-06
   0.149157273E-06   0.145106605E-05   0.208612778E-05   0.300766430E-06
   0.138046005E-06   0.129514115E-05   0.189093760E-05   0.270976557E-06
   0.115842468E-06   0.108861025E-05   0.159923400E-05   0.242024555E-06
   0.684823931E-07   0.633061973E-06   0.943792486E-06   0.145304583E-06
   0.412885335E-07   0.388841471E-06   0.566240828E-06   0.911754654E-07
   0.257378581E-07   0.239687012E-06   0.356389847E-06   0.582123398E-07
   0.115332730E-07   0.107113983E-06   0.161344673E-06   0.275125736E-07
   0.331675132E-08   0.324456195E-07   0.467927066E-07   0.844725800E-08
   0.888293883E-09   0.737465555E-08   0.893283669E-08   0.168496572E-08
   0.533788846E-09   0.764563524E-09  -0.609012396E-09  -0.320218990E-10
   0.227975180E-09   0.264128119E-08   0.322446780E-08   0.945856393E-09
   0.262979349E-08   0.163612182E-07   0.245929268E-07   0.467923122E-08
   0.130535949E-08   0.152850106E-07   0.194804599E-07   0.547171730E-08
   0.240218090E-08   0.148709649E-07   0.982465842E-08   0.690437929E-08
   0.315937432E-08   0.167903469E-07   0.360032559E-08   0.872117134E-08
   0.283474733E-08   0.206344044E-07   0.214808971E-07   0.838970227E-08
   0.518154453E-08   0.209920881E-07  -0.112069367E-07   0.122785435E-07
   0.451179050E-08   0.252745842E-07   0.891723229E-08   0.126548541E-07
   0.258852029E-08   0.152914694E-07  -0.494781816E-08   0.940553679E-08
   0.362716990E-08   0.127071855E-07  -0.261672799E-07   0.939183842E-08
   0.308006842E-08   0.968135794E-08  -0.200617762E-07   0.696675739E-08
   0.839669578E-08   0.182715389E-07  -0.474219704E-07   0.119737482E-07
   0.119139658E-07   0.223698002E-07  -0.788996175E-07   0.144691326E-07
   0.385130594E-08   0.712227877E-08  -0.258478945E-07   0.452433468E-08
   0.253991495E-08   0.405767731E-08  -0.138374503E-07   0.233037523E-08
   0.683502421E-09   0.865124472E-09  -0.307821391E-08   0.195706146E-09
   0.389078947E-08   0.710665393E-08  -0.259225104E-07   0.414747614E-08
   0.115388943E-07   0.215755804E-07  -0.740168176E-07   0.108624452E-07
   0.537012532E-07   0.945925933E-07  -0.348713314E-06   0.539765104E-07
   0.114237260E-06   0.202855347E-06  -0.740559472E-06   0.117033430E-06
   0.186536241E-06   0.325989333E-06  -0.119114168E-05   0.182039514E-06
   0.317609874E-06   0.545012767E-06  -0.199445776E-05   0.298533678E-06
   0.479794380E-06   0.807841104E-06  -0.295628865E-05   0.430238742E-06
   0.668173755E-06   0.109042992E-05  -0.401365605E-05   0.569182475E-06
   0.795479878E-06   0.128254624E-05  -0.468204280E-05   0.651730772E-06
   0.813074791E-06   0.128044735E-05  -0.464450477E-05   0.630953934E-06
   0.752459982E-06   0.116559170E-05  -0.414616625E-05   0.547525303E-06
   0.491531523E-06   0.753773236E-06  -0.258169644E-05   0.340487162E-06
   0.267234924E-06   0.386840924E-06  -0.128671104E-05   0.166462797E-06
   0.298990074E-06   0.382837300E-06  -0.159032106E-05   0.208769350E-06
   0.110682026E-05   0.141153259E-05  -0.618253489E-05   0.738452798E-06
   0.392458969E-05   0.508230642E-05  -0.214597003E-04   0.241849716E-05
   0.933304455E-05   0.119195020E-04  -0.492768741E-04   0.529683439E-05
   0.194123058E-04   0.244467283E-04  -0.990735862E-04   0.101171699E-04
   0.370021953E-04   0.457183269E-04  -0.182254371E-03   0.177526581E-04
   0.635441174E-04   0.770011466E-04  -0.301499880E-03   0.278789339E-04
   0.100715159E-03   0.119819480E-03  -0.458956027E-03   0.401635225E-04
   0.152073451E-03   0.178098169E-03  -0.663579092E-03   0.545592775E-04
   0.218046611E-03   0.251802907E-03  -0.906016270E-03   0.697678624E-04
   0.303835754E-03   0.347608788E-03  -0.119584310E-02   0.854066384E-04
   0.409861037E-03   0.466403639E-03  -0.151629513E-02   0.999831318E-04
   0.539047353E-03   0.613147218E-03  -0.185605825E-02   0.112304253E-03
   0.697999494E-03   0.797558809E-03  -0.221218355E-02   0.122361103E-03
   0.892543292E-03   0.102971005E-02  -0.257046265E-02   0.127902487E-03
   0.113033142E-02   0.132129050E-02  -0.290981540E-02   0.128846339E-03
   0.142317405E-02   0.168849644E-02  -0.321560353E-02   0.125166785E-03
   0.178056723E-02   0.214447104E-02  -0.345071917E-02   0.115795578E-03
   0.220575975E-02   0.269234972E-02  -0.356622343E-02   0.100030600E-03
   0.268906588E-02   0.331901968E-02  -0.348300929E-02   0.788985708E-04
   0.319229672E-02   0.397390174E-02  -0.311020436E-02   0.532962622E-04
   0.364729599E-02   0.456523802E-02  -0.237707398E-02   0.270989494E-04
   0.397191709E-02   0.498970598E-02  -0.129807892E-02   0.746263231E-05
   0.408888329E-02   0.514138956E-02  -0.372929243E-08   0.000000000E+00
