   0.292195618E-03   0.132948114E-01   0.000000000E+00   0.000000000E+00
   0.294733443E-03   0.129988380E-01   0.180877710E-02   0.105015288E-04
   0.301600609E-03   0.121599445E-01   0.338476151E-02   0.392242146E-04
   0.310074131E-03   0.109339636E-01   0.456602499E-02   0.791265265E-04
   0.317151949E-03   0.950535759E-02   0.529471925E-02   0.122150028E-03
   0.319620245E-03   0.803263951E-02   0.559634250E-02   0.159967982E-03
   0.315072451E-03   0.664359704E-02   0.554347178E-02   0.189975166E-03
   0.303467328E-03   0.540286303E-02   0.524241431E-02   0.208793237E-03
   0.284468260E-03   0.433628168E-02   0.477537047E-02   0.215358887E-03
   0.258403452E-03   0.343651674E-02   0.420217542E-02   0.212780287E-03
   0.226480595E-03   0.268260459E-02   0.357210985E-02   0.198998605E-03
   0.193194341E-03   0.207101577E-02   0.296139065E-02   0.180966657E-03
   0.158871495E-03   0.156829902E-02   0.237482367E-02   0.158053139E-03
   0.125659149E-03   0.116005843E-02   0.183808117E-02   0.131560228E-03
   0.956419171E-04   0.835626211E-03   0.137295923E-02   0.105188825E-03
   0.692863905E-04   0.578649109E-03   0.978021068E-03   0.796633394E-04
   0.479469672E-04   0.384452695E-03   0.666096981E-03   0.576823368E-04
   0.313488854E-04   0.242585069E-03   0.428686122E-03   0.390340610E-04
   0.190821847E-04   0.142296529E-03   0.256388856E-03   0.245768169E-04
   0.108542954E-04   0.778196336E-04   0.142824501E-03   0.142842318E-04
   0.530994294E-05   0.357359640E-04   0.674190669E-04   0.700617738E-05
   0.221448795E-05   0.135864702E-04   0.265333874E-04   0.284811972E-05
   0.837836012E-06   0.457188298E-05   0.927905330E-05   0.104245817E-05
   0.228555308E-06   0.116461115E-05   0.221859545E-05   0.245761214E-06
   0.125720476E-06   0.137769348E-05   0.181850771E-05   0.225200580E-06
   0.213972100E-06   0.254222982E-05   0.363678237E-05   0.513279815E-06
   0.302665569E-06   0.332731224E-05   0.501100612E-05   0.696435791E-06
   0.399884215E-06   0.417247702E-05   0.650740594E-05   0.913377107E-06
   0.414551351E-06   0.419974549E-05   0.667226914E-05   0.965817435E-06
   0.371510168E-06   0.368167434E-05   0.594183439E-05   0.880736650E-06
   0.248237029E-06   0.241690441E-05   0.392019729E-05   0.586194801E-06
   0.192598620E-06   0.186099385E-05   0.302404874E-05   0.462259266E-06
   0.130619327E-06   0.123369489E-05   0.200205909E-05   0.303129525E-06
   0.726354727E-07   0.702427712E-06   0.114958334E-05   0.185901897E-06
   0.325051772E-07   0.315827521E-06   0.524975121E-06   0.929305983E-07
   0.137961305E-07   0.123771159E-06   0.203369723E-06   0.303434113E-07
   0.665761846E-08   0.584303628E-07   0.967634435E-07   0.141549581E-07
   0.228212915E-08   0.115865237E-07   0.134137172E-07   0.117381038E-08
   0.830107982E-09   0.125478739E-08  -0.431915348E-08   0.288349206E-09
   0.982374404E-09   0.690474922E-08   0.573651038E-08   0.328574168E-08
   0.416954338E-08   0.314667474E-07   0.251658712E-07   0.156950772E-07
   0.283877144E-08   0.261903264E-07   0.261522235E-07   0.126227198E-07
   0.451075000E-08   0.320321583E-07  -0.333951800E-08   0.201348698E-07
   0.392719635E-08   0.316051256E-07  -0.134102711E-07   0.217043041E-07
   0.111516840E-07   0.762255468E-07   0.506503426E-07   0.383358660E-07
   0.117329444E-07   0.600891141E-07  -0.255073012E-07   0.368349014E-07
   0.856752980E-08   0.481623168E-07  -0.258101167E-07   0.311298187E-07
   0.557215785E-08   0.358041703E-07  -0.178312813E-07   0.237982718E-07
   0.802500466E-08   0.359620032E-07  -0.438717258E-07   0.245742253E-07
   0.107315623E-07   0.357319934E-07  -0.728924832E-07   0.245854554E-07
   0.102914406E-07   0.276976593E-07  -0.765986812E-07   0.186477269E-07
   0.215400320E-08   0.764696395E-08  -0.108309983E-07   0.495950481E-08
   0.150408486E-08   0.333741168E-08  -0.981976900E-08   0.108000853E-08
   0.358115160E-08   0.757727836E-08  -0.160573439E-07   0.860393090E-09
   0.207925108E-07   0.487412848E-07  -0.177913563E-06   0.298973255E-07
   0.533219655E-07   0.120617969E-06  -0.446671379E-06   0.692644591E-07
   0.990701778E-07   0.226972318E-06  -0.831518264E-06   0.132094840E-06
   0.222955833E-06   0.508445794E-06  -0.185187400E-05   0.287539933E-06
   0.482502969E-06   0.106128357E-05  -0.392837228E-05   0.607374488E-06
   0.687218289E-06   0.151719962E-05  -0.553763266E-05   0.824191090E-06
   0.933987963E-06   0.202061119E-05  -0.739697862E-05   0.108832751E-05
   0.117895388E-05   0.250298967E-05  -0.915300279E-05   0.131943466E-05
   0.141948783E-05   0.295100131E-05  -0.107509677E-04   0.149380878E-05
   0.141730663E-05   0.289542686E-05  -0.104724668E-04   0.146203183E-05
   0.120814582E-05   0.243941986E-05  -0.861650369E-05   0.115704927E-05
   0.836258835E-06   0.165635890E-05  -0.568349287E-05   0.777572950E-06
   0.488523540E-06   0.920038417E-06  -0.296216740E-05   0.395503434E-06
   0.527856628E-06   0.864782749E-06  -0.343532975E-05   0.462777393E-06
   0.222094127E-05   0.367291136E-05  -0.156917558E-04   0.188249476E-05
   0.621784238E-05   0.101273181E-04  -0.427801278E-04   0.486247654E-05
   0.154290065E-04   0.250767935E-04  -0.103471364E-03   0.112031157E-04
   0.316630139E-04   0.506281795E-04  -0.205629651E-03   0.212983414E-04
   0.577583814E-04   0.910359813E-04  -0.363096362E-03   0.356607525E-04
   0.965892905E-04   0.149528205E-03  -0.585730362E-03   0.546566407E-04
   0.153578309E-03   0.233893894E-03  -0.896872662E-03   0.791344864E-04
   0.227775919E-03   0.341837120E-03  -0.127599982E-02   0.105880790E-03
   0.322795124E-03   0.478651171E-03  -0.172658789E-02   0.134208502E-03
   0.437743816E-03   0.643693609E-03  -0.222288026E-02   0.160943062E-03
   0.578530540E-03   0.847632356E-03  -0.277125323E-02   0.186310630E-03
   0.747061626E-03   0.109654292E-02  -0.335077546E-02   0.206948156E-03
   0.939085323E-03   0.138861500E-02  -0.390009349E-02   0.219591704E-03
   0.116355310E-02   0.174197450E-02  -0.442269584E-02   0.224230185E-03
   0.141757890E-02   0.215671468E-02  -0.485278480E-02   0.221185604E-03
   0.170889194E-02   0.264848210E-02  -0.517584663E-02   0.207371180E-03
   0.203501200E-02   0.321461703E-02  -0.532237301E-02   0.183817960E-03
   0.239279983E-02   0.384702999E-02  -0.524814986E-02   0.152513036E-03
   0.276578288E-02   0.451483810E-02  -0.487364270E-02   0.114587900E-03
   0.312636211E-02   0.516364723E-02  -0.414700015E-02   0.735408394E-04
   0.343202753E-02   0.571736135E-02  -0.304356660E-02   0.362950232E-04
   0.364201213E-02   0.609586854E-02  -0.161709043E-02   0.962875129E-05
   0.371391932E-02   0.622690748E-02  -0.440132153E-08   0.000000000E+00
