   0.192452790E-03   0.103627425E-01  -0.290948212E-11   0.000000000E+00
   0.194639055E-03   0.101046683E-01   0.135134091E-02   0.769290455E-05
   0.200404000E-03   0.937522668E-02   0.250210078E-02   0.284833040E-04
   0.207500125E-03   0.831840467E-02   0.332137896E-02   0.563956601E-04
   0.213113628E-03   0.710256910E-02   0.376914442E-02   0.849394928E-04
   0.214819782E-03   0.587980542E-02   0.388472155E-02   0.109027074E-03
   0.211451363E-03   0.474360771E-02   0.374843134E-02   0.124828453E-03
   0.202263735E-03   0.374853960E-02   0.344062806E-02   0.132870628E-03
   0.186770834E-03   0.291128852E-02   0.302614435E-02   0.132678440E-03
   0.167117483E-03   0.222541997E-02   0.257397606E-02   0.125891864E-03
   0.143993224E-03   0.166993518E-02   0.211243215E-02   0.114228802E-03
   0.119969423E-03   0.123144977E-02   0.168272713E-02   0.996008894E-04
   0.953034905E-04   0.883091299E-03   0.128335739E-02   0.821897702E-04
   0.727914448E-04   0.616212899E-03   0.943907537E-03   0.649674330E-04
   0.532013546E-04   0.415605435E-03   0.665630447E-03   0.489272497E-04
   0.368057845E-04   0.267337105E-03   0.444088364E-03   0.347627320E-04
   0.240707977E-04   0.162990706E-03   0.279180909E-03   0.230193218E-04
   0.143559801E-04   0.907192225E-04   0.158181865E-03   0.136358276E-04
   0.804461706E-05   0.467966238E-04   0.829701603E-04   0.746587375E-05
   0.397644271E-05   0.209382906E-04   0.368329238E-04   0.342462863E-05
   0.168813449E-05   0.792712581E-05   0.127753801E-04   0.119217930E-05
   0.548601975E-06   0.256800649E-05   0.232524849E-05   0.189124933E-06
   0.143827364E-06   0.150150265E-05   0.519273300E-07  -0.590088378E-08
   0.903658588E-07   0.205311153E-05   0.113014835E-05   0.150851065E-06
   0.161091151E-06   0.309783331E-05   0.312964130E-05   0.414998368E-06
   0.230047732E-06   0.353116070E-05   0.434748335E-05   0.585587259E-06
   0.269899004E-06   0.357727890E-05   0.484001885E-05   0.652184042E-06
   0.245199118E-06   0.298962095E-05   0.422566154E-05   0.585061002E-06
   0.220500709E-06   0.254529755E-05   0.373549233E-05   0.531890976E-06
   0.164413152E-06   0.181628775E-05   0.275521575E-05   0.397490027E-06
   0.111419240E-06   0.122023232E-05   0.189000866E-05   0.287886962E-06
   0.510537426E-07   0.575194463E-06   0.886948328E-06   0.148249143E-06
   0.278945134E-07   0.316735907E-06   0.488345336E-06   0.847023998E-07
   0.111054872E-07   0.121951516E-06   0.178256983E-06   0.302676746E-07
   0.685242574E-08   0.791565071E-07   0.120959072E-06   0.239599149E-07
   0.799208810E-09   0.886076812E-08   0.913920939E-08   0.239965425E-08
   0.293992081E-09   0.210551421E-08   0.287148194E-08   0.769682929E-09
   0.825172097E-09   0.562192737E-08   0.108431610E-07   0.163933822E-08
   0.236066788E-08   0.188718108E-07   0.288141937E-07   0.479631268E-08
   0.152262003E-08   0.125358453E-07   0.198844141E-07   0.321669558E-08
   0.275941336E-08   0.221071144E-07   0.365072594E-07   0.729237959E-08
   0.791638255E-09   0.100389705E-07   0.130891040E-07   0.434044756E-08
   0.116805410E-08   0.143501380E-07   0.210530029E-07   0.549112400E-08
   0.399870315E-08   0.279076815E-07   0.191158325E-07   0.136561260E-07
   0.830034486E-09   0.107666578E-07   0.546484280E-08   0.622982643E-08
   0.604628436E-08   0.241329161E-07  -0.372843978E-07   0.163901195E-07
   0.732574712E-08   0.246804763E-07  -0.554738158E-07   0.173996106E-07
   0.908035869E-08   0.242275586E-07  -0.825000228E-07   0.171224670E-07
   0.154392161E-07   0.385247745E-07  -0.133865115E-06   0.266951332E-07
   0.132814151E-07   0.351524108E-07  -0.122408849E-06   0.222287131E-07
   0.108243663E-07   0.262817537E-07  -0.966478879E-07   0.161170135E-07
   0.826284996E-08   0.181034956E-07  -0.691534510E-07   0.119412009E-07
   0.898229136E-08   0.186733544E-07  -0.738599368E-07   0.120454215E-07
   0.187029414E-08   0.349622997E-08  -0.147128665E-07   0.218797336E-08
   0.131658806E-08   0.354647312E-08  -0.120592221E-07   0.223706254E-08
   0.272505196E-08   0.766330643E-08  -0.239155984E-07   0.521941423E-08
   0.209477573E-07   0.472360995E-07  -0.172855152E-06   0.291493034E-07
   0.555740876E-07   0.125282654E-06  -0.458903855E-06   0.759152883E-07
   0.150013776E-06   0.326429472E-06  -0.121033679E-05   0.186327483E-06
   0.241449186E-06   0.510106588E-06  -0.190622734E-05   0.298004153E-06
   0.480615597E-06   0.988541274E-06  -0.370955740E-05   0.552655024E-06
   0.681333063E-06   0.136406675E-05  -0.509323672E-05   0.713207839E-06
   0.976273554E-06   0.190617504E-05  -0.707058871E-05   0.967392793E-06
   0.121167113E-05   0.231066383E-05  -0.842832469E-05   0.112552618E-05
   0.132685898E-05   0.248085144E-05  -0.871080647E-05   0.112840473E-05
   0.127371243E-05   0.233013179E-05  -0.758110218E-05   0.938380197E-06
   0.110926158E-05   0.194370136E-05  -0.545680268E-05   0.681710162E-06
   0.757038777E-06   0.118000116E-05  -0.204697017E-05   0.269748028E-06
   0.709808489E-06   0.835544540E-06  -0.645794785E-06   0.132616265E-06
   0.162973026E-05   0.189123659E-05  -0.557594376E-05   0.728671353E-06
   0.463198876E-05   0.584138161E-05  -0.231645045E-04   0.261772425E-05
   0.112721282E-04   0.148188774E-04  -0.619274724E-04   0.647434945E-05
   0.236631840E-04   0.313842284E-04  -0.131618493E-03   0.129575992E-04
   0.450932639E-04   0.597529324E-04  -0.247970398E-03   0.229442085E-04
   0.776847373E-04   0.102100959E-03  -0.414746813E-03   0.361942075E-04
   0.123884398E-03   0.161363481E-03  -0.634891447E-03   0.519809655E-04
   0.187526006E-03   0.242730937E-03  -0.916789810E-03   0.698871445E-04
   0.271417404E-03   0.349742739E-03  -0.125673774E-02   0.891126256E-04
   0.376296201E-03   0.484633812E-03  -0.163531909E-02   0.107562359E-03
   0.506845536E-03   0.655816926E-03  -0.205214811E-02   0.123790305E-03
   0.665160012E-03   0.869206444E-03  -0.248205266E-02   0.136273768E-03
   0.854114711E-03   0.113156217E-02  -0.290224236E-02   0.144247824E-03
   0.107966247E-02   0.145426823E-02  -0.329680089E-02   0.147057406E-03
   0.134223781E-02   0.184099190E-02  -0.361487060E-02   0.142086268E-03
   0.164706376E-02   0.229920330E-02  -0.383044174E-02   0.130755769E-03
   0.198838930E-02   0.281934533E-02  -0.387928798E-02   0.111790578E-03
   0.235201209E-02   0.337781501E-02  -0.369460089E-02   0.860448054E-04
   0.271132891E-02   0.393202016E-02  -0.321058650E-02   0.567737334E-04
   0.301892031E-02   0.440730853E-02  -0.239471346E-02   0.284467169E-04
   0.323327398E-02   0.473811943E-02  -0.128610758E-02   0.767144866E-05
   0.330945943E-02   0.485585909E-02  -0.332336980E-08   0.000000000E+00
