   0.377164574E+02   0.237929840E+03   0.000000000E+00   0.000000000E+00
   0.181429596E+02   0.114433029E+03   0.571025038E+01   0.372401960E-01
   0.462148952E+01   0.291298580E+02   0.293725443E+01   0.385536253E-01
   0.123298001E+01   0.775937796E+01   0.119618106E+01   0.238323733E-01
   0.376981169E+00   0.236415505E+01   0.500817776E+00   0.135668200E-01
   0.128050506E+00   0.797313869E+00   0.220355541E+00   0.769563811E-02
   0.470438302E-01   0.288943350E+00   0.100918151E+00   0.443182886E-02
   0.187940318E-01   0.112776898E+00   0.478260405E-01   0.261618965E-02
   0.863787532E-02   0.503661968E-01   0.236554630E-01   0.160998246E-02
   0.500592636E-02   0.287958421E-01   0.126114860E-01   0.104922696E-02
   0.374277378E-02   0.219213013E-01   0.765722059E-02   0.743439130E-03
   0.329663930E-02   0.199764688E-01   0.550353387E-02   0.587577117E-03
   0.307955896E-02   0.192847513E-01   0.459523825E-02   0.499857822E-03
   0.289243553E-02   0.186187979E-01   0.419567060E-02   0.449259271E-03
   0.267611211E-02   0.176160056E-01   0.396283017E-02   0.418043637E-03
   0.242118374E-02   0.162376538E-01   0.373734115E-02   0.391580659E-03
   0.214768015E-02   0.146513181E-01   0.348609197E-02   0.365229149E-03
   0.186790864E-02   0.129499361E-01   0.319181639E-02   0.336178433E-03
   0.159643183E-02   0.112121142E-01   0.285674375E-02   0.306792761E-03
   0.134407345E-02   0.956808683E-02   0.251497049E-02   0.275102706E-03
   0.111486530E-02   0.804488175E-02   0.217444892E-02   0.241981164E-03
   0.912306015E-03   0.666113710E-02   0.184341404E-02   0.209651000E-03
   0.737991533E-03   0.545662502E-02   0.154224492E-02   0.178754184E-03
   0.588998140E-03   0.439997762E-02   0.126282161E-02   0.149577245E-03
   0.465160381E-03   0.351547590E-02   0.102232106E-02   0.123120641E-03
   0.364242558E-03   0.277813780E-02   0.816418789E-03   0.998518226E-04
   0.281643501E-03   0.216260785E-02   0.638091937E-03   0.792793653E-04
   0.214776665E-03   0.166535261E-02   0.490714796E-03   0.616261677E-04
   0.162317156E-03   0.127120398E-02   0.373181974E-03   0.469957886E-04
   0.121701014E-03   0.954832241E-03   0.277252810E-03   0.350764021E-04
   0.903105611E-04   0.711461762E-03   0.203700503E-03   0.255316245E-04
   0.665975385E-04   0.524218718E-03   0.147299492E-03   0.181530431E-04
   0.477940994E-04   0.378299534E-03   0.102271748E-03   0.122316233E-04
   0.349025904E-04   0.272119622E-03   0.712652691E-04   0.812081180E-05
   0.246637319E-04   0.192529478E-03   0.477516551E-04   0.502978446E-05
   0.175883870E-04   0.132519577E-03   0.304691603E-04   0.277132426E-05
   0.123143345E-04   0.915082710E-04   0.193342548E-04   0.138682230E-05
   0.884190649E-05   0.627690242E-04   0.121942403E-04   0.526593681E-06
   0.642029545E-05   0.419673306E-04   0.720072512E-05  -0.207734399E-07
   0.461623858E-05   0.278193093E-04   0.401755096E-05  -0.286920823E-06
   0.346580987E-05   0.179536091E-04   0.199094529E-05  -0.409812685E-06
   0.279173832E-05   0.116953242E-04   0.998387691E-06  -0.436273837E-06
   0.237797008E-05   0.745698981E-05   0.387621895E-06  -0.415926024E-06
   0.214876763E-05   0.472677721E-05   0.473002721E-07  -0.369085484E-06
   0.213342423E-05   0.319923925E-05  -0.472935753E-07  -0.328415098E-06
   0.223810525E-05   0.237284371E-05  -0.752276321E-07  -0.290999850E-06
   0.261594437E-05   0.215501609E-05  -0.126682153E-06  -0.279232921E-06
   0.321612515E-05   0.251009237E-05  -0.163161644E-06  -0.284266520E-06
   0.427842178E-05   0.360971148E-05  -0.440369973E-06  -0.276906235E-06
   0.603378203E-05   0.559879663E-05  -0.102859224E-05  -0.266201795E-06
   0.841418114E-05   0.845716477E-05  -0.186094007E-05  -0.225475176E-06
   0.119590477E-04   0.127331541E-04  -0.330558055E-05  -0.103030516E-06
   0.179217313E-04   0.202141564E-04  -0.682400196E-05   0.316900127E-06
   0.261500263E-04   0.306407892E-04  -0.118985363E-04   0.962706963E-06
   0.376602984E-04   0.448136088E-04  -0.189754246E-04   0.192259495E-05
   0.545509938E-04   0.657617784E-04  -0.304330624E-04   0.353558789E-05
   0.777606911E-04   0.945678767E-04  -0.466293095E-04   0.580452343E-05
   0.110367124E-03   0.134882779E-03  -0.702846592E-04   0.914095563E-05
   0.152819193E-03   0.187521422E-03  -0.100876641E-03   0.133281865E-04
   0.210713944E-03   0.257861393E-03  -0.142418212E-03   0.191044128E-04
   0.287904986E-03   0.351940194E-03  -0.198669892E-03   0.266550687E-04
   0.385592895E-03   0.472336134E-03  -0.269262149E-03   0.356387100E-04
   0.515135995E-03   0.628176262E-03  -0.361010985E-03   0.473465516E-04
   0.673724222E-03   0.821195310E-03  -0.470498926E-03   0.603739136E-04
   0.876911392E-03   0.106481975E-02  -0.607554452E-03   0.765827353E-04
   0.111929071E-02   0.135734538E-02  -0.764002732E-03   0.937017758E-04
   0.142292527E-02   0.171920785E-02  -0.954951684E-03   0.114062423E-03
   0.178044871E-02   0.214640331E-02  -0.116907340E-02   0.134761984E-03
   0.220662309E-02   0.265304931E-02  -0.141358224E-02   0.157113493E-03
   0.269596116E-02   0.323174824E-02  -0.167608075E-02   0.179047289E-03
   0.325177796E-02   0.388600933E-02  -0.195515784E-02   0.199548929E-03
   0.387166766E-02   0.461179996E-02  -0.224454165E-02   0.218052490E-03
   0.453898776E-02   0.538549572E-02  -0.252682017E-02   0.232363964E-03
   0.523942104E-02   0.619093282E-02  -0.279532652E-02   0.242109731E-03
   0.594871538E-02   0.699592289E-02  -0.304114097E-02   0.245877658E-03
   0.661833957E-02   0.773315178E-02  -0.324601145E-02   0.244193099E-03
   0.720773125E-02   0.835266337E-02  -0.342205027E-02   0.237051383E-03
   0.768298516E-02   0.880469568E-02  -0.361438910E-02   0.230385660E-03
   0.805782154E-02   0.908978563E-02  -0.394034712E-02   0.232795923E-03
   0.849722233E-02   0.939662289E-02  -0.467539905E-02   0.256771746E-03
   0.952610001E-02   0.103291124E-01  -0.638457434E-02   0.339941093E-03
   0.126074916E-01   0.136326170E-01  -0.102488426E-01   0.529643206E-03
   0.216004644E-01   0.239573978E-01  -0.187354311E-01   0.903553271E-03
   0.467342213E-01   0.537450425E-01  -0.371199362E-01   0.162680377E-02
   0.116303742E+00   0.137579501E+00  -0.771425664E-01   0.295019569E-02
   0.314547777E+00   0.378865331E+00  -0.166502044E+00   0.535192713E-02
   0.920235634E+00   0.112081373E+01  -0.375062287E+00   0.968455151E-02
   0.299298048E+01   0.367092299E+01  -0.889750242E+00   0.172776580E-01
   0.111625118E+02   0.137494669E+02  -0.217281842E+01   0.281462874E-01
   0.436151237E+02   0.538498383E+02  -0.420347595E+01   0.272402763E-01
   0.904064484E+02   0.111705605E+03  -0.199359583E-04   0.000000000E+00
