   0.904519053E-03   0.191015955E-01   0.336637274E-08   0.000000000E+00
   0.876369595E-03   0.183856655E-01   0.202663266E-02   0.117548461E-04
   0.802414725E-03   0.164932553E-01   0.360310986E-02   0.416667390E-04
   0.701363781E-03   0.139194019E-01   0.450171763E-02   0.784824733E-04
   0.595194520E-03   0.112039177E-01   0.476586213E-02   0.110735687E-03
   0.498160254E-03   0.873382948E-02   0.458925916E-02   0.133840236E-03
   0.416202733E-03   0.668448908E-02   0.417721597E-02   0.146098435E-03
   0.348952424E-03   0.505980756E-02   0.367108965E-02   0.149750966E-03
   0.293014193E-03   0.381683605E-02   0.315014250E-02   0.147388972E-03
   0.245892210E-03   0.287384307E-02   0.265613361E-02   0.139902753E-03
   0.205068907E-03   0.216213195E-02   0.220433041E-02   0.128851694E-03
   0.168346203E-03   0.161946297E-02   0.179277966E-02   0.114378745E-03
   0.135744296E-03   0.120470824E-02   0.142909377E-02   0.994155926E-04
   0.107226515E-03   0.887673057E-03   0.111549697E-02   0.840296634E-04
   0.825410389E-04   0.645414984E-03   0.849451928E-03   0.682105820E-04
   0.614793462E-04   0.458124239E-03   0.625992892E-03   0.537788328E-04
   0.440627773E-04   0.315676385E-03   0.444082194E-03   0.403287486E-04
   0.302788303E-04   0.209693346E-03   0.301946857E-03   0.288682058E-04
   0.199821261E-04   0.134314556E-03   0.197089714E-03   0.197388417E-04
   0.125552424E-04   0.817861364E-04   0.122186495E-03   0.128391557E-04
   0.728776104E-05   0.458189024E-04   0.695766867E-04   0.762711352E-05
   0.391579806E-05   0.235613934E-04   0.364085608E-04   0.416090143E-05
   0.186231182E-05   0.105060162E-04   0.165760539E-04   0.197150416E-05
   0.768893358E-06   0.390225478E-05   0.634809339E-05   0.786441774E-06
   0.253436610E-06   0.112310636E-05   0.181310077E-05   0.241643221E-06
   0.854394671E-07   0.443150782E-06   0.578063691E-06   0.895342538E-07
   0.552555868E-07   0.590892625E-06   0.620728656E-06   0.906798050E-07
   0.929240045E-07   0.990268404E-06   0.117393574E-05   0.170288189E-06
   0.134206914E-06   0.132743003E-05   0.166607515E-05   0.238995881E-06
   0.150693836E-06   0.140310203E-05   0.180771463E-05   0.254465931E-06
   0.152819013E-06   0.136874291E-05   0.181351436E-05   0.262915762E-06
   0.130395719E-06   0.113892509E-05   0.148450215E-05   0.212985711E-06
   0.104064853E-06   0.896463860E-06   0.119386743E-05   0.177084132E-06
   0.733256798E-07   0.621779805E-06   0.844226292E-06   0.127926569E-06
   0.488865908E-07   0.403640428E-06   0.552980737E-06   0.824423694E-07
   0.268852354E-07   0.213687457E-06   0.295460893E-06   0.421634034E-07
   0.147268722E-07   0.113231323E-06   0.158452821E-06   0.218133920E-07
   0.830909919E-08   0.502540516E-07   0.608624546E-07   0.659692478E-08
   0.524638999E-08   0.229919834E-07   0.172873165E-07   0.218850427E-08
   0.234532416E-08   0.392549548E-08  -0.779396714E-09  -0.752304274E-09
   0.342211748E-08   0.422162261E-08  -0.859571880E-08   0.123347199E-08
   0.340562378E-08   0.571414693E-08  -0.178487554E-07   0.359997321E-08
   0.296307934E-08   0.123672175E-07   0.277949730E-08   0.597401151E-08
   0.723364302E-08   0.162569034E-07  -0.410968397E-07   0.112927196E-07
   0.679685996E-08   0.208180921E-07  -0.811686629E-08   0.110413341E-07
   0.457489113E-08   0.158089488E-07  -0.179101605E-07   0.105480078E-07
   0.594958172E-08   0.199108836E-07  -0.163398006E-07   0.123187345E-07
   0.777846143E-08   0.216973319E-07  -0.137670977E-07   0.118227730E-07
   0.123563260E-08   0.120524870E-07   0.123784965E-07   0.475615503E-08
   0.293752156E-08   0.115353291E-07   0.124247315E-07   0.336073014E-08
   0.197608863E-08   0.796706612E-08   0.129290791E-07   0.861797855E-09
   0.274316636E-08   0.363999675E-08  -0.415127888E-08  -0.701647851E-09
   0.106726992E-07   0.149967008E-07  -0.463185721E-07   0.430606528E-08
   0.363517429E-07   0.534287636E-07  -0.179527376E-06   0.233556410E-07
   0.667037057E-07   0.102091796E-06  -0.339005737E-06   0.481814624E-07
   0.122261639E-06   0.187262827E-06  -0.625689495E-06   0.930018160E-07
   0.187019651E-06   0.283740548E-06  -0.952578603E-06   0.146196371E-06
   0.287261088E-06   0.435777054E-06  -0.144682053E-05   0.213966231E-06
   0.403081145E-06   0.599180396E-06  -0.200014574E-05   0.300686793E-06
   0.591617777E-06   0.877438936E-06  -0.289715967E-05   0.423544577E-06
   0.636516745E-06   0.923970219E-06  -0.304596779E-05   0.450640925E-06
   0.701505712E-06   0.101883791E-05  -0.328820511E-05   0.469720447E-06
   0.628632279E-06   0.893271476E-06  -0.283316490E-05   0.397034910E-06
   0.466688732E-06   0.654542077E-06  -0.198372959E-05   0.272366805E-06
   0.289980960E-06   0.383952596E-06  -0.107552478E-05   0.138965774E-06
   0.235712079E-06   0.265927014E-06  -0.850101969E-06   0.118337056E-06
   0.715437807E-06   0.819485706E-06  -0.311397343E-05   0.416317590E-06
   0.236559845E-05   0.275805473E-05  -0.104735891E-04   0.130865521E-05
   0.625334178E-05   0.730145666E-05  -0.272183188E-04   0.325130054E-05
   0.132996965E-04   0.154066693E-04  -0.563647009E-04   0.645421642E-05
   0.261003079E-04   0.299617132E-04  -0.107623768E-03   0.117675190E-04
   0.455440277E-04   0.515325737E-04  -0.181849027E-03   0.190035025E-04
   0.741929107E-04   0.827721888E-04  -0.285995717E-03   0.283589216E-04
   0.115001756E-03   0.126436804E-03  -0.426531857E-03   0.403408412E-04
   0.169288978E-03   0.183921613E-03  -0.601708656E-03   0.536728985E-04
   0.240235226E-03   0.258678425E-03  -0.814202416E-03   0.683493781E-04
   0.331955351E-03   0.355335331E-03  -0.106696330E-02   0.838641645E-04
   0.446908496E-03   0.477657799E-03  -0.135221286E-02   0.987333769E-04
   0.591021788E-03   0.633413554E-03  -0.166925124E-02   0.112757487E-03
   0.772520376E-03   0.833611237E-03  -0.201827870E-02   0.125563020E-03
   0.100141857E-02   0.109262276E-02  -0.239414000E-02   0.134978211E-03
   0.129196257E-02   0.142888841E-02  -0.279024499E-02   0.142432618E-03
   0.166668836E-02   0.187123939E-02  -0.320670707E-02   0.145923492E-03
   0.215202058E-02   0.245172926E-02  -0.363349169E-02   0.145909406E-03
   0.277839880E-02   0.320707681E-02  -0.403880281E-02   0.139599506E-03
   0.356268883E-02   0.415704120E-02  -0.435008993E-02   0.125997845E-03
   0.450199144E-02   0.529782521E-02  -0.444513233E-02   0.103653147E-03
   0.552658876E-02   0.654471200E-02  -0.414358731E-02   0.728573505E-04
   0.649615983E-02   0.772700785E-02  -0.328454166E-02   0.386960310E-04
   0.721049635E-02   0.860028807E-02  -0.183807896E-02   0.108761124E-04
   0.747311022E-02   0.892029237E-02  -0.430886171E-08   0.000000000E+00
