   0.560941815E-03   0.150288688E-01   0.202029482E-08   0.000000000E+00
   0.551925739E-03   0.145859607E-01   0.177280034E-02   0.103790762E-04
   0.527017866E-03   0.133753251E-01   0.323781837E-02   0.378981204E-04
   0.491260143E-03   0.116638020E-01   0.421362324E-02   0.739604875E-04
   0.449895830E-03   0.976507924E-02   0.467911409E-02   0.109238288E-03
   0.407674001E-03   0.792928133E-02   0.473255059E-02   0.137974421E-03
   0.366536260E-03   0.630709343E-02   0.450496282E-02   0.157446848E-03
   0.327320187E-03   0.494602276E-02   0.411463901E-02   0.167754333E-03
   0.288974814E-03   0.384424743E-02   0.363977347E-02   0.169023144E-03
   0.251677906E-03   0.296817627E-02   0.313841505E-02   0.163544275E-03
   0.215277469E-03   0.227736821E-02   0.264282362E-02   0.152567387E-03
   0.180637944E-03   0.173636980E-02   0.217876839E-02   0.137849318E-03
   0.147558196E-03   0.130809529E-02   0.174920529E-02   0.120387551E-03
   0.116999676E-03   0.970675901E-03   0.136539165E-02   0.100918201E-03
   0.898962317E-04   0.705746061E-03   0.103405933E-02   0.819114648E-04
   0.666229098E-04   0.499594142E-03   0.756294176E-03   0.639976715E-04
   0.473600521E-04   0.342247105E-03   0.531082682E-03   0.473208675E-04
   0.324842367E-04   0.226848162E-03   0.359805155E-03   0.338087993E-04
   0.208605343E-04   0.140917269E-03   0.227822384E-03   0.225767726E-04
   0.127937801E-04   0.835805331E-04   0.137561627E-03   0.142785284E-04
   0.706484389E-05   0.444382567E-04   0.742071497E-04   0.797973553E-05
   0.360833815E-05   0.214002466E-04   0.366591412E-04   0.410837947E-05
   0.157388740E-05   0.852635912E-05   0.151197983E-04   0.177203640E-05
   0.569218230E-06   0.262500134E-05   0.489264312E-05   0.594021117E-06
   0.183493015E-06   0.734973241E-06   0.136598862E-05   0.168107960E-06
   0.778445823E-07   0.611336247E-06   0.764593949E-06   0.985957840E-07
   0.110389500E-06   0.123521181E-05   0.152245673E-05   0.207846568E-06
   0.161057727E-06   0.167969085E-05   0.221946857E-05   0.317175648E-06
   0.215147026E-06   0.215129467E-05   0.294941105E-05   0.439649739E-06
   0.213603244E-06   0.204439516E-05   0.285994679E-05   0.428479353E-06
   0.190038520E-06   0.173154081E-05   0.247659773E-05   0.362851864E-06
   0.148389304E-06   0.134163361E-05   0.188704757E-05   0.281485541E-06
   0.115178466E-06   0.101262640E-05   0.145004378E-05   0.216025228E-06
   0.886265497E-07   0.763194691E-06   0.109236100E-05   0.162909387E-06
   0.477912572E-07   0.425032709E-06   0.614794828E-06   0.995797862E-07
   0.305414432E-07   0.240761523E-06   0.348533860E-06   0.476690936E-07
   0.126266775E-07   0.956581019E-07   0.142668100E-06   0.183497644E-07
   0.119645227E-07   0.735686569E-07   0.752989209E-07   0.123539179E-07
   0.303369374E-08   0.819117663E-08   0.918605103E-08  -0.121835131E-08
   0.362145247E-08   0.473346873E-08  -0.164643996E-07   0.100271225E-08
   0.391514909E-08   0.797459876E-08  -0.222515659E-07   0.523475796E-08
   0.468835903E-08   0.114363061E-07  -0.203079367E-07   0.722109306E-08
   0.465053152E-08   0.231934632E-07   0.822295032E-08   0.115697150E-07
   0.111434737E-07   0.361764663E-07  -0.267660472E-07   0.211200391E-07
   0.269393197E-08   0.236167352E-07   0.119257972E-07   0.125567388E-07
   0.999542227E-08   0.281489712E-07  -0.524341850E-07   0.191905478E-07
   0.466157868E-08   0.223370904E-07  -0.156441082E-07   0.147445238E-07
   0.269737588E-08   0.148361368E-07  -0.140129464E-07   0.105460121E-07
   0.795561217E-08   0.223523653E-07  -0.396405362E-07   0.149491139E-07
   0.108222431E-08   0.801429323E-08  -0.533885679E-10   0.490545560E-08
   0.638461950E-08   0.124890782E-07  -0.219209593E-07   0.636851993E-08
   0.942077971E-09   0.112072507E-08  -0.149264101E-09  -0.560791857E-09
   0.509328935E-08   0.104444666E-07  -0.135048763E-07   0.838679792E-09
   0.217606786E-07   0.369666502E-07  -0.122563847E-06   0.148949333E-07
   0.689558703E-07   0.122729190E-06  -0.421083655E-06   0.626688959E-07
   0.100559184E-06   0.180040175E-06  -0.612389954E-06   0.913760516E-07
   0.203595505E-06   0.355319429E-06  -0.122807035E-05   0.183252936E-06
   0.325543994E-06   0.568057544E-06  -0.196038127E-05   0.304161432E-06
   0.429949580E-06   0.742210773E-06  -0.255558393E-05   0.394006150E-06
   0.649219658E-06   0.110116866E-05  -0.378668119E-05   0.562525088E-06
   0.804387525E-06   0.134051209E-05  -0.459877765E-05   0.673017496E-06
   0.944825842E-06   0.155965847E-05  -0.529330191E-05   0.760789817E-06
   0.976770139E-06   0.158976422E-05  -0.532113518E-05   0.752989877E-06
   0.782208247E-06   0.125404006E-05  -0.409848553E-05   0.578038964E-06
   0.503671174E-06   0.795284393E-06  -0.247563366E-05   0.342601112E-06
   0.289521239E-06   0.420052260E-06  -0.131448508E-05   0.185373068E-06
   0.449346629E-06   0.578216657E-06  -0.231594163E-05   0.319637621E-06
   0.160740944E-05   0.208884057E-05  -0.859123884E-05   0.108083634E-05
   0.472424335E-05   0.619215052E-05  -0.247582120E-04   0.296957001E-05
   0.112460411E-04   0.147119054E-04  -0.573660582E-04   0.655230497E-05
   0.231990944E-04   0.300465581E-04  -0.114873801E-03   0.125577862E-04
   0.419214011E-04   0.535098625E-04  -0.201005576E-03   0.209667305E-04
   0.705129351E-04   0.886066264E-04  -0.326788140E-03   0.323843014E-04
   0.111765803E-03   0.138452422E-03  -0.499681744E-03   0.469476909E-04
   0.165266698E-03   0.201747564E-03  -0.709428336E-03   0.630216819E-04
   0.239466914E-03   0.288941199E-03  -0.984387472E-03   0.823099253E-04
   0.330136361E-03   0.394918025E-03  -0.129148585E-02   0.100964055E-03
   0.444755395E-03   0.529738201E-03  -0.164665538E-02   0.119755779E-03
   0.584128022E-03   0.696196395E-03  -0.203051721E-02   0.136154034E-03
   0.752495602E-03   0.901824213E-03  -0.243267533E-02   0.149237370E-03
   0.958185585E-03   0.115993246E-02  -0.284959353E-02   0.159392279E-03
   0.120907731E-02   0.148438301E-02  -0.326624326E-02   0.164541329E-03
   0.151582749E-02   0.189206738E-02  -0.366422348E-02   0.164848010E-03
   0.189148914E-02   0.240263180E-02  -0.402049348E-02   0.158023424E-03
   0.234690774E-02   0.303130457E-02  -0.429198937E-02   0.145105121E-03
   0.288497237E-02   0.378167629E-02  -0.441481872E-02   0.125172650E-03
   0.348467054E-02   0.462354859E-02  -0.428985897E-02   0.983012724E-04
   0.410428317E-02   0.549464999E-02  -0.381121994E-02   0.653944517E-04
   0.465703942E-02   0.627632625E-02  -0.290037598E-02   0.334956167E-04
   0.504554529E-02   0.682427594E-02  -0.157814194E-02   0.908471611E-05
   0.518809678E-02   0.702811731E-02  -0.402548128E-08   0.000000000E+00
