   0.846506446E-04   0.616788538E-02   0.000000000E+00   0.000000000E+00
   0.868712159E-04   0.598226953E-02   0.862602610E-03   0.476162495E-05
   0.924587075E-04   0.548239518E-02   0.157916627E-02   0.173189201E-04
   0.994112925E-04   0.477118185E-02   0.205839123E-02   0.336924713E-04
   0.105252715E-03   0.397835160E-02   0.228409865E-02   0.495320273E-04
   0.108223205E-03   0.320489518E-02   0.229648780E-02   0.617626065E-04
   0.107043226E-03   0.251107919E-02   0.215277285E-02   0.687343345E-04
   0.101761747E-03   0.192471652E-02   0.191644847E-02   0.706765422E-04
   0.922553663E-04   0.144497526E-02   0.162649795E-02   0.678255310E-04
   0.801653296E-04   0.106380577E-02   0.132763234E-02   0.616874386E-04
   0.666253254E-04   0.766103854E-03   0.104240805E-02   0.533293278E-04
   0.527346092E-04   0.536812644E-03   0.784126518E-03   0.438467432E-04
   0.395637435E-04   0.363440224E-03   0.561982335E-03   0.340018851E-04
   0.280523727E-04   0.235329455E-03   0.381384802E-03   0.247691059E-04
   0.186790239E-04   0.144485064E-03   0.243164061E-03   0.168694751E-04
   0.115483153E-04   0.826565374E-04   0.143258469E-03   0.105157187E-04
   0.655623217E-05   0.432098459E-04   0.765694349E-04   0.589998945E-05
   0.328986152E-05   0.197493118E-04   0.351382841E-04   0.281696452E-05
   0.135736389E-05   0.729720523E-05   0.121864205E-04   0.992247578E-06
   0.474596874E-06   0.234738218E-05   0.294195502E-05   0.221013366E-06
   0.110916829E-06   0.963394996E-06   0.969603775E-07  -0.138620599E-07
   0.533415871E-07   0.122182041E-05   0.597712017E-06   0.622905318E-07
   0.959205693E-07   0.190970241E-05   0.196446945E-05   0.226315663E-06
   0.135838434E-06   0.208739743E-05   0.263293327E-05   0.310689728E-06
   0.142851675E-06   0.191018717E-05   0.268921349E-05   0.328199775E-06
   0.145608311E-06   0.178622247E-05   0.266945381E-05   0.334929155E-06
   0.127699437E-06   0.148747552E-05   0.229922398E-05   0.300337263E-06
   0.750889413E-07   0.851731386E-06   0.134236825E-05   0.180389009E-06
   0.491893530E-07   0.548175080E-06   0.882559277E-06   0.123307615E-06
   0.274423737E-07   0.298940762E-06   0.473745558E-06   0.669283153E-07
   0.851875193E-08   0.983747270E-07   0.154489385E-06   0.240409559E-07
   0.299440583E-08   0.372937734E-07   0.557815873E-07   0.991799531E-08
   0.243191522E-09   0.520680166E-08   0.545503731E-08   0.212371676E-08
   0.978335746E-09   0.418346868E-08  -0.454367743E-08   0.195858196E-08
   0.128090971E-08   0.744433670E-08   0.791471244E-08   0.164823410E-08
   0.286421153E-08   0.182971682E-07   0.279412919E-07   0.342749384E-08
   0.282217139E-08   0.191724894E-07   0.312131725E-07   0.368615649E-08
   0.219296048E-08   0.122809674E-07   0.178857018E-07   0.191477012E-08
   0.243541209E-08   0.163886700E-07   0.230302888E-07   0.348211127E-08
   0.185007121E-08   0.138252263E-07   0.258696993E-07   0.284063995E-08
   0.757075902E-09   0.419404911E-08   0.879393447E-08   0.468146466E-09
   0.821449575E-09   0.657854615E-08   0.107735865E-07   0.156890767E-08
   0.523340815E-09   0.293951619E-08   0.597272409E-08   0.485807061E-09
   0.111351151E-08   0.367890274E-08  -0.122422450E-08   0.154449253E-08
   0.358763075E-09   0.187821425E-08   0.247885845E-08   0.570887893E-09
   0.200604644E-09   0.167879122E-08   0.229732100E-08   0.621295571E-09
   0.147617030E-09   0.318364862E-09  -0.122997068E-08   0.205263070E-09
   0.117924204E-08   0.266676436E-08  -0.103579572E-07   0.180969928E-08
   0.263870414E-08   0.520272803E-08  -0.233317508E-07   0.314248005E-08
   0.271013145E-08   0.601734218E-08  -0.224068248E-07   0.313621351E-08
   0.326156213E-08   0.756535812E-08  -0.246654075E-07   0.349517038E-08
   0.703612901E-08   0.154442450E-07  -0.583222999E-07   0.806768430E-08
   0.629367625E-08   0.124427668E-07  -0.554263089E-07   0.747756257E-08
   0.900828478E-08   0.189440374E-07  -0.778372282E-07   0.106469997E-07
   0.822640978E-08   0.156745106E-07  -0.694956412E-07   0.872209860E-08
   0.794091726E-08   0.162814224E-07  -0.693155471E-07   0.942883815E-08
   0.545947687E-08   0.120992407E-07  -0.464614622E-07   0.660169164E-08
   0.573499248E-09   0.222756746E-08  -0.515680165E-08   0.136390454E-08
   0.164227076E-08   0.447907755E-08  -0.154060906E-07   0.315498871E-08
   0.899709995E-08   0.209978612E-07  -0.788786068E-07   0.144089451E-07
   0.542633458E-07   0.107094699E-06  -0.450091733E-06   0.656000623E-07
   0.128889667E-06   0.245512268E-06  -0.104275114E-05   0.140941466E-06
   0.215329948E-06   0.401688567E-06  -0.170203020E-05   0.226083316E-06
   0.359673294E-06   0.651505104E-06  -0.275391722E-05   0.350651277E-06
   0.553395523E-06   0.975493663E-06  -0.409575478E-05   0.509385245E-06
   0.780651987E-06   0.134552477E-05  -0.554046210E-05   0.665317032E-06
   0.910849735E-06   0.151891481E-05  -0.607531001E-05   0.713279235E-06
   0.872752594E-06   0.140668135E-05  -0.523407880E-05   0.594428229E-06
   0.732220883E-06   0.111564611E-05  -0.348916660E-05   0.381814374E-06
   0.502760997E-06   0.656900340E-06  -0.115287617E-05   0.140162939E-06
   0.561499007E-06   0.583350243E-06  -0.764194567E-06   0.129406786E-06
   0.155060252E-05   0.172179489E-05  -0.635919514E-05   0.711832115E-06
   0.465921630E-05   0.555303404E-05  -0.250089997E-04   0.246804666E-05
   0.112057933E-04   0.135159871E-04  -0.626000547E-04   0.574226897E-05
   0.237233526E-04   0.286260019E-04  -0.131992885E-03   0.112439729E-04
   0.442785458E-04   0.527882621E-04  -0.238859648E-03   0.190818773E-04
   0.759907780E-04   0.894286350E-04  -0.393039343E-03   0.292048171E-04
   0.120410798E-03   0.139926662E-03  -0.589619856E-03   0.406996187E-04
   0.181138035E-03   0.208461002E-03  -0.833034224E-03   0.532113481E-04
   0.259281951E-03   0.297043007E-03  -0.110783498E-02   0.648531495E-04
   0.359152531E-03   0.411459041E-03  -0.141227816E-02   0.755071160E-04
   0.481234689E-03   0.554352300E-03  -0.171584636E-02   0.831148936E-04
   0.632594049E-03   0.735626672E-03  -0.201862026E-02   0.877594211E-04
   0.814913597E-03   0.959184021E-03  -0.228444510E-02   0.878436331E-04
   0.103222101E-02   0.123054674E-02  -0.248602033E-02   0.833027007E-04
   0.128322025E-02   0.154774776E-02  -0.257877889E-02   0.730081156E-04
   0.156090199E-02   0.190090295E-02  -0.251019117E-02   0.579774533E-04
   0.184368133E-02   0.226055691E-02  -0.222604070E-02   0.390424429E-04
   0.209612702E-02   0.258135353E-02  -0.168959715E-02   0.199471542E-04
   0.227260310E-02   0.280573079E-02  -0.917149533E-03   0.546076490E-05
   0.233715633E-02   0.288783154E-02  -0.195097472E-08   0.000000000E+00
