   0.313235849E+00   0.192972720E+01   0.102994814E-09   0.000000000E+00
   0.289040148E+00   0.178101337E+01   0.543487296E-01   0.341992039E-03
   0.229880810E+00   0.141693842E+01   0.864912719E-01   0.108278054E-02
   0.162560225E+00   0.100228143E+01   0.917806178E-01   0.170883338E-02
   0.106012106E+00   0.653400838E+00   0.797585100E-01   0.195699325E-02
   0.659917295E-01   0.405707121E+00   0.618322343E-01   0.186048017E-02
   0.403600000E-01   0.246546999E+00   0.449363813E-01   0.157765299E-02
   0.248225592E-01   0.149740040E+00   0.315841548E-01   0.124823989E-02
   0.157052707E-01   0.926914662E-01   0.219899919E-01   0.942775339E-03
   0.104173645E-01   0.595294498E-01   0.154475197E-01   0.698797114E-03
   0.734393066E-02   0.402468070E-01   0.111114532E-01   0.514089304E-03
   0.552490307E-02   0.289189108E-01   0.827692077E-02   0.388223329E-03
   0.441165967E-02   0.220849700E-01   0.642196089E-02   0.296702958E-03
   0.368877361E-02   0.177836064E-01   0.518612703E-02   0.236201362E-03
   0.318467547E-02   0.149157848E-01   0.433814246E-02   0.200467315E-03
   0.280130678E-02   0.128445318E-01   0.372233917E-02   0.177214461E-03
   0.248845085E-02   0.112420991E-01   0.325077563E-02   0.159458228E-03
   0.221768953E-02   0.991468038E-02   0.286538852E-02   0.145495418E-03
   0.197775452E-02   0.876969006E-02   0.253714435E-02   0.135569760E-03
   0.175926334E-02   0.775146950E-02   0.224547950E-02   0.125967985E-03
   0.155855832E-02   0.682417350E-02   0.197870098E-02   0.116451520E-03
   0.137381954E-02   0.598167302E-02   0.173313834E-02   0.105984946E-03
   0.120726868E-02   0.522372499E-02   0.151107251E-02   0.960004036E-04
   0.105650339E-02   0.453553302E-02   0.130769331E-02   0.859647116E-04
   0.920222257E-03   0.391771598E-02   0.112277665E-02   0.753961504E-04
   0.799843925E-03   0.336881401E-02   0.958149496E-03   0.660241640E-04
   0.692463771E-03   0.287826313E-02   0.809724967E-03   0.568081996E-04
   0.597747567E-03   0.244875927E-02   0.679503719E-03   0.477890098E-04
   0.515041058E-03   0.207087630E-02   0.564784743E-03   0.399254968E-04
   0.443278754E-03   0.174275739E-02   0.465549907E-03   0.327930720E-04
   0.381083752E-03   0.146191427E-02   0.381015270E-03   0.263409729E-04
   0.328727736E-03   0.122307416E-02   0.310519681E-03   0.211821680E-04
   0.283610279E-03   0.101331901E-02   0.248815195E-03   0.166335685E-04
   0.244469178E-03   0.835589715E-03   0.196540670E-03   0.124472117E-04
   0.212538303E-03   0.689494715E-03   0.155330097E-03   0.949700916E-05
   0.185391138E-03   0.563571055E-03   0.120034754E-03   0.682605014E-05
   0.162882527E-03   0.460921699E-03   0.920700550E-04   0.494635970E-05
   0.145387370E-03   0.378390570E-03   0.712006513E-04   0.363864501E-05
   0.130671047E-03   0.309103692E-03   0.537676970E-04   0.260271804E-05
   0.118492550E-03   0.251543446E-03   0.393941882E-04   0.175645062E-05
   0.110046254E-03   0.206792960E-03   0.293576541E-04   0.129702403E-05
   0.102858743E-03   0.168967963E-03   0.203207965E-04   0.830739282E-06
   0.983414648E-04   0.141675817E-03   0.146203802E-04   0.689191950E-06
   0.954527859E-04   0.119580829E-03   0.949617879E-05   0.514102737E-06
   0.946866276E-04   0.103947306E-03   0.572696717E-05   0.450177851E-06
   0.954708739E-04   0.932907642E-04   0.243098407E-05   0.433070170E-06
   0.983107311E-04   0.873930621E-04  -0.789200726E-06   0.497165843E-06
   0.103114391E-03   0.862320376E-04  -0.380410006E-05   0.651177515E-06
   0.109864086E-03   0.893832112E-04  -0.738432391E-05   0.938431754E-06
   0.119459670E-03   0.972624694E-04  -0.117767850E-04   0.140040993E-05
   0.131973866E-03   0.110255896E-03  -0.175855857E-04   0.214639340E-05
   0.147833343E-03   0.128873551E-03  -0.252450100E-04   0.320870527E-05
   0.168403611E-03   0.153788482E-03  -0.351972667E-04   0.481293227E-05
   0.192880558E-03   0.185222583E-03  -0.475489942E-04   0.679840832E-05
   0.222731236E-03   0.225423981E-03  -0.636342083E-04   0.949053992E-05
   0.259426306E-03   0.273917773E-03  -0.833743979E-04   0.129745185E-04
   0.304695597E-03   0.335576624E-03  -0.109662367E-03   0.174531233E-04
   0.359381840E-03   0.408536929E-03  -0.141328244E-03   0.232474395E-04
   0.422592333E-03   0.495140383E-03  -0.178841641E-03   0.299839612E-04
   0.497071887E-03   0.598684594E-03  -0.224197604E-03   0.377323740E-04
   0.585714297E-03   0.719432428E-03  -0.277975283E-03   0.473895416E-04
   0.688887376E-03   0.861489330E-03  -0.341491832E-03   0.583182627E-04
   0.807019300E-03   0.102440745E-02  -0.413910340E-03   0.705482526E-04
   0.944619183E-03   0.121460878E-02  -0.498897512E-03   0.843662783E-04
   0.109974120E-02   0.142752030E-02  -0.592712779E-03   0.100093719E-03
   0.127720833E-02   0.167222798E-02  -0.700199162E-03   0.117163108E-03
   0.147633126E-02   0.194653892E-02  -0.818970497E-03   0.135754846E-03
   0.169800338E-02   0.225277315E-02  -0.949174457E-03   0.154728827E-03
   0.194476079E-02   0.259232428E-02  -0.109149993E-02   0.176032001E-03
   0.221533631E-02   0.296847615E-02  -0.124572963E-02   0.196423629E-03
   0.251261191E-02   0.338027207E-02  -0.141176279E-02   0.217877052E-03
   0.284641283E-02   0.384064158E-02  -0.159655267E-02   0.241304588E-03
   0.321002863E-02   0.434368942E-02  -0.179568992E-02   0.263430673E-03
   0.362021802E-02   0.490645971E-02  -0.202030013E-02   0.289063930E-03
   0.409436738E-02   0.555647677E-02  -0.228402042E-02   0.313171855E-03
   0.467327982E-02   0.634043897E-02  -0.261180545E-02   0.343600230E-03
   0.542312814E-02   0.734836794E-02  -0.304442621E-02   0.377325428E-03
   0.647327909E-02   0.874706171E-02  -0.365116121E-02   0.420970173E-03
   0.804725010E-02   0.108328322E-01  -0.454310095E-02   0.479115959E-03
   0.105523830E-01   0.141428960E-01  -0.589266233E-02   0.554302533E-03
   0.146876555E-01   0.196146406E-01  -0.795588363E-02   0.658555422E-03
   0.217091218E-01   0.289384909E-01  -0.111236591E-01   0.800981652E-03
   0.337144472E-01   0.449350514E-01  -0.158828814E-01   0.975883740E-03
   0.542750545E-01   0.724486709E-01  -0.228559747E-01   0.118666375E-02
   0.890361890E-01   0.119183674E+00  -0.325455517E-01   0.140954182E-02
   0.146130189E+00   0.196215257E+00  -0.448270515E-01   0.158096524E-02
   0.234915107E+00   0.316396445E+00  -0.578751154E-01   0.160476321E-02
   0.359958172E+00   0.486155003E+00  -0.666607097E-01   0.137095992E-02
   0.508736789E+00   0.688439369E+00  -0.628835708E-01   0.854203012E-03
   0.639461398E+00   0.866481721E+00  -0.395486057E-01   0.267586816E-03
   0.693016529E+00   0.939387143E+00  -0.904127475E-07   0.000000000E+00
