   0.103941544E-03   0.679449085E-02  -0.763164618E-11   0.000000000E+00
   0.105945262E-03   0.659518084E-02   0.934412063E-03   0.517962462E-05
   0.111055451E-03   0.605236692E-02   0.171203015E-02   0.189668408E-04
   0.117265554E-03   0.527935196E-02   0.223548966E-02   0.369079644E-04
   0.122348400E-03   0.441105198E-02   0.248612580E-02   0.544960239E-04
   0.124284939E-03   0.356458221E-02   0.250554201E-02   0.678268407E-04
   0.122107100E-03   0.280624535E-02   0.235757791E-02   0.762518757E-04
   0.115830349E-03   0.216013263E-02   0.210845121E-02   0.787147728E-04
   0.105500534E-03   0.163232267E-02   0.180515344E-02   0.762950658E-04
   0.922339750E-04   0.121028384E-02   0.148642994E-02   0.701252575E-04
   0.772231579E-04   0.880022824E-03   0.117866963E-02   0.614103556E-04
   0.617789556E-04   0.623923028E-03   0.897764461E-03   0.508625235E-04
   0.468817452E-04   0.427078950E-03   0.651178008E-03   0.400798344E-04
   0.339507169E-04   0.282746420E-03   0.452477776E-03   0.299032326E-04
   0.231056874E-04   0.177486043E-03   0.295319769E-03   0.207608518E-04
   0.146227267E-04   0.104044928E-03   0.178576520E-03   0.134001757E-04
   0.863512651E-05   0.568074029E-04   0.100003068E-03   0.789350361E-05
   0.449944173E-05   0.271321514E-04   0.480953095E-04   0.392819447E-05
   0.211225688E-05   0.114117047E-04   0.200034647E-04   0.168343342E-05
   0.794855964E-06   0.380918527E-05   0.576468574E-05   0.476529380E-06
   0.234552772E-06   0.123272525E-05   0.783489952E-06   0.431720650E-07
   0.601160153E-07   0.104512628E-05   0.199527562E-06   0.185928481E-07
   0.712495023E-07   0.152313646E-05   0.124118435E-05   0.144991787E-06
   0.118595317E-06   0.200530621E-05   0.232459979E-05   0.282078162E-06
   0.165826293E-06   0.233158426E-05   0.311684039E-05   0.385582780E-06
   0.157635057E-06   0.198508656E-05   0.286152408E-05   0.363165810E-06
   0.137856730E-06   0.163961317E-05   0.244410694E-05   0.322710918E-06
   0.108298288E-06   0.123255813E-05   0.187781200E-05   0.253894939E-06
   0.647671854E-07   0.716795569E-06   0.111836380E-05   0.154750936E-06
   0.345003279E-07   0.386249013E-06   0.598195584E-06   0.884844908E-07
   0.189172003E-07   0.215009635E-06   0.334369417E-06   0.524540980E-07
   0.513028153E-08   0.635835420E-07   0.952518135E-07   0.171662986E-07
   0.145233692E-08   0.213590834E-07   0.294483407E-07   0.674336675E-08
   0.941500766E-10   0.211492135E-08   0.168141923E-08   0.922210863E-09
   0.860487626E-09   0.510629716E-08   0.344083406E-08   0.154541369E-08
   0.161455049E-08   0.893949537E-08   0.777761056E-08   0.200396566E-08
   0.122199073E-08   0.652459642E-08   0.134945015E-07   0.690350610E-09
   0.300586156E-08   0.191145570E-07   0.297901064E-07   0.346125373E-08
   0.218887641E-08   0.141970169E-07   0.200142924E-07   0.284586665E-08
   0.258025290E-08   0.183082349E-07   0.333536967E-07   0.353492458E-08
   0.208189688E-08   0.166816481E-07   0.277185332E-07   0.388904775E-08
   0.703766156E-09   0.489537122E-08   0.959516910E-08   0.931747901E-09
   0.146675272E-08   0.115735235E-07   0.215591456E-07   0.259855337E-08
   0.589395754E-09   0.444055592E-08   0.659617472E-08   0.150459134E-08
   0.550656354E-09   0.320545124E-08  -0.648162024E-09   0.126449606E-08
   0.266026590E-09   0.868370043E-09  -0.252495824E-08   0.635361375E-09
   0.727720995E-09   0.231124386E-08  -0.436288916E-08   0.144185597E-08
   0.326159055E-08   0.746818518E-08  -0.256060773E-07   0.494815122E-08
   0.122503996E-08   0.226032992E-08  -0.990368143E-08   0.119837651E-08
   0.128311539E-08   0.225622965E-08  -0.924966415E-08   0.938360056E-09
   0.205529971E-08   0.453895099E-08  -0.151595820E-07   0.207417239E-08
   0.768334285E-08   0.158874460E-07  -0.648057394E-07   0.894910634E-08
   0.509665909E-08   0.986863213E-08  -0.433573035E-07   0.621292440E-08
   0.142492853E-07   0.306921955E-07  -0.121750375E-06   0.175796249E-07
   0.455670479E-08   0.942670031E-08  -0.368911657E-07   0.488070828E-08
   0.227241315E-08   0.371096487E-08  -0.175026695E-07   0.209388040E-08
   0.217391563E-09   0.106219966E-08   0.154357749E-08   0.931660860E-10
   0.135335321E-08   0.403683709E-08  -0.115298162E-07   0.291426550E-08
   0.940293088E-08   0.207544133E-07  -0.789011239E-07   0.136638327E-07
   0.331286252E-07   0.684216133E-07  -0.272493651E-06   0.432446470E-07
   0.849131823E-07   0.165981120E-06  -0.678771357E-06   0.974933414E-07
   0.207556297E-06   0.390806917E-06  -0.161767264E-05   0.223154132E-06
   0.333856207E-06   0.617954527E-06  -0.253722806E-05   0.335228179E-06
   0.501356737E-06   0.899998781E-06  -0.368520000E-05   0.470633154E-06
   0.709651431E-06   0.124161716E-05  -0.503325782E-05   0.632701415E-06
   0.902669854E-06   0.154048007E-05  -0.610037932E-05   0.742093391E-06
   0.102130548E-05   0.168887425E-05  -0.641149836E-05   0.750102515E-06
   0.935626701E-06   0.148843162E-05  -0.513170153E-05   0.586299450E-06
   0.619910509E-06   0.909464177E-06  -0.236492178E-05   0.277320538E-06
   0.472488381E-06   0.557269686E-06  -0.482041969E-06   0.778830369E-07
   0.783051632E-06   0.802366287E-06  -0.173229455E-05   0.244519640E-06
   0.245360138E-05   0.281114990E-05  -0.115044459E-04   0.124324902E-05
   0.661617651E-05   0.793901199E-05  -0.355608572E-04   0.349638253E-05
   0.157142040E-04   0.191170820E-04  -0.873930476E-04   0.798300334E-05
   0.309990864E-04   0.374128940E-04  -0.168857339E-03   0.144927335E-04
   0.556894920E-04   0.665007683E-04  -0.293038698E-03   0.235041716E-04
   0.919577578E-04   0.108404995E-03  -0.462093478E-03   0.345069820E-04
   0.142967139E-03   0.166620695E-03  -0.680708734E-03   0.472939901E-04
   0.209843143E-03   0.242761205E-03  -0.936872617E-03   0.601249703E-04
   0.296485930E-03   0.342008658E-03  -0.123055768E-02   0.724577621E-04
   0.404793362E-03   0.468099839E-03  -0.154491386E-02   0.827881668E-04
   0.538396533E-03   0.626984460E-03  -0.186558894E-02   0.907593931E-04
   0.702169200E-03   0.826723932E-03  -0.217920216E-02   0.950382018E-04
   0.898866565E-03   0.107260002E-02  -0.245226617E-02   0.947042208E-04
   0.113306742E-02   0.137091056E-02  -0.265777414E-02   0.892197204E-04
   0.140359171E-02   0.171976583E-02  -0.274768448E-02   0.778183239E-04
   0.170109968E-02   0.210562535E-02  -0.266793347E-02   0.614238306E-04
   0.200314890E-02   0.249779434E-02  -0.236197747E-02   0.412153349E-04
   0.227182545E-02   0.284690969E-02  -0.178957486E-02   0.210752423E-04
   0.246107252E-02   0.309217046E-02  -0.970793189E-03   0.574149090E-05
   0.252977270E-02   0.318118348E-02  -0.204321715E-08   0.000000000E+00
