   0.967107844E-04   0.646216096E-02  -0.673080211E-11   0.000000000E+00
   0.986403247E-04   0.627177861E-02   0.894630386E-03   0.494178175E-05
   0.103620427E-03   0.574720511E-02   0.163703645E-02   0.180010084E-04
   0.109732871E-03   0.500135450E-02   0.213297969E-02   0.350878836E-04
   0.114599563E-03   0.417084387E-02   0.236665481E-02   0.514846142E-04
   0.116640840E-03   0.335937529E-02   0.237898808E-02   0.642925006E-04
   0.114581126E-03   0.263487687E-02   0.223153993E-02   0.719192831E-04
   0.108432650E-03   0.202219351E-02   0.198811572E-02   0.740174582E-04
   0.985559163E-04   0.152359949E-02   0.169655273E-02   0.714889538E-04
   0.858141429E-04   0.112508994E-02   0.139025331E-02   0.654687683E-04
   0.715724163E-04   0.814399333E-03   0.109731546E-02   0.567870302E-04
   0.570434313E-04   0.574639591E-03   0.832041609E-03   0.470516352E-04
   0.430258842E-04   0.391515176E-03   0.599902240E-03   0.366415734E-04
   0.307737100E-04   0.255918276E-03   0.411021058E-03   0.269713073E-04
   0.207988269E-04   0.159503470E-03   0.266343704E-03   0.186596080E-04
   0.130029484E-04   0.923218540E-04   0.158850104E-03   0.118393455E-04
   0.763211119E-05   0.498659792E-04   0.882525128E-04   0.693139873E-05
   0.388523995E-05   0.232551592E-04   0.412703157E-04   0.335091931E-05
   0.175716843E-05   0.937531149E-05   0.162863889E-04   0.135762980E-05
   0.631985245E-06   0.301106638E-05   0.429893362E-05   0.348317599E-06
   0.182231318E-06   0.104896742E-05   0.505479647E-06   0.249899887E-07
   0.531540749E-07   0.104538242E-05   0.308850332E-06   0.305407077E-07
   0.773641631E-07   0.164555229E-05   0.148749893E-05   0.172741252E-06
   0.131139075E-06   0.212788109E-05   0.257174747E-05   0.308054581E-06
   0.148949795E-06   0.205797392E-05   0.280840072E-05   0.349766736E-06
   0.153585773E-06   0.191334311E-05   0.277054301E-05   0.349321709E-06
   0.133668479E-06   0.155657369E-05   0.234007575E-05   0.300384841E-06
   0.942489748E-07   0.107029985E-05   0.165449114E-05   0.223685575E-06
   0.548803278E-07   0.609359745E-06   0.945681279E-06   0.131419455E-06
   0.344472859E-07   0.384306674E-06   0.607904326E-06   0.894924170E-07
   0.151203956E-07   0.171267118E-06   0.271179971E-06   0.423893489E-07
   0.574073944E-08   0.665304611E-07   0.102632612E-06   0.166779710E-07
   0.976515868E-09   0.137563463E-07   0.172504890E-07   0.499560082E-08
   0.210333265E-09   0.177537940E-08  -0.119783772E-08   0.115834908E-08
   0.111372023E-08   0.775141906E-08   0.137218343E-07   0.167429604E-08
   0.103793862E-08   0.573487124E-08   0.806764255E-08   0.918056853E-09
   0.139406220E-08   0.109652438E-07   0.208013251E-07   0.272916401E-08
   0.242710474E-08   0.163887464E-07   0.224731238E-07   0.348754403E-08
   0.168910530E-08   0.113309753E-07   0.224819541E-07   0.202046246E-08
   0.203936956E-08   0.130222455E-07   0.217932570E-07   0.224798602E-08
   0.237059661E-08   0.160934857E-07   0.234739002E-07   0.339374373E-08
   0.651955212E-09   0.454641969E-08   0.866869332E-08   0.845976400E-09
   0.142712409E-08   0.860770655E-08   0.866597993E-08   0.201993200E-08
   0.702326808E-09   0.542091794E-08   0.778096965E-08   0.189849048E-08
   0.207755355E-09   0.180403914E-08   0.867907524E-09   0.942353862E-09
   0.655572610E-10   0.517182075E-09  -0.369186681E-09   0.298368635E-09
   0.132845090E-08   0.313739479E-08  -0.987140147E-08   0.202953787E-08
   0.183884930E-08   0.388758892E-08  -0.162905529E-07   0.237866260E-08
   0.155975888E-08   0.287500757E-08  -0.128631568E-07   0.173749104E-08
   0.790613974E-08   0.164424421E-07  -0.708021588E-07   0.105917843E-07
   0.533730748E-08   0.999645877E-08  -0.449621353E-07   0.594158411E-08
   0.887524720E-08   0.190006979E-07  -0.769045201E-07   0.111261409E-07
   0.556776847E-08   0.121329400E-07  -0.444713208E-07   0.616182927E-08
   0.732000816E-08   0.150109400E-07  -0.622371843E-07   0.859736016E-08
   0.402713152E-08   0.849652348E-08  -0.309994839E-07   0.403247657E-08
   0.165843750E-08   0.398444389E-08  -0.998858063E-08   0.135872325E-08
   0.330316330E-08   0.629788444E-08  -0.278765437E-07   0.374724962E-08
   0.285107771E-09   0.764041941E-09  -0.173209680E-08   0.414822648E-09
   0.361574237E-08   0.890374618E-08  -0.324786740E-07   0.610474205E-08
   0.251115893E-07   0.505651236E-07  -0.205448472E-06   0.296133926E-07
   0.584221205E-07   0.114723953E-06  -0.471479183E-06   0.686907882E-07
   0.152973456E-06   0.286902122E-06  -0.119856679E-05   0.165794077E-06
   0.254891546E-06   0.468055958E-06  -0.194495919E-05   0.258275378E-06
   0.465511818E-06   0.825600353E-06  -0.344296018E-05   0.445309269E-06
   0.597238113E-06   0.104035621E-05  -0.426365523E-05   0.536721927E-06
   0.896848690E-06   0.152320308E-05  -0.611905398E-05   0.729012299E-06
   0.973048486E-06   0.159872354E-05  -0.620024002E-05   0.725131997E-06
   0.855559563E-06   0.135397340E-05  -0.479315486E-05   0.540563292E-06
   0.674386740E-06   0.996966605E-06  -0.282832593E-05   0.320914211E-06
   0.469968711E-06   0.577824551E-06  -0.666132166E-06   0.965819638E-07
   0.648996718E-06   0.651135792E-06  -0.110774420E-05   0.170705022E-06
   0.198104158E-05   0.221116579E-05  -0.876545710E-05   0.959201884E-06
   0.572473664E-05   0.679382583E-05  -0.307459741E-04   0.302789363E-05
   0.136912104E-04   0.164554458E-04  -0.760531402E-04   0.696769666E-05
   0.274859849E-04   0.328345959E-04  -0.149867308E-03   0.128372567E-04
   0.502387520E-04   0.593706136E-04  -0.265003036E-03   0.211928018E-04
   0.843306625E-04   0.983467253E-04  -0.425425998E-03   0.317907106E-04
   0.131558147E-03   0.151638116E-03  -0.627804431E-03   0.434880494E-04
   0.195416666E-03   0.223385970E-03  -0.875582860E-03   0.559854307E-04
   0.277969957E-03   0.316533522E-03  -0.115787110E-02   0.679342993E-04
   0.380478683E-03   0.433881389E-03  -0.145529944E-02   0.779550464E-04
   0.509058882E-03   0.584195950E-03  -0.176889682E-02   0.857656414E-04
   0.666615379E-03   0.772922474E-03  -0.207399647E-02   0.901668100E-04
   0.856181607E-03   0.100571325E-02  -0.233793794E-02   0.900638697E-04
   0.108283293E-02   0.128900469E-02  -0.254135602E-02   0.849668068E-04
   0.134553935E-02   0.162118417E-02  -0.263591274E-02   0.744420322E-04
   0.163605041E-02   0.199080422E-02  -0.256747939E-02   0.590129130E-04
   0.193224056E-02   0.236817775E-02  -0.227794843E-02   0.397468466E-04
   0.219638855E-02   0.270433282E-02  -0.172931433E-02   0.203014824E-04
   0.238152128E-02   0.294015789E-02  -0.939050165E-03   0.556331361E-05
   0.245028269E-02   0.302707590E-02  -0.198827421E-08   0.000000000E+00
