   0.684159168E-03   0.168440286E-01   0.217662368E-11   0.000000000E+00
   0.671260408E-03   0.163389705E-01   0.192201801E-02   0.112836060E-04
   0.635779463E-03   0.149544645E-01   0.350134843E-02   0.410394277E-04
   0.585361267E-03   0.130140828E-01   0.453974493E-02   0.800876296E-04
   0.528212055E-03   0.108613800E-01   0.501826312E-02   0.117534008E-03
   0.471200940E-03   0.878929626E-02   0.505035324E-02   0.147718922E-03
   0.417838484E-03   0.697170012E-02   0.478898128E-02   0.168432583E-03
   0.368446694E-03   0.545147760E-02   0.435701618E-02   0.178959497E-03
   0.322650594E-03   0.422924431E-02   0.384874758E-02   0.180255447E-03
   0.279786822E-03   0.326410169E-02   0.332143647E-02   0.174736997E-03
   0.238794470E-03   0.250304979E-02   0.280074961E-02   0.163407662E-03
   0.200123410E-03   0.190858508E-02   0.231262669E-02   0.147737694E-03
   0.163982288E-03   0.144176197E-02   0.186607067E-02   0.129630338E-03
   0.131107008E-03   0.107606885E-02   0.147015613E-02   0.110071844E-03
   0.101341910E-03   0.786330260E-03   0.112118106E-02   0.899700171E-04
   0.760263210E-04   0.563481706E-03   0.831138634E-03   0.706660212E-04
   0.549140896E-04   0.391298527E-03   0.593435252E-03   0.535771105E-04
   0.380725687E-04   0.262149289E-03   0.406715437E-03   0.387422951E-04
   0.252657137E-04   0.168854487E-03   0.266766816E-03   0.266135994E-04
   0.156384176E-04   0.101158454E-03   0.162556447E-03   0.169517953E-04
   0.903382352E-05   0.562325549E-04   0.920345992E-04   0.100395164E-04
   0.480898962E-05   0.283783811E-04   0.476097593E-04   0.543629176E-05
   0.224255632E-05   0.123208811E-04   0.211598417E-04   0.249464370E-05
   0.938071594E-06   0.456289217E-05   0.819830802E-05   0.100311911E-05
   0.289277494E-06   0.118275932E-05   0.215403406E-05   0.286652238E-06
   0.902794284E-07   0.493014682E-06   0.663298238E-06   0.900009880E-07
   0.856135216E-07   0.842407587E-06   0.101537182E-05   0.142726762E-06
   0.138945992E-06   0.148369270E-05   0.186494344E-05   0.264502091E-06
   0.202586719E-06   0.204101934E-05   0.270754776E-05   0.399376290E-06
   0.211861945E-06   0.200710974E-05   0.274889476E-05   0.403461996E-06
   0.220966228E-06   0.200085901E-05   0.277757817E-05   0.398872174E-06
   0.179015984E-06   0.160800653E-05   0.225635517E-05   0.340977550E-06
   0.152633987E-06   0.135164419E-05   0.189206435E-05   0.289472240E-06
   0.989025324E-07   0.848823845E-06   0.121657627E-05   0.184449078E-06
   0.687963890E-07   0.564867889E-06   0.811343341E-06   0.116787511E-06
   0.434088143E-07   0.340032500E-06   0.475146521E-06   0.658610588E-07
   0.251672176E-07   0.186837610E-06   0.258352486E-06   0.342157378E-07
   0.174679826E-07   0.125703423E-06   0.176079197E-06   0.227299033E-07
   0.820677304E-08   0.196506331E-07   0.149141721E-08  -0.121506238E-08
   0.489063234E-08   0.753937801E-08  -0.163667142E-07   0.387759880E-09
   0.849273984E-08   0.112952563E-07  -0.409997050E-07   0.479154716E-08
   0.613788309E-08   0.116343308E-07  -0.381388965E-07   0.727654648E-08
   0.545999645E-08   0.126599620E-07  -0.357138639E-07   0.878180195E-08
   0.836380831E-08   0.246249048E-07  -0.255617874E-07   0.149387969E-07
   0.477893547E-08   0.251581813E-07   0.162524638E-08   0.140983767E-07
   0.717560100E-08   0.231471056E-07  -0.370280375E-07   0.161709366E-07
   0.480975482E-08   0.341102435E-07   0.213150262E-07   0.168859629E-07
   0.303336800E-08   0.168978129E-07  -0.391672650E-08   0.104646807E-07
   0.492008922E-08   0.152046837E-07  -0.261776130E-07   0.104573719E-07
   0.235668307E-08   0.125382220E-07   0.119952146E-07   0.492882535E-08
   0.106051412E-08   0.254634180E-08   0.394965838E-08  -0.581622195E-09
   0.456875382E-08   0.817867196E-08  -0.153453694E-07   0.858142668E-09
   0.185989357E-07   0.284492270E-07  -0.101195347E-06   0.123001067E-07
   0.296340108E-07   0.469205048E-07  -0.162624275E-06   0.201079633E-07
   0.765253816E-07   0.129256648E-06  -0.441491295E-06   0.640629736E-07
   0.148725718E-06   0.260680679E-06  -0.865819743E-06   0.129121830E-06
   0.285946555E-06   0.489988167E-06  -0.164496896E-05   0.242045758E-06
   0.421553892E-06   0.714709984E-06  -0.241611610E-05   0.370905866E-06
   0.546938907E-06   0.912482449E-06  -0.308581548E-05   0.470956678E-06
   0.725379380E-06   0.119992444E-05  -0.402936621E-05   0.597782730E-06
   0.877295804E-06   0.143359330E-05  -0.477973026E-05   0.696647646E-06
   0.983309178E-06   0.159416970E-05  -0.524048710E-05   0.748752541E-06
   0.811919676E-06   0.130393448E-05  -0.420101242E-05   0.601888019E-06
   0.672653812E-06   0.106556092E-05  -0.329772411E-05   0.448545620E-06
   0.386627960E-06   0.579401615E-06  -0.173158901E-05   0.230767455E-06
   0.250134349E-06   0.328880020E-06  -0.102909371E-05   0.153579890E-06
   0.826386156E-06   0.104921162E-05  -0.422069661E-05   0.565684559E-06
   0.256477915E-05   0.329355271E-05  -0.130962044E-04   0.164211190E-05
   0.692204549E-05   0.900448231E-05  -0.347213900E-04   0.415780869E-05
   0.149348216E-04   0.192827774E-04  -0.728082232E-04   0.833426930E-05
   0.288776464E-04   0.367811735E-04  -0.136527640E-03   0.149793650E-04
   0.512936640E-04   0.643913445E-04  -0.234991792E-03   0.247068001E-04
   0.834668899E-04   0.103478917E-03  -0.369882240E-03   0.368192777E-04
   0.128867337E-03   0.157420436E-03  -0.550390920E-03   0.520528774E-04
   0.190060295E-03   0.229212470E-03  -0.779620023E-03   0.697173964E-04
   0.268274365E-03   0.320385880E-03  -0.105228915E-02   0.885634290E-04
   0.367998611E-03   0.436517992E-03  -0.137365493E-02   0.108154229E-03
   0.489681028E-03   0.579609303E-03  -0.172689406E-02   0.126503975E-03
   0.641915074E-03   0.761825417E-03  -0.212465948E-02   0.143323734E-03
   0.824778690E-03   0.986197847E-03  -0.253639440E-02   0.156326685E-03
   0.104831660E-02   0.126827438E-02  -0.296242046E-02   0.165930673E-03
   0.132263242E-02   0.162432634E-02  -0.339190965E-02   0.172046042E-03
   0.166153687E-02   0.207622652E-02  -0.381089747E-02   0.171773208E-03
   0.207860675E-02   0.264348229E-02  -0.419428712E-02   0.166253943E-03
   0.258795870E-02   0.334662315E-02  -0.449538883E-02   0.153358720E-03
   0.319164502E-02   0.418717228E-02  -0.464552082E-02   0.132474845E-03
   0.387030933E-02   0.513677485E-02  -0.453723734E-02   0.103726074E-03
   0.457180757E-02   0.612294953E-02  -0.405037822E-02   0.699973461E-04
   0.520298397E-02   0.701184245E-02  -0.309459446E-02   0.357724530E-04
   0.565236248E-02   0.764604472E-02  -0.168955361E-02   0.979433298E-05
   0.581211597E-02   0.787196402E-02  -0.470068828E-08   0.000000000E+00
