   0.110523710E-03   0.115069849E-01  -0.275562941E-10   0.000000000E+00
   0.115855211E-03   0.112466821E-01   0.147876248E-02   0.845814702E-05
   0.130141256E-03   0.105086155E-01   0.276259100E-02   0.313935561E-04
   0.149441854E-03   0.941857696E-02   0.371227926E-02   0.625717148E-04
   0.168823914E-03   0.814048573E-02   0.427305512E-02   0.949562818E-04
   0.183876589E-03   0.681292219E-02   0.446490850E-02   0.122594560E-03
   0.191407962E-03   0.554973120E-02   0.435432699E-02   0.141897646E-03
   0.189815939E-03   0.441044569E-02   0.402049813E-02   0.150128777E-03
   0.179634342E-03   0.343030505E-02   0.354886358E-02   0.150196822E-03
   0.162151395E-03   0.261121779E-02   0.300734327E-02   0.140795077E-03
   0.139845084E-03   0.194342935E-02   0.245213299E-02   0.126161089E-03
   0.114655348E-03   0.140585483E-02   0.191310223E-02   0.106793297E-03
   0.894916593E-04   0.986133004E-03   0.142907165E-02   0.863266396E-04
   0.658697463E-04   0.663438463E-03   0.100977882E-02   0.654713222E-04
   0.459015173E-04   0.427469407E-03   0.676598633E-03   0.466479469E-04
   0.300075790E-04   0.260530593E-03   0.424459897E-03   0.310400974E-04
   0.178957562E-04   0.146048609E-03   0.240335037E-03   0.184995370E-04
   0.973143324E-05   0.751449843E-04   0.121793084E-03   0.962560080E-05
   0.469781935E-05   0.346102570E-04   0.526272379E-04   0.423120491E-05
   0.181490896E-05   0.136868439E-04   0.158697276E-04   0.119393712E-05
   0.547525417E-06   0.561266006E-05   0.236803680E-05   0.846828598E-07
   0.159882219E-06   0.392456741E-05   0.608002779E-06   0.365681423E-07
   0.172415881E-06   0.450413563E-05   0.323830091E-05   0.394096304E-06
   0.293137276E-06   0.556982059E-05   0.649593312E-05   0.815710678E-06
   0.374476372E-06   0.577580113E-05   0.810776510E-05   0.104195567E-05
   0.398339154E-06   0.538318409E-05   0.820425703E-05   0.105516619E-05
   0.366953344E-06   0.465043922E-05   0.746285286E-05   0.999263420E-06
   0.266421182E-06   0.323217341E-05   0.535236404E-05   0.735170659E-06
   0.187961234E-06   0.223149050E-05   0.378797995E-05   0.542972487E-06
   0.109718250E-06   0.129855812E-05   0.224615542E-05   0.337413439E-06
   0.793812660E-07   0.929646490E-06   0.163774700E-05   0.254488356E-06
   0.250057468E-07   0.294618104E-06   0.504784509E-06   0.792522741E-07
   0.117752119E-07   0.140788842E-06   0.242388836E-06   0.392680590E-07
   0.247919774E-08   0.373668207E-07   0.538572245E-07   0.145388466E-07
   0.130557065E-08   0.990801663E-08   0.206089865E-07   0.280812551E-08
   0.184679216E-08   0.123893740E-07   0.229028654E-07   0.284744428E-08
   0.202960426E-08   0.122349757E-07   0.179922761E-07   0.228469221E-08
   0.950686818E-08   0.805621170E-07   0.143302842E-06   0.210041655E-07
   0.263634004E-08   0.173349832E-07   0.350604985E-07   0.293717717E-08
   0.626874730E-08   0.589905333E-07   0.113716325E-06   0.167651031E-07
   0.722727478E-08   0.562703910E-07   0.703942149E-07   0.160901301E-07
   0.470264849E-08   0.435672334E-07   0.824140329E-07   0.123003669E-07
   0.235291941E-08   0.159763491E-07   0.241553728E-07   0.358370977E-08
   0.183091098E-08   0.172682224E-07   0.137874476E-07   0.901353481E-08
   0.179153570E-08   0.202051016E-07   0.362845327E-07   0.747424433E-08
   0.124351762E-08   0.134374982E-07   0.142332510E-07   0.670052547E-08
   0.409312051E-08   0.191434957E-07  -0.235591475E-07   0.119974031E-07
   0.123047670E-07   0.355076182E-07  -0.140305474E-06   0.243620697E-07
   0.865564687E-08   0.264400253E-07  -0.103998289E-06   0.172152852E-07
   0.142597187E-07   0.397921305E-07  -0.158719757E-06   0.268848179E-07
   0.123544721E-07   0.328238876E-07  -0.138463633E-06   0.196737293E-07
   0.132473854E-07   0.367343560E-07  -0.151733090E-06   0.226946764E-07
   0.864225580E-08   0.256245247E-07  -0.866923031E-07   0.128830049E-07
   0.145765995E-07   0.369177329E-07  -0.157410327E-06   0.210017514E-07
   0.517112531E-08   0.120926540E-07  -0.548892913E-07   0.735492245E-08
   0.552513535E-09   0.697627900E-09  -0.323037663E-08  -0.372366825E-10
   0.600856032E-09   0.206221928E-08  -0.629556673E-08   0.137278255E-08
   0.628740215E-08   0.234695499E-07  -0.662537332E-07   0.170038330E-07
   0.296865306E-07   0.924747923E-07  -0.337725737E-06   0.628513206E-07
   0.115597672E-06   0.301899689E-06  -0.122376775E-05   0.181593364E-06
   0.198311639E-06   0.519735238E-06  -0.208166171E-05   0.315353788E-06
   0.436831044E-06   0.109933649E-05  -0.445608930E-05   0.640254825E-06
   0.678653919E-06   0.166244342E-05  -0.670443706E-05   0.907926790E-06
   0.120268567E-05   0.287037687E-05  -0.115378225E-04   0.151534414E-05
   0.147098581E-05   0.342974022E-05  -0.135422206E-04   0.174039644E-05
   0.185288047E-05   0.419585058E-05  -0.161539429E-04   0.201752027E-05
   0.187329340E-05   0.410744633E-05  -0.149083335E-04   0.181233531E-05
   0.160607510E-05   0.338384189E-05  -0.105806148E-04   0.125161534E-05
   0.133000026E-05   0.256843487E-05  -0.546156934E-05   0.650420418E-06
   0.125962856E-05   0.203500690E-05  -0.126712769E-05   0.205370526E-06
   0.218787432E-05   0.318588195E-05  -0.437630752E-05   0.583413396E-06
   0.578996787E-05   0.881379583E-05  -0.274163704E-04   0.294119923E-05
   0.145392723E-04   0.230122241E-04  -0.874942052E-04   0.860167256E-05
   0.303719298E-04   0.484292177E-04  -0.191557629E-03   0.176256399E-04
   0.583870606E-04   0.928825975E-04  -0.371286995E-03   0.320736362E-04
   0.100142730E-03   0.157979521E-03  -0.620180683E-03   0.503651172E-04
   0.160930795E-03   0.251718273E-03  -0.958209450E-03   0.729285966E-04
   0.243862756E-03   0.379077159E-03  -0.138024986E-02   0.979796750E-04
   0.353469426E-03   0.547831121E-03  -0.188545813E-02   0.124140992E-03
   0.488545396E-03   0.758191163E-03  -0.242490903E-02   0.147605911E-03
   0.654269417E-03   0.102175120E-02  -0.299059437E-02   0.166919053E-03
   0.851765333E-03   0.134367892E-02  -0.354363676E-02   0.180554387E-03
   0.108098926E-02   0.172855309E-02  -0.402952265E-02   0.185507422E-03
   0.134662807E-02   0.218566228E-02  -0.442950660E-02   0.182088348E-03
   0.164412020E-02   0.270886091E-02  -0.466365786E-02   0.167875070E-03
   0.196698261E-02   0.328507111E-02  -0.467059109E-02   0.143499477E-03
   0.230209320E-02   0.388670736E-02  -0.438953144E-02   0.109841982E-03
   0.262177037E-02   0.446246937E-02  -0.376037415E-02   0.721032047E-04
   0.289204577E-02   0.494882790E-02  -0.277505908E-02   0.360031263E-04
   0.307652866E-02   0.527949678E-02  -0.147771498E-02   0.965509116E-05
   0.314111891E-02   0.539556099E-02  -0.382191656E-08   0.000000000E+00
