   0.593394871E-04   0.826682616E-02   0.000000000E+00   0.000000000E+00
   0.634490862E-04   0.805135537E-02   0.108143222E-02   0.613258726E-05
   0.743224882E-04   0.745608797E-02   0.200379617E-02   0.224907653E-04
   0.888282302E-04   0.659063598E-02   0.266065868E-02   0.442175296E-04
   0.102730999E-03   0.558512891E-02   0.300977984E-02   0.653472671E-04
   0.112864691E-03   0.456578331E-02   0.308337063E-02   0.818552144E-04
   0.116633630E-03   0.361697492E-02   0.293102348E-02   0.914562916E-04
   0.113341419E-03   0.278314482E-02   0.262254453E-02   0.934870841E-04
   0.103879174E-03   0.208413950E-02   0.222949916E-02   0.888438881E-04
   0.895037228E-04   0.151428941E-02   0.179781811E-02   0.791930797E-04
   0.731677646E-04   0.106852711E-02   0.138804608E-02   0.668487191E-04
   0.560440931E-04   0.724695332E-03   0.101092726E-02   0.525509458E-04
   0.398288357E-04   0.466202735E-03   0.685102481E-03   0.384444829E-04
   0.263033908E-04   0.283376692E-03   0.431696710E-03   0.257936372E-04
   0.161138269E-04   0.161516815E-03   0.251631456E-03   0.160055915E-04
   0.866420032E-05   0.826525866E-04   0.126031198E-03   0.827524127E-05
   0.413763564E-05   0.383206097E-04   0.542733287E-04   0.363016261E-05
   0.161441494E-05   0.155736088E-04   0.171116881E-04   0.107104347E-05
   0.503000479E-06   0.630887234E-05   0.316165529E-05   0.117878443E-06
   0.134968687E-06   0.380518259E-05   0.615070007E-06   0.245149003E-07
   0.152599227E-06   0.419584012E-05   0.325277415E-05   0.355877802E-06
   0.247157658E-06   0.459886905E-05   0.580621600E-05   0.648029243E-06
   0.304308401E-06   0.461641139E-05   0.703743353E-05   0.802998272E-06
   0.309011540E-06   0.417420597E-05   0.699652082E-05   0.816707598E-06
   0.249718141E-06   0.316261344E-05   0.557979274E-05   0.669796748E-06
   0.183683099E-06   0.222614699E-05   0.404090542E-05   0.498407019E-06
   0.994173988E-07   0.119344850E-05   0.219997810E-05   0.284236364E-06
   0.651600658E-07   0.771164423E-06   0.144595776E-05   0.192875135E-06
   0.174362693E-07   0.216131554E-06   0.405179321E-06   0.597268794E-07
   0.115887735E-07   0.142511382E-06   0.273044066E-06   0.402639913E-07
   0.793712041E-09   0.128079547E-07   0.160159299E-07   0.562331071E-08
   0.901148933E-09   0.332768479E-08  -0.107396030E-07   0.206936490E-08
   0.141837775E-08   0.591455240E-08   0.115219745E-08   0.107904874E-08
   0.472121942E-08   0.364540007E-07   0.555090516E-07   0.949052037E-08
   0.430452074E-08   0.316851008E-07   0.540028964E-07   0.738313455E-08
   0.307823256E-08   0.219946212E-07   0.414234016E-07   0.462310767E-08
   0.415530099E-08   0.351778304E-07   0.695504099E-07   0.896520547E-08
   0.404654044E-08   0.342231168E-07   0.692975561E-07   0.870931238E-08
   0.244346055E-08   0.945496570E-08  -0.244430254E-08   0.201456851E-08
   0.362111918E-08   0.224561649E-07   0.189729494E-07   0.647188259E-08
   0.163929392E-08   0.955856549E-08   0.183111162E-07   0.239878784E-08
   0.902376951E-09   0.256393884E-08  -0.539862821E-08   0.694859448E-09
   0.123607091E-08   0.293756930E-08  -0.136138967E-07   0.142557910E-08
   0.368509945E-09   0.192913663E-08   0.353062513E-08   0.315069665E-09
   0.473023176E-09   0.235739694E-08  -0.338788553E-08   0.116107612E-08
   0.114703425E-08   0.351777119E-08  -0.152513007E-07   0.224244689E-08
   0.177926507E-08   0.637784137E-08  -0.208977724E-07   0.367980979E-08
   0.254983729E-09   0.221791585E-08   0.511911757E-08   0.583496584E-09
   0.246045295E-09   0.610840323E-09  -0.623751495E-09   0.268143147E-10
   0.688192725E-09   0.149830892E-08  -0.661610589E-08   0.569000402E-09
   0.175523562E-08   0.459982408E-08  -0.172709171E-07   0.196787275E-08
   0.415008161E-08   0.110771508E-07  -0.485203806E-07   0.595452265E-08
   0.543730794E-08   0.152060124E-07  -0.644537010E-07   0.834194669E-08
   0.602448225E-08   0.160787827E-07  -0.776146294E-07   0.999123095E-08
   0.126008777E-07   0.349597684E-07  -0.162185501E-06   0.215175859E-07
   0.101143058E-07   0.293494029E-07  -0.122554695E-06   0.165160099E-07
   0.284056423E-07   0.803900804E-07  -0.371741748E-06   0.510476212E-07
   0.438333547E-08   0.107045404E-07  -0.447972006E-07   0.445708537E-08
   0.472189310E-08   0.140003058E-07  -0.511033917E-07   0.678148515E-08
   0.234477526E-08   0.787799337E-08  -0.305896108E-07   0.498729014E-08
   0.453807614E-08   0.143539625E-07  -0.586094018E-07   0.987816229E-08
   0.182446875E-07   0.493181496E-07  -0.219829204E-06   0.296375493E-07
   0.101242136E-06   0.261236721E-06  -0.120969912E-05   0.163521278E-06
   0.209840195E-06   0.529752583E-06  -0.244628222E-05   0.316196832E-06
   0.404241462E-06   0.985800284E-06  -0.457134001E-05   0.571100259E-06
   0.783656048E-06   0.185809529E-05  -0.853691927E-05   0.100570526E-05
   0.105483923E-05   0.241433486E-05  -0.109925395E-04   0.126368013E-05
   0.141322937E-05   0.312653856E-05  -0.139153753E-04   0.156168699E-05
   0.155534553E-05   0.330962052E-05  -0.139056910E-04   0.150018491E-05
   0.136656411E-05   0.273746832E-05  -0.992643072E-05   0.103938567E-05
   0.130947922E-05   0.238944426E-05  -0.594701669E-05   0.608350661E-06
   0.129118416E-05   0.197946474E-05  -0.123502912E-05   0.161274173E-06
   0.246051263E-05   0.357329372E-05  -0.603404169E-05   0.664189713E-06
   0.627201462E-05   0.949996138E-05  -0.298658979E-04   0.278080870E-05
   0.159350257E-04   0.248276774E-04  -0.979681136E-04   0.835086666E-05
   0.339967482E-04   0.529676727E-04  -0.219984970E-03   0.174420293E-04
   0.642358136E-04   0.991485213E-04  -0.412392284E-03   0.306083602E-04
   0.111452777E-03   0.170085230E-03  -0.692076108E-03   0.478306356E-04
   0.177095426E-03   0.267393014E-03  -0.103633653E-02   0.666111155E-04
   0.267839932E-03   0.401677127E-03  -0.146275316E-02   0.867420094E-04
   0.385313848E-03   0.576092454E-03  -0.193532195E-02   0.105756844E-03
   0.532810867E-03   0.797808636E-03  -0.242784340E-02   0.121574878E-03
   0.710479333E-03   0.106979394E-02  -0.288556376E-02   0.131274166E-03
   0.922062376E-03   0.139957794E-02  -0.328183803E-02   0.133885958E-03
   0.116516370E-02   0.178446271E-02  -0.354979723E-02   0.128072497E-03
   0.143712817E-02   0.221900968E-02  -0.364142889E-02   0.112855741E-03
   0.172544504E-02   0.268072356E-02  -0.349330925E-02   0.892976022E-04
   0.200727303E-02   0.313127437E-02  -0.304452889E-02   0.599465166E-04
   0.225071050E-02   0.351836206E-02  -0.227519427E-02   0.304292116E-04
   0.241812202E-02   0.378351635E-02  -0.122107379E-02   0.827482290E-05
   0.247735670E-02   0.387697993E-02  -0.367090025E-08   0.000000000E+00
