   0.131342473E-03   0.837509800E-02  -0.478222973E-11   0.000000000E+00
   0.133895694E-03   0.815219991E-02   0.112720986E-02   0.634609705E-05
   0.140408287E-03   0.753144827E-02   0.207921490E-02   0.232942366E-04
   0.148588719E-03   0.664169295E-02   0.274312752E-02   0.458615541E-04
   0.155800866E-03   0.562489452E-02   0.309111760E-02   0.685130653E-04
   0.159541014E-03   0.460959505E-02   0.315973698E-02   0.869028518E-04
   0.158384442E-03   0.368088274E-02   0.301953591E-02   0.987329840E-04
   0.151400163E-03   0.287553109E-02   0.273573841E-02   0.103304526E-03
   0.139514450E-03   0.220572925E-02   0.237772893E-02   0.101919599E-03
   0.123839171E-03   0.166264735E-02   0.199326384E-02   0.949919922E-04
   0.105221094E-03   0.122674718E-02   0.160596648E-02   0.845026589E-04
   0.857614577E-04   0.885460468E-03   0.124776864E-02   0.719048840E-04
   0.666142878E-04   0.620038598E-03   0.927940651E-03   0.579972912E-04
   0.494331507E-04   0.420514960E-03   0.661707600E-03   0.442868513E-04
   0.347485147E-04   0.272729521E-03   0.447397499E-03   0.320818035E-04
   0.229653142E-04   0.167457241E-03   0.283869304E-03   0.215062573E-04
   0.139711910E-04   0.948000816E-04   0.164486715E-03   0.131778770E-04
   0.789514070E-05   0.494253509E-04   0.873451281E-04   0.733413071E-05
   0.394585231E-05   0.224930627E-04   0.395913776E-04   0.342859926E-05
   0.166104564E-05   0.848874697E-05   0.138241712E-04   0.120179084E-05
   0.601340901E-06   0.292020968E-05   0.341561986E-05   0.277274495E-06
   0.149762798E-06   0.134211712E-05   0.150995049E-06  -0.577376980E-09
   0.707454433E-07   0.171096815E-05   0.829338603E-06   0.103623833E-06
   0.125494864E-06   0.249306390E-05   0.246025002E-05   0.301051074E-06
   0.202441257E-06   0.312718385E-05   0.391946423E-05   0.492082961E-06
   0.221215657E-06   0.294875508E-05   0.406607569E-05   0.518263107E-06
   0.220480757E-06   0.270294527E-05   0.396351470E-05   0.525072949E-06
   0.166437033E-06   0.192946982E-05   0.289662671E-05   0.391766349E-06
   0.120459006E-06   0.136072879E-05   0.212523150E-05   0.301926747E-06
   0.822095387E-07   0.903401769E-06   0.142874126E-05   0.205586105E-06
   0.455587035E-07   0.496022665E-06   0.778600509E-06   0.115677203E-06
   0.156291016E-07   0.178070366E-06   0.265293124E-06   0.440411263E-07
   0.103900586E-07   0.117522077E-06   0.186693313E-06   0.338960362E-07
   0.188440041E-08   0.292138314E-07   0.386304571E-07   0.104723190E-07
   0.354743707E-09   0.489417795E-08  -0.855673032E-09   0.314518078E-08
   0.692841673E-09   0.326708216E-08   0.683444945E-08   0.579886694E-09
   0.184457982E-08   0.135148754E-07   0.216335447E-07   0.316100746E-08
   0.235633157E-08   0.173300023E-07   0.338559545E-07   0.383316756E-08
   0.263574917E-08   0.208740722E-07   0.391424528E-07   0.486566298E-08
   0.321198357E-08   0.235515074E-07   0.349918885E-07   0.537589484E-08
   0.375089959E-08   0.302554817E-07   0.572989656E-07   0.733486827E-08
   0.164828162E-08   0.125037340E-07   0.193484784E-07   0.292656233E-08
   0.159315861E-08   0.143390366E-07   0.230939552E-07   0.494792429E-08
   0.168675218E-08   0.155827671E-07   0.272384000E-07   0.485631269E-08
   0.136373057E-08   0.976418768E-08   0.317697402E-08   0.524106003E-08
   0.976322356E-09   0.644965725E-08  -0.328728045E-08   0.413576728E-08
   0.966694391E-09   0.337258621E-08  -0.105967528E-07   0.251668242E-08
   0.779026355E-08   0.193479988E-07  -0.627116279E-07   0.129977940E-07
   0.478416506E-08   0.116315411E-07  -0.455649172E-07   0.775805908E-08
   0.521120480E-08   0.115610357E-07  -0.452727811E-07   0.765132935E-08
   0.852943671E-08   0.190668175E-07  -0.762844508E-07   0.113566756E-07
   0.822115176E-08   0.187637976E-07  -0.752150058E-07   0.117019114E-07
   0.142478518E-07   0.297170661E-07  -0.125656314E-06   0.183927664E-07
   0.144253027E-07   0.285515203E-07  -0.123363264E-06   0.168255774E-07
   0.442265113E-08   0.981124160E-08  -0.389611579E-07   0.566509639E-08
   0.942962042E-09   0.187446081E-08  -0.766014896E-08   0.102723274E-08
   0.776439801E-09   0.441291759E-08  -0.778851206E-08   0.316480397E-08
   0.771184983E-08   0.190808809E-07  -0.676944154E-07   0.128389877E-07
   0.263617679E-07   0.600896755E-07  -0.226325071E-06   0.367095119E-07
   0.971309575E-07   0.202777557E-06  -0.801290525E-06   0.116808081E-06
   0.197106758E-06   0.403485160E-06  -0.159485887E-05   0.227117141E-06
   0.331726483E-06   0.661833724E-06  -0.262157914E-05   0.366438542E-06
   0.617306227E-06   0.119865797E-05  -0.474534090E-05   0.636817958E-06
   0.759887030E-06   0.144486489E-05  -0.563429239E-05   0.729584428E-06
   0.104589924E-05   0.193817414E-05  -0.743883811E-05   0.937314155E-06
   0.116028662E-05   0.208663391E-05  -0.775814988E-05   0.966559924E-06
   0.112323858E-05   0.197313989E-05  -0.676584841E-05   0.802059958E-06
   0.993733124E-06   0.165374774E-05  -0.482935684E-05   0.558432760E-06
   0.687069530E-06   0.100990462E-05  -0.165137430E-05   0.208116859E-06
   0.672064175E-06   0.752202709E-06  -0.503721651E-06   0.114053051E-06
   0.174403897E-05   0.200460704E-05  -0.650288894E-05   0.782884797E-06
   0.508154744E-05   0.637876383E-05  -0.266051284E-04   0.280344011E-05
   0.121679268E-04   0.156844671E-04  -0.680579760E-04   0.666711139E-05
   0.255047362E-04   0.329517570E-04  -0.143442565E-03   0.132117420E-04
   0.479706541E-04   0.615667814E-04  -0.264571252E-03   0.228965800E-04
   0.816714091E-04   0.103806771E-03  -0.434330461E-03   0.351780036E-04
   0.130354398E-03   0.164032550E-03  -0.662707374E-03   0.500311035E-04
   0.193930027E-03   0.242062146E-03  -0.931496499E-03   0.654411342E-04
   0.279442291E-03   0.347327819E-03  -0.126235012E-02   0.819813285E-04
   0.384939049E-03   0.478808273E-03  -0.161630532E-02   0.963330021E-04
   0.517157780E-03   0.646804809E-03  -0.200182339E-02   0.108860193E-03
   0.675770687E-03   0.853846606E-03  -0.237842090E-02   0.117201300E-03
   0.866867544E-03   0.111034105E-02  -0.273613003E-02   0.121049343E-03
   0.109309086E-02   0.142202480E-02  -0.304003339E-02   0.119063414E-03
   0.135684037E-02   0.179294439E-02  -0.325122755E-02   0.110595007E-03
   0.165546592E-02   0.221858034E-02  -0.331807812E-02   0.952905975E-04
   0.197773962E-02   0.268079783E-02  -0.318297744E-02   0.740616233E-04
   0.229739794E-02   0.314090843E-02  -0.278441585E-02   0.492938962E-04
   0.257677282E-02   0.354284421E-02  -0.208804081E-02   0.248629185E-04
   0.277115963E-02   0.382262655E-02  -0.112538913E-02   0.675036699E-05
   0.284028822E-02   0.392243825E-02  -0.352534490E-08   0.000000000E+00
