   0.715036804E-04   0.986383390E-02   0.000000000E+00   0.000000000E+00
   0.761979099E-04   0.962209702E-02   0.125036610E-02   0.718678484E-05
   0.886569469E-04   0.894069672E-02   0.232599350E-02   0.264677383E-04
   0.105339059E-03   0.793959573E-02   0.310254842E-02   0.522533082E-04
   0.121679310E-03   0.677453494E-02   0.353685138E-02   0.777790774E-04
   0.133473528E-03   0.557928393E-02   0.364258653E-02   0.978346216E-04
   0.138604606E-03   0.445555383E-02   0.349443359E-02   0.110464534E-03
   0.135545692E-03   0.345603866E-02   0.315526826E-02   0.113783906E-03
   0.125264924E-03   0.261261733E-02   0.271148561E-02   0.109106157E-03
   0.109334862E-03   0.191876781E-02   0.221809675E-02   0.986634113E-04
   0.897948121E-04   0.136350340E-02   0.172130356E-02   0.837982952E-04
   0.694862392E-04   0.934463635E-03   0.126731361E-02   0.667178610E-04
   0.508877056E-04   0.616288977E-03   0.888003153E-03   0.503767697E-04
   0.340879124E-04   0.380746322E-03   0.568326388E-03   0.344153559E-04
   0.212718878E-04   0.221608687E-03   0.337937643E-03   0.216343906E-04
   0.119547167E-04   0.118263953E-03   0.178546004E-03   0.119508586E-04
   0.612283247E-05   0.581829372E-04   0.840242938E-04   0.572531462E-05
   0.239872861E-05   0.239783021E-04   0.269431293E-04   0.174274885E-05
   0.868011455E-06   0.101396681E-04   0.690738716E-05   0.359220280E-06
   0.226120321E-06   0.519556579E-05   0.694111179E-06  -0.137677780E-07
   0.155387937E-06   0.484196971E-05   0.274831609E-05   0.303717371E-06
   0.267606168E-06   0.551654557E-05   0.625355506E-05   0.696208701E-06
   0.367730877E-06   0.590486297E-05   0.862512934E-05   0.990236458E-06
   0.381403964E-06   0.533665934E-05   0.869276664E-05   0.101526678E-05
   0.324622278E-06   0.418518312E-05   0.726598273E-05   0.863169532E-06
   0.233961657E-06   0.289956824E-05   0.524970119E-05   0.648535945E-06
   0.159189028E-06   0.193399251E-05   0.359106843E-05   0.464766686E-06
   0.902831729E-07   0.108467975E-05   0.203274612E-05   0.272084236E-06
   0.411263414E-07   0.497658107E-06   0.935324010E-06   0.131470856E-06
   0.140061305E-07   0.175658585E-06   0.327253218E-06   0.492223649E-07
   0.315825077E-08   0.416581578E-07   0.732324423E-07   0.119118075E-07
   0.707853720E-09   0.698717528E-08  -0.525106669E-08   0.469445371E-08
   0.774411257E-09   0.466943240E-08   0.496508701E-08   0.132827982E-08
   0.196441752E-08   0.139460381E-07   0.313385975E-07   0.274443157E-08
   0.594671068E-08   0.470430912E-07   0.824221189E-07   0.117960290E-07
   0.742986606E-08   0.539991980E-07   0.813800796E-07   0.134434597E-07
   0.411001899E-08   0.259894914E-07   0.418652917E-07   0.510089571E-08
   0.144496148E-08   0.789917642E-08   0.202183656E-07   0.595814509E-09
   0.392807786E-08   0.230716584E-07   0.282367658E-07   0.506231013E-08
   0.114712717E-08   0.657736310E-08   0.165754095E-07   0.757798713E-09
   0.131548150E-08   0.518556043E-08   0.986717996E-08   0.375986950E-10
   0.218992557E-08   0.695364122E-08  -0.115067982E-07   0.184049609E-08
   0.943027323E-09   0.786762211E-08   0.181070909E-07   0.199406092E-08
   0.132508859E-08   0.598390759E-08  -0.103230224E-07   0.280232126E-08
   0.868602412E-10   0.538330269E-09  -0.105066877E-08   0.344278217E-09
   0.582295379E-09   0.168359782E-08  -0.774103803E-08   0.105612175E-08
   0.352315233E-09   0.393216215E-08   0.829615043E-08   0.132348887E-08
   0.516671206E-09   0.147219259E-08  -0.256598431E-08   0.320495158E-09
   0.491639529E-08   0.150914410E-07  -0.667655087E-07   0.952310408E-08
   0.246741227E-08   0.935856015E-08  -0.130531594E-07   0.316541904E-08
   0.114093934E-08   0.282056312E-08  -0.132976083E-07   0.140576406E-08
   0.555691182E-08   0.162984488E-07  -0.555931230E-07   0.708881753E-08
   0.892187835E-08   0.302389473E-07  -0.921665659E-07   0.144691414E-07
   0.198340615E-07   0.605031047E-07  -0.255717737E-06   0.356469592E-07
   0.145047112E-07   0.439222276E-07  -0.178547793E-06   0.242959413E-07
   0.232322659E-07   0.745593596E-07  -0.291761808E-06   0.425934772E-07
   0.237844660E-07   0.695263225E-07  -0.320338700E-06   0.442950423E-07
   0.348768170E-08   0.105239115E-07  -0.376469451E-07   0.483222440E-08
   0.173648296E-08   0.459100802E-08  -0.220149836E-07   0.278266832E-08
   0.232191000E-08   0.793135868E-08  -0.283559096E-07   0.465741179E-08
   0.184418862E-07   0.539358851E-07  -0.235849882E-06   0.348391112E-07
   0.572739580E-07   0.159703077E-06  -0.715434169E-06   0.102522357E-06
   0.182805962E-06   0.495443089E-06  -0.224455312E-05   0.305107477E-06
   0.350970708E-06   0.919766762E-06  -0.417677165E-05   0.537114659E-06
   0.588320802E-06   0.149389041E-05  -0.678006336E-05   0.844488397E-06
   0.105134006E-05   0.258873411E-05  -0.116671727E-04   0.138473172E-05
   0.148309971E-05   0.355171255E-05  -0.157535032E-04   0.182773078E-05
   0.164947448E-05   0.382554617E-05  -0.163374243E-04   0.185564147E-05
   0.175394632E-05   0.389506658E-05  -0.154288118E-04   0.168333611E-05
   0.164888320E-05   0.343931492E-05  -0.112916387E-04   0.117321849E-05
   0.142416582E-05   0.263354218E-05  -0.486736644E-05   0.516356522E-06
   0.171854697E-05   0.271097224E-05  -0.184566079E-05   0.260586546E-06
   0.362811079E-05   0.562395417E-05  -0.106559310E-04   0.112636621E-05
   0.926652501E-05   0.149904909E-04  -0.484083648E-04   0.447758021E-05
   0.221117334E-04   0.364579719E-04  -0.139969416E-03   0.119239603E-04
   0.450599764E-04   0.741531330E-04  -0.296631653E-03   0.236420128E-04
   0.830985009E-04   0.135536888E-03  -0.542556110E-03   0.405019746E-04
   0.139257711E-03   0.224852207E-03  -0.873622485E-03   0.608176160E-04
   0.218527013E-03   0.349773036E-03  -0.129566586E-02   0.839130298E-04
   0.325345725E-03   0.517985027E-03  -0.179973023E-02   0.107905471E-03
   0.460053940E-03   0.731634500E-03  -0.233604806E-02   0.129265274E-03
   0.628748734E-03   0.100346655E-02  -0.289509073E-02   0.146474602E-03
   0.831073034E-03   0.133542821E-02  -0.341469329E-02   0.157305025E-03
   0.106704398E-02   0.173048931E-02  -0.383707485E-02   0.158956449E-03
   0.133965898E-02   0.219357107E-02  -0.413394114E-02   0.151122615E-03
   0.163924787E-02   0.270772050E-02  -0.421062158E-02   0.132276138E-03
   0.195373851E-02   0.324908644E-02  -0.400988664E-02   0.103936567E-03
   0.225795573E-02   0.377134373E-02  -0.347159570E-02   0.691599271E-04
   0.251914561E-02   0.421873573E-02  -0.258344738E-02   0.351543313E-04
   0.269572833E-02   0.451876689E-02  -0.138256734E-02   0.949750938E-05
   0.275899773E-02   0.462621357E-02  -0.334291372E-08   0.000000000E+00
