   0.119147888E-03   0.989143178E-02   0.000000000E+00   0.000000000E+00
   0.123322956E-03   0.965403207E-02   0.131119171E-02   0.742145221E-05
   0.134446804E-03   0.899098068E-02   0.243968586E-02   0.274976028E-04
   0.149242129E-03   0.801253319E-02   0.325769116E-02   0.546189403E-04
   0.163602119E-03   0.687880488E-02   0.372196035E-02   0.828313641E-04
   0.174080909E-03   0.571695017E-02   0.386247085E-02   0.106076899E-03
   0.177786773E-03   0.462662661E-02   0.373835256E-02   0.121637429E-03
   0.174128436E-03   0.366098736E-02   0.343327923E-02   0.129043896E-03
   0.163368473E-03   0.283736154E-02   0.301776570E-02   0.127982334E-03
   0.146349194E-03   0.215249811E-02   0.254268269E-02   0.120677687E-03
   0.125870414E-03   0.160124048E-02   0.206984975E-02   0.107877204E-03
   0.103274215E-03   0.116139546E-02   0.161732640E-02   0.917315920E-04
   0.805934542E-04   0.816030602E-03   0.120792235E-02   0.739587194E-04
   0.599462255E-04   0.554059225E-03   0.863137248E-03   0.568553914E-04
   0.419521821E-04   0.358163059E-03   0.580531370E-03   0.406638501E-04
   0.276007831E-04   0.219577807E-03   0.366718334E-03   0.272059551E-04
   0.168794977E-04   0.125211722E-03   0.213665466E-03   0.167290036E-04
   0.936725792E-05   0.649222202E-04   0.111057641E-03   0.902439751E-05
   0.457069609E-05   0.295558202E-04   0.487893558E-04   0.406204208E-05
   0.195257007E-05   0.119132965E-04   0.173415938E-04   0.142420288E-05
   0.623023368E-06   0.427054829E-05   0.327393650E-05   0.212846572E-06
   0.158259837E-06   0.247935805E-05   0.186911990E-06  -0.202440198E-07
   0.116456839E-06   0.283147301E-05   0.162581887E-05   0.187311826E-06
   0.198032467E-06   0.395432426E-05   0.423656411E-05   0.538463553E-06
   0.287005690E-06   0.446346030E-05   0.584813461E-05   0.745448006E-06
   0.308166761E-06   0.419745538E-05   0.610886173E-05   0.801037572E-06
   0.287561875E-06   0.358790771E-05   0.550424602E-05   0.730346699E-06
   0.230869517E-06   0.275778598E-05   0.442044211E-05   0.613005739E-06
   0.163405346E-06   0.188830870E-05   0.305702520E-05   0.432980073E-06
   0.100831024E-06   0.115294279E-05   0.191985077E-05   0.284248529E-06
   0.540222054E-07   0.632733077E-06   0.103428704E-05   0.165238376E-06
   0.307194163E-07   0.347060563E-06   0.575984700E-06   0.897077328E-07
   0.104764464E-07   0.129802117E-06   0.201661337E-06   0.366604311E-07
   0.294776803E-08   0.421088444E-07   0.522550856E-07   0.178721091E-07
   0.386038757E-09   0.578760551E-08   0.554229995E-09   0.343353745E-08
   0.113719234E-08   0.743632533E-08   0.920059495E-08   0.213623785E-08
   0.202082995E-08   0.146344501E-07   0.305572456E-07   0.331258865E-08
   0.206213580E-08   0.139960017E-07   0.243215457E-07   0.279291679E-08
   0.283410806E-08   0.221265513E-07   0.394569923E-07   0.516453680E-08
   0.360340668E-08   0.284848127E-07   0.551643176E-07   0.819908408E-08
   0.347103746E-08   0.287349309E-07   0.571113290E-07   0.778931231E-08
   0.343489659E-08   0.302008303E-07   0.428039648E-07   0.889152219E-08
   0.132899425E-08   0.101527391E-07   0.123858535E-08   0.584578119E-08
   0.105567144E-08   0.125719950E-07   0.138047378E-07   0.614615159E-08
   0.119415100E-08   0.164529315E-07   0.227974439E-07   0.720090254E-08
   0.386399535E-08   0.131948656E-07  -0.320717817E-07   0.894970498E-08
   0.597291594E-08   0.191586054E-07  -0.488057950E-07   0.127638815E-07
   0.493556840E-08   0.154943187E-07  -0.455087985E-07   0.107645386E-07
   0.533041344E-08   0.160005946E-07  -0.550571073E-07   0.114253389E-07
   0.179584880E-07   0.477434341E-07  -0.191188121E-06   0.310001127E-07
   0.157683022E-07   0.411447836E-07  -0.159239960E-06   0.241589238E-07
   0.561464208E-08   0.145881991E-07  -0.546778480E-07   0.981932846E-08
   0.134958320E-07   0.316157838E-07  -0.133874764E-06   0.187456184E-07
   0.599973138E-08   0.130998732E-07  -0.562436391E-07   0.696317670E-08
   0.347832096E-08   0.783533771E-08  -0.328569492E-07   0.421300417E-08
   0.404511480E-09   0.829350033E-09  -0.309359960E-08   0.364835218E-09
   0.178647075E-08   0.594587224E-08  -0.189252152E-07   0.404713019E-08
   0.137034801E-07   0.382578733E-07  -0.134745449E-06   0.262302020E-07
   0.447033273E-07   0.111962002E-06  -0.429595588E-06   0.646286296E-07
   0.120934715E-06   0.286991877E-06  -0.113994861E-05   0.166158571E-06
   0.276638133E-06   0.643310273E-06  -0.257006718E-05   0.372239725E-06
   0.482615405E-06   0.108730308E-05  -0.436281516E-05   0.607128527E-06
   0.760531861E-06   0.167092480E-05  -0.668217672E-05   0.896875520E-06
   0.990939498E-06   0.213468661E-05  -0.841895962E-05   0.109736993E-05
   0.124052576E-05   0.260887896E-05  -0.101030355E-04   0.128657132E-05
   0.136793165E-05   0.280385689E-05  -0.104739338E-04   0.130778676E-05
   0.142032570E-05   0.281862776E-05  -0.982699203E-05   0.117655668E-05
   0.131203694E-05   0.249431855E-05  -0.745433908E-05   0.882219808E-06
   0.101117985E-05   0.173568912E-05  -0.320197205E-05   0.398868593E-06
   0.965394747E-06   0.131206332E-05  -0.767840788E-06   0.151531935E-06
   0.205712377E-05   0.268128156E-05  -0.625680195E-05   0.774540524E-06
   0.576610410E-05   0.805526361E-05  -0.298228715E-04   0.316399974E-05
   0.139716276E-04   0.201705316E-04  -0.822647125E-04   0.808090772E-05
   0.295177560E-04   0.428864732E-04  -0.178878283E-03   0.164594749E-04
   0.549699034E-04   0.794450898E-04  -0.328982598E-03   0.283650170E-04
   0.947157023E-04   0.135733004E-03  -0.551078061E-03   0.446848462E-04
   0.150142805E-03   0.213167528E-03  -0.835755607E-03   0.633615491E-04
   0.225537326E-03   0.318048347E-03  -0.119089137E-02   0.840270077E-04
   0.323956279E-03   0.455234782E-03  -0.160918734E-02   0.105324340E-03
   0.446018734E-03   0.627535104E-03  -0.206175796E-02   0.124359838E-03
   0.594666577E-03   0.841796631E-03  -0.253158924E-02   0.139824784E-03
   0.774022483E-03   0.110749633E-02  -0.300045661E-02   0.150445281E-03
   0.985583523E-03   0.142965501E-02  -0.343163311E-02   0.155349509E-03
   0.122980459E-02   0.181234651E-02  -0.377562852E-02   0.151728644E-03
   0.150693359E-02   0.225601858E-02  -0.398912979E-02   0.139918557E-03
   0.181366061E-02   0.275398861E-02  -0.402192539E-02   0.119728727E-03
   0.213598111E-02   0.328143919E-02  -0.380300917E-02   0.921573155E-04
   0.244778092E-02   0.379276765E-02  -0.328206015E-02   0.606331669E-04
   0.271677366E-02   0.423359312E-02  -0.243503996E-02   0.303297293E-04
   0.289854244E-02   0.453092996E-02  -0.130174623E-02   0.814489158E-05
   0.296321977E-02   0.463698665E-02  -0.401447586E-08   0.000000000E+00
