   0.866299597E-04   0.138219888E-02   0.000000000E+00   0.000000000E+00
   0.864298199E-04   0.137833599E-02   0.145056210E-04   0.124812303E-07
   0.860578075E-04   0.136881147E-02   0.287794755E-04   0.511687546E-07
   0.848670388E-04   0.134819990E-02   0.424675745E-04   0.110829895E-06
   0.832851656E-04   0.132149272E-02   0.554231010E-04   0.187690262E-06
   0.818240005E-04   0.129033730E-02   0.674399635E-04   0.298219902E-06
   0.797863104E-04   0.125303341E-02   0.783552969E-04   0.413896487E-06
   0.775644367E-04   0.121040945E-02   0.879734944E-04   0.552862730E-06
   0.749169558E-04   0.116195821E-02   0.961383921E-04   0.693759091E-06
   0.722470795E-04   0.111204258E-02   0.103021513E-03   0.849452817E-06
   0.692399044E-04   0.105798687E-02   0.108340791E-03   0.994423772E-06
   0.661761223E-04   0.100144150E-02   0.112203321E-03   0.116041133E-05
   0.627285262E-04   0.941825390E-03   0.114493952E-03   0.128217835E-05
   0.596898608E-04   0.884886773E-03   0.115763287E-03   0.146364948E-05
   0.564048751E-04   0.826581148E-03   0.115679482E-03   0.160330194E-05
   0.529147874E-04   0.768713711E-03   0.114454160E-03   0.167458654E-05
   0.498550871E-04   0.713418936E-03   0.112417081E-03   0.182712779E-05
   0.466268939E-04   0.658051751E-03   0.109358472E-03   0.191666231E-05
   0.432809647E-04   0.603492314E-03   0.105403742E-03   0.194295444E-05
   0.402286969E-04   0.551516365E-03   0.100861595E-03   0.202200226E-05
   0.372657014E-04   0.502120529E-03   0.958965320E-04   0.206146183E-05
   0.342613312E-04   0.454804598E-03   0.904671033E-04   0.204048820E-05
   0.316536862E-04   0.410607230E-03   0.848437630E-04   0.209982773E-05
   0.290649095E-04   0.368810346E-03   0.790533813E-04   0.208940514E-05
   0.265693507E-04   0.329685805E-03   0.731220280E-04   0.207361063E-05
   0.244477906E-04   0.293656602E-03   0.673603718E-04   0.209013433E-05
   0.222637482E-04   0.260227214E-03   0.615880708E-04   0.205212223E-05
   0.201725015E-04   0.229367040E-03   0.559175569E-04   0.200231534E-05
   0.183106222E-04   0.200766372E-03   0.504395102E-04   0.195711914E-05
   0.167524831E-04   0.175177833E-03   0.453090106E-04   0.197217923E-05
   0.153008932E-04   0.152247856E-03   0.404993007E-04   0.197207737E-05
   0.138261803E-04   0.131062741E-03   0.358279722E-04   0.194126551E-05
   0.125306087E-04   0.112320922E-03   0.315566213E-04   0.191867275E-05
   0.113893848E-04   0.954959978E-04   0.275809325E-04   0.191146728E-05
   0.105361114E-04   0.813021106E-04   0.241298931E-04   0.194617928E-05
   0.955394262E-05   0.685245832E-04   0.208638048E-04   0.194130575E-05
   0.881318101E-05   0.570464690E-04   0.178711362E-04   0.196013480E-05
   0.801023089E-05   0.468670369E-04   0.150890910E-04   0.195589678E-05
   0.753518361E-05   0.386576830E-04   0.127673802E-04   0.198753537E-05
   0.711320035E-05   0.319441388E-04   0.107467704E-04   0.202658225E-05
   0.664533673E-05   0.258987857E-04   0.883790563E-05   0.203336435E-05
   0.633531135E-05   0.207190897E-04   0.709590722E-05   0.203482796E-05
   0.621052004E-05   0.169442683E-04   0.565482515E-05   0.205237438E-05
   0.615494673E-05   0.140728444E-04   0.439637688E-05   0.206155960E-05
   0.629626857E-05   0.118790194E-04   0.320342269E-05   0.206329264E-05
   0.647022898E-05   0.102516669E-04   0.201922785E-05   0.205329002E-05
   0.687082274E-05   0.973594888E-05   0.112893349E-05   0.204751518E-05
   0.727493352E-05   0.948522575E-05   0.156649222E-06   0.199750730E-05
   0.831779289E-05   0.102933773E-04  -0.895062328E-06   0.198721500E-05
   0.925551740E-05   0.114999339E-04  -0.179626613E-05   0.193149867E-05
   0.105690815E-04   0.134635075E-04  -0.277909862E-05   0.189282378E-05
   0.123186828E-04   0.161912394E-04  -0.385060866E-05   0.185253054E-05
   0.141518076E-04   0.194082822E-04  -0.496372513E-05   0.178243556E-05
   0.166225545E-04   0.234758390E-04  -0.618118202E-05   0.173617173E-05
   0.194171516E-04   0.282341298E-04  -0.754659686E-05   0.167976691E-05
   0.228964000E-04   0.338790560E-04  -0.906139849E-05   0.163283903E-05
   0.270661112E-04   0.406029394E-04  -0.108520844E-04   0.159360332E-05
   0.316197438E-04   0.480238159E-04  -0.127299172E-04   0.153075484E-05
   0.369159243E-04   0.563472749E-04  -0.147639321E-04   0.148916149E-05
   0.425820581E-04   0.654957184E-04  -0.169149625E-04   0.141997054E-05
   0.494450105E-04   0.759897448E-04  -0.193691103E-04   0.140381144E-05
   0.567462812E-04   0.873968820E-04  -0.219059166E-04   0.133810795E-05
   0.653113093E-04   0.100331214E-03  -0.247617882E-04   0.132448486E-05
   0.745835496E-04   0.114339971E-03  -0.276723749E-04   0.128527722E-05
   0.847635965E-04   0.129758526E-03  -0.308125091E-04   0.123429606E-05
   0.958666933E-04   0.146267645E-03  -0.339364451E-04   0.120875461E-05
   0.107759741E-03   0.163889679E-03  -0.370761773E-04   0.118191031E-05
   0.120693672E-03   0.183021970E-03  -0.402610385E-04   0.114244006E-05
   0.134605609E-03   0.203520074E-03  -0.434480426E-04   0.110352732E-05
   0.149474276E-03   0.225372758E-03  -0.465712183E-04   0.105607933E-05
   0.165342339E-03   0.248575350E-03  -0.495653185E-04   0.101069020E-05
   0.182064265E-03   0.273009937E-03  -0.523775816E-04   0.958985311E-06
   0.198772366E-03   0.297605118E-03  -0.546755364E-04   0.883861958E-06
   0.217449968E-03   0.324686000E-03  -0.570244301E-04   0.841164137E-06
   0.235761967E-03   0.351548137E-03  -0.586810347E-04   0.746804346E-06
   0.255043939E-03   0.379663485E-03  -0.599119376E-04   0.703173669E-06
   0.274241524E-03   0.407680491E-03  -0.605598689E-04   0.646236060E-06
   0.293435500E-03   0.435870956E-03  -0.605980204E-04   0.532961394E-06
   0.313491881E-03   0.465106044E-03  -0.601932334E-04   0.422238742E-06
   0.332504074E-03   0.492818595E-03  -0.588750881E-04   0.363907219E-06
   0.351576105E-03   0.520608155E-03  -0.569011318E-04   0.304053060E-06
   0.368920737E-03   0.546338095E-03  -0.539075263E-04   0.260197197E-06
   0.386207394E-03   0.571488519E-03  -0.504100826E-04   0.201436762E-06
   0.402670616E-03   0.595540274E-03  -0.461679738E-04   0.142183083E-06
   0.416450668E-03   0.615702069E-03  -0.410748507E-04   0.926012973E-07
   0.429147825E-03   0.634274213E-03  -0.353706055E-04   0.657301911E-07
   0.439917814E-03   0.650312519E-03  -0.290490643E-04   0.471584620E-07
   0.448100647E-03   0.662062666E-03  -0.222482577E-04   0.225391297E-07
   0.454462977E-03   0.671749411E-03  -0.150474661E-04   0.119450947E-07
   0.458810275E-03   0.678054057E-03  -0.760220746E-05   0.308813952E-08
   0.459808449E-03   0.679437129E-03   0.432840482E-11   0.000000000E+00
