   0.669489527E-04   0.896529760E-02   0.000000000E+00   0.000000000E+00
   0.714749913E-04   0.873979647E-02   0.117053557E-02   0.664632535E-05
   0.833308586E-04   0.811680965E-02   0.217381027E-02   0.244449857E-04
   0.992883070E-04   0.719988765E-02   0.289453263E-02   0.481641000E-04
   0.115032642E-03   0.613601599E-02   0.329341274E-02   0.719409145E-04
   0.126792249E-03   0.505105127E-02   0.339418603E-02   0.911320676E-04
   0.131420820E-03   0.403105328E-02   0.324269128E-02   0.102377468E-03
   0.129241933E-03   0.313554122E-02   0.293798605E-02   0.106261745E-03
   0.119571938E-03   0.237223902E-02   0.252066762E-02   0.102031627E-03
   0.104983250E-03   0.175094511E-02   0.207086676E-02   0.927191359E-04
   0.869112118E-04   0.125197519E-02   0.161730673E-02   0.793798536E-04
   0.678154174E-04   0.864902395E-03   0.119977957E-02   0.638985584E-04
   0.495651948E-04   0.570582110E-03   0.836708350E-03   0.480366944E-04
   0.339489707E-04   0.358449761E-03   0.548209180E-03   0.336501907E-04
   0.216053741E-04   0.211771578E-03   0.333025208E-03   0.216965145E-04
   0.124482167E-04   0.114862807E-03   0.181070689E-03   0.123287164E-04
   0.638405390E-05   0.563059002E-04   0.854764294E-04   0.596357904E-05
   0.274303306E-05   0.240830432E-04   0.315460020E-04   0.217697311E-05
   0.946212197E-06   0.942375118E-05   0.765202640E-05   0.433464066E-06
   0.285484930E-06   0.443644194E-05   0.111802569E-05   0.100454809E-07
   0.131827917E-06   0.373444595E-05   0.153417466E-05   0.132178783E-06
   0.202690629E-06   0.445590285E-05   0.450076823E-05   0.496281132E-06
   0.277515369E-06   0.462995968E-05   0.629683746E-05   0.721359186E-06
   0.328024385E-06   0.464754930E-05   0.725665313E-05   0.846737748E-06
   0.315825105E-06   0.409283803E-05   0.685743680E-05   0.826583062E-06
   0.253509143E-06   0.314391400E-05   0.550520963E-05   0.693918764E-06
   0.168439144E-06   0.200757813E-05   0.360693093E-05   0.461162045E-06
   0.103661243E-06   0.122128267E-05   0.221158962E-05   0.296617458E-06
   0.481550124E-07   0.558925592E-06   0.101572425E-05   0.138963756E-06
   0.208952677E-07   0.255252274E-06   0.474695668E-06   0.716696178E-07
   0.565893865E-08   0.687728061E-07   0.109732859E-06   0.186831990E-07
   0.607374873E-09   0.933911970E-08   0.125357360E-07   0.314671733E-08
   0.125398658E-08   0.922981691E-08   0.214733529E-07   0.223915375E-08
   0.322629301E-08   0.209514948E-07   0.200315551E-07   0.566514968E-08
   0.185511362E-08   0.134351321E-07   0.314000665E-07   0.268034506E-08
   0.430286029E-08   0.266448925E-07   0.390661192E-07   0.533913713E-08
   0.228662400E-08   0.167185465E-07   0.372562141E-07   0.327418159E-08
   0.472664263E-08   0.387758980E-07   0.864459153E-07   0.103853885E-07
   0.248325582E-08   0.151486894E-07   0.212930686E-07   0.317883719E-08
   0.249490406E-08   0.177949140E-07   0.394490733E-07   0.440218795E-08
   0.824399715E-09   0.301077119E-08   0.498879965E-10   0.931128175E-09
   0.220208407E-08   0.160535283E-07   0.206713135E-07   0.460347183E-08
   0.126323318E-08   0.387751165E-08  -0.916935150E-08   0.139298506E-08
   0.323686827E-09   0.191942395E-08   0.242490539E-08   0.460277094E-09
   0.159402136E-08   0.567746072E-08  -0.126092639E-07   0.335869310E-08
   0.383261860E-10   0.246563492E-09   0.300501457E-09   0.727701233E-10
   0.172203141E-08   0.447320669E-08  -0.201597548E-07   0.284591994E-08
   0.521391597E-09   0.323432103E-08   0.230561681E-08   0.978517600E-09
   0.285031443E-08   0.104837898E-07  -0.240309301E-07   0.478502837E-08
   0.170087089E-08   0.372566022E-08  -0.181459274E-07   0.199848849E-08
   0.567580738E-08   0.159876894E-07  -0.622251477E-07   0.831772429E-08
   0.143754679E-07   0.436392220E-07  -0.180480086E-06   0.268808691E-07
   0.946898471E-08   0.254155559E-07  -0.102301158E-06   0.127356197E-07
   0.146637786E-07   0.417113846E-07  -0.178969174E-06   0.248468908E-07
   0.168381611E-07   0.450720208E-07  -0.211155694E-06   0.289247915E-07
   0.131830582E-07   0.348774378E-07  -0.162685126E-06   0.216746052E-07
   0.142945344E-07   0.398484055E-07  -0.175182137E-06   0.240958329E-07
   0.106515419E-07   0.288156627E-07  -0.128100908E-06   0.170061423E-07
   0.138264789E-08   0.768302488E-08  -0.538855538E-08   0.307785109E-08
   0.224768093E-08   0.898846420E-08  -0.299112983E-07   0.672694789E-08
   0.146302552E-07   0.429838778E-07  -0.177603667E-06   0.282850596E-07
   0.874051409E-07   0.230279099E-06  -0.101895046E-05   0.144104192E-06
   0.193848877E-06   0.494139044E-06  -0.218743048E-05   0.286035004E-06
   0.339781479E-06   0.838528081E-06  -0.373269745E-05   0.477041795E-06
   0.754608550E-06   0.180723214E-05  -0.807544802E-05   0.100475188E-05
   0.936498452E-06   0.217941874E-05  -0.961385740E-05   0.116547312E-05
   0.125187455E-05   0.282280780E-05  -0.122028587E-04   0.142097053E-05
   0.159099261E-05   0.346331740E-05  -0.144767682E-04   0.164810945E-05
   0.164699770E-05   0.344348405E-05  -0.131499273E-04   0.141612907E-05
   0.141578164E-05   0.276909395E-05  -0.834614184E-05   0.872749524E-06
   0.122666302E-05   0.209168229E-05  -0.296952476E-05   0.349567415E-06
   0.163100935E-05   0.236972346E-05  -0.203067543E-05   0.278484492E-06
   0.384268787E-05   0.571000101E-05  -0.143529896E-04   0.147859532E-05
   0.100009684E-04   0.154700156E-04  -0.559403015E-04   0.514823523E-05
   0.228957397E-04   0.358597172E-04  -0.143809972E-03   0.123031241E-04
   0.459730036E-04   0.717557778E-04  -0.295253121E-03   0.235602620E-04
   0.832360311E-04   0.128711137E-03  -0.524764066E-03   0.391309877E-04
   0.138568110E-03   0.212030107E-03  -0.838777050E-03   0.582945395E-04
   0.215955122E-03   0.327562564E-03  -0.123617740E-02   0.798527471E-04
   0.317104976E-03   0.478621456E-03  -0.168918143E-02   0.100873709E-03
   0.445205922E-03   0.671512680E-03  -0.217860448E-02   0.119805103E-03
   0.604515255E-03   0.915311393E-03  -0.268566096E-02   0.134954156E-03
   0.794341962E-03   0.121198921E-02  -0.315080816E-02   0.143658501E-03
   0.101770950E-02   0.156852754E-02  -0.353980018E-02   0.144741571E-03
   0.127391273E-02   0.198426377E-02  -0.380254886E-02   0.137174793E-03
   0.155765819E-02   0.244954205E-02  -0.387908774E-02   0.119908684E-03
   0.185693812E-02   0.294240541E-02  -0.369941699E-02   0.941033650E-04
   0.214657793E-02   0.341905816E-02  -0.320465071E-02   0.626755427E-04
   0.239553698E-02   0.382695813E-02  -0.238637580E-02   0.316374644E-04
   0.256660162E-02   0.410641916E-02  -0.127859134E-02   0.858244130E-05
   0.262737949E-02   0.420548953E-02  -0.218143059E-08   0.000000000E+00
