   0.215421634E-03   0.134420088E-01  -0.509885406E-11   0.000000000E+00
   0.219594571E-03   0.131472982E-01   0.171261723E-02   0.988236388E-05
   0.231046768E-03   0.123126172E-01   0.320375105E-02   0.367743887E-04
   0.246024865E-03   0.110842790E-01   0.431392016E-02   0.740628820E-04
   0.260687579E-03   0.963469967E-02   0.498758163E-02   0.113339993E-03
   0.270357530E-03   0.812866632E-02   0.523849716E-02   0.147941217E-03
   0.273642596E-03   0.668816036E-02   0.515948143E-02   0.173707100E-03
   0.267204043E-03   0.538837863E-02   0.482065091E-02   0.186960795E-03
   0.252197293E-03   0.426067412E-02   0.432174187E-02   0.189974802E-03
   0.230060046E-03   0.331407157E-02   0.374335004E-02   0.183513795E-03
   0.202381561E-03   0.253230799E-02   0.313530071E-02   0.169866165E-03
   0.171251959E-03   0.189625775E-02   0.253719487E-02   0.149629050E-03
   0.138431074E-03   0.138189248E-02   0.196940172E-02   0.126099476E-03
   0.108457534E-03   0.986461528E-03   0.148776383E-02   0.102498307E-03
   0.803637377E-04   0.676256604E-03   0.106492196E-02   0.782742791E-04
   0.568893665E-04   0.445518497E-03   0.728280924E-03   0.569481745E-04
   0.381707723E-04   0.279792846E-03   0.471155887E-03   0.387307227E-04
   0.234331692E-04   0.161399352E-03   0.275920873E-03   0.237660934E-04
   0.137232500E-04   0.879477157E-04   0.152716195E-03   0.138138321E-04
   0.707234403E-05   0.421186887E-04   0.717091971E-04   0.661803097E-05
   0.318159096E-05   0.176873982E-04   0.274068898E-04   0.252368955E-05
   0.127161547E-05   0.680722496E-05   0.795588312E-05   0.685881332E-06
   0.402224515E-06   0.312215457E-05   0.109851419E-05   0.564104958E-07
   0.136678111E-06   0.313740566E-05   0.102531635E-05   0.144989116E-06
   0.207559495E-06   0.470463192E-05   0.411529345E-05   0.552669917E-06
   0.323012102E-06   0.548798789E-05   0.646842909E-05   0.884002532E-06
   0.385196671E-06   0.546605952E-05   0.729646581E-05   0.984591679E-06
   0.396135277E-06   0.514276326E-05   0.736562606E-05   0.104618164E-05
   0.383143657E-06   0.461594163E-05   0.699073007E-05   0.100876093E-05
   0.304198011E-06   0.350987580E-05   0.542361659E-05   0.796614358E-06
   0.193281224E-06   0.219968479E-05   0.346715342E-05   0.533970137E-06
   0.129639659E-06   0.146481159E-05   0.233243873E-05   0.374351970E-06
   0.749419513E-07   0.839479014E-06   0.134459856E-05   0.219197005E-06
   0.293811837E-07   0.328401910E-06   0.529661520E-06   0.882672353E-07
   0.207404955E-07   0.237317309E-06   0.375448707E-06   0.658428405E-07
   0.469907269E-08   0.542069110E-07   0.859010214E-07   0.166600369E-07
   0.757890917E-09   0.616456308E-08   0.409030942E-08   0.267237632E-08
   0.170614445E-08   0.111321787E-07   0.236519995E-07   0.284902679E-08
   0.210213136E-08   0.198475885E-07   0.329270975E-07   0.627496943E-08
   0.388657773E-08   0.324123413E-07   0.497505397E-07   0.128387061E-07
   0.400613365E-08   0.380131695E-07   0.594050711E-07   0.149519028E-07
   0.648778098E-08   0.557477087E-07   0.802369087E-07   0.227121344E-07
   0.359844532E-08   0.329058878E-07   0.288619386E-07   0.168893717E-07
   0.634626707E-08   0.459801974E-07   0.341176865E-08   0.276043526E-07
   0.548354429E-08   0.447200961E-07   0.154372515E-07   0.258321773E-07
   0.283670776E-08   0.359154235E-07   0.226304468E-07   0.204966355E-07
   0.981941994E-08   0.416922461E-07  -0.883593856E-07   0.307571888E-07
   0.131848310E-07   0.503960536E-07  -0.104799966E-06   0.356366598E-07
   0.841455794E-08   0.307655057E-07  -0.756169172E-07   0.223902283E-07
   0.130498830E-07   0.429215277E-07  -0.130589058E-06   0.313488435E-07
   0.209623430E-07   0.591960436E-07  -0.203216359E-06   0.412731644E-07
   0.419131840E-08   0.133897151E-07  -0.395381932E-07   0.976354730E-08
   0.828969693E-08   0.235220856E-07  -0.834262863E-07   0.146403725E-07
   0.411818288E-10   0.728763092E-10  -0.988571308E-10   0.220911275E-10
   0.499271469E-08   0.134160034E-07  -0.460510279E-07   0.840098657E-08
   0.147163464E-07   0.410853289E-07  -0.138884332E-06   0.246489638E-07
   0.440466295E-07   0.115914993E-06  -0.410537496E-06   0.713875252E-07
   0.166621803E-06   0.406104817E-06  -0.149814286E-05   0.242336995E-06
   0.252846775E-06   0.614466614E-06  -0.224271776E-05   0.346940595E-06
   0.496986900E-06   0.117264642E-05  -0.430546061E-05   0.639922405E-06
   0.854807979E-06   0.197950249E-05  -0.725931977E-05   0.105919366E-05
   0.106983373E-05   0.242948317E-05  -0.882218137E-05   0.125459451E-05
   0.138083590E-05   0.306077686E-05  -0.109738585E-04   0.151938275E-05
   0.158744172E-05   0.346877027E-05  -0.120469613E-04   0.162871049E-05
   0.189158936E-05   0.401856278E-05  -0.134362963E-04   0.176561036E-05
   0.169087855E-05   0.349278798E-05  -0.105714180E-04   0.137892562E-05
   0.132414038E-05   0.260146953E-05  -0.611436053E-05   0.797492874E-06
   0.103053742E-05   0.173379453E-05  -0.190347009E-05   0.289103525E-06
   0.132964783E-05   0.176218066E-05  -0.182273504E-05   0.309895796E-06
   0.321159428E-05   0.437968174E-05  -0.124393682E-04   0.154587212E-05
   0.842214740E-05   0.121896974E-04  -0.449924446E-04   0.504266063E-05
   0.187741407E-04   0.279857741E-04  -0.109072520E-03   0.114032391E-04
   0.379141420E-04   0.569448239E-04  -0.225336087E-03   0.223191219E-04
   0.681334859E-04   0.102366008E-03  -0.400243065E-03   0.373150651E-04
   0.113953007E-03   0.170269719E-03  -0.652653049E-03   0.572781901E-04
   0.177516049E-03   0.263444002E-03  -0.979297212E-03   0.809488483E-04
   0.263074733E-03   0.388727320E-03  -0.138706237E-02   0.107220112E-03
   0.371890259E-03   0.549082004E-03  -0.185834360E-02   0.133360736E-03
   0.507370976E-03   0.751259387E-03  -0.238531968E-02   0.158456256E-03
   0.670766807E-03   0.100034825E-02  -0.293939561E-02   0.180557108E-03
   0.865751586E-03   0.130733359E-02  -0.350348256E-02   0.196501613E-03
   0.109186186E-02   0.167573628E-02  -0.403020298E-02   0.205162854E-03
   0.135518715E-02   0.211974536E-02  -0.450113975E-02   0.205018383E-03
   0.165557314E-02   0.264079473E-02  -0.486928876E-02   0.197537811E-03
   0.199131039E-02   0.323762977E-02  -0.507130148E-02   0.178385118E-03
   0.235509826E-02   0.389521313E-02  -0.503908005E-02   0.149653366E-03
   0.273124385E-02   0.458072778E-02  -0.471265055E-02   0.113071168E-03
   0.308895460E-02   0.523710856E-02  -0.402515475E-02   0.735718495E-04
   0.339103863E-02   0.579153793E-02  -0.296010706E-02   0.363563267E-04
   0.359579688E-02   0.616767677E-02  -0.157468370E-02   0.973382976E-05
   0.366783864E-02   0.630053552E-02  -0.432607372E-08   0.000000000E+00
