   0.180593182E-03   0.846737903E-02  -0.414055856E-11   0.000000000E+00
   0.180855015E-03   0.821995828E-02   0.110199943E-02   0.620468973E-05
   0.181196534E-03   0.753208343E-02   0.201342185E-02   0.226442990E-04
   0.180601841E-03   0.656514941E-02   0.261948421E-02   0.441239717E-04
   0.178358256E-03   0.548084546E-02   0.290481723E-02   0.650542861E-04
   0.173219960E-03   0.442791171E-02   0.292168837E-02   0.812170474E-04
   0.165088451E-03   0.348644028E-02   0.275284285E-02   0.911677416E-04
   0.153176152E-03   0.269440166E-02   0.246770401E-02   0.948320230E-04
   0.138494463E-03   0.204927824E-02   0.213030470E-02   0.932731564E-04
   0.121169222E-03   0.153575919E-02   0.177529722E-02   0.869782234E-04
   0.102398124E-03   0.113155809E-02   0.143038935E-02   0.773099528E-04
   0.835051105E-04   0.818800530E-03   0.111571618E-02   0.659085927E-04
   0.653793686E-04   0.578063773E-03   0.838308013E-03   0.537352244E-04
   0.489623089E-04   0.395896932E-03   0.604254019E-03   0.417353731E-04
   0.350592381E-04   0.261502108E-03   0.416958763E-03   0.307959090E-04
   0.235867265E-04   0.163661418E-03   0.270008255E-03   0.212474442E-04
   0.151080867E-04   0.974721697E-04   0.165929770E-03   0.137590878E-04
   0.883407574E-05   0.528133751E-04   0.919263839E-04   0.799654390E-05
   0.467739528E-05   0.254459228E-04   0.449815416E-04   0.408823371E-05
   0.222875065E-05   0.107856295E-04   0.189643069E-04   0.177334891E-05
   0.850371634E-06   0.350435630E-05   0.547881291E-05   0.520749211E-06
   0.253774090E-06   0.107569838E-05   0.674045395E-06   0.514168086E-07
   0.704672658E-07   0.884008443E-06   0.852497379E-07   0.394050836E-08
   0.671681164E-07   0.152860218E-05   0.111527083E-05   0.139734709E-06
   0.116097219E-06   0.200006230E-05   0.215761884E-05   0.284483605E-06
   0.162344023E-06   0.228530052E-05   0.286729528E-05   0.373685623E-06
   0.172323823E-06   0.215445948E-05   0.289303603E-05   0.379879111E-06
   0.164062598E-06   0.191973618E-05   0.268458393E-05   0.367858917E-06
   0.114455879E-06   0.129137572E-05   0.187206581E-05   0.268485877E-06
   0.836761345E-07   0.909350376E-06   0.132157550E-05   0.191104306E-06
   0.492134973E-07   0.523437905E-06   0.760872013E-06   0.111983610E-06
   0.285681008E-07   0.311278512E-06   0.467716291E-06   0.755780718E-07
   0.935562916E-08   0.110909433E-06   0.160359477E-06   0.300797822E-07
   0.297045988E-08   0.384653767E-07   0.529138582E-07   0.115993082E-07
   0.594521654E-09   0.887396645E-08   0.951108259E-08   0.351754670E-08
   0.410984219E-09   0.356820840E-08  -0.570681419E-10   0.193448968E-08
   0.654762744E-09   0.379949450E-08   0.640041486E-08   0.817131307E-09
   0.121887300E-08   0.821906099E-08   0.154690269E-07   0.171872172E-08
   0.336965100E-08   0.263699853E-07   0.402093931E-07   0.605170269E-08
   0.431489644E-08   0.347311229E-07   0.613861388E-07   0.852184012E-08
   0.187344495E-08   0.137893359E-07   0.188177420E-07   0.488001461E-08
   0.197552441E-08   0.173867729E-07   0.231430377E-07   0.474121276E-08
   0.179045834E-08   0.149238311E-07   0.243552680E-07   0.448035609E-08
   0.479639717E-09   0.604912609E-08   0.611560091E-08   0.279217849E-08
   0.192146943E-08   0.117135466E-07   0.557973712E-08   0.568133496E-08
   0.433312852E-08   0.121080452E-07  -0.292014644E-07   0.822333757E-08
   0.621275875E-08   0.143777772E-07  -0.370276219E-07   0.903491504E-08
   0.737082884E-08   0.162862701E-07  -0.525142099E-07   0.109331797E-07
   0.254703658E-08   0.549147217E-08  -0.209573745E-07   0.361742414E-08
   0.592097171E-08   0.123478525E-07  -0.479089053E-07   0.798288458E-08
   0.693480739E-08   0.138351348E-07  -0.510868681E-07   0.915851039E-08
   0.105581703E-07   0.198032026E-07  -0.782305491E-07   0.127807347E-07
   0.458280391E-08   0.905948028E-08  -0.342870088E-07   0.487412777E-08
   0.381691212E-08   0.829823321E-08  -0.302874490E-07   0.487239582E-08
   0.184520366E-08   0.379525966E-08  -0.135951188E-07   0.199539407E-08
   0.487428098E-09   0.155980606E-08  -0.400718525E-08   0.102708553E-08
   0.394201471E-08   0.848300274E-08  -0.299013685E-07   0.542054091E-08
   0.178588735E-07   0.371709490E-07  -0.134895402E-06   0.225742642E-07
   0.628299830E-07   0.122072521E-06  -0.457121843E-06   0.690595030E-07
   0.127865803E-06   0.235379247E-06  -0.905861043E-06   0.134974613E-06
   0.257970299E-06   0.466518316E-06  -0.179252152E-05   0.255788365E-06
   0.358224185E-06   0.636524419E-06  -0.242786973E-05   0.341651941E-06
   0.554476628E-06   0.954364054E-06  -0.363617460E-05   0.491882815E-06
   0.793243373E-06   0.133677781E-05  -0.502291141E-05   0.667187805E-06
   0.983539735E-06   0.161953017E-05  -0.593066625E-05   0.755596318E-06
   0.999897225E-06   0.160196794E-05  -0.557887643E-05   0.693117499E-06
   0.809383494E-06   0.124353289E-05  -0.386334023E-05   0.476164303E-06
   0.651394373E-06   0.938905316E-06  -0.215657406E-05   0.264765788E-06
   0.436869612E-06   0.486639067E-06  -0.377382520E-06   0.830685636E-07
   0.809494736E-06   0.799464829E-06  -0.211739302E-05   0.304405233E-06
   0.247015032E-05   0.271370936E-05  -0.110900473E-04   0.127419401E-05
   0.663790388E-05   0.771220311E-05  -0.336740923E-04   0.353790233E-05
   0.150108999E-04   0.176657613E-04  -0.774398650E-04   0.761971387E-05
   0.297538554E-04   0.349335533E-04  -0.151036977E-03   0.139346403E-04
   0.530906218E-04   0.617994010E-04  -0.261036621E-03   0.226077336E-04
   0.875746045E-04   0.100934150E-03  -0.413172645E-03   0.334682190E-04
   0.135950395E-03   0.155027272E-03  -0.610731193E-03   0.462263379E-04
   0.200289389E-03   0.226838776E-03  -0.850191922E-03   0.597090002E-04
   0.283581554E-03   0.320183201E-03  -0.112849835E-02   0.731498076E-04
   0.388734392E-03   0.439841067E-03  -0.143646856E-02   0.852901430E-04
   0.520074624E-03   0.592261611E-03  -0.176793872E-02   0.957500451E-04
   0.680514320E-03   0.783755037E-03  -0.209941179E-02   0.102775848E-03
   0.877703482E-03   0.102525589E-02  -0.242568087E-02   0.106273030E-03
   0.111741351E-02   0.132630882E-02  -0.271443883E-02   0.104346967E-03
   0.140417984E-02   0.169263384E-02  -0.293610990E-02   0.979332326E-04
   0.173889927E-02   0.212475332E-02  -0.304246624E-02   0.854504106E-04
   0.210984959E-02   0.260661030E-02  -0.296481606E-02   0.672795795E-04
   0.248875120E-02   0.309962127E-02  -0.263548130E-02   0.452073000E-04
   0.282800733E-02   0.354168168E-02  -0.200495124E-02   0.231184313E-04
   0.306666130E-02   0.385228195E-02  -0.109050795E-02   0.630788418E-05
   0.315300422E-02   0.396509329E-02  -0.291081825E-08   0.000000000E+00
