   0.137567365E+01   0.896626568E+01   0.000000000E+00   0.000000000E+00
   0.115034652E+01   0.750099564E+01   0.284840107E+00   0.184850954E-02
   0.715577543E+00   0.467224264E+01   0.355755627E+00   0.462716585E-02
   0.374687105E+00   0.245135140E+01   0.281213135E+00   0.550343236E-02
   0.182424784E+00   0.119619858E+01   0.184082255E+00   0.482578529E-02
   0.874722227E-01   0.574350715E+00   0.111234464E+00   0.366376084E-02
   0.426282957E-01   0.279464215E+00   0.652423352E-01   0.259416574E-02
   0.216559544E-01   0.140875071E+00   0.382042751E-01   0.178538472E-02
   0.118106306E-01   0.754043385E-01   0.228115134E-01   0.121920160E-02
   0.712142885E-02   0.440826677E-01   0.141574023E-01   0.848621712E-03
   0.484295376E-02   0.288426112E-01   0.932621211E-02   0.609071460E-03
   0.368379918E-02   0.211723987E-01   0.661501149E-02   0.462395081E-03
   0.304270559E-02   0.170523599E-01   0.507069658E-02   0.369827030E-03
   0.263637747E-02   0.145748919E-01   0.414979178E-02   0.312985358E-03
   0.233496935E-02   0.128473686E-01   0.355982524E-02   0.274245191E-03
   0.207997882E-02   0.114488285E-01   0.313491724E-02   0.249511038E-03
   0.184736087E-02   0.102016730E-01   0.279231556E-02   0.228941746E-03
   0.162845128E-02   0.904083531E-02   0.249028415E-02   0.209736711E-03
   0.142318837E-02   0.794459879E-02   0.220989319E-02   0.191901083E-03
   0.123260636E-02   0.692031672E-02   0.194633112E-02   0.174400382E-03
   0.105765217E-02   0.597595423E-02   0.169925904E-02   0.156229522E-03
   0.900134328E-03   0.510501163E-02   0.146602723E-02   0.139418378E-03
   0.757861126E-03   0.432111369E-02   0.125000242E-02   0.121669502E-03
   0.633414311E-03   0.362895546E-02   0.105595856E-02   0.104780229E-03
   0.526426476E-03   0.302076316E-02   0.882625871E-03   0.898372600E-04
   0.432110479E-03   0.249193073E-02   0.727699604E-03   0.748565799E-04
   0.353395531E-03   0.203537196E-02   0.592957484E-03   0.620107239E-04
   0.286564813E-03   0.164878531E-02   0.477285037E-03   0.502607472E-04
   0.231074679E-03   0.132906460E-02   0.381442398E-03   0.402322949E-04
   0.184493823E-03   0.105527451E-02   0.297768274E-03   0.313485107E-04
   0.147611805E-03   0.836753810E-03   0.232553910E-03   0.242945171E-04
   0.116716816E-03   0.653705210E-03   0.176954767E-03   0.180593452E-04
   0.926184293E-04   0.509963720E-03   0.134477188E-03   0.133744497E-04
   0.732771878E-04   0.393733993E-03   0.100428479E-03   0.949686819E-05
   0.577154788E-04   0.299851992E-03   0.728799569E-04   0.647700244E-05
   0.458161885E-04   0.228221979E-03   0.528216406E-04   0.424812606E-05
   0.364159459E-04   0.170979125E-03   0.368827932E-04   0.257123793E-05
   0.293852972E-04   0.128284591E-03   0.257035463E-04   0.146785328E-05
   0.239734563E-04   0.948480229E-04   0.171438660E-04   0.633421678E-06
   0.202258707E-04   0.704564445E-04   0.115224866E-04   0.153479348E-06
   0.174301476E-04   0.517552216E-04   0.731040609E-05  -0.173840107E-06
   0.152915327E-04   0.379225021E-04   0.428659223E-05  -0.346446399E-06
   0.140492202E-04   0.282663968E-04   0.245734782E-05  -0.425697465E-06
   0.133817111E-04   0.214656829E-04   0.123539621E-05  -0.458358414E-06
   0.133404283E-04   0.166686314E-04   0.260712085E-06  -0.485730482E-06
   0.139162348E-04   0.139412932E-04  -0.461637370E-06  -0.494050084E-06
   0.149548541E-04   0.129099217E-04  -0.967526603E-06  -0.493016216E-06
   0.169489576E-04   0.134436386E-04  -0.183675434E-05  -0.464205698E-06
   0.195472021E-04   0.154219706E-04  -0.288006686E-05  -0.398145005E-06
   0.234187519E-04   0.191909530E-04  -0.437650397E-05  -0.283940466E-06
   0.290921944E-04   0.253109829E-04  -0.693912489E-05  -0.103625530E-08
   0.363684885E-04   0.339506551E-04  -0.105849831E-04   0.443041728E-06
   0.460080264E-04   0.456656635E-04  -0.156023798E-04   0.112193800E-05
   0.596979953E-04   0.621070722E-04  -0.233814444E-04   0.222146627E-05
   0.770361730E-04   0.836777981E-04  -0.337454439E-04   0.375858303E-05
   0.986139057E-04   0.110333349E-03  -0.464483674E-04   0.569693884E-05
   0.128305983E-03   0.146864521E-03  -0.652864182E-04   0.864867161E-05
   0.165710589E-03   0.193084241E-03  -0.894323894E-04   0.123023283E-04
   0.212554078E-03   0.251162011E-03  -0.119978220E-03   0.170319763E-04
   0.272123580E-03   0.324259367E-03  -0.159128002E-03   0.229944471E-04
   0.345050095E-03   0.414531271E-03  -0.207348712E-03   0.300899392E-04
   0.433877605E-03   0.523491472E-03  -0.265057810E-03   0.387025902E-04
   0.543556525E-03   0.658627891E-03  -0.337012898E-03   0.489804479E-04
   0.673137314E-03   0.817573979E-03  -0.419846096E-03   0.604336128E-04
   0.827651471E-03   0.100580486E-02  -0.516631233E-03   0.735534923E-04
   0.101358898E-02   0.123173220E-02  -0.632143579E-03   0.888432478E-04
   0.122379651E-02   0.148995791E-02  -0.759213115E-03   0.104119143E-03
   0.147109735E-02   0.178916310E-02  -0.904429122E-03   0.121784884E-03
   0.174985966E-02   0.212702597E-02  -0.106301415E-02   0.139713564E-03
   0.206215004E-02   0.250569894E-02  -0.123501592E-02   0.157640490E-03
   0.241447450E-02   0.292980787E-02  -0.142354530E-02   0.177264417E-03
   0.279385899E-02   0.338620949E-02  -0.161847030E-02   0.194872322E-03
   0.320455153E-02   0.387775176E-02  -0.182365009E-02   0.213237901E-03
   0.364493113E-02   0.440260721E-02  -0.204087142E-02   0.229737430E-03
   0.411514286E-02   0.495995814E-02  -0.227544061E-02   0.245309377E-03
   0.462313648E-02   0.555493031E-02  -0.254162890E-02   0.263211783E-03
   0.520152599E-02   0.622658990E-02  -0.287629012E-02   0.282744179E-03
   0.592028396E-02   0.705317874E-02  -0.334197329E-02   0.308805349E-03
   0.695583038E-02   0.824385975E-02  -0.407266384E-02   0.349205337E-03
   0.866764225E-02   0.102283759E-01  -0.529361656E-02   0.413394358E-03
   0.118174506E-01   0.139254313E-01  -0.742088957E-02   0.523804687E-03
   0.180037469E-01   0.212758984E-01  -0.111909602E-01   0.699247699E-03
   0.305711031E-01   0.363633744E-01  -0.178842433E-01   0.973121030E-03
   0.566194206E-01   0.679046810E-01  -0.297222119E-01   0.139276590E-02
   0.111360423E+00   0.134635434E+00  -0.503885970E-01   0.199887925E-02
   0.227340385E+00   0.276771396E+00  -0.854335129E-01   0.280034379E-02
   0.471903592E+00   0.577691555E+00  -0.141016930E+00   0.367595162E-02
   0.966229618E+00   0.118779266E+01  -0.215332225E+00   0.419538934E-02
   0.184480739E+01   0.227437830E+01  -0.272943407E+00   0.353545672E-02
   0.297060227E+01   0.366860533E+01  -0.219215348E+00   0.141824502E-02
   0.355675650E+01   0.439496565E+01  -0.629609076E-06   0.000000000E+00
