   0.708587540E-04   0.696355244E-02  -0.150802079E-10   0.000000000E+00
   0.741328913E-04   0.677719666E-02   0.965967425E-03   0.536055131E-05
   0.830739009E-04   0.625388185E-02   0.178313872E-02   0.196698566E-04
   0.946436267E-04   0.550389942E-02   0.235214410E-02   0.386849206E-04
   0.105532446E-03   0.464689313E-02   0.264622713E-02   0.573396646E-04
   0.113063907E-03   0.379150431E-02   0.269718049E-02   0.722616387E-04
   0.115199393E-03   0.300589995E-02   0.255822926E-02   0.811940772E-04
   0.111610614E-03   0.232605683E-02   0.229673320E-02   0.834266175E-04
   0.102912854E-03   0.175908930E-02   0.196727528E-02   0.808948607E-04
   0.902394022E-04   0.130071735E-02   0.161414919E-02   0.737701703E-04
   0.751248590E-04   0.936843164E-03   0.126688776E-02   0.636832410E-04
   0.595444180E-04   0.656201912E-03   0.953710754E-03   0.523391864E-04
   0.442532837E-04   0.440113596E-03   0.676204741E-03   0.400557510E-04
   0.312404845E-04   0.283848174E-03   0.457187329E-03   0.290519092E-04
   0.204518674E-04   0.171551932E-03   0.286039547E-03   0.193286414E-04
   0.123512646E-04   0.962548293E-04   0.164133031E-03   0.116919928E-04
   0.673659679E-05   0.488113983E-04   0.836508189E-04   0.621253821E-05
   0.325256542E-05   0.218390232E-04   0.364403932E-04   0.278129733E-05
   0.123710572E-05   0.793862364E-05   0.110531601E-04   0.817650346E-06
   0.423133514E-06   0.294172628E-05   0.243890440E-05   0.144964091E-06
   0.110968799E-06   0.167811561E-05   0.318411168E-06   0.139691991E-07
   0.851633430E-07   0.213143221E-05   0.150146718E-05   0.169462595E-06
   0.153832971E-06   0.281998109E-05   0.327947100E-05   0.381274361E-06
   0.197215186E-06   0.295230029E-05   0.409955555E-05   0.491516630E-06
   0.229307844E-06   0.299069598E-05   0.453441226E-05   0.547133993E-06
   0.194602677E-06   0.237581867E-05   0.379257244E-05   0.473997773E-06
   0.139832451E-06   0.162668175E-05   0.265534118E-05   0.338572733E-06
   0.973982210E-07   0.111729128E-05   0.186041734E-05   0.251191977E-06
   0.547507391E-07   0.623529786E-06   0.104790456E-05   0.146961526E-06
   0.267798281E-07   0.304750500E-06   0.510909842E-06   0.744235393E-07
   0.824318924E-08   0.103402321E-06   0.170703004E-06   0.292556912E-07
   0.201059747E-08   0.282648855E-07   0.438635333E-07   0.878383144E-08
   0.417103907E-09   0.604319350E-08   0.710975856E-08   0.180333248E-08
   0.211541423E-09   0.474108031E-09  -0.157583946E-08   0.199697051E-09
   0.135619893E-08   0.871215811E-08   0.161824456E-07   0.157740410E-08
   0.291180902E-08   0.180611206E-07   0.230475017E-07   0.381340515E-08
   0.448136683E-08   0.278622903E-07   0.249975916E-07   0.707521197E-08
   0.323429905E-08   0.230043327E-07   0.420158806E-07   0.463710004E-08
   0.165250713E-08   0.974086589E-08   0.210274074E-07   0.128036948E-08
   0.260075805E-08   0.151493094E-07   0.169655205E-07   0.331297190E-08
   0.187934779E-08   0.147816319E-07   0.298702467E-07   0.332366712E-08
   0.475199657E-09   0.329108896E-08   0.605161210E-08   0.656034893E-09
   0.110615017E-08   0.707495174E-08   0.845416182E-08   0.173270887E-08
   0.778627829E-09   0.341839890E-08  -0.378559095E-08   0.143492385E-08
   0.546242662E-09   0.167269487E-08  -0.497569230E-08   0.887666884E-09
   0.389132337E-10   0.423689528E-09   0.246794335E-09   0.230074973E-09
   0.146453749E-08   0.391996124E-08  -0.162621223E-07   0.277676526E-08
   0.161569161E-09   0.332382288E-09  -0.129524613E-08   0.176132470E-09
   0.207143369E-08   0.442038894E-08  -0.203567900E-07   0.276984546E-08
   0.365929198E-08   0.934850686E-08  -0.352884229E-07   0.512694287E-08
   0.549251933E-08   0.151041508E-07  -0.479555133E-07   0.743025819E-08
   0.549179502E-08   0.113747998E-07  -0.524887795E-07   0.629204822E-08
   0.570708725E-08   0.129963107E-07  -0.580486912E-07   0.856133475E-08
   0.108402505E-07   0.251565169E-07  -0.112829717E-06   0.161384328E-07
   0.676053835E-08   0.158336100E-07  -0.614911357E-07   0.785072363E-08
   0.273677037E-08   0.548013190E-08  -0.216876170E-07   0.202226880E-08
   0.101051372E-07   0.237739322E-07  -0.996002996E-07   0.135360700E-07
   0.178291404E-08   0.470008743E-08  -0.174679311E-07   0.264262567E-08
   0.740216555E-09   0.429352198E-08  -0.757118901E-08   0.293311331E-08
   0.709084791E-08   0.171098566E-07  -0.693903104E-07   0.105690159E-07
   0.494667063E-07   0.112886177E-06  -0.478133586E-06   0.690362967E-07
   0.966800542E-07   0.209995918E-06  -0.905280103E-06   0.125002529E-06
   0.250823234E-06   0.527512896E-06  -0.228877184E-05   0.298538083E-06
   0.423955299E-06   0.873581882E-06  -0.377628203E-05   0.485373619E-06
   0.662870491E-06   0.133419019E-05  -0.572261433E-05   0.716293243E-06
   0.857730583E-06   0.167410974E-05  -0.708137031E-05   0.855372832E-06
   0.112469604E-05   0.213011549E-05  -0.877195635E-05   0.101213175E-05
   0.118359719E-05   0.216167359E-05  -0.843435009E-05   0.948600018E-06
   0.101839942E-05   0.177194784E-05  -0.604502202E-05   0.667136248E-06
   0.800360056E-06   0.126329076E-05  -0.290461116E-05   0.326288472E-06
   0.721838774E-06   0.918020760E-06  -0.604418460E-06   0.111076247E-06
   0.147037429E-05   0.176702792E-05  -0.410300709E-05   0.489020408E-06
   0.444268699E-05   0.582762641E-05  -0.232437033E-04   0.230209753E-05
   0.111379804E-04   0.149338330E-04  -0.654141040E-04   0.600241765E-05
   0.243354207E-04   0.327813541E-04  -0.146561084E-03   0.124823373E-04
   0.463112956E-04   0.617905025E-04  -0.273679674E-03   0.218635178E-04
   0.803534858E-04   0.105895881E-03  -0.457097573E-03   0.340717124E-04
   0.129161621E-03   0.168188155E-03  -0.698032556E-03   0.483498043E-04
   0.195433968E-03   0.252140424E-03  -0.992537942E-03   0.638293786E-04
   0.283243018E-03   0.363789499E-03  -0.134099717E-02   0.791298444E-04
   0.392496790E-03   0.504110765E-03  -0.170899986E-02   0.923789339E-04
   0.526728400E-03   0.679925142E-03  -0.208150595E-02   0.102438440E-03
   0.689166016E-03   0.897568476E-03  -0.243868562E-02   0.108235654E-03
   0.882696477E-03   0.116305659E-02  -0.274778996E-02   0.108413718E-03
   0.110664498E-02   0.147655653E-02  -0.295827538E-02   0.102021884E-03
   0.135998835E-02   0.183528836E-02  -0.303548854E-02   0.890349620E-04
   0.163318042E-02   0.222452311E-02  -0.291717704E-02   0.699115262E-04
   0.190438016E-02   0.261125667E-02  -0.255409069E-02   0.468199833E-04
   0.214015902E-02   0.294686807E-02  -0.191611063E-02   0.237626518E-04
   0.230450369E-02   0.318014063E-02  -0.103222381E-02   0.645358477E-05
   0.236334768E-02   0.326353102E-02  -0.217231477E-08   0.000000000E+00
