   0.382804545E-03   0.114322025E-01   0.000000000E+00   0.000000000E+00
   0.376334792E-03   0.110583091E-01   0.139385439E-02   0.797162738E-05
   0.358418270E-03   0.100415759E-01   0.252141268E-02   0.288527572E-04
   0.332737312E-03   0.862819795E-02   0.323341973E-02   0.554762664E-04
   0.303618639E-03   0.709353387E-02   0.353023852E-02   0.806761891E-04
   0.274178601E-03   0.565765239E-02   0.350996945E-02   0.100078083E-03
   0.245741801E-03   0.441995123E-02   0.328631653E-02   0.112534297E-03
   0.218093992E-03   0.340706320E-02   0.295016146E-02   0.117442731E-03
   0.191539439E-03   0.260623195E-02   0.257062097E-02   0.116891999E-03
   0.165342935E-03   0.198202347E-02   0.218132255E-02   0.111190027E-03
   0.139543510E-03   0.149685121E-02   0.180346298E-02   0.101911544E-03
   0.114757400E-03   0.111992960E-02   0.145260897E-02   0.898236904E-04
   0.917812722E-04   0.828021613E-03   0.113947177E-02   0.762907803E-04
   0.708671214E-04   0.599344377E-03   0.864359667E-03   0.625624816E-04
   0.526578151E-04   0.423090853E-03   0.632382580E-03   0.488397272E-04
   0.375211712E-04   0.288650539E-03   0.444066100E-03   0.366414715E-04
   0.256544827E-04   0.190248000E-03   0.299497391E-03   0.261787609E-04
   0.165435704E-04   0.118511518E-03   0.190358711E-03   0.176272424E-04
   0.989768796E-05   0.685817649E-04   0.111884387E-03   0.107946653E-04
   0.552315169E-05   0.368059955E-04   0.611221403E-04   0.617997557E-05
   0.280944505E-05   0.177670445E-04   0.301648597E-04   0.317907916E-05
   0.115094258E-05   0.665567404E-05   0.116546689E-04   0.128027216E-05
   0.411767047E-06   0.208231586E-05   0.378694290E-05   0.440212204E-06
   0.101605764E-06   0.452222594E-06   0.779941502E-06   0.104249196E-06
   0.478118380E-07   0.471927052E-06   0.562153957E-06   0.836404368E-07
   0.800520823E-07   0.907828962E-06   0.115951786E-05   0.168848530E-06
   0.124593782E-06   0.130953197E-05   0.176745095E-05   0.244302782E-06
   0.145316420E-06   0.145409285E-05   0.202205274E-05   0.285471060E-06
   0.158545973E-06   0.152670555E-05   0.215876366E-05   0.306887245E-06
   0.140109975E-06   0.133843389E-05   0.190199046E-05   0.283504619E-06
   0.940287137E-07   0.865587310E-06   0.125543090E-05   0.185372670E-06
   0.686875126E-07   0.634800756E-06   0.910644019E-06   0.139203152E-06
   0.446678854E-07   0.418444955E-06   0.604128957E-06   0.979359598E-07
   0.232289175E-07   0.206068663E-06   0.306428802E-06   0.471984904E-07
   0.141256429E-07   0.124399747E-06   0.187863705E-06   0.302010186E-07
   0.567544056E-08   0.531735900E-07   0.772677851E-07   0.132937208E-07
   0.154200774E-08   0.135213396E-07   0.169973671E-07   0.475356954E-08
   0.163394576E-09   0.818781876E-09   0.147419998E-08   0.106864809E-09
   0.116566701E-08   0.251985854E-08   0.331123712E-09   0.639749698E-09
   0.671074696E-09   0.455863081E-08   0.592148508E-08   0.154594426E-08
   0.118429699E-08   0.910125575E-08   0.102546798E-07   0.352572616E-08
   0.171900927E-08   0.176027672E-07   0.219206360E-07   0.633840891E-08
   0.179040327E-08   0.151303094E-07   0.106816147E-07   0.725573024E-08
   0.351676821E-08   0.127269892E-07  -0.155899507E-07   0.839216696E-08
   0.249202015E-08   0.141740255E-07  -0.447870178E-10   0.797563082E-08
   0.193272043E-08   0.940406686E-08  -0.121875265E-07   0.678692036E-08
   0.188152582E-08   0.130094273E-07   0.268022021E-09   0.750187290E-08
   0.154883439E-08   0.699425540E-08  -0.122918804E-07   0.532193534E-08
   0.664037314E-08   0.148014694E-07  -0.472768384E-07   0.101318127E-07
   0.114960326E-07   0.222833201E-07  -0.742992086E-07   0.147859511E-07
   0.440557546E-08   0.888118734E-08  -0.251329269E-07   0.586952975E-08
   0.252146148E-08   0.506985653E-08  -0.167672010E-07   0.340893047E-08
   0.187507854E-08   0.295617442E-08  -0.883986306E-08   0.163809855E-08
   0.732692185E-09   0.998841565E-09  -0.345777829E-08   0.263759986E-09
   0.979184822E-08   0.173002501E-07  -0.624399021E-07   0.999627492E-08
   0.208804867E-07   0.376304108E-07  -0.133296822E-06   0.212887930E-07
   0.529794590E-07   0.924271362E-07  -0.333203928E-06   0.532548619E-07
   0.112385827E-06   0.190084592E-06  -0.692307026E-06   0.106634197E-06
   0.198635263E-06   0.331968295E-06  -0.120693528E-05   0.181320431E-06
   0.313750292E-06   0.512318991E-06  -0.187065643E-05   0.274135999E-06
   0.422274979E-06   0.680451649E-06  -0.247823300E-05   0.360058806E-06
   0.597122664E-06   0.945911722E-06  -0.343661986E-05   0.493334369E-06
   0.725996017E-06   0.112702571E-05  -0.407410334E-05   0.561000888E-06
   0.710552399E-06   0.108292318E-05  -0.387878754E-05   0.532732827E-06
   0.613615327E-06   0.923361370E-06  -0.322604819E-05   0.420794748E-06
   0.410989372E-06   0.603936712E-06  -0.204326989E-05   0.264590597E-06
   0.228754047E-06   0.315532390E-06  -0.104068363E-05   0.139687373E-06
   0.366530685E-06   0.450894902E-06  -0.191821982E-05   0.245184907E-06
   0.132348305E-05   0.165839288E-05  -0.710799122E-05   0.846195235E-06
   0.407079733E-05   0.509613892E-05  -0.212390278E-04   0.239264318E-05
   0.974433260E-05   0.120587192E-04  -0.491504506E-04   0.526643680E-05
   0.202728115E-04   0.246291002E-04  -0.987438762E-04   0.101128689E-04
   0.376358803E-04   0.448588326E-04  -0.176866291E-03   0.172777291E-04
   0.633495874E-04   0.741784461E-04  -0.286812108E-03   0.265128601E-04
   0.100648947E-03   0.115819748E-03  -0.437707786E-03   0.382153594E-04
   0.150183056E-03   0.170064406E-03  -0.624583336E-03   0.513774539E-04
   0.216948712E-03   0.242560767E-03  -0.859074877E-03   0.660378573E-04
   0.301436841E-03   0.333893666E-03  -0.112941652E-02   0.806538374E-04
   0.406842446E-03   0.448393810E-03  -0.143081544E-02   0.944466883E-04
   0.536805717E-03   0.591669115E-03  -0.175496063E-02   0.106368825E-03
   0.697162061E-03   0.772239582E-03  -0.209526601E-02   0.115830859E-03
   0.894826080E-03   0.100091321E-02  -0.243852194E-02   0.121448807E-03
   0.114166236E-02   0.129381416E-02  -0.277663022E-02   0.122987563E-03
   0.144887168E-02   0.166597206E-02  -0.308756507E-02   0.120331242E-03
   0.182935479E-02   0.213373173E-02  -0.334223825E-02   0.112256275E-03
   0.229030102E-02   0.270517613E-02  -0.348961935E-02   0.979245742E-04
   0.281911180E-02   0.336442958E-02  -0.344442320E-02   0.780909904E-04
   0.338004390E-02   0.406542094E-02  -0.310932985E-02   0.531819023E-04
   0.389628904E-02   0.471156184E-02  -0.240005297E-02   0.274917475E-04
   0.426373677E-02   0.517193135E-02  -0.131799642E-02   0.757422413E-05
   0.439656619E-02   0.533883274E-02  -0.311190629E-08   0.000000000E+00
