   0.185108965E-02   0.314282067E-01   0.000000000E+00   0.000000000E+00
   0.179682369E-02   0.303888302E-01   0.308090704E-02   0.184269120E-04
   0.165007415E-02   0.275877640E-01   0.553933857E-02   0.664266772E-04
   0.144739484E-02   0.236946065E-01   0.703566242E-02   0.126944462E-03
   0.123001658E-02   0.194778219E-01   0.758959539E-02   0.181992509E-03
   0.102689851E-02   0.155227138E-01   0.744322920E-02   0.223020470E-03
   0.852812373E-03   0.121351816E-01   0.688941358E-02   0.248829951E-03
   0.709475891E-03   0.937317032E-02   0.614684587E-02   0.259716704E-03
   0.593023084E-03   0.720529445E-02   0.535908109E-02   0.258880202E-03
   0.496903085E-03   0.552476617E-02   0.459214766E-02   0.250896788E-03
   0.416701980E-03   0.423270650E-02   0.388539047E-02   0.234840016E-03
   0.346263318E-03   0.323326304E-02   0.323200412E-02   0.214971937E-03
   0.286057970E-03   0.246557919E-02   0.265877531E-02   0.192413980E-03
   0.232592341E-03   0.186805718E-02   0.214814814E-02   0.168152124E-03
   0.185199664E-03   0.139975012E-02   0.169817684E-02   0.142582430E-03
   0.144109596E-03   0.103447342E-02   0.131178694E-02   0.117578820E-03
   0.109613524E-03   0.752874883E-03   0.990564004E-03   0.935344942E-04
   0.808429468E-04   0.534120540E-03   0.724832644E-03   0.725766004E-04
   0.580208507E-04   0.370837632E-03   0.516338856E-03   0.543502319E-04
   0.399850942E-04   0.247939053E-03   0.352532748E-03   0.387365872E-04
   0.262613139E-04   0.158331677E-03   0.229069425E-03   0.263567581E-04
   0.164374687E-04   0.956412914E-04   0.141027020E-03   0.169539253E-04
   0.968214044E-05   0.544412142E-04   0.814025407E-04   0.101353053E-04
   0.537772394E-05   0.288726369E-04   0.439388496E-04   0.569706390E-05
   0.258407704E-05   0.129193249E-04   0.199942479E-04   0.270222085E-05
   0.113795852E-05   0.516687078E-05   0.809261564E-05   0.114430748E-05
   0.409071816E-06   0.156209978E-05   0.240566851E-05   0.343014193E-06
   0.115684827E-06   0.602813998E-06   0.561140325E-06   0.915786913E-07
   0.963222675E-07   0.843845385E-06   0.808726725E-06   0.871677983E-07
   0.151281796E-06   0.154466863E-05   0.167077314E-05   0.211441616E-06
   0.221752060E-06   0.204986122E-05   0.240980285E-05   0.302005503E-06
   0.234910800E-06   0.207201083E-05   0.258838077E-05   0.365159082E-06
   0.242918475E-06   0.202699198E-05   0.256021940E-05   0.345224919E-06
   0.223093821E-06   0.177424852E-05   0.227491978E-05   0.300323876E-06
   0.198402248E-06   0.150329811E-05   0.187879903E-05   0.240693595E-06
   0.165508837E-06   0.124616133E-05   0.160190109E-05   0.213850782E-06
   0.118077409E-06   0.847689421E-06   0.109526422E-05   0.139239290E-06
   0.782874778E-07   0.508060168E-06   0.680895027E-06   0.720025781E-07
   0.554270088E-07   0.343779902E-06   0.434754668E-06   0.452113227E-07
   0.409056327E-07   0.201476823E-06   0.193862704E-06   0.180451050E-07
   0.217932641E-07   0.105548722E-06   0.118031188E-06   0.778323805E-08
   0.179177739E-07   0.566073162E-07   0.199466204E-07   0.119278842E-08
   0.136889104E-07   0.266419331E-07  -0.379898246E-07   0.309819348E-08
   0.841830694E-08   0.109065841E-07  -0.321529541E-07   0.235680964E-08
   0.469723593E-08   0.641602105E-08  -0.164109384E-07   0.319988214E-08
   0.635644426E-08   0.903022634E-08  -0.164782232E-07   0.416383417E-08
   0.159290181E-08   0.532250644E-08   0.120026256E-08   0.492537622E-09
   0.324421356E-08   0.609019368E-08  -0.328834626E-08  -0.455435079E-09
   0.123087069E-07   0.290511242E-07  -0.706759229E-08   0.114484637E-10
   0.326746949E-07   0.574074512E-07  -0.118534601E-06   0.112294831E-07
   0.534510640E-07   0.781151854E-07  -0.221176862E-06   0.207105320E-07
   0.107531598E-06   0.170011347E-06  -0.473761617E-06   0.552455965E-07
   0.152044123E-06   0.238375492E-06  -0.673209286E-06   0.788711318E-07
   0.270296709E-06   0.422053148E-06  -0.124455846E-05   0.162254480E-06
   0.411453641E-06   0.637501671E-06  -0.192236485E-05   0.268355564E-06
   0.540907251E-06   0.849207538E-06  -0.252757354E-05   0.358535942E-06
   0.696909126E-06   0.107025357E-05  -0.321352854E-05   0.455828655E-06
   0.843181795E-06   0.129408863E-05  -0.384417490E-05   0.544270449E-06
   0.968201675E-06   0.149754214E-05  -0.435374932E-05   0.609320978E-06
   0.972364774E-06   0.147536718E-05  -0.423646588E-05   0.577928688E-06
   0.879663844E-06   0.132674745E-05  -0.369559507E-05   0.520177821E-06
   0.641989061E-06   0.947851390E-06  -0.247596745E-05   0.337628620E-06
   0.395978532E-06   0.552104723E-06  -0.123983216E-05   0.154040364E-06
   0.379390571E-06   0.439047994E-06  -0.119628191E-05   0.183411260E-06
   0.975762759E-06   0.110812402E-05  -0.374382034E-05   0.549625668E-06
   0.291391052E-05   0.349575862E-05  -0.120392497E-04   0.167483199E-05
   0.708045991E-05   0.871035354E-05  -0.294765050E-04   0.392863103E-05
   0.149652869E-04   0.184246510E-04  -0.613878001E-04   0.787199406E-05
   0.281125704E-04   0.345530862E-04  -0.113036411E-03   0.139058402E-04
   0.489905033E-04   0.598767438E-04  -0.192335545E-03   0.225499534E-04
   0.802675058E-04   0.971765839E-04  -0.306397735E-03   0.345228545E-04
   0.123109057E-03   0.147367056E-03  -0.454796536E-03   0.490806560E-04
   0.180924326E-03   0.214883301E-03  -0.645445660E-03   0.661273734E-04
   0.257728971E-03   0.304254732E-03  -0.884705980E-03   0.858834610E-04
   0.355606870E-03   0.417873700E-03  -0.116922718E-02   0.107282744E-03
   0.478622940E-03   0.562288682E-03  -0.149984960E-02   0.129353386E-03
   0.630336290E-03   0.742629229E-03  -0.187122857E-02   0.151131113E-03
   0.818417291E-03   0.971321017E-03  -0.228653592E-02   0.171408377E-03
   0.105043338E-02   0.126036233E-02  -0.274199806E-02   0.190517749E-03
   0.133582891E-02   0.162686745E-02  -0.322755869E-02   0.205038377E-03
   0.169349695E-02   0.209821621E-02  -0.375172519E-02   0.217486682E-03
   0.214445824E-02   0.270626275E-02  -0.431151362E-02   0.225333250E-03
   0.271701557E-02   0.349236210E-02  -0.489710458E-02   0.228286473E-03
   0.344608584E-02   0.450592535E-02  -0.548673514E-02   0.224441974E-03
   0.436086440E-02   0.578757655E-02  -0.602357695E-02   0.212519328E-03
   0.547885848E-02   0.736204768E-02  -0.639893347E-02   0.189035054E-03
   0.677002314E-02   0.918689650E-02  -0.642969320E-02   0.152254710E-03
   0.814430788E-02   0.111365588E-01  -0.589651987E-02   0.105494284E-03
   0.939803105E-02   0.129214488E-01  -0.460085459E-02   0.550917466E-04
   0.102936262E-01   0.141987409E-01  -0.254369155E-02   0.152343191E-04
   0.106242988E-01   0.146718416E-01  -0.695383928E-08   0.000000000E+00
