   0.182037100E+00   0.103146756E+01   0.103091097E-06   0.000000000E+00
   0.170244247E+00   0.965613246E+00   0.669119954E-01   0.434993795E-03
   0.140601233E+00   0.799789727E+00   0.109535120E+00   0.141984085E-02
   0.104984075E+00   0.600223482E+00   0.120822206E+00   0.233689905E-02
   0.729834810E-01   0.420521617E+00   0.109557003E+00   0.281058066E-02
   0.487369560E-01   0.283801079E+00   0.888074860E-01   0.282673258E-02
   0.320449062E-01   0.189222291E+00   0.675247237E-01   0.256539672E-02
   0.212101322E-01   0.127385199E+00   0.498697385E-01   0.220517744E-02
   0.143677024E-01   0.879182070E-01   0.366717316E-01   0.184506329E-02
   0.100580063E-01   0.627512932E-01   0.273185596E-01   0.155445875E-02
   0.731063727E-02   0.464250632E-01   0.208284706E-01   0.131791329E-02
   0.550560514E-02   0.354974456E-01   0.163168684E-01   0.114991062E-02
   0.427244278E-02   0.278665964E-01   0.131022045E-01   0.101456710E-02
   0.339071429E-02   0.222943258E-01   0.107289897E-01   0.905076799E-03
   0.273257075E-02   0.180569850E-01   0.890383590E-02   0.818075379E-03
   0.222104485E-02   0.147153744E-01   0.743900472E-02   0.734313973E-03
   0.181184034E-02   0.120156016E-01   0.622716639E-02   0.658049714E-03
   0.147817098E-02   0.979425479E-02   0.520101609E-02   0.585432688E-03
   0.120181439E-02   0.795362517E-02   0.432158820E-02   0.514875457E-03
   0.970093941E-03   0.640996266E-02   0.355348317E-02   0.446739781E-03
   0.779875787E-03   0.514056860E-02   0.290659955E-02   0.381103018E-03
   0.619783881E-03   0.407800637E-02   0.234206486E-02   0.320951280E-03
   0.488798367E-03   0.321049779E-02   0.186993228E-02   0.265811599E-03
   0.380710058E-03   0.249565626E-02   0.146818033E-02   0.217111679E-03
   0.292961369E-03   0.192124688E-02   0.113727630E-02   0.172991364E-03
   0.222484930E-03   0.145850657E-02   0.865076610E-03   0.135060807E-03
   0.166388592E-03   0.109083846E-02   0.644715445E-03   0.104087689E-03
   0.122662619E-03   0.806659518E-03   0.472365413E-03   0.771540363E-04
   0.888900249E-04   0.585590198E-03   0.337194186E-03   0.562929599E-04
   0.629953865E-04   0.419249700E-03   0.234327090E-03   0.392141410E-04
   0.443236604E-04   0.295850943E-03   0.159893621E-03   0.269535376E-04
   0.300755964E-04   0.203073694E-03   0.103041828E-03   0.172947584E-04
   0.200571030E-04   0.137505005E-03   0.639676000E-04   0.104928449E-04
   0.130745702E-04   0.905073321E-04   0.370309135E-04   0.583804967E-05
   0.844013448E-05   0.597481776E-04   0.203241871E-04   0.302750550E-05
   0.541710187E-05   0.390839305E-04   0.100129937E-04   0.145914294E-05
   0.353401106E-05   0.257950651E-04   0.419238677E-05   0.771224506E-06
   0.234183972E-05   0.170823241E-04   0.984105895E-06   0.525435382E-06
   0.170962494E-05   0.120348031E-04  -0.494987660E-06   0.736806555E-06
   0.140102316E-05   0.924173855E-05  -0.683994585E-06   0.113920282E-05
   0.131264073E-05   0.779619222E-05  -0.562648211E-06   0.165178722E-05
   0.128401791E-05   0.696280631E-05  -0.414899802E-06   0.210789312E-05
   0.127729993E-05   0.642812529E-05  -0.242838297E-06   0.244373382E-05
   0.151735594E-05   0.653694406E-05  -0.329694558E-06   0.297480847E-05
   0.141627345E-05   0.590564832E-05  -0.425564792E-06   0.292617892E-05
   0.162552897E-05   0.594261610E-05  -0.694232085E-06   0.315014063E-05
   0.167424776E-05   0.562725791E-05  -0.712491783E-06   0.302541616E-05
   0.173700903E-05   0.554460348E-05  -0.522400342E-06   0.292443337E-05
   0.172910438E-05   0.527165275E-05  -0.196623844E-06   0.258064097E-05
   0.188673357E-05   0.492516210E-05  -0.250004149E-06   0.210384974E-05
   0.216578383E-05   0.510037808E-05   0.117547351E-06   0.170209728E-05
   0.271254703E-05   0.547790023E-05   0.193049090E-06   0.122616109E-05
   0.370797352E-05   0.674365538E-05  -0.913677383E-07   0.887913870E-06
   0.540081646E-05   0.882344830E-05  -0.129083139E-05   0.600270653E-06
   0.855986036E-05   0.129542859E-04  -0.498892632E-05   0.736045308E-06
   0.136210383E-04   0.198085036E-04  -0.117752752E-04   0.147927381E-05
   0.213981093E-04   0.306356415E-04  -0.230707719E-04   0.298907139E-05
   0.327989474E-04   0.465998783E-04  -0.403880913E-04   0.553560176E-05
   0.504100353E-04   0.705025377E-04  -0.683471953E-04   0.992432706E-05
   0.746747828E-04   0.104064980E-03  -0.107269065E-03   0.159004612E-04
   0.109073291E-03   0.152415683E-03  -0.164371915E-03   0.244909606E-04
   0.156070018E-03   0.216369895E-03  -0.239971283E-03   0.361564889E-04
   0.218348374E-03   0.303261913E-03  -0.341113453E-03   0.507063851E-04
   0.299240230E-03   0.414400827E-03  -0.467718753E-03   0.688667569E-04
   0.404281367E-03   0.559521897E-03  -0.630087452E-03   0.912897303E-04
   0.534351915E-03   0.742428296E-03  -0.825880736E-03   0.116240946E-03
   0.699278549E-03   0.972477603E-03  -0.106606015E-02   0.147222585E-03
   0.900865940E-03   0.125783810E-02  -0.135047641E-02   0.180500763E-03
   0.114786427E-02   0.160890794E-02  -0.168645231E-02   0.217592460E-03
   0.144488213E-02   0.203518895E-02  -0.207382115E-02   0.259820139E-03
   0.180235179E-02   0.255487836E-02  -0.252398220E-02   0.304510671E-03
   0.221857685E-02   0.316854822E-02  -0.301793846E-02   0.350732356E-03
   0.271400111E-02   0.390961347E-02  -0.358465570E-02   0.400565652E-03
   0.329687120E-02   0.479469076E-02  -0.422114041E-02   0.451088563E-03
   0.398950977E-02   0.586375920E-02  -0.495104957E-02   0.506262179E-03
   0.481354166E-02   0.715554599E-02  -0.578522263E-02   0.562905101E-03
   0.582045643E-02   0.875537377E-02  -0.678284932E-02   0.629426446E-03
   0.708170049E-02   0.107813710E-01  -0.801114086E-02   0.701128040E-03
   0.872642081E-02   0.134426570E-01  -0.960013177E-02   0.793436135E-03
   0.109675489E-01   0.170801859E-01  -0.117457584E-01   0.901260995E-03
   0.141627137E-01   0.222734809E-01  -0.147507191E-01   0.104392157E-02
   0.189156272E-01   0.300107431E-01  -0.190581623E-01   0.123071799E-02
   0.261816848E-01   0.418720581E-01  -0.252043866E-01   0.145882962E-02
   0.374964885E-01   0.604120418E-01  -0.337990150E-01   0.170516351E-02
   0.550025180E-01   0.893061683E-01  -0.451400802E-01   0.195151719E-02
   0.814368725E-01   0.133256137E+00  -0.585860349E-01   0.209866674E-02
   0.119285353E+00   0.196670771E+00  -0.714903474E-01   0.203547231E-02
   0.168365061E+00   0.279474109E+00  -0.780331567E-01   0.165456883E-02
   0.222545624E+00   0.371462703E+00  -0.702585205E-01   0.990333268E-03
   0.267100960E+00   0.447406411E+00  -0.426994264E-01   0.300029409E-03
   0.284702867E+00   0.477476954E+00  -0.103409043E-06   0.000000000E+00
