   0.577655992E-04   0.683397567E-02   0.000000000E+00   0.000000000E+00
   0.613200900E-04   0.665026810E-02   0.944974425E-03   0.524905136E-05
   0.707451254E-04   0.614000252E-02   0.174465182E-02   0.192467141E-04
   0.831011712E-04   0.540419202E-02   0.230252231E-02   0.377328797E-04
   0.949239620E-04   0.456045242E-02   0.259104441E-02   0.557701169E-04
   0.103396735E-03   0.371584063E-02   0.264037866E-02   0.701770114E-04
   0.106279003E-03   0.293864962E-02   0.250018225E-02   0.782451316E-04
   0.103373743E-03   0.226457207E-02   0.223758910E-02   0.803805597E-04
   0.950865433E-04   0.170349306E-02   0.190623116E-02   0.768447571E-04
   0.828204429E-04   0.124809006E-02   0.154971285E-02   0.697177747E-04
   0.680730955E-04   0.888082606E-03   0.119998364E-02   0.589991396E-04
   0.530663128E-04   0.612024858E-03   0.887753034E-03   0.476952810E-04
   0.387537548E-04   0.403279962E-03   0.618142425E-03   0.357253157E-04
   0.265891867E-04   0.253087812E-03   0.405404659E-03   0.250811590E-04
   0.167231992E-04   0.147298866E-03   0.242691225E-03   0.159811698E-04
   0.972425187E-05   0.798116671E-04   0.133469846E-03   0.922564050E-05
   0.483852045E-05   0.373935327E-04   0.606941212E-04   0.431001536E-05
   0.216931244E-05   0.158840539E-04   0.237840632E-04   0.169348175E-05
   0.759780221E-06   0.577226865E-05   0.609185417E-05   0.386267601E-06
   0.183022948E-06   0.241606790E-05   0.417041377E-06  -0.166486309E-07
   0.808777045E-07   0.218542277E-05   0.865560480E-06   0.823911606E-07
   0.128408857E-06   0.282943051E-05   0.282723545E-05   0.322822729E-06
   0.205983653E-06   0.334409583E-05   0.451929327E-05   0.515526665E-06
   0.225096827E-06   0.312044631E-05   0.470659461E-05   0.546682372E-06
   0.200961978E-06   0.255361738E-05   0.412034115E-05   0.492995582E-06
   0.167080401E-06   0.200254590E-05   0.335569325E-05   0.413136007E-06
   0.109234648E-06   0.127062901E-05   0.217590400E-05   0.277465773E-06
   0.681630326E-07   0.779822471E-06   0.136537028E-05   0.179455881E-06
   0.360238310E-07   0.401825901E-06   0.706036190E-06   0.940493834E-07
   0.130264972E-07   0.151699922E-06   0.258532793E-06   0.378992731E-07
   0.303199599E-08   0.347590650E-07   0.556100836E-07   0.851184723E-08
   0.312122772E-09   0.580967496E-08   0.474545292E-08   0.274497958E-08
   0.684305279E-09   0.401434219E-08   0.290057534E-08   0.130985733E-08
   0.780212339E-09   0.517075893E-08   0.116157697E-07   0.960432733E-09
   0.307267434E-08   0.178248456E-07   0.151202943E-07   0.426587565E-08
   0.447707249E-08   0.378359069E-07   0.721261557E-07   0.918378262E-08
   0.461945326E-08   0.350866074E-07   0.633881641E-07   0.789260657E-08
   0.466774486E-08   0.391955730E-07   0.753846052E-07   0.958736290E-08
   0.305168402E-08   0.169333951E-07   0.244935858E-07   0.290700330E-08
   0.320126126E-08   0.283622921E-07   0.548028005E-07   0.742485184E-08
   0.215977658E-08   0.124255530E-07   0.513646992E-08   0.384212662E-08
   0.115357424E-08   0.705904846E-08   0.766931763E-08   0.178009596E-08
   0.171198514E-09   0.663398003E-09   0.102382303E-08   0.934937405E-10
   0.179656429E-09   0.370786651E-09  -0.342856687E-09  -0.170140811E-10
   0.516079512E-09   0.245143417E-08  -0.162384095E-08   0.953693013E-09
   0.796028965E-09   0.184936533E-08  -0.776331799E-08   0.114248466E-08
   0.270746814E-09   0.174069981E-08   0.315353677E-08   0.491925278E-09
   0.146502185E-09   0.232172670E-09  -0.796864463E-09   0.135040442E-10
   0.419884572E-09   0.110071763E-08   0.762808539E-09  -0.396981892E-10
   0.836698766E-09   0.166919467E-08  -0.297999136E-08   0.292729625E-10
   0.467004613E-08   0.133553062E-07  -0.449601387E-07   0.689676405E-08
   0.612566486E-08   0.141586955E-07  -0.671459546E-07   0.878871109E-08
   0.517451815E-08   0.124798287E-07  -0.544978960E-07   0.706400094E-08
   0.129998634E-07   0.313418056E-07  -0.144691825E-06   0.197066967E-07
   0.840133740E-08   0.206497575E-07  -0.873109016E-07   0.114079182E-07
   0.769126007E-08   0.187862508E-07  -0.791699861E-07   0.102283453E-07
   0.940139611E-08   0.218488729E-07  -0.102663329E-06   0.136289193E-07
   0.491456831E-08   0.112837046E-07  -0.532084314E-07   0.693425672E-08
   0.738882788E-09   0.225939178E-08  -0.577224668E-08   0.965121538E-09
   0.122364385E-08   0.453481652E-08  -0.138845682E-07   0.338683948E-08
   0.165279843E-07   0.400860252E-07  -0.172118078E-06   0.241623326E-07
   0.668485285E-07   0.153969694E-06  -0.686184023E-06   0.948097920E-07
   0.146409860E-06   0.326532131E-06  -0.146412128E-05   0.192548171E-06
   0.292761968E-06   0.638439815E-06  -0.285730493E-05   0.366643945E-06
   0.521403138E-06   0.109847201E-05  -0.492883419E-05   0.612523536E-06
   0.748532386E-06   0.153876329E-05  -0.681941947E-05   0.824662777E-06
   0.101600313E-05   0.202656543E-05  -0.880091284E-05   0.101513263E-05
   0.131492914E-05   0.253283679E-05  -0.106636153E-04   0.118592629E-05
   0.126874909E-05   0.234594836E-05  -0.907966478E-05   0.966082553E-06
   0.961964815E-06   0.165131826E-05  -0.508229732E-05   0.541052941E-06
   0.817481180E-06   0.121322489E-05  -0.178017024E-05   0.210810853E-06
   0.108037011E-05   0.135180755E-05  -0.139922702E-05   0.203899972E-06
   0.282319183E-05   0.370768021E-05  -0.116277288E-04   0.119304832E-05
   0.777718014E-05   0.107109599E-04  -0.440546573E-04   0.404484445E-05
   0.181474843E-04   0.252677291E-04  -0.110799847E-03   0.943120904E-05
   0.369452864E-04   0.511768594E-04  -0.226537217E-03   0.180009483E-04
   0.673527538E-04   0.922614345E-04  -0.402004342E-03   0.297820279E-04
   0.111518471E-03   0.150768145E-03  -0.634013501E-03   0.437399867E-04
   0.173914479E-03   0.232689184E-03  -0.932064955E-03   0.595204292E-04
   0.257292937E-03   0.341917475E-03  -0.128511782E-02   0.757719608E-04
   0.362395542E-03   0.480665272E-03  -0.166402815E-02   0.899430306E-04
   0.493062893E-03   0.655934389E-03  -0.205452624E-02   0.101215395E-03
   0.650570553E-03   0.871698256E-03  -0.242101867E-02   0.107997810E-03
   0.839875895E-03   0.113646488E-02  -0.274779811E-02   0.109165434E-03
   0.105824531E-02   0.144767843E-02  -0.296980655E-02   0.103606006E-03
   0.130505417E-02   0.180327613E-02  -0.305467169E-02   0.910383096E-04
   0.156944955E-02   0.218615332E-02  -0.293640443E-02   0.717918811E-04
   0.183190452E-02   0.256593153E-02  -0.257028197E-02   0.480443923E-04
   0.206030253E-02   0.289577874E-02  -0.192891993E-02   0.244961484E-04
   0.221773074E-02   0.312198140E-02  -0.103830756E-02   0.664166464E-05
   0.227365992E-02   0.320234057E-02  -0.284596413E-08   0.000000000E+00
