   0.483167358E-03   0.141733643E-01   0.196234073E-08   0.000000000E+00
   0.477672496E-03   0.137721123E-01   0.173183833E-02   0.101148980E-04
   0.462299533E-03   0.126943728E-01   0.318363612E-02   0.371695278E-04
   0.439278723E-03   0.111579625E-01   0.418120017E-02   0.732307162E-04
   0.411755085E-03   0.943207834E-02   0.469690003E-02   0.109744891E-03
   0.381703750E-03   0.773679186E-02   0.480444124E-02   0.139989628E-03
   0.350222428E-03   0.621245848E-02   0.461970735E-02   0.161019794E-03
   0.318304257E-03   0.491691520E-02   0.425872672E-02   0.172828950E-03
   0.285042945E-03   0.385187031E-02   0.379595673E-02   0.175314970E-03
   0.250605459E-03   0.299439044E-02   0.328949443E-02   0.170627536E-03
   0.215812499E-03   0.230956753E-02   0.277977344E-02   0.159359741E-03
   0.181917363E-03   0.176750484E-02   0.229640468E-02   0.144441336E-03
   0.148630250E-03   0.133388466E-02   0.184161286E-02   0.125560837E-03
   0.118096934E-03   0.991143519E-03   0.143820466E-02   0.105981162E-03
   0.904375338E-04   0.718732481E-03   0.108450756E-02   0.856816332E-04
   0.670469381E-04   0.509543344E-03   0.793152605E-03   0.665444386E-04
   0.474803310E-04   0.347634603E-03   0.554478494E-03   0.491794926E-04
   0.322202395E-04   0.227923083E-03   0.371388829E-03   0.348161921E-04
   0.207070134E-04   0.142013494E-03   0.235373387E-03   0.230757178E-04
   0.123119962E-04   0.813221850E-04   0.137448398E-03   0.141862465E-04
   0.671630914E-05   0.423657730E-04   0.731326145E-04   0.787277895E-05
   0.335011396E-05   0.199012884E-04   0.352003044E-04   0.392306629E-05
   0.138835435E-05   0.742582188E-05   0.136629478E-04   0.158357079E-05
   0.472841975E-06   0.211630982E-05   0.411459314E-05   0.496729399E-06
   0.138011856E-06   0.613526026E-06   0.106399170E-05   0.140339367E-06
   0.816478121E-07   0.809176072E-06   0.988955549E-06   0.129242622E-06
   0.136138283E-06   0.152120833E-05   0.197841882E-05   0.286717750E-06
   0.206185206E-06   0.212664531E-05   0.291513356E-05   0.404863727E-06
   0.230775441E-06   0.229125135E-05   0.322643291E-05   0.469068482E-06
   0.228831354E-06   0.220687184E-05   0.316856381E-05   0.477189246E-06
   0.205535898E-06   0.190491824E-05   0.276205083E-05   0.407247484E-06
   0.174754746E-06   0.160797219E-05   0.236623032E-05   0.365365509E-06
   0.122953821E-06   0.111433587E-05   0.164445544E-05   0.255576850E-06
   0.792723256E-07   0.714938210E-06   0.106767254E-05   0.171155079E-06
   0.466647485E-07   0.407091648E-06   0.616736770E-06   0.959692485E-07
   0.323354996E-07   0.267265392E-06   0.375028037E-06   0.568570044E-07
   0.123644801E-07   0.989930911E-07   0.141612574E-06   0.205652047E-07
   0.702519953E-08   0.471204586E-07   0.637747064E-07   0.783143594E-08
   0.155496283E-08   0.603468830E-08   0.857891358E-08  -0.145652920E-09
   0.100891273E-08   0.113191467E-08  -0.361819374E-08  -0.102753507E-09
   0.314755155E-08   0.627891472E-08  -0.121768062E-07   0.334524763E-08
   0.354213125E-08   0.124017827E-07  -0.187928819E-07   0.864828120E-08
   0.736906269E-08   0.472763872E-07   0.406034957E-07   0.209478372E-07
   0.113886953E-07   0.334995391E-07  -0.576841579E-07   0.224372485E-07
   0.108014415E-07   0.376784115E-07  -0.375220743E-07   0.237013644E-07
   0.134911673E-07   0.415059489E-07  -0.703365117E-07   0.281200947E-07
   0.792646215E-08   0.341557573E-07  -0.218624105E-07   0.214822133E-07
   0.108017613E-07   0.351095260E-07  -0.428559481E-07   0.224427943E-07
   0.784486964E-08   0.216002416E-07  -0.403268139E-07   0.143353658E-07
   0.966980451E-08   0.317017381E-07  -0.185689331E-07   0.176793389E-07
   0.232576167E-09   0.294538061E-08   0.105121611E-08   0.172268277E-08
   0.134499434E-08   0.413182244E-08   0.483956297E-08  -0.309587994E-09
   0.436618253E-08   0.655992149E-08  -0.238293687E-07   0.211165996E-08
   0.136293359E-07   0.248723886E-07  -0.765487798E-07   0.872120509E-08
   0.373648525E-07   0.698166076E-07  -0.240196101E-06   0.349846800E-07
   0.997313236E-07   0.187610951E-06  -0.642644522E-06   0.949895949E-07
   0.157623575E-06   0.293392219E-06  -0.101799765E-05   0.155243285E-06
   0.330933858E-06   0.604063018E-06  -0.211291899E-05   0.322675021E-06
   0.510512393E-06   0.924799679E-06  -0.322187566E-05   0.485701264E-06
   0.637289077E-06   0.113865383E-05  -0.396088808E-05   0.592222079E-06
   0.881880283E-06   0.155403927E-05  -0.538738959E-05   0.794463233E-06
   0.980106961E-06   0.169247892E-05  -0.585062162E-05   0.854704638E-06
   0.972226644E-06   0.165384847E-05  -0.563531967E-05   0.770681766E-06
   0.820589321E-06   0.137610289E-05  -0.460216233E-05   0.629238968E-06
   0.632129911E-06   0.103997002E-05  -0.335354230E-05   0.454266257E-06
   0.344875446E-06   0.539730763E-06  -0.169991529E-05   0.238082293E-06
   0.335990450E-06   0.435207340E-06  -0.168535360E-05   0.226971196E-06
   0.135946175E-05   0.183485611E-05  -0.770959286E-05   0.969959956E-06
   0.391711865E-05   0.533851244E-05  -0.218099485E-04   0.260411480E-05
   0.100195266E-04   0.137267234E-04  -0.544072063E-04   0.619190178E-05
   0.215166892E-04   0.290803000E-04  -0.113243281E-03   0.123577565E-04
   0.394925810E-04   0.525242795E-04  -0.201120070E-03   0.209303071E-04
   0.680843223E-04   0.892657117E-04  -0.335509045E-03   0.331831034E-04
   0.106871827E-03   0.137545561E-03  -0.507161487E-03   0.477712420E-04
   0.162673532E-03   0.206405472E-03  -0.742622244E-03   0.661174636E-04
   0.233942759E-03   0.293227931E-03  -0.102278055E-02   0.855944018E-04
   0.325992354E-03   0.405023980E-03  -0.135878334E-02   0.106127336E-03
   0.438675284E-03   0.542188529E-03  -0.173189433E-02   0.125613587E-03
   0.577052124E-03   0.712795532E-03  -0.214277836E-02   0.143716257E-03
   0.744207879E-03   0.923293235E-03  -0.257627782E-02   0.158576804E-03
   0.942154147E-03   0.118023204E-02  -0.300500845E-02   0.168321611E-03
   0.118129724E-02   0.150073739E-02  -0.342740444E-02   0.172512970E-03
   0.147025415E-02   0.189930771E-02  -0.382353808E-02   0.171373555E-03
   0.181907963E-02   0.239253300E-02  -0.416456023E-02   0.164231446E-03
   0.223371945E-02   0.298970868E-02  -0.440391013E-02   0.149352185E-03
   0.271473755E-02   0.369043765E-02  -0.447821058E-02   0.126628132E-03
   0.324436091E-02   0.446873624E-02  -0.430152845E-02   0.983640930E-04
   0.378034776E-02   0.525914179E-02  -0.377751887E-02   0.651421942E-04
   0.425457815E-02   0.596008031E-02  -0.284776627E-02   0.328309507E-04
   0.458550639E-02   0.644950289E-02  -0.153983047E-02   0.887361603E-05
   0.470471196E-02   0.662697246E-02  -0.349122486E-08   0.000000000E+00
