   0.844495163E+02   0.401888702E+03   0.265247509E-04   0.000000000E+00
   0.491890869E+02   0.234079407E+03   0.101833067E+02   0.703180879E-01
   0.161250019E+02   0.767232819E+02   0.672257662E+01   0.932956189E-01
   0.506483889E+01   0.240850163E+02   0.320626855E+01   0.672892705E-01
   0.174016047E+01   0.826339340E+01   0.149615037E+01   0.424171127E-01
   0.653415322E+00   0.309368157E+01   0.720089078E+00   0.260527916E-01
   0.262799710E+00   0.123724937E+01   0.358170062E+00   0.160369836E-01
   0.112010106E+00   0.522099316E+00   0.183145687E+00   0.997723546E-02
   0.510652810E-01   0.234569803E+00   0.960675180E-01   0.634052698E-02
   0.259363875E-01   0.117264606E+00   0.520743653E-01   0.414460013E-02
   0.155822560E-01   0.700604543E-01   0.297574420E-01   0.283538341E-02
   0.113954293E-01   0.519344173E-01   0.185420197E-01   0.206328183E-02
   0.972114876E-02   0.454620719E-01   0.130207306E-01   0.162163982E-02
   0.898969918E-02   0.432244539E-01   0.103653818E-01   0.134890911E-02
   0.854297634E-02   0.420533381E-01   0.910414755E-02   0.119767594E-02
   0.810840726E-02   0.407265797E-01   0.845916290E-02   0.108991272E-02
   0.761646638E-02   0.388738960E-01   0.803670567E-02   0.102493330E-02
   0.705618365E-02   0.365315527E-01   0.766484719E-02   0.965550309E-03
   0.643132115E-02   0.337087549E-01   0.722828927E-02   0.906307949E-03
   0.579528138E-02   0.307004172E-01   0.675300555E-02   0.850614160E-03
   0.515520573E-02   0.275873020E-01   0.622088043E-02   0.788129866E-03
   0.453335047E-02   0.244715624E-01   0.564448442E-02   0.722440192E-03
   0.394329056E-02   0.214615464E-01   0.504874391E-02   0.652001530E-03
   0.339927431E-02   0.186304115E-01   0.445671752E-02   0.582268229E-03
   0.291193766E-02   0.160358548E-01   0.389530044E-02   0.515099615E-03
   0.247076782E-02   0.136660691E-01   0.335550029E-02   0.449155370E-03
   0.208952231E-02   0.115749072E-01   0.287262350E-02   0.388975226E-03
   0.174845196E-02   0.970747229E-02   0.242060050E-02   0.330180104E-03
   0.146073196E-02   0.809616037E-02   0.202933559E-02   0.278163876E-03
   0.121059082E-02   0.668548793E-02   0.167484011E-02   0.230534482E-03
   0.100397994E-02   0.548537681E-02   0.137326855E-02   0.189502520E-03
   0.826331205E-03   0.446585706E-02   0.111148285E-02   0.152869150E-03
   0.680827186E-03   0.361847831E-02   0.895515957E-03   0.122093421E-03
   0.560610322E-03   0.290149893E-02   0.710622291E-03   0.955417854E-04
   0.460825802E-03   0.231702183E-02   0.560485001E-03   0.737734226E-04
   0.381007674E-03   0.183609268E-02   0.437944953E-03   0.558915162E-04
   0.317076803E-03   0.143878465E-02   0.336313969E-03   0.411981455E-04
   0.264553179E-03   0.112342171E-02   0.256892206E-03   0.295120062E-04
   0.224746589E-03   0.868314295E-03   0.193030719E-03   0.205665710E-04
   0.194439635E-03   0.669132103E-03   0.144624515E-03   0.137117577E-04
   0.170222935E-03   0.514176907E-03   0.107152802E-03   0.876406648E-05
   0.154699010E-03   0.392449787E-03   0.770367260E-04   0.502577268E-05
   0.143169775E-03   0.300887215E-03   0.539653411E-04   0.236644746E-05
   0.136270668E-03   0.233299419E-03   0.355831617E-04   0.735017977E-06
   0.135334616E-03   0.188233636E-03   0.212457508E-04   0.450513321E-09
   0.138086922E-03   0.157593298E-03   0.656215434E-05  -0.258078188E-06
   0.146764854E-03   0.146177612E-03  -0.519621199E-05   0.224454524E-06
   0.160632888E-03   0.147829443E-03  -0.207224439E-04   0.133759056E-05
   0.181251336E-03   0.165966616E-03  -0.366804816E-04   0.324635494E-05
   0.207154444E-03   0.197529735E-03  -0.566603740E-04   0.583154315E-05
   0.244170573E-03   0.247850578E-03  -0.797550892E-04   0.947974513E-05
   0.290876254E-03   0.316822057E-03  -0.110873974E-03   0.141405035E-04
   0.350341608E-03   0.408364314E-03  -0.150486638E-03   0.202690117E-04
   0.427687075E-03   0.528688834E-03  -0.202066876E-03   0.284756716E-04
   0.524644915E-03   0.680501689E-03  -0.266757794E-03   0.385289750E-04
   0.643216539E-03   0.868552714E-03  -0.346221699E-03   0.508608427E-04
   0.791928149E-03   0.110336253E-02  -0.446300430E-03   0.661959202E-04
   0.973052171E-03   0.138839905E-02  -0.566664035E-03   0.848658528E-04
   0.119170151E-02   0.173378689E-02  -0.712266483E-03   0.106037915E-03
   0.145409349E-02   0.214597210E-02  -0.883548113E-03   0.130658533E-03
   0.176592963E-02   0.263601774E-02  -0.108485809E-02   0.158388080E-03
   0.213799626E-02   0.321492739E-02  -0.131981971E-02   0.190665320E-03
   0.256690383E-02   0.388934673E-02  -0.158695423E-02   0.224316784E-03
   0.306491903E-02   0.466364436E-02  -0.188495743E-02   0.261451729E-03
   0.364050292E-02   0.555605441E-02  -0.222152192E-02   0.300741580E-03
   0.429064827E-02   0.656279549E-02  -0.258751004E-02   0.340934057E-03
   0.501651084E-02   0.767797837E-02  -0.297511253E-02   0.381155551E-03
   0.582439452E-02   0.892044604E-02  -0.339246891E-02   0.419785240E-03
   0.668822182E-02   0.102391802E-01  -0.380476005E-02   0.452977460E-03
   0.761728873E-02   0.116488282E-01  -0.422324520E-02   0.481843366E-03
   0.859095063E-02   0.131066218E-01  -0.462749554E-02   0.508028548E-03
   0.958308950E-02   0.145811075E-01  -0.500869611E-02   0.523914699E-03
   0.105529325E-01   0.159947183E-01  -0.534547074E-02   0.531949976E-03
   0.114526208E-01   0.172693487E-01  -0.562947849E-02   0.528283243E-03
   0.122542493E-01   0.183455702E-01  -0.588723458E-02   0.520149595E-03
   0.129397875E-01   0.191628616E-01  -0.617335923E-02   0.520620029E-03
   0.135103101E-01   0.197394751E-01  -0.661419099E-02   0.516860513E-03
   0.141352536E-01   0.202715620E-01  -0.748106977E-02   0.561883382E-03
   0.151813133E-01   0.213095378E-01  -0.927343685E-02   0.669843401E-03
   0.176473260E-01   0.243837554E-01  -0.129583897E-01   0.897568127E-03
   0.238088556E-01   0.330391861E-01  -0.203451887E-01   0.131962344E-02
   0.388763919E-01   0.555349924E-01  -0.348901972E-01   0.210546493E-02
   0.750163049E-01   0.111299999E+00  -0.633072928E-01   0.343417004E-02
   0.161562353E+00   0.247642279E+00  -0.119101025E+00   0.571204396E-02
   0.373500198E+00   0.586022675E+00  -0.230496332E+00   0.949880760E-02
   0.917220771E+00   0.146238554E+01  -0.459419876E+00   0.158001557E-01
   0.241793656E+01   0.389745450E+01  -0.947732329E+00   0.260659344E-01
   0.697229481E+01   0.113227892E+02  -0.201703596E+01   0.415969007E-01
   0.219941177E+02   0.358920822E+02  -0.419773436E+01   0.576800182E-01
   0.664110947E+02   0.108678810E+03  -0.630116320E+01   0.432762168E-01
   0.113310638E+03   0.185596588E+03  -0.258105392E-04   0.000000000E+00
