   0.369775982E-03   0.384112354E-02   0.979229059E-10   0.000000000E+00
   0.369161804E-03   0.383237773E-02   0.408232263E-04   0.469446704E-07
   0.365952204E-03   0.379633531E-02   0.808283803E-04   0.183614233E-06
   0.360623497E-03   0.373633369E-02   0.119223885E-03   0.395433119E-06
   0.354260526E-03   0.366186770E-02   0.155441405E-03   0.708145194E-06
   0.345740409E-03   0.356351933E-02   0.188592196E-03   0.109203143E-05
   0.336063007E-03   0.345152617E-02   0.218507048E-03   0.154141310E-05
   0.325131346E-03   0.332530658E-02   0.244669034E-03   0.206954064E-05
   0.313400145E-03   0.318873650E-02   0.266907969E-03   0.268133567E-05
   0.300583779E-03   0.304211560E-02   0.285123795E-03   0.325612405E-05
   0.286957045E-03   0.288834190E-02   0.299288105E-03   0.382087956E-05
   0.273680344E-03   0.273356028E-02   0.309543422E-03   0.461363879E-05
   0.259666413E-03   0.257476629E-02   0.316034508E-03   0.527323027E-05
   0.245663075E-03   0.241538486E-02   0.318836508E-03   0.598856877E-05
   0.231859158E-03   0.225988333E-02   0.318807986E-03   0.665771950E-05
   0.218282948E-03   0.210599508E-02   0.315675512E-03   0.743344253E-05
   0.204592041E-03   0.195427728E-02   0.309843774E-03   0.806927801E-05
   0.191981366E-03   0.181266270E-02   0.302464643E-03   0.878404808E-05
   0.179238545E-03   0.167102192E-02   0.292356097E-03   0.950582216E-05
   0.166942118E-03   0.153672043E-02   0.280968903E-03   0.100922998E-04
   0.154860143E-03   0.140630535E-02   0.267897820E-03   0.106326843E-04
   0.143596146E-03   0.128434063E-02   0.254102662E-03   0.111999007E-04
   0.132984642E-03   0.117147912E-02   0.240158712E-03   0.116029050E-04
   0.122800615E-03   0.106351497E-02   0.225253985E-03   0.120619407E-04
   0.113069924E-03   0.957531505E-03   0.209317368E-03   0.125750666E-04
   0.103914463E-03   0.863756286E-03   0.194280845E-03   0.128358652E-04
   0.951102120E-04   0.775316206E-03   0.179111943E-03   0.130173739E-04
   0.877579805E-04   0.695927069E-03   0.164840894E-03   0.133952499E-04
   0.800259149E-04   0.620292325E-03   0.150353662E-03   0.134912216E-04
   0.733550987E-04   0.550814031E-03   0.136405099E-03   0.137479501E-04
   0.671289818E-04   0.487626210E-03   0.123148173E-03   0.139214608E-04
   0.613598895E-04   0.430866174E-03   0.110726869E-03   0.140252405E-04
   0.563032117E-04   0.378142286E-03   0.987043531E-04   0.142339723E-04
   0.515661886E-04   0.330286508E-03   0.873184035E-04   0.143783082E-04
   0.467864411E-04   0.287867646E-03   0.768719765E-04   0.143241223E-04
   0.437020026E-04   0.251371472E-03   0.675910560E-04   0.145095710E-04
   0.399974670E-04   0.217460067E-03   0.585764137E-04   0.144969827E-04
   0.371438218E-04   0.187594516E-03   0.502228359E-04   0.146052816E-04
   0.348423273E-04   0.162316195E-03   0.428570856E-04   0.146638740E-04
   0.331371848E-04   0.139348049E-03   0.357262434E-04   0.147460269E-04
   0.313384953E-04   0.120931691E-03   0.296770140E-04   0.147408928E-04
   0.303650613E-04   0.104839128E-03   0.238534612E-04   0.147835335E-04
   0.294262973E-04   0.914509874E-04   0.186271354E-04   0.147294231E-04
   0.291000306E-04   0.810542988E-04   0.138940250E-04   0.147089522E-04
   0.294725869E-04   0.727481747E-04   0.928913414E-05   0.146663324E-04
   0.302251647E-04   0.667148634E-04   0.497158317E-05   0.145771719E-04
   0.318275961E-04   0.637526755E-04   0.107056610E-05   0.145523491E-04
   0.334371907E-04   0.621548679E-04  -0.259250305E-05   0.143858651E-04
   0.358248071E-04   0.627597547E-04  -0.636480218E-05   0.142484487E-04
   0.395834213E-04   0.661318190E-04  -0.100054085E-04   0.141359833E-04
   0.431596600E-04   0.707016006E-04  -0.137381303E-04   0.139180866E-04
   0.476992100E-04   0.774286164E-04  -0.171774955E-04   0.136912240E-04
   0.535685431E-04   0.867019771E-04  -0.211637816E-04   0.134724960E-04
   0.605428686E-04   0.982353231E-04  -0.253487760E-04   0.132155492E-04
   0.677968492E-04   0.111064655E-03  -0.291746073E-04   0.129669124E-04
   0.768465907E-04   0.127044084E-03  -0.337768070E-04   0.126485656E-04
   0.870508447E-04   0.145300786E-03  -0.386187130E-04   0.123552563E-04
   0.979848846E-04   0.165159072E-03  -0.433144160E-04   0.119469514E-04
   0.110850080E-03   0.188231061E-03  -0.486231984E-04   0.116831297E-04
   0.124963568E-03   0.214006301E-03  -0.543903298E-04   0.112445141E-04
   0.140590651E-03   0.242272799E-03  -0.602347100E-04   0.108226513E-04
   0.157744871E-03   0.273038022E-03  -0.661680897E-04   0.104748960E-04
   0.176246278E-03   0.306908885E-03  -0.725115606E-04   0.986219038E-05
   0.197225279E-03   0.344369619E-03  -0.791432685E-04   0.940937753E-05
   0.220100075E-03   0.385116000E-03  -0.861329172E-04   0.898317285E-05
   0.244186638E-03   0.428496394E-03  -0.928619120E-04   0.839720451E-05
   0.270177086E-03   0.474976026E-03  -0.996566378E-04   0.788426769E-05
   0.297841063E-03   0.524651201E-03  -0.106232699E-03   0.730323245E-05
   0.327817426E-03   0.578173029E-03  -0.113052316E-03   0.666058259E-05
   0.361221581E-03   0.636798854E-03  -0.119785822E-03   0.631046169E-05
   0.394063216E-03   0.695949071E-03  -0.125455626E-03   0.563911044E-05
   0.429969863E-03   0.759875111E-03  -0.131162058E-03   0.499965472E-05
   0.467437378E-03   0.826738833E-03  -0.136155359E-03   0.435426000E-05
   0.506291690E-03   0.896121666E-03  -0.140261225E-03   0.376764115E-05
   0.546926807E-03   0.968352018E-03  -0.143671161E-03   0.325252745E-05
   0.587616814E-03   0.104148104E-02  -0.145544735E-03   0.276135938E-05
   0.630889903E-03   0.111848104E-02  -0.146791921E-03   0.222968265E-05
   0.674246985E-03   0.119593868E-02  -0.146513703E-03   0.183699422E-05
   0.718292489E-03   0.127462484E-02  -0.144846272E-03   0.143564569E-05
   0.762031355E-03   0.135277328E-02  -0.141558630E-03   0.105914182E-05
   0.804668292E-03   0.142842589E-02  -0.136567513E-03   0.682354028E-06
   0.847297662E-03   0.150407327E-02  -0.130032306E-03   0.495711106E-06
   0.888006412E-03   0.157729373E-02  -0.121558791E-03   0.376361868E-06
   0.926031033E-03   0.164532429E-02  -0.111304013E-03   0.260372559E-06
   0.962027523E-03   0.170877867E-02  -0.994477377E-04   0.146986039E-06
   0.992605928E-03   0.176344498E-02  -0.857080013E-04   0.751493303E-07
   0.101965468E-02   0.181103987E-02  -0.706190040E-04   0.384264851E-07
   0.104156404E-02   0.185022468E-02  -0.541911868E-04   0.188346565E-07
   0.105728651E-02   0.187821360E-02  -0.367244793E-04   0.823424706E-08
   0.106692605E-02   0.189468882E-02  -0.185436438E-04   0.757172103E-09
   0.106999103E-02   0.190062937E-02  -0.585537313E-10   0.000000000E+00
