   0.244643379E-04   0.294419966E-03   0.565313161E-11   0.000000000E+00
   0.244594066E-04   0.294595055E-03   0.150557935E-05   0.424060831E-08
   0.243022168E-04   0.292280369E-03   0.298425925E-05   0.169766636E-07
   0.240937297E-04   0.290600001E-03   0.444606394E-05   0.376674159E-07
   0.240269092E-04   0.287484698E-03   0.585143471E-05   0.666543940E-07
   0.237833538E-04   0.283207715E-03   0.718557203E-05   0.102870324E-06
   0.233453156E-04   0.277895917E-03   0.843495309E-05   0.144493740E-06
   0.229968318E-04   0.272612000E-03   0.961553269E-05   0.192848063E-06
   0.225437143E-04   0.265564013E-03   0.106589587E-04   0.245386076E-06
   0.221201954E-04   0.258517422E-03   0.116084802E-04   0.303360025E-06
   0.215382388E-04   0.250736513E-03   0.124442267E-04   0.361220145E-06
   0.209681748E-04   0.242144029E-03   0.131353172E-04   0.422296267E-06
   0.204138487E-04   0.233156141E-03   0.136955368E-04   0.486033457E-06
   0.198612688E-04   0.224453179E-03   0.141778110E-04   0.549400681E-06
   0.191829986E-04   0.214743603E-03   0.144829346E-04   0.609622987E-06
   0.185115205E-04   0.204515178E-03   0.146525163E-04   0.667319455E-06
   0.178997361E-04   0.194943364E-03   0.147458886E-04   0.727029487E-06
   0.172517011E-04   0.185138502E-03   0.147294168E-04   0.780649032E-06
   0.166441823E-04   0.175256646E-03   0.145915819E-04   0.834766581E-06
   0.159477440E-04   0.165510210E-03   0.143636616E-04   0.880737332E-06
   0.153417095E-04   0.155570640E-03   0.140245611E-04   0.925975257E-06
   0.148087847E-04   0.146215723E-03   0.136523968E-04   0.968907784E-06
   0.140912325E-04   0.136325310E-03   0.131260731E-04   0.998890869E-06
   0.135714927E-04   0.127659587E-03   0.126465111E-04   0.103282287E-05
   0.129680602E-04   0.118381169E-03   0.120186223E-04   0.105695381E-05
   0.125730967E-04   0.110657005E-03   0.114785707E-04   0.109021698E-05
   0.120105024E-04   0.102225364E-03   0.107898777E-04   0.110803683E-05
   0.116181745E-04   0.943721752E-04   0.101108380E-04   0.112709108E-05
   0.110720930E-04   0.867477283E-04   0.939201800E-05   0.113475051E-05
   0.107845744E-04   0.798438341E-04   0.868858115E-05   0.115544481E-05
   0.104776700E-04   0.734378700E-04   0.801711121E-05   0.116484387E-05
   0.101450396E-04   0.672761598E-04   0.732548506E-05   0.116982085E-05
   0.993249432E-05   0.614694218E-04   0.661741296E-05   0.118040464E-05
   0.971522695E-05   0.560861190E-04   0.593419372E-05   0.118451715E-05
   0.960149646E-05   0.514656313E-04   0.530626085E-05   0.119459924E-05
   0.957002158E-05   0.469072365E-04   0.464720551E-05   0.120096547E-05
   0.939328038E-05   0.425889266E-04   0.400582257E-05   0.119745062E-05
   0.946763703E-05   0.387417931E-04   0.337640813E-05   0.119959941E-05
   0.943379109E-05   0.355036864E-04   0.282673886E-05   0.119971151E-05
   0.957306111E-05   0.324702014E-04   0.224917676E-05   0.120257710E-05
   0.976256251E-05   0.298632312E-04   0.171859233E-05   0.120168147E-05
   0.101105343E-04   0.276275860E-04   0.118148887E-05   0.120587936E-05
   0.103614784E-04   0.257399352E-04   0.714247733E-06   0.120356253E-05
   0.107124897E-04   0.239111741E-04   0.197722457E-06   0.119891808E-05
   0.112439702E-04   0.226768389E-04  -0.268601696E-06   0.119928814E-05
   0.117882937E-04   0.215729815E-04  -0.761434706E-06   0.120047901E-05
   0.123092859E-04   0.205945125E-04  -0.123424456E-05   0.119167669E-05
   0.131063825E-04   0.201529601E-04  -0.170279577E-05   0.118983837E-05
   0.139491212E-04   0.200352715E-04  -0.213164208E-05   0.118879427E-05
   0.149598054E-04   0.201922758E-04  -0.259213971E-05   0.119026708E-05
   0.160052277E-04   0.203529125E-04  -0.310306541E-05   0.117934451E-05
   0.170210460E-04   0.207693229E-04  -0.355390216E-05   0.117126433E-05
   0.183883494E-04   0.217403176E-04  -0.401552370E-05   0.117335446E-05
   0.197265654E-04   0.227035343E-04  -0.449780464E-05   0.116270223E-05
   0.212877549E-04   0.240608570E-04  -0.497097699E-05   0.115766113E-05
   0.228872941E-04   0.254824754E-04  -0.550109735E-05   0.114448483E-05
   0.247860207E-04   0.273888636E-04  -0.600061230E-05   0.114041234E-05
   0.266934803E-04   0.293728335E-04  -0.649857429E-05   0.112755890E-05
   0.289022828E-04   0.317438680E-04  -0.704237755E-05   0.112199666E-05
   0.311187796E-04   0.341971063E-04  -0.759125896E-05   0.110276983E-05
   0.336193152E-04   0.370325797E-04  -0.810993060E-05   0.109622749E-05
   0.360811646E-04   0.398866141E-04  -0.862987417E-05   0.107544247E-05
   0.387379878E-04   0.430035216E-04  -0.910775270E-05   0.106225809E-05
   0.417040756E-04   0.465038938E-04  -0.962250760E-05   0.104767753E-05
   0.445075057E-04   0.498928239E-04  -0.100828920E-04   0.101844148E-05
   0.479582959E-04   0.540227957E-04  -0.106335665E-04   0.998407131E-06
   0.513578125E-04   0.581173517E-04  -0.110878600E-04   0.974373961E-06
   0.544817703E-04   0.619868806E-04  -0.114637160E-04   0.936427341E-06
   0.581560744E-04   0.664358231E-04  -0.118396774E-04   0.910318420E-06
   0.617470068E-04   0.708891603E-04  -0.121633520E-04   0.868776851E-06
   0.654837131E-04   0.754559151E-04  -0.124289072E-04   0.834784373E-06
   0.689019216E-04   0.797520188E-04  -0.125765291E-04   0.784736642E-06
   0.729683961E-04   0.847184783E-04  -0.127365392E-04   0.746770411E-06
   0.767792008E-04   0.894870900E-04  -0.127944995E-04   0.694659320E-06
   0.805043164E-04   0.941148683E-04  -0.127322946E-04   0.644522629E-06
   0.841370565E-04   0.986420200E-04  -0.125748693E-04   0.592763740E-06
   0.878418359E-04   0.103282131E-03  -0.123599393E-04   0.536500977E-06
   0.916835561E-04   0.108042106E-03  -0.120737432E-04   0.483237216E-06
   0.949418682E-04   0.112186368E-03  -0.116260990E-04   0.423278152E-06
   0.982775528E-04   0.116347619E-03  -0.111014551E-04   0.368833298E-06
   0.101574587E-03   0.120442368E-03  -0.104890469E-04   0.316124527E-06
   0.104516039E-03   0.124133963E-03  -0.975946296E-05   0.263750167E-06
   0.107089174E-03   0.127378895E-03  -0.892256412E-05   0.214172061E-06
   0.109514629E-03   0.130450309E-03  -0.802975501E-05   0.166692899E-06
   0.111651476E-03   0.133126683E-03  -0.704499871E-05   0.124991217E-06
   0.113625443E-03   0.135558468E-03  -0.598845418E-05   0.889673899E-07
   0.115334427E-03   0.137740615E-03  -0.487079114E-05   0.577178092E-07
   0.116431518E-03   0.139131560E-03  -0.369687677E-05   0.327508722E-07
   0.117506599E-03   0.140486110E-03  -0.249144682E-05   0.146286752E-07
   0.118016134E-03   0.141128388E-03  -0.125190365E-05   0.368562936E-08
   0.118481279E-03   0.141664335E-03   0.431102399E-13   0.000000000E+00
