   0.294020381E-01   0.181149125E+00   0.134767836E-09   0.000000000E+00
   0.286383554E-01   0.176357821E+00   0.389390904E-02   0.110534302E-04
   0.264962707E-01   0.162856624E+00   0.720458850E-02   0.389922752E-04
   0.234130919E-01   0.143364131E+00   0.954110175E-02   0.709633896E-04
   0.198747460E-01   0.120937012E+00   0.107762655E-01   0.932388284E-04
   0.163645558E-01   0.986461118E-01   0.110431556E-01   0.988566680E-04
   0.132140769E-01   0.784057230E-01   0.105999382E-01   0.817434411E-04
   0.105445581E-01   0.612341091E-01   0.972315297E-02   0.519934947E-04
   0.842787046E-02   0.474495180E-01   0.867031422E-02   0.101854675E-04
   0.680221943E-02   0.367892273E-01   0.760540646E-02  -0.326067093E-04
   0.557803782E-02   0.287155379E-01   0.661906414E-02  -0.717140283E-04
   0.466570631E-02   0.226832964E-01   0.575082377E-02  -0.102099570E-03
   0.399245135E-02   0.182185248E-01   0.501527591E-02  -0.125663282E-03
   0.348759629E-02   0.148910871E-01   0.439712033E-02  -0.141583922E-03
   0.310286391E-02   0.123935882E-01   0.388080650E-02  -0.150169581E-03
   0.280081714E-02   0.104846321E-01   0.344459829E-02  -0.150886612E-03
   0.255635101E-02   0.899279024E-02   0.307117659E-02  -0.147962928E-03
   0.235164585E-02   0.779728359E-02   0.274607376E-02  -0.144836216E-03
   0.217623799E-02   0.682199094E-02   0.245990511E-02  -0.136503717E-03
   0.202111155E-02   0.600390509E-02   0.220253132E-02  -0.128426080E-03
   0.188226241E-02   0.531015964E-02   0.197017263E-02  -0.119228171E-03
   0.175619475E-02   0.470261509E-02   0.175668579E-02  -0.108486129E-03
   0.164031482E-02   0.417446112E-02   0.156124821E-02  -0.100270525E-03
   0.153465208E-02   0.370838121E-02   0.138240028E-02  -0.916125355E-04
   0.143865135E-02   0.330247777E-02   0.122084108E-02  -0.835505634E-04
   0.134964974E-02   0.293418928E-02   0.107066694E-02  -0.755193396E-04
   0.126771582E-02   0.261183619E-02   0.934578246E-03  -0.695935232E-04
   0.119361107E-02   0.232896185E-02   0.812832499E-03  -0.632518131E-04
   0.112611114E-02   0.207589171E-02   0.702473510E-03  -0.574226797E-04
   0.106480275E-02   0.185408094E-02   0.604385277E-03  -0.517228254E-04
   0.100920454E-02   0.165967364E-02   0.517133798E-03  -0.468939979E-04
   0.959477620E-03   0.148789596E-02   0.440158386E-03  -0.419056305E-04
   0.914075412E-03   0.133882673E-02   0.372447335E-03  -0.374633019E-04
   0.874363701E-03   0.120737962E-02   0.314496836E-03  -0.328162241E-04
   0.836961437E-03   0.109191425E-02   0.261969137E-03  -0.291952620E-04
   0.805375690E-03   0.993910828E-03   0.219491238E-03  -0.252332939E-04
   0.776573957E-03   0.907414244E-03   0.182590156E-03  -0.215696509E-04
   0.751257932E-03   0.834201754E-03   0.152007240E-03  -0.182047643E-04
   0.729165215E-03   0.770711806E-03   0.126916450E-03  -0.152485145E-04
   0.709498941E-03   0.714037451E-03   0.105750405E-03  -0.124971521E-04
   0.691854628E-03   0.667887507E-03   0.889401417E-04  -0.102964896E-04
   0.677144446E-03   0.627492205E-03   0.760166731E-04  -0.834289676E-05
   0.664402207E-03   0.594258716E-03   0.662733946E-04  -0.675415822E-05
   0.654162664E-03   0.565920956E-03   0.593174918E-04  -0.546645197E-05
   0.644853746E-03   0.542848953E-03   0.542002235E-04  -0.469975839E-05
   0.637337158E-03   0.524563657E-03   0.509246202E-04  -0.426184351E-05
   0.632586773E-03   0.510161743E-03   0.491944229E-04  -0.404665025E-05
   0.628655602E-03   0.500397524E-03   0.483910298E-04  -0.424333348E-05
   0.626532594E-03   0.494956446E-03   0.481751194E-04  -0.470799841E-05
   0.627334637E-03   0.493344094E-03   0.480774506E-04  -0.529286990E-05
   0.629960909E-03   0.496474910E-03   0.478983566E-04  -0.598579163E-05
   0.634802855E-03   0.504382246E-03   0.472141437E-04  -0.680489984E-05
   0.643392676E-03   0.517069479E-03   0.451566302E-04  -0.743252122E-05
   0.653298805E-03   0.536236097E-03   0.423558085E-04  -0.824139534E-05
   0.667271146E-03   0.560285640E-03   0.377423494E-04  -0.861728495E-05
   0.685351726E-03   0.592709752E-03   0.304292116E-04  -0.888172508E-05
   0.707962608E-03   0.633426127E-03   0.201376806E-04  -0.884828296E-05
   0.734105881E-03   0.680505938E-03   0.804406409E-05  -0.821108642E-05
   0.766584941E-03   0.740620831E-03  -0.893470224E-05  -0.762457739E-05
   0.804221083E-03   0.809056917E-03  -0.288703759E-04  -0.624699214E-05
   0.849251810E-03   0.890206196E-03  -0.536555490E-04  -0.427763007E-05
   0.900740735E-03   0.983049860E-03  -0.821492795E-04  -0.188859576E-05
   0.960899924E-03   0.109114347E-02  -0.116167437E-03   0.135341588E-05
   0.102923135E-02   0.121626165E-02  -0.155101457E-03   0.428898511E-05
   0.110670947E-02   0.135925284E-02  -0.199324524E-03   0.750369463E-05
   0.119756931E-02   0.152343977E-02  -0.250822282E-03   0.120426321E-04
   0.129616552E-02   0.170548132E-02  -0.304900721E-03   0.157919167E-04
   0.141044450E-02   0.191409665E-02  -0.366591557E-03   0.204231892E-04
   0.154186983E-02   0.215465343E-02  -0.436386239E-03   0.247175121E-04
   0.168859446E-02   0.242311414E-02  -0.510502316E-03   0.291636170E-04
   0.185720925E-02   0.273071253E-02  -0.593217032E-03   0.346864872E-04
   0.205454603E-02   0.308854412E-02  -0.686612620E-03   0.392844413E-04
   0.228861300E-02   0.350800948E-02  -0.793239451E-03   0.454366418E-04
   0.256943679E-02   0.400657067E-02  -0.915715180E-03   0.501823924E-04
   0.291672745E-02   0.461339904E-02  -0.106147339E-02   0.575345912E-04
   0.335799903E-02   0.536930375E-02  -0.123924785E-02   0.647706038E-04
   0.392996194E-02   0.633007800E-02  -0.145981216E-02   0.738343879E-04
   0.469045946E-02   0.758253597E-02  -0.173758040E-02   0.840779467E-04
   0.571002671E-02   0.923583657E-02  -0.208697864E-02   0.981954436E-04
   0.709588220E-02   0.114542283E-01  -0.252838898E-02   0.116986506E-03
   0.898315758E-02   0.144251091E-01  -0.306896516E-02   0.131961147E-03
   0.115134334E-01   0.183945466E-01  -0.370911718E-02   0.152371940E-03
   0.148756988E-01   0.236260146E-01  -0.442962814E-02   0.168712882E-03
   0.192306917E-01   0.303707551E-01  -0.517341355E-02   0.178342496E-03
   0.246355738E-01   0.387301594E-01  -0.582947582E-02   0.178265036E-03
   0.310423318E-01   0.486127622E-01  -0.624657376E-02   0.163044926E-03
   0.380988568E-01   0.595003515E-01  -0.623022579E-02   0.133085399E-03
   0.451959930E-01   0.704306662E-01  -0.560607854E-02   0.908581933E-04
   0.513680391E-01   0.799386501E-01  -0.428146264E-02   0.467606587E-04
   0.556098856E-01   0.864710957E-01  -0.232806616E-02   0.127756875E-04
   0.571455956E-01   0.888619050E-01  -0.622162899E-08   0.000000000E+00
