   0.724329075E-04   0.993053708E-02   0.000000000E+00   0.000000000E+00
   0.772436251E-04   0.968832057E-02   0.126359356E-02   0.725128029E-05
   0.898667204E-04   0.900698639E-02   0.235024816E-02   0.266707320E-04
   0.106807114E-03   0.800717808E-02   0.313537149E-02   0.526821532E-04
   0.123598220E-03   0.684007863E-02   0.357790897E-02   0.786256205E-04
   0.136193732E-03   0.564208953E-02   0.369756692E-02   0.994137881E-04
   0.141572833E-03   0.451321108E-02   0.354915205E-02   0.112251953E-03
   0.138662275E-03   0.351113244E-02   0.321036810E-02   0.115769646E-03
   0.128565720E-03   0.266093481E-02   0.276516215E-02   0.111838621E-03
   0.112713722E-03   0.196178863E-02   0.227119890E-02   0.101031590E-03
   0.930719907E-04   0.140089775E-02   0.177149067E-02   0.867745766E-04
   0.727162769E-04   0.967197411E-03   0.131693808E-02   0.697882788E-04
   0.531494552E-04   0.638549973E-03   0.919895770E-03   0.523932176E-04
   0.363561630E-04   0.400734978E-03   0.602392131E-03   0.367520734E-04
   0.227688652E-04   0.234198946E-03   0.359290716E-03   0.231619433E-04
   0.129566506E-04   0.126347673E-03   0.192500738E-03   0.129181690E-04
   0.681886240E-05   0.635213437E-04   0.939851307E-04   0.654216592E-05
   0.286198838E-05   0.271135723E-04   0.335051227E-04   0.227238866E-05
   0.907780873E-06   0.106123907E-04   0.683756753E-05   0.340592749E-06
   0.255675616E-06   0.534344599E-05   0.676210846E-06  -0.323695382E-07
   0.150038233E-06   0.463332572E-05   0.215058094E-05   0.211320682E-06
   0.252631338E-06   0.548230582E-05   0.582575876E-05   0.653712959E-06
   0.342286455E-06   0.571205555E-05   0.807779088E-05   0.938904520E-06
   0.389195833E-06   0.559025375E-05   0.898571489E-05   0.107796325E-05
   0.351285422E-06   0.463039305E-05   0.797137545E-05   0.976768661E-06
   0.267318768E-06   0.331147498E-05   0.588944931E-05   0.731274952E-06
   0.164935997E-06   0.201529656E-05   0.366551353E-05   0.480332176E-06
   0.874214194E-07   0.105902939E-05   0.195163034E-05   0.265269080E-06
   0.546234347E-07   0.649348067E-06   0.121975791E-05   0.168261977E-06
   0.226592967E-07   0.276613605E-06   0.516386990E-06   0.760999370E-07
   0.433377911E-08   0.543601217E-07   0.966482290E-07   0.148360551E-07
   0.569210734E-09   0.103871090E-07   0.139204817E-07   0.444506876E-08
   0.166391390E-08   0.922890386E-08   0.377468901E-08   0.278062262E-08
   0.445673143E-08   0.258247752E-07   0.186005611E-07   0.661587540E-08
   0.971021397E-08   0.725320390E-07   0.104271727E-06   0.188298870E-07
   0.871608563E-08   0.740766026E-07   0.140840868E-06   0.191464231E-07
   0.605051875E-08   0.546239889E-07   0.116601711E-06   0.144336569E-07
   0.337353834E-08   0.222940688E-07   0.375870073E-07   0.459010341E-08
   0.202659933E-08   0.126533770E-07   0.256127617E-07   0.208273998E-08
   0.186445348E-08   0.792657584E-08   0.743216111E-08   0.919266996E-09
   0.325833915E-08   0.213605098E-07   0.300335401E-07   0.519916910E-08
   0.945422407E-09   0.411369028E-08  -0.827751867E-09   0.108145226E-08
   0.190588922E-08   0.862340865E-08  -0.265577782E-08   0.256789501E-08
   0.283068569E-09   0.940880818E-09   0.153585977E-08  -0.601678846E-10
   0.339240414E-09   0.218856089E-08   0.382458953E-08   0.676177503E-09
   0.139754694E-09   0.596833027E-09  -0.105689835E-08   0.268455286E-09
   0.956192459E-09   0.268228462E-08  -0.841126990E-08   0.141600631E-08
   0.687858548E-09   0.167404468E-08  -0.632021457E-08   0.813892453E-09
   0.257550176E-09   0.469778438E-09  -0.146867574E-08   0.740304519E-11
   0.345579987E-08   0.112414540E-07  -0.322092824E-07   0.495091967E-08
   0.671709133E-08   0.197558094E-07  -0.834953937E-07   0.112905125E-07
   0.911688947E-08   0.286852142E-07  -0.110168024E-06   0.159552940E-07
   0.117653220E-07   0.344901849E-07  -0.138989066E-06   0.184547133E-07
   0.132183207E-07   0.394470874E-07  -0.145211317E-06   0.193331111E-07
   0.219286900E-07   0.636078923E-07  -0.288492259E-06   0.396782340E-07
   0.102996083E-07   0.284248234E-07  -0.124918131E-06   0.155713629E-07
   0.814203016E-08   0.231728787E-07  -0.959392636E-07   0.120917445E-07
   0.817603318E-08   0.225485497E-07  -0.996360683E-07   0.125751711E-07
   0.580597237E-09   0.324135585E-08  -0.367984043E-08   0.158932567E-08
   0.123262178E-08   0.522021537E-08  -0.165378804E-07   0.386170740E-08
   0.131172371E-07   0.409625471E-07  -0.169492012E-06   0.276646617E-07
   0.840423198E-07   0.231591514E-06  -0.102759611E-05   0.140476459E-06
   0.204809197E-06   0.542779219E-06  -0.243241152E-05   0.315251555E-06
   0.442381946E-06   0.114040245E-05  -0.514492012E-05   0.656522957E-06
   0.677641594E-06   0.170222074E-05  -0.761316232E-05   0.932982118E-06
   0.108314748E-05   0.265250719E-05  -0.117921190E-04   0.143127613E-05
   0.149718994E-05   0.354310509E-05  -0.154902591E-04   0.180262998E-05
   0.178112055E-05   0.408455026E-05  -0.171569227E-04   0.192818493E-05
   0.191119511E-05   0.420471315E-05  -0.163239183E-04   0.175909975E-05
   0.152436337E-05   0.312521001E-05  -0.954402640E-05   0.101207240E-05
   0.141877820E-05   0.256550243E-05  -0.404944285E-05   0.446416522E-06
   0.177747893E-05   0.275127559E-05  -0.128204499E-05   0.212331301E-06
   0.418489981E-05   0.654084397E-05  -0.152758457E-04   0.156992314E-05
   0.104173268E-04   0.168523620E-04  -0.570627344E-04   0.525292353E-05
   0.242437491E-04   0.397978110E-04  -0.154723966E-03   0.132242585E-04
   0.483448712E-04   0.791006314E-04  -0.316621532E-03   0.253031121E-04
   0.879479048E-04   0.142616162E-03  -0.568764692E-03   0.425225699E-04
   0.146314473E-03   0.234949097E-03  -0.908876362E-03   0.633899035E-04
   0.227325945E-03   0.361857063E-03  -0.133314694E-02   0.866466580E-04
   0.337049860E-03   0.534091203E-03  -0.184640172E-02   0.110974681E-03
   0.473703782E-03   0.750507286E-03  -0.238150940E-02   0.131708701E-03
   0.643552979E-03   0.102355180E-02  -0.293343235E-02   0.148691717E-03
   0.846800860E-03   0.135714153E-02  -0.344365230E-02   0.158485316E-03
   0.108571816E-02   0.175680988E-02  -0.387264020E-02   0.160587748E-03
   0.135844876E-02   0.222064601E-02  -0.415657507E-02   0.151563407E-03
   0.165779924E-02   0.273508346E-02  -0.422301237E-02   0.132460307E-03
   0.197281200E-02   0.327797863E-02  -0.401988160E-02   0.103951716E-03
   0.227791606E-02   0.380286365E-02  -0.348370732E-02   0.692659378E-04
   0.253820955E-02   0.424917322E-02  -0.258624437E-02   0.349236034E-04
   0.271446793E-02   0.455007609E-02  -0.138384476E-02   0.946238652E-05
   0.277844397E-02   0.465836376E-02  -0.407798195E-08   0.000000000E+00
