   0.597556937E-04   0.801364891E-02   0.000000000E+00   0.000000000E+00
   0.638187994E-04   0.780997984E-02   0.106620835E-02   0.601496549E-05
   0.747407757E-04   0.723653380E-02   0.197638245E-02   0.221262490E-04
   0.893544857E-04   0.639454927E-02   0.262472127E-02   0.433744317E-04
   0.103425562E-03   0.542563666E-02   0.297118328E-02   0.643936073E-04
   0.113673901E-03   0.444306526E-02   0.304357777E-02   0.810447818E-04
   0.117808275E-03   0.353091699E-02   0.290051149E-02   0.906765854E-04
   0.115039657E-03   0.272869761E-02   0.260521565E-02   0.931193645E-04
   0.106073632E-03   0.205443543E-02   0.222492497E-02   0.894557670E-04
   0.921600222E-04   0.150346209E-02   0.180668966E-02   0.802574577E-04
   0.760267794E-04   0.106983737E-02   0.140546681E-02   0.685503401E-04
   0.588879484E-04   0.733127934E-03   0.103401882E-02   0.547313321E-04
   0.428207823E-04   0.480990391E-03   0.717581075E-03   0.407811967E-04
   0.288929532E-04   0.298020488E-03   0.462627795E-03   0.281871708E-04
   0.180530951E-04   0.172945001E-03   0.275367871E-03   0.178311657E-04
   0.102670792E-04   0.923659463E-04   0.147575440E-03   0.999330132E-05
   0.514422572E-05   0.441153024E-04   0.677160497E-04   0.469855195E-05
   0.208468987E-05   0.179612543E-04   0.229740908E-04   0.154580721E-05
   0.711158123E-06   0.700531336E-05   0.539033636E-05   0.290840205E-06
   0.180231453E-06   0.346890602E-05   0.477332435E-06  -0.139765843E-07
   0.111880716E-06   0.335405457E-05   0.182643100E-05   0.200927232E-06
   0.195364905E-06   0.400801400E-05   0.444564603E-05   0.493871539E-06
   0.271855072E-06   0.430088448E-05   0.608291020E-05   0.690438469E-06
   0.295614370E-06   0.410675102E-05   0.654888527E-05   0.775260048E-06
   0.279462000E-06   0.350776440E-05   0.592109882E-05   0.699435645E-06
   0.193413143E-06   0.234696176E-05   0.411350175E-05   0.508153676E-06
   0.134504546E-06   0.157375030E-05   0.281289022E-05   0.355595546E-06
   0.621135854E-07   0.733177274E-06   0.133216929E-05   0.178183811E-06
   0.346460887E-07   0.412414778E-06   0.756077782E-06   0.106757206E-06
   0.112783027E-07   0.141516438E-06   0.257729710E-06   0.404220017E-07
   0.447872450E-08   0.557940147E-07   0.952272785E-07   0.153217918E-07
   0.869581795E-09   0.670695810E-08   0.146322314E-07   0.179260029E-08
   0.136381240E-08   0.100812665E-07   0.155931836E-07   0.276618328E-08
   0.190509142E-08   0.118560477E-07   0.236911450E-07   0.193351046E-08
   0.373396558E-08   0.299349701E-07   0.624643874E-07   0.681901335E-08
   0.239579001E-08   0.197868637E-07   0.439646684E-07   0.464476013E-08
   0.379751830E-08   0.309390060E-07   0.656644232E-07   0.717949566E-08
   0.205677386E-08   0.852120063E-08   0.137917162E-07   0.264870542E-09
   0.335800654E-08   0.248021852E-07   0.420132622E-07   0.599892935E-08
   0.291423996E-08   0.222082548E-07   0.407011136E-07   0.537255263E-08
   0.110117215E-08   0.675191014E-08   0.139254350E-07   0.110553211E-08
   0.682239321E-09   0.256047339E-08  -0.127495370E-08   0.627325192E-09
   0.495940455E-09   0.200570494E-08   0.390273636E-08   0.128065059E-09
   0.319252319E-09   0.113322529E-08  -0.424082325E-08   0.764170283E-09
   0.661328770E-09   0.189525862E-08  -0.849267323E-08   0.123510091E-08
   0.385622673E-09   0.306955084E-08   0.179079007E-08   0.155017454E-08
   0.201801395E-09   0.885916784E-09  -0.159556601E-08   0.556069413E-09
   0.242235898E-09   0.154602808E-08   0.597270067E-09   0.702063796E-09
   0.120950194E-08   0.348608142E-08  -0.106315143E-07   0.150626656E-08
   0.466103378E-09   0.567591862E-09  -0.220712315E-08  -0.176135592E-09
   0.869639583E-09   0.150586565E-08  -0.779842591E-08   0.527729582E-09
   0.260376565E-08   0.652901511E-08  -0.314848947E-07   0.403067091E-08
   0.853017035E-08   0.233511734E-07  -0.976545920E-07   0.130911459E-07
   0.120831603E-07   0.331435182E-07  -0.152693488E-06   0.216531291E-07
   0.103694253E-07   0.275166521E-07  -0.120571372E-06   0.157383848E-07
   0.207943422E-07   0.554205783E-07  -0.255356838E-06   0.348753701E-07
   0.141642458E-07   0.399778131E-07  -0.163612796E-06   0.225739072E-07
   0.902106123E-08   0.227430128E-07  -0.106715369E-06   0.136778864E-07
   0.540111245E-08   0.132577913E-07  -0.649676934E-07   0.860255245E-08
   0.104048192E-08   0.376250497E-08  -0.122261525E-07   0.241945552E-08
   0.734989358E-08   0.203851975E-07  -0.856193125E-07   0.127011806E-07
   0.298060989E-07   0.792582995E-07  -0.344083873E-06   0.498160659E-07
   0.138888694E-06   0.345195502E-06  -0.155386692E-05   0.207511562E-06
   0.293118347E-06   0.702300667E-06  -0.318430330E-05   0.407086191E-06
   0.571667897E-06   0.133353683E-05  -0.602331420E-05   0.738826031E-06
   0.820528783E-06   0.185307124E-05  -0.832488513E-05   0.992121159E-06
   0.125321139E-05   0.274715671E-05  -0.121685762E-04   0.140151860E-05
   0.141500266E-05   0.299733392E-05  -0.128308466E-04   0.144358148E-05
   0.154553800E-05   0.315044235E-05  -0.125626048E-04   0.135380856E-05
   0.133284539E-05   0.254408133E-05  -0.846437706E-05   0.907012577E-06
   0.105268907E-05   0.175855109E-05  -0.319646938E-05   0.366262270E-06
   0.129193313E-05   0.182471194E-05  -0.114770637E-05   0.175760661E-06
   0.295924883E-05   0.420008246E-05  -0.100858788E-04   0.105497736E-05
   0.785502380E-05   0.117007057E-04  -0.425196013E-04   0.390937203E-05
   0.188519625E-04   0.285242659E-04  -0.117543750E-03   0.100175866E-04
   0.386306237E-04   0.582234679E-04  -0.246322947E-03   0.196253841E-04
   0.716176291E-04   0.107001542E-03  -0.449844723E-03   0.333515527E-04
   0.120557677E-03   0.177981463E-03  -0.726144703E-03   0.501535760E-04
   0.188992795E-03   0.276192441E-03  -0.107338512E-02   0.689578592E-04
   0.280900276E-03   0.407914747E-03  -0.148662599E-02   0.882529275E-04
   0.396882213E-03   0.575320271E-03  -0.192727731E-02   0.105347157E-03
   0.543608970E-03   0.790124759E-03  -0.239754096E-02   0.119908538E-03
   0.719192962E-03   0.105237553E-02  -0.283267186E-02   0.128376894E-03
   0.926326262E-03   0.136835058E-02  -0.319673424E-02   0.129673339E-03
   0.116628653E-02   0.173991558E-02  -0.345682027E-02   0.123522346E-03
   0.143312733E-02   0.215795566E-02  -0.353580806E-02   0.108304775E-03
   0.171624171E-02   0.260297302E-02  -0.338533847E-02   0.853427337E-04
   0.199366244E-02   0.303854514E-02  -0.294693210E-02   0.570582015E-04
   0.223329524E-02   0.341325672E-02  -0.220142934E-02   0.289276741E-04
   0.239686877E-02   0.366781908E-02  -0.118198781E-02   0.784266103E-05
   0.245554256E-02   0.375935412E-02  -0.249575982E-08   0.000000000E+00
