   0.182826686E+01   0.120621977E+02   0.804981141E-06   0.000000000E+00
   0.148234093E+01   0.978483105E+01   0.385743439E+00   0.250253640E-02
   0.860252261E+00   0.568619490E+01   0.449809253E+00   0.585038261E-02
   0.418690920E+00   0.277349901E+01   0.330984801E+00   0.648853835E-02
   0.191597998E+00   0.127233863E+01   0.204100624E+00   0.537222903E-02
   0.873377621E-01   0.581022024E+00   0.117618151E+00   0.390712125E-02
   0.408413559E-01   0.271394193E+00   0.664297864E-01   0.267799851E-02
   0.200745910E-01   0.132422909E+00   0.377308615E-01   0.180288171E-02
   0.106806410E-01   0.691436529E-01   0.219387505E-01   0.121132797E-02
   0.637679966E-02   0.400072075E-01   0.133571383E-01   0.833843078E-03
   0.435464643E-02   0.263121948E-01   0.869803783E-02   0.597625156E-03
   0.335734477E-02   0.196445510E-01   0.616305042E-02   0.454614812E-03
   0.281289010E-02   0.161311384E-01   0.475132745E-02   0.366578868E-03
   0.246294285E-02   0.140045220E-01   0.392787764E-02   0.312017539E-03
   0.219484163E-02   0.124660488E-01   0.340031995E-02   0.278161257E-03
   0.195915205E-02   0.111696413E-01   0.301774195E-02   0.252159603E-03
   0.173905399E-02   0.997415371E-02   0.270204665E-02   0.231434300E-03
   0.152790372E-02   0.882404670E-02   0.241313991E-02   0.211789637E-03
   0.132955774E-02   0.773441419E-02   0.214196183E-02   0.193660991E-03
   0.114589673E-02   0.671048276E-02   0.188453414E-02   0.175411580E-03
   0.976167095E-03   0.575728901E-02   0.163726136E-02   0.156884387E-03
   0.824249117E-03   0.489210431E-02   0.140788814E-02   0.138302232E-03
   0.688107742E-03   0.411032373E-02   0.119330280E-02   0.119951372E-03
   0.569645839E-03   0.342543400E-02   0.100134313E-02   0.102596445E-03
   0.468488433E-03   0.282586296E-02   0.830163073E-03   0.870566219E-04
   0.381679914E-03   0.231152889E-02   0.680214609E-03   0.725189311E-04
   0.308647752E-03   0.187109271E-02   0.549688935E-03   0.595655802E-04
   0.246795244E-03   0.150004111E-02   0.437901559E-03   0.475767665E-04
   0.196821784E-03   0.119650050E-02   0.346641173E-03   0.379365774E-04
   0.155399888E-03   0.940940867E-03   0.268659554E-03   0.292957648E-04
   0.121726101E-03   0.734526431E-03   0.205688193E-03   0.220985894E-04
   0.955408250E-04   0.568855379E-03   0.155975416E-03   0.164805861E-04
   0.743782657E-04   0.437237148E-03   0.116536350E-03   0.119447286E-04
   0.574348887E-04   0.332146796E-03   0.850952347E-04   0.831760826E-05
   0.445780934E-04   0.249637378E-03   0.610717689E-04   0.559536693E-05
   0.346515335E-04   0.187128535E-03   0.434721223E-04   0.358805710E-05
   0.270099445E-04   0.137736817E-03   0.297290462E-04   0.208155802E-05
   0.214927550E-04   0.102447935E-03   0.207426201E-04   0.116872980E-05
   0.172442069E-04   0.738092203E-04   0.133582025E-04   0.415423727E-06
   0.139361155E-04   0.523220115E-04   0.792289939E-05  -0.514449852E-07
   0.117346372E-04   0.385149360E-04   0.508506400E-05  -0.210981284E-06
   0.102434688E-04   0.275992170E-04   0.284931093E-05  -0.348913716E-06
   0.924898814E-05   0.198395646E-04   0.136551523E-05  -0.392504774E-06
   0.887991337E-05   0.145858176E-04   0.491797493E-06  -0.415239754E-06
   0.871160864E-05   0.112895632E-04   0.954664081E-08  -0.399703509E-06
   0.912291489E-05   0.929710041E-05  -0.387899348E-06  -0.405135438E-06
   0.990360331E-05   0.852061203E-05  -0.719213688E-06  -0.407615232E-06
   0.113715987E-04   0.896753409E-05  -0.122394135E-05  -0.404066583E-06
   0.137173593E-04   0.107922051E-04  -0.208687015E-05  -0.370478659E-06
   0.168889983E-04   0.139684316E-04  -0.337328356E-05  -0.274622323E-06
   0.210925737E-04   0.186717480E-04  -0.516182763E-05  -0.103351724E-06
   0.272787638E-04   0.258708096E-04  -0.824320523E-05   0.259333774E-06
   0.354833246E-04   0.354184958E-04  -0.123780292E-04   0.785767952E-06
   0.465031335E-04   0.489255835E-04  -0.186556754E-04   0.166050131E-05
   0.614320525E-04   0.672627721E-04  -0.276701903E-04   0.294845177E-05
   0.813769511E-04   0.911297393E-04  -0.398476004E-04   0.477518643E-05
   0.106826541E-03   0.122310201E-03  -0.560008266E-04   0.723390212E-05
   0.140581018E-03   0.163504665E-03  -0.782204079E-04   0.105411336E-04
   0.183474782E-03   0.215761029E-03  -0.106646658E-03   0.148063800E-04
   0.238382199E-03   0.281750748E-03  -0.143025754E-03   0.202735373E-04
   0.306399510E-03   0.364248845E-03  -0.188342514E-03   0.269342345E-04
   0.392263551E-03   0.467943988E-03  -0.245846808E-03   0.351569579E-04
   0.495283573E-03   0.591159740E-03  -0.312578370E-03   0.445932274E-04
   0.622778025E-03   0.744455203E-03  -0.395776617E-03   0.559554974E-04
   0.773367472E-03   0.926480920E-03  -0.492183666E-03   0.682435275E-04
   0.954278861E-03   0.114179170E-02  -0.604567118E-03   0.827917174E-04
   0.116788317E-02   0.139636977E-02  -0.734826142E-03   0.985708612E-04
   0.141001469E-02   0.168617594E-02  -0.877209415E-03   0.114430368E-03
   0.169150892E-02   0.201940374E-02  -0.103727623E-02   0.132151457E-03
   0.201306515E-02   0.239921408E-02  -0.121492916E-02   0.150998938E-03
   0.236615585E-02   0.281823589E-02  -0.140269974E-02   0.168123704E-03
   0.275682146E-02   0.327751623E-02  -0.160209020E-02   0.185790690E-03
   0.317618996E-02   0.376764336E-02  -0.180748792E-02   0.202388197E-03
   0.362039357E-02   0.428496627E-02  -0.202020095E-02   0.217471490E-03
   0.409302814E-02   0.483053550E-02  -0.224773772E-02   0.231484562E-03
   0.459733885E-02   0.540569052E-02  -0.250182278E-02   0.246893818E-03
   0.514160050E-02   0.601947913E-02  -0.280625396E-02   0.261898007E-03
   0.580207678E-02   0.675699860E-02  -0.323244650E-02   0.283766130E-03
   0.671629049E-02   0.777450064E-02  -0.389636611E-02   0.316936697E-03
   0.821826048E-02   0.946436170E-02  -0.503065111E-02   0.379281089E-03
   0.110295024E-01   0.126784444E-01  -0.705217151E-02   0.477668364E-03
   0.167053379E-01   0.192731898E-01  -0.107259424E-01   0.649168331E-03
   0.286306161E-01   0.333043709E-01  -0.174409617E-01   0.927042740E-03
   0.542455502E-01   0.637368411E-01  -0.296950880E-01   0.136689341E-02
   0.110149764E+00   0.130647987E+00  -0.518619046E-01   0.202959101E-02
   0.234114483E+00   0.279845119E+00  -0.912563205E-01   0.295950100E-02
   0.510478497E+00   0.613858521E+00  -0.157771036E+00   0.407725014E-02
   0.111178422E+01   0.134286857E+01  -0.255707741E+00   0.494686887E-02
   0.228439069E+01   0.276760721E+01  -0.348321557E+00   0.448858086E-02
   0.394665623E+01   0.478977728E+01  -0.299908131E+00   0.193054578E-02
   0.487562990E+01   0.592065144E+01  -0.887435078E-06   0.000000000E+00
