   0.323573709E-03   0.103021301E-01  -0.354073799E-13   0.000000000E+00
   0.318655046E-03   0.996341929E-02   0.128528231E-02   0.731438467E-05
   0.305034599E-03   0.904259924E-02   0.232492480E-02   0.264051869E-04
   0.285243063E-03   0.776164792E-02   0.298051559E-02   0.509223828E-04
   0.262604299E-03   0.637897011E-02   0.325538777E-02   0.738631570E-04
   0.239031026E-03   0.508048944E-02   0.323424162E-02   0.915676064E-04
   0.215788590E-03   0.396076404E-02   0.302518904E-02   0.102965474E-03
   0.192543666E-03   0.304979156E-02   0.271300669E-02   0.107295033E-03
   0.169475155E-03   0.232947874E-02   0.235833833E-02   0.106509760E-03
   0.146111488E-03   0.176678819E-02   0.199236651E-02   0.100470235E-03
   0.123132166E-03   0.133025774E-02   0.164032972E-02   0.919196827E-04
   0.100803794E-03   0.990920234E-03   0.131290476E-02   0.804359152E-04
   0.801413917E-04   0.728334591E-03   0.102237088E-02   0.682714162E-04
   0.612354415E-04   0.523042283E-03   0.767114107E-03   0.549251454E-04
   0.450814841E-04   0.365623826E-03   0.555411272E-03   0.426169790E-04
   0.317686281E-04   0.246926385E-03   0.385567721E-03   0.316071637E-04
   0.211111583E-04   0.158292256E-03   0.252395665E-03   0.218566911E-04
   0.133109461E-04   0.964194551E-04   0.156627153E-03   0.142868903E-04
   0.781265589E-05   0.546078991E-04   0.902785105E-04   0.866313621E-05
   0.416676176E-05   0.278470961E-04   0.469574625E-04   0.471789372E-05
   0.192569087E-05   0.120642108E-04   0.208444453E-04   0.217858496E-05
   0.816518423E-06   0.467830841E-05   0.835629180E-05   0.910835979E-06
   0.244365225E-06   0.115900230E-05   0.218966352E-05   0.250105757E-06
   0.586314997E-07   0.326020967E-06   0.485933469E-06   0.663714843E-07
   0.547256001E-07   0.566986159E-06   0.722123218E-06   0.991029339E-07
   0.938247808E-07   0.102634340E-05   0.136832364E-05   0.185107879E-06
   0.124146510E-06   0.128586089E-05   0.177055358E-05   0.240409577E-06
   0.147855175E-06   0.146287596E-05   0.207252424E-05   0.287284536E-06
   0.133669928E-06   0.128845898E-05   0.186389980E-05   0.268747186E-06
   0.114093289E-06   0.107763799E-05   0.156453257E-05   0.227839010E-06
   0.807754645E-07   0.761092451E-06   0.111615566E-05   0.170478799E-06
   0.493036652E-07   0.465771251E-06   0.677522166E-06   0.106306075E-06
   0.272291167E-07   0.255353058E-06   0.362166446E-06   0.577838115E-07
   0.140492569E-07   0.132353833E-06   0.188843359E-06   0.310232053E-07
   0.450528059E-08   0.485913780E-07   0.673115821E-07   0.138454723E-07
   0.295878455E-08   0.240729694E-07   0.300605976E-07   0.850706883E-08
   0.115724784E-09   0.242798381E-08   0.211705053E-08   0.107420695E-08
   0.716353782E-10   0.332905675E-09   0.471654049E-09   0.580896511E-10
   0.100850028E-08   0.377443188E-08   0.440098580E-08   0.103807085E-08
   0.130084254E-08   0.101487192E-07   0.154598023E-07   0.291352964E-08
   0.205454764E-08   0.135273091E-07   0.157307092E-07   0.492699659E-08
   0.126715638E-08   0.139674983E-07   0.189219787E-07   0.459080507E-08
   0.146293833E-08   0.112709007E-07   0.895699248E-08   0.511231457E-08
   0.288830226E-08   0.164039484E-07   0.825490609E-08   0.773453390E-08
   0.314372883E-08   0.117104131E-07  -0.114245475E-07   0.733603223E-08
   0.461828992E-09   0.706609304E-08   0.123414945E-08   0.421572910E-08
   0.497200370E-08   0.133155895E-07  -0.343584965E-07   0.955440171E-08
   0.254597166E-08   0.855198135E-08  -0.159125939E-07   0.610412787E-08
   0.532444488E-08   0.121884520E-07  -0.338783721E-07   0.845311021E-08
   0.251478371E-08   0.546834622E-08  -0.180426944E-07   0.337535377E-08
   0.346201712E-08   0.841226644E-08  -0.218713705E-07   0.588963855E-08
   0.633607922E-08   0.116438281E-07  -0.428009344E-07   0.710453429E-08
   0.179535153E-08   0.313959081E-08  -0.115864980E-07   0.199602890E-08
   0.150368218E-08   0.223656293E-08  -0.908415210E-08   0.126686006E-08
   0.134147704E-08   0.252718135E-08  -0.903708042E-08   0.157911317E-08
   0.118463017E-07   0.213281623E-07  -0.771139952E-07   0.134405678E-07
   0.258853738E-07   0.462908183E-07  -0.168727396E-06   0.274463066E-07
   0.643975824E-07   0.111177684E-06  -0.410332007E-06   0.657952057E-07
   0.152302505E-06   0.257385921E-06  -0.954041866E-06   0.144849096E-06
   0.246465561E-06   0.405635717E-06  -0.151262986E-05   0.223128396E-06
   0.373312787E-06   0.602526711E-06  -0.224542578E-05   0.317472313E-06
   0.502746900E-06   0.794477785E-06  -0.296655958E-05   0.421041278E-06
   0.582987127E-06   0.909837922E-06  -0.337237952E-05   0.467624176E-06
   0.674565229E-06   0.103125080E-05  -0.379749054E-05   0.513318582E-06
   0.612120289E-06   0.923806169E-06  -0.333872413E-05   0.438687977E-06
   0.529667489E-06   0.781555400E-06  -0.274768854E-05   0.354542493E-06
   0.274344615E-06   0.393742880E-06  -0.133990784E-05   0.180325799E-06
   0.208665753E-06   0.266486154E-06  -0.104238711E-05   0.140669201E-06
   0.719307195E-06   0.884909866E-06  -0.392723678E-05   0.470255600E-06
   0.277724166E-05   0.346610341E-05  -0.148950530E-04   0.167499297E-05
   0.724653637E-05   0.892935805E-05  -0.375054879E-04   0.401973648E-05
   0.158148177E-04   0.192160878E-04  -0.791127677E-04   0.808286677E-05
   0.302132994E-04   0.360188606E-04  -0.145757120E-03   0.141670298E-04
   0.527981028E-04   0.617990736E-04  -0.245342526E-03   0.225657404E-04
   0.855178077E-04   0.982055935E-04  -0.381592719E-03   0.331496522E-04
   0.130620698E-03   0.147400322E-03  -0.557597319E-03   0.456047310E-04
   0.190579172E-03   0.211838589E-03  -0.774703454E-03   0.593414770E-04
   0.267283700E-03   0.293895922E-03  -0.102806755E-02   0.731944310E-04
   0.363550789E-03   0.397113239E-03  -0.131314027E-02   0.863123205E-04
   0.484028977E-03   0.527886965E-03  -0.162721996E-02   0.979389442E-04
   0.630671333E-03   0.689978420E-03  -0.194924325E-02   0.107189080E-03
   0.812943093E-03   0.896843150E-03  -0.227983785E-02   0.112727816E-03
   0.103895494E-02   0.115974201E-02  -0.260015065E-02   0.115119197E-03
   0.132084696E-02   0.149490591E-02  -0.289623369E-02   0.112289134E-03
   0.166944426E-02   0.191565615E-02  -0.313566672E-02   0.104605140E-03
   0.209272117E-02   0.243139639E-02  -0.327408570E-02   0.917805301E-04
   0.257900776E-02   0.302696135E-02  -0.323217479E-02   0.731027831E-04
   0.309452950E-02   0.365960994E-02  -0.291578309E-02   0.496926077E-04
   0.356655638E-02   0.424038013E-02  -0.224858057E-02   0.257293195E-04
   0.390841207E-02   0.466115121E-02  -0.123580231E-02   0.709467713E-05
   0.403355947E-02   0.481440825E-02  -0.294190228E-08   0.000000000E+00
