   0.776549205E-04   0.650176499E-02  -0.103179965E-10   0.000000000E+00
   0.804393858E-04   0.631687557E-02   0.909425959E-03   0.503062211E-05
   0.876381673E-04   0.581288524E-02   0.167156768E-02   0.184165547E-04
   0.969228713E-04   0.508887833E-02   0.219301088E-02   0.359578989E-04
   0.105367442E-03   0.427233940E-02   0.245310017E-02   0.529640274E-04
   0.110591594E-03   0.346626225E-02   0.248372066E-02   0.666379201E-04
   0.111103371E-03   0.273291487E-02   0.234297267E-02   0.747203594E-04
   0.106627100E-03   0.210571475E-02   0.209474820E-02   0.767553720E-04
   0.978160024E-04   0.158939417E-02   0.179132354E-02   0.742909469E-04
   0.855194739E-04   0.117445085E-02   0.146824901E-02   0.677755233E-04
   0.710598688E-04   0.845986942E-03   0.115153834E-02   0.584921545E-04
   0.562446658E-04   0.592365977E-03   0.865603040E-03   0.479788068E-04
   0.420968354E-04   0.400034274E-03   0.618638122E-03   0.371614733E-04
   0.296559883E-04   0.257837353E-03   0.417089439E-03   0.268420918E-04
   0.198246144E-04   0.158723429E-03   0.267123920E-03   0.183298289E-04
   0.119783281E-04   0.888645300E-04   0.153207278E-03   0.111291420E-04
   0.671482121E-05   0.460602678E-04   0.807063188E-04   0.614225746E-05
   0.335077129E-05   0.209948339E-04   0.367011089E-04   0.289866398E-05
   0.136512404E-05   0.784257008E-05   0.124388371E-04   0.973380111E-06
   0.429852349E-06   0.251640631E-05   0.243089494E-05   0.160910545E-06
   0.984026585E-07   0.127140174E-05   0.637527720E-07  -0.111357474E-07
   0.652702710E-07   0.157444151E-05   0.937534082E-06   0.108018732E-06
   0.118585682E-06   0.227121359E-05   0.244095440E-05   0.282702615E-06
   0.174031811E-06   0.263759648E-05   0.350318442E-05   0.416592712E-06
   0.179785033E-06   0.238537245E-05   0.346466845E-05   0.422381561E-06
   0.169694871E-06   0.207650373E-05   0.320473237E-05   0.402072374E-06
   0.126213251E-06   0.147236426E-05   0.233060041E-05   0.301267420E-06
   0.827408968E-07   0.942431143E-06   0.152686607E-05   0.205306080E-06
   0.518984820E-07   0.583301869E-06   0.961025080E-06   0.133929873E-06
   0.234284627E-07   0.261405887E-06   0.423384876E-06   0.608633925E-07
   0.110364180E-07   0.128865096E-06   0.211158053E-06   0.332184129E-07
   0.145987156E-08   0.224587300E-07   0.305668060E-07   0.804859290E-08
   0.487651641E-09   0.615871931E-08   0.223227148E-08   0.333421823E-08
   0.874303019E-09   0.632450892E-08   0.918895449E-08   0.173971237E-08
   0.717093940E-09   0.205761519E-08  -0.111817100E-08   0.299647696E-09
   0.241710163E-08   0.155597597E-07   0.205807371E-07   0.340133677E-08
   0.361392960E-08   0.211224602E-07   0.204717150E-07   0.474155959E-08
   0.204895367E-08   0.163683822E-07   0.323905880E-07   0.371415654E-08
   0.247386223E-08   0.112278391E-07   0.389393673E-08   0.249979371E-08
   0.314651749E-08   0.235597781E-07   0.381846625E-07   0.539739675E-08
   0.124453181E-08   0.769415376E-08   0.138297489E-07   0.127138600E-08
   0.105577092E-08   0.677591272E-08   0.129349527E-07   0.114017384E-08
   0.781266551E-09   0.537622435E-08   0.545330847E-08   0.149794521E-08
   0.568655623E-09   0.453872717E-08   0.822166424E-08   0.135176981E-08
   0.744058148E-10   0.153922389E-09  -0.344216426E-10  -0.514737081E-11
   0.119203425E-08   0.290354296E-08  -0.947153733E-08   0.183691606E-08
   0.118097321E-08   0.340092932E-08  -0.678022705E-08   0.193638661E-08
   0.977268488E-09   0.190333349E-08  -0.886590268E-08   0.111914211E-08
   0.207798512E-08   0.415642853E-08  -0.192256380E-07   0.253752530E-08
   0.176094339E-08   0.317194071E-08  -0.150723078E-07   0.165578962E-08
   0.759037455E-08   0.180355020E-07  -0.698929838E-07   0.101460600E-07
   0.886300899E-08   0.183574631E-07  -0.835990122E-07   0.113645751E-07
   0.118117409E-07   0.261964512E-07  -0.113245427E-06   0.160263234E-07
   0.448978676E-08   0.891336960E-08  -0.396015096E-07   0.473754636E-08
   0.112505534E-07   0.240556979E-07  -0.103197472E-06   0.137255363E-07
   0.437563319E-08   0.990637972E-08  -0.347340290E-07   0.434813785E-08
   0.491857488E-08   0.100759268E-07  -0.444843984E-07   0.568388048E-08
   0.357798502E-08   0.795696398E-08  -0.344200437E-07   0.494284613E-08
   0.100819197E-08   0.458808236E-08  -0.103147997E-07   0.347339646E-08
   0.197771204E-07   0.441931434E-07  -0.179659239E-06   0.261733746E-07
   0.727095966E-07   0.151404990E-06  -0.646154660E-06   0.930426225E-07
   0.113716766E-06   0.232079856E-06  -0.989330943E-06   0.138255245E-06
   0.242572980E-06   0.482276675E-06  -0.205827087E-05   0.274413225E-06
   0.399209370E-06   0.771514181E-06  -0.328748365E-05   0.426404171E-06
   0.650285415E-06   0.122269023E-05  -0.516915770E-05   0.635224467E-06
   0.804007527E-06   0.146554055E-05  -0.611519135E-05   0.739209668E-06
   0.105111189E-05   0.186432396E-05  -0.755803467E-05   0.883485484E-06
   0.106416462E-05   0.182910048E-05  -0.694047230E-05   0.779538368E-06
   0.860901878E-06   0.139881536E-05  -0.455915824E-05   0.499942530E-06
   0.635556887E-06   0.912945779E-06  -0.180445079E-05   0.207312823E-06
   0.615658621E-06   0.696909296E-06  -0.444375303E-06   0.946040828E-07
   0.150279288E-05   0.171528234E-05  -0.527006932E-05   0.604501849E-06
   0.453666371E-05   0.563770163E-05  -0.240779373E-04   0.238630219E-05
   0.112280550E-04   0.142537046E-04  -0.644065294E-04   0.589614910E-05
   0.243498835E-04   0.309608222E-04  -0.141231256E-03   0.120378172E-04
   0.453182256E-04   0.569604890E-04  -0.255212799E-03   0.203775526E-04
   0.787244062E-04   0.977632153E-04  -0.426558778E-03   0.317426238E-04
   0.125621344E-03   0.154113499E-03  -0.645960565E-03   0.446673766E-04
   0.189180675E-03   0.229923360E-03  -0.914036355E-03   0.584388508E-04
   0.271483819E-03   0.328308466E-03  -0.121936854E-02   0.718496740E-04
   0.375516858E-03   0.454177469E-03  -0.155201589E-02   0.836209510E-04
   0.503520656E-03   0.612373755E-03  -0.188977271E-02   0.920880557E-04
   0.659396697E-03   0.809462857E-03  -0.221532513E-02   0.971355839E-04
   0.845702481E-03   0.105080090E-02  -0.249625905E-02   0.972124908E-04
   0.106542790E-02   0.134075829E-02  -0.270381384E-02   0.916887584E-04
   0.131631701E-02   0.167598086E-02  -0.278858887E-02   0.803626535E-04
   0.158906612E-02   0.204270496E-02  -0.269469246E-02   0.632343945E-04
   0.186418765E-02   0.241271011E-02  -0.237350399E-02   0.424127466E-04
   0.210577087E-02   0.273769884E-02  -0.178957905E-02   0.216098706E-04
   0.227477425E-02   0.296446192E-02  -0.967493048E-03   0.589014371E-05
   0.233489322E-02   0.304507324E-02  -0.204532569E-08   0.000000000E+00
