   0.216987394E-01   0.192052081E+00   0.175202128E-07   0.000000000E+00
   0.203476027E-01   0.180339128E+00   0.150801763E-01   0.906986897E-04
   0.169398878E-01   0.150772721E+00   0.247677471E-01   0.297498162E-03
   0.128107043E-01   0.114805870E+00   0.274639111E-01   0.492482737E-03
   0.907879137E-02   0.821254477E-01   0.251561850E-01   0.599226856E-03
   0.622032350E-02   0.568674728E-01   0.207227897E-01   0.614667253E-03
   0.423583062E-02   0.391089320E-01   0.161803272E-01   0.574773992E-03
   0.292689726E-02   0.271953288E-01   0.123992413E-01   0.513823470E-03
   0.207923795E-02   0.193225350E-01   0.953743886E-02   0.452924112E-03
   0.152608182E-02   0.140814884E-01   0.745070726E-02   0.403424667E-03
   0.115347223E-02   0.104859034E-01   0.591723714E-02   0.360800390E-03
   0.893268327E-03   0.794851128E-02   0.476799859E-02   0.321680069E-03
   0.702044636E-03   0.609061122E-02   0.387058826E-02   0.288193900E-03
   0.556047831E-03   0.469216146E-02   0.314749056E-02   0.255532359E-03
   0.440894859E-03   0.361512718E-02   0.255003222E-02   0.224401738E-03
   0.348079135E-03   0.277541205E-02   0.204909756E-02   0.193089931E-03
   0.273146201E-03   0.211887318E-02   0.163186505E-02   0.163613557E-03
   0.210962578E-03   0.159618491E-02   0.127440377E-02   0.136063740E-03
   0.160789641E-03   0.118843920E-02   0.979962293E-03   0.110511442E-03
   0.120274279E-03   0.871126598E-03   0.737988623E-03   0.873041281E-04
   0.884549590E-04   0.628566544E-03   0.545241404E-03   0.674472467E-04
   0.636619807E-04   0.444196514E-03   0.393010705E-03   0.509604688E-04
   0.442634300E-04   0.305242458E-03   0.273027574E-03   0.367012217E-04
   0.300851734E-04   0.204429802E-03   0.184544668E-03   0.259302269E-04
   0.194708737E-04   0.131720095E-03   0.118383949E-03   0.172574673E-04
   0.121809235E-04   0.814819650E-04   0.726042999E-04   0.110570272E-04
   0.736999436E-05   0.490550592E-04   0.428925850E-04   0.678977040E-05
   0.403445893E-05   0.272449506E-04   0.224264622E-04   0.368457700E-05
   0.217186130E-05   0.148098670E-04   0.113120095E-04   0.194222957E-05
   0.104057369E-05   0.732934723E-05   0.471012663E-05   0.845399484E-06
   0.438710742E-06   0.346026150E-05   0.147039759E-05   0.265037215E-06
   0.198110456E-06   0.185564750E-05   0.428548248E-06   0.427797353E-07
   0.133273943E-06   0.137764630E-05   0.435435453E-06   0.273271290E-07
   0.152338814E-06   0.144002900E-05   0.851137145E-06   0.703642016E-07
   0.190000023E-06   0.163637026E-05   0.128361148E-05   0.138172112E-06
   0.207270190E-06   0.162289496E-05   0.148149388E-05   0.180507172E-06
   0.206047517E-06   0.156144336E-05   0.150114909E-05   0.194285349E-06
   0.205583163E-06   0.155898010E-05   0.157268403E-05   0.237219993E-06
   0.178774428E-06   0.130193121E-05   0.137399945E-05   0.218822436E-06
   0.154718848E-06   0.116232764E-05   0.123267444E-05   0.230318875E-06
   0.108626516E-06   0.878603714E-06   0.908453785E-06   0.195824427E-06
   0.840561398E-07   0.711280961E-06   0.713900363E-06   0.189215470E-06
   0.577664565E-07   0.508594042E-06   0.463784460E-06   0.167095664E-06
   0.479921205E-07   0.393551289E-06   0.273778255E-06   0.165239086E-06
   0.590807154E-07   0.336673537E-06   0.103146242E-06   0.174191982E-06
   0.550379013E-07   0.251848718E-06  -0.822601010E-07   0.158982800E-06
   0.814374346E-07   0.247415102E-06  -0.232482606E-06   0.166162991E-06
   0.144973797E-06   0.294505384E-06  -0.516914383E-06   0.189799636E-06
   0.190766713E-06   0.325907365E-06  -0.657288012E-06   0.193896440E-06
   0.343768562E-06   0.503025944E-06  -0.114679847E-05   0.253771645E-06
   0.407343322E-06   0.587832005E-06  -0.134834636E-05   0.262683130E-06
   0.513825341E-06   0.713736142E-06  -0.164355356E-05   0.291580363E-06
   0.639363691E-06   0.866156540E-06  -0.198111661E-05   0.325025127E-06
   0.726755843E-06   0.977529453E-06  -0.218571449E-05   0.345421597E-06
   0.771448526E-06   0.100730563E-05  -0.219632466E-05   0.327876421E-06
   0.786580586E-06   0.101329033E-05  -0.208030951E-05   0.293647616E-06
   0.709832932E-06   0.922747802E-06  -0.164971698E-05   0.225303992E-06
   0.638525137E-06   0.818698140E-06  -0.109043583E-05   0.110604546E-06
   0.591216633E-06   0.718117917E-06  -0.546768831E-06   0.529820028E-07
   0.848105799E-06   0.967316282E-06  -0.662981108E-06   0.871505677E-07
   0.157182967E-05   0.179669428E-05  -0.193292158E-05   0.328364109E-06
   0.351181416E-05   0.394659355E-05  -0.618210333E-05   0.101617866E-05
   0.723483527E-05   0.817959244E-05  -0.148942208E-04   0.234762615E-05
   0.138696105E-04   0.156622100E-04  -0.305683534E-04   0.465335370E-05
   0.247040243E-04   0.280057520E-04  -0.562546265E-04   0.817684031E-05
   0.416810435E-04   0.470218947E-04  -0.955786818E-04   0.134561324E-04
   0.666776396E-04   0.748803504E-04  -0.151886707E-03   0.206033601E-04
   0.102348196E-03   0.114617716E-03  -0.229894024E-03   0.300798438E-04
   0.150706852E-03   0.168137165E-03  -0.330656243E-03   0.417272968E-04
   0.216991495E-03   0.241741946E-03  -0.463998731E-03   0.560435365E-04
   0.303178909E-03   0.337587728E-03  -0.627988251E-03   0.728038431E-04
   0.414571405E-03   0.462199794E-03  -0.828607881E-03   0.916958306E-04
   0.557204243E-03   0.622726104E-03  -0.107071362E-02   0.112968541E-03
   0.733920198E-03   0.823848473E-03  -0.134904706E-02   0.136186150E-03
   0.956240925E-03   0.108129194E-02  -0.167766074E-02   0.159480114E-03
   0.123063696E-02   0.140310579E-02  -0.205116929E-02   0.185726371E-03
   0.157199777E-02   0.181134953E-02  -0.248225266E-02   0.211624836E-03
   0.199773931E-02   0.232992508E-02  -0.297699217E-02   0.239010740E-03
   0.254138955E-02   0.300281262E-02  -0.356554845E-02   0.268392876E-03
   0.325063919E-02   0.389192230E-02  -0.428306172E-02   0.301685795E-03
   0.420917384E-02   0.510454178E-02  -0.519503187E-02   0.337933074E-03
   0.555481482E-02   0.681296363E-02  -0.640454236E-02   0.380793179E-03
   0.750883808E-02   0.929584727E-02  -0.804434624E-02   0.430203014E-03
   0.104257669E-01   0.130033894E-01  -0.102759106E-01   0.487632875E-03
   0.148216197E-01   0.185921565E-01  -0.131950174E-01   0.537301472E-03
   0.213224683E-01   0.268772095E-01  -0.166418757E-01   0.563490263E-03
   0.304858256E-01   0.386057906E-01  -0.199206173E-01   0.538650318E-03
   0.421964005E-01   0.536656082E-01  -0.214625299E-01   0.434153626E-03
   0.550025254E-01   0.701972097E-01  -0.191673823E-01   0.257003441E-03
   0.654882342E-01   0.837871358E-01  -0.116033703E-01   0.776403249E-04
   0.695755333E-01   0.891024992E-01  -0.268050382E-07   0.000000000E+00
