   0.517858018E-03   0.163904391E-01   0.225901409E-08   0.000000000E+00
   0.515844207E-03   0.160037484E-01   0.205909112E-02   0.121673274E-04
   0.509209814E-03   0.149496775E-01   0.383863226E-02   0.452788045E-04
   0.498395471E-03   0.133889792E-01   0.514695747E-02   0.911720999E-04
   0.483085547E-03   0.115862489E-01   0.592584861E-02   0.139418364E-03
   0.463236385E-03   0.974715594E-02   0.622001477E-02   0.182362724E-03
   0.439105934E-03   0.802973285E-02   0.613814173E-02   0.215626540E-03
   0.410194451E-03   0.651427498E-02   0.579189556E-02   0.236760839E-03
   0.375796400E-03   0.521710375E-02   0.526752230E-02   0.245237898E-03
   0.337707286E-03   0.413959334E-02   0.465570623E-02   0.243168353E-03
   0.296682090E-03   0.325415214E-02   0.400757324E-02   0.231727972E-03
   0.253962207E-03   0.253127748E-02   0.336038601E-02   0.211993494E-03
   0.211800303E-03   0.194481539E-02   0.274747470E-02   0.188606835E-03
   0.171245454E-03   0.146954274E-02   0.218249788E-02   0.160976808E-03
   0.134363872E-03   0.108934147E-02   0.168552692E-02   0.133712674E-03
   0.101185498E-03   0.784119125E-03   0.125192653E-02   0.105354178E-03
   0.734219357E-04   0.547123316E-03   0.896629179E-03   0.798601031E-04
   0.506359829E-04   0.364547916E-03   0.610332645E-03   0.573365578E-04
   0.337047932E-04   0.234807550E-03   0.401046622E-03   0.396916003E-04
   0.207380417E-04   0.139480617E-03   0.242599388E-03   0.250705380E-04
   0.120770728E-04   0.781025374E-04   0.138534146E-03   0.149451062E-04
   0.638395977E-05   0.390692003E-04   0.711758767E-04   0.803078183E-05
   0.295997961E-05   0.165929614E-04   0.313486198E-04   0.362207993E-05
   0.109905341E-05   0.533150887E-05   0.105911895E-04   0.126926534E-05
   0.328544701E-06   0.135281891E-05   0.268618396E-05   0.338954550E-06
   0.129003084E-06   0.944752173E-06   0.128231272E-05   0.176623871E-06
   0.168129972E-06   0.193840833E-05   0.249873347E-05   0.361049388E-06
   0.265759695E-06   0.292157006E-05   0.405224000E-05   0.605753200E-06
   0.357701936E-06   0.370677049E-05   0.535496929E-05   0.810218694E-06
   0.393117091E-06   0.387668433E-05   0.568167570E-05   0.838688720E-06
   0.360198868E-06   0.343284751E-05   0.512676206E-05   0.766684877E-06
   0.296515935E-06   0.269635711E-05   0.405707260E-05   0.585084365E-06
   0.255951306E-06   0.230545083E-05   0.345928561E-05   0.513483656E-06
   0.152911497E-06   0.134363700E-05   0.208568554E-05   0.309308660E-06
   0.102772759E-06   0.880476307E-06   0.135913160E-05   0.197856622E-06
   0.598759229E-07   0.488488354E-06   0.729559133E-06   0.102468341E-06
   0.504455890E-07   0.398433230E-06   0.590273942E-06   0.825785520E-07
   0.166710450E-07   0.105138980E-06   0.161768654E-06   0.144373811E-07
   0.952939416E-08   0.410619840E-07   0.539064970E-07   0.792665655E-09
   0.621451690E-08   0.218087717E-07   0.818520629E-08   0.100754305E-08
   0.130219986E-07   0.252880170E-07  -0.908010449E-07   0.126886111E-07
   0.698236891E-08   0.170171877E-07  -0.437643983E-07   0.111678480E-07
   0.891200180E-08   0.283048500E-07  -0.379349387E-07   0.180318445E-07
   0.122815900E-07   0.436747101E-07  -0.799017315E-07   0.313715169E-07
   0.164027938E-07   0.695992739E-07  -0.638023039E-07   0.461858249E-07
   0.101073061E-07   0.600081904E-07   0.166807084E-07   0.333380150E-07
   0.901168118E-08   0.392454176E-07  -0.507681719E-07   0.278083494E-07
   0.512508880E-08   0.372777258E-07   0.223932730E-07   0.196925285E-07
   0.910843134E-08   0.359464067E-07  -0.164449716E-07   0.209116475E-07
   0.377902243E-08   0.142032306E-07  -0.279862933E-08   0.732930561E-08
   0.196439531E-08   0.641100195E-08   0.344319462E-08   0.190118588E-08
   0.644746212E-08   0.162908265E-07  -0.542117151E-08  -0.234410075E-09
   0.198953103E-07   0.423387938E-07  -0.930051840E-07   0.807975731E-08
   0.445605117E-07   0.872606591E-07  -0.280676488E-06   0.320694014E-07
   0.122829306E-06   0.243105092E-06  -0.859611816E-06   0.127110923E-06
   0.252250601E-06   0.516355556E-06  -0.177083564E-05   0.261568857E-06
   0.365440172E-06   0.740579708E-06  -0.256331373E-05   0.391046513E-06
   0.564045877E-06   0.114669990E-05  -0.393137725E-05   0.597184908E-06
   0.769009773E-06   0.155585758E-05  -0.530963234E-05   0.807505842E-06
   0.979601509E-06   0.194095469E-05  -0.663450146E-05   0.984075314E-06
   0.132974480E-05   0.259106741E-05  -0.884159272E-05   0.130579588E-05
   0.142687168E-05   0.274549279E-05  -0.928065492E-05   0.134626134E-05
   0.130700005E-05   0.250311223E-05  -0.829456258E-05   0.119876734E-05
   0.108275913E-05   0.204343746E-05  -0.657058217E-05   0.896200447E-06
   0.697795031E-06   0.128455861E-05  -0.393677965E-05   0.540539872E-06
   0.409860860E-06   0.674123669E-06  -0.215954128E-05   0.309084243E-06
   0.874854607E-06   0.130001001E-05  -0.531566820E-05   0.718985405E-06
   0.264734126E-05   0.395056895E-05  -0.162798369E-04   0.205345896E-05
   0.774789441E-05   0.118865364E-04  -0.471804997E-04   0.566522567E-05
   0.169871219E-04   0.258286182E-04  -0.100508594E-03   0.115224548E-04
   0.334086617E-04   0.502274088E-04  -0.191961313E-03   0.211274837E-04
   0.605782734E-04   0.900738742E-04  -0.338047539E-03   0.354756958E-04
   0.995416340E-04   0.145608545E-03  -0.537271029E-03   0.536266489E-04
   0.152561624E-03   0.220067377E-03  -0.794672873E-03   0.753765635E-04
   0.225291078E-03   0.320784806E-03  -0.112986169E-02   0.101123507E-03
   0.318554987E-03   0.448909355E-03  -0.153237558E-02   0.128805230E-03
   0.432614703E-03   0.604926725E-03  -0.198515691E-02   0.156805792E-03
   0.571460230E-03   0.797543267E-03  -0.248872396E-02   0.181720607E-03
   0.739195326E-03   0.103317155E-02  -0.303517608E-02   0.205537712E-03
   0.934501935E-03   0.131599698E-02  -0.358586386E-02   0.222276576E-03
   0.116105832E-02   0.165515090E-02  -0.411866419E-02   0.232881677E-03
   0.142833823E-02   0.207011402E-02  -0.463154353E-02   0.235272353E-03
   0.173825771E-02   0.256883469E-02  -0.507424586E-02   0.229464538E-03
   0.209622737E-02   0.316312257E-02  -0.540807797E-02   0.214898173E-03
   0.250698929E-02   0.386089785E-02  -0.559184793E-02   0.191860439E-03
   0.296244398E-02   0.464719534E-02  -0.554433139E-02   0.158819603E-03
   0.344146183E-02   0.548206968E-02  -0.518863788E-02   0.118996584E-03
   0.391136343E-02   0.630635768E-02  -0.444760732E-02   0.769068065E-04
   0.431328313E-02   0.701519940E-02  -0.328602805E-02   0.380791244E-04
   0.458722189E-02   0.749986805E-02  -0.175311544E-02   0.102052290E-04
   0.468448969E-02   0.767311687E-02  -0.429815783E-08   0.000000000E+00
