   0.788193655E+01   0.373956680E+02   0.000000000E+00   0.000000000E+00
   0.661412048E+01   0.313979359E+02   0.100786710E+01   0.701829325E-02
   0.416045856E+01   0.197825966E+02   0.127332044E+01   0.178003013E-01
   0.221960521E+01   0.105828285E+02   0.102641284E+01   0.216576569E-01
   0.110715961E+01   0.529857922E+01   0.689831972E+00   0.195923299E-01
   0.544457614E+00   0.261716366E+01   0.429732680E+00   0.154595980E-01
   0.270552784E+00   0.130621827E+01   0.260066479E+00   0.114189899E-01
   0.137700483E+00   0.666810453E+00   0.156378388E+00   0.819235109E-02
   0.727342591E-01   0.351775765E+00   0.946259499E-01   0.581576349E-02
   0.406231992E-01   0.194626898E+00   0.582063496E-01   0.413870485E-02
   0.246360041E-01   0.115571693E+00   0.368584879E-01   0.300222263E-02
   0.166153610E-01   0.754154027E-01   0.243604314E-01   0.222164253E-02
   0.125471288E-01   0.548676029E-01   0.170678347E-01   0.171961205E-02
   0.104191815E-01   0.440913439E-01   0.127943661E-01   0.138145906E-02
   0.922527537E-02   0.381466448E-01   0.102586513E-01   0.115519692E-02
   0.846037362E-02   0.345013440E-01   0.871132687E-02   0.100645085E-02
   0.787668489E-02   0.318958946E-01   0.770750735E-02   0.899664825E-03
   0.736125978E-02   0.297190771E-01   0.699733850E-02   0.819941808E-03
   0.686288252E-02   0.276693907E-01   0.643245457E-02   0.760123075E-03
   0.636239443E-02   0.256396867E-01   0.593479490E-02   0.705838669E-03
   0.585867884E-02   0.235964786E-01   0.546332402E-02   0.656194286E-03
   0.536922785E-02   0.215783678E-01   0.501267985E-02   0.612000877E-03
   0.488166185E-02   0.195790492E-01   0.456293579E-02   0.562821922E-03
   0.442475779E-02   0.176649168E-01   0.413366687E-02   0.519568741E-03
   0.397323212E-02   0.157875046E-01   0.369601580E-02   0.469974504E-03
   0.356873008E-02   0.140667092E-01   0.329990033E-02   0.426589220E-03
   0.318543473E-02   0.124310022E-01   0.291166361E-02   0.381940627E-03
   0.283596269E-02   0.109315282E-01   0.255250209E-02   0.339642196E-03
   0.252061128E-02   0.956459437E-02   0.222234102E-02   0.300420477E-03
   0.224137981E-02   0.833527930E-02   0.192633714E-02   0.265127601E-03
   0.198756624E-02   0.720778434E-02   0.164954551E-02   0.230523612E-03
   0.176482485E-02   0.622012885E-02   0.140870258E-02   0.200178707E-03
   0.156803767E-02   0.534530077E-02   0.119523564E-02   0.172516768E-03
   0.139408221E-02   0.456561567E-02   0.100320391E-02   0.147410770E-03
   0.124892336E-02   0.389311835E-02   0.841504894E-03   0.126137587E-03
   0.112116069E-02   0.330107054E-02   0.697194308E-03   0.107434767E-03
   0.101267756E-02   0.279330276E-02   0.574651407E-03   0.913422555E-04
   0.918865902E-03   0.236249203E-02   0.471564126E-03   0.771874911E-04
   0.843416899E-03   0.199052552E-02   0.381893333E-03   0.658020508E-04
   0.783122086E-03   0.168056460E-02   0.307601673E-03   0.564463226E-04
   0.732506393E-03   0.141990045E-02   0.243321192E-03   0.488214428E-04
   0.695452443E-03   0.120399706E-02   0.187768601E-03   0.428945168E-04
   0.667864399E-03   0.103338226E-02   0.142488250E-03   0.385188941E-04
   0.652329880E-03   0.901373802E-03   0.104134459E-03   0.355899138E-04
   0.642510247E-03   0.793501968E-03   0.652583403E-04   0.336060584E-04
   0.648473855E-03   0.725651509E-03   0.326562149E-04   0.334473807E-04
   0.657796219E-03   0.679241552E-03   0.283139656E-06   0.338670870E-04
   0.682361657E-03   0.665223284E-03  -0.326849186E-04   0.360740123E-04
   0.717392133E-03   0.678053009E-03  -0.665946063E-04   0.395400129E-04
   0.763366756E-03   0.717081595E-03  -0.101844991E-03   0.444761972E-04
   0.824026705E-03   0.784551376E-03  -0.145216793E-03   0.508482262E-04
   0.897035759E-03   0.879727944E-03  -0.193821659E-03   0.590684031E-04
   0.986063387E-03   0.100478937E-02  -0.248439348E-03   0.690595625E-04
   0.109444896E-02   0.116512715E-02  -0.315007201E-03   0.810467754E-04
   0.122041302E-02   0.135712628E-02  -0.388836430E-03   0.952700429E-04
   0.136826222E-02   0.158622663E-02  -0.474097760E-03   0.111771318E-03
   0.153999985E-02   0.185981824E-02  -0.575770857E-03   0.130708184E-03
   0.174049311E-02   0.217986666E-02  -0.693288865E-03   0.152180932E-03
   0.196964899E-02   0.254968926E-02  -0.827653683E-03   0.176540270E-03
   0.223064004E-02   0.296528847E-02  -0.974878494E-03   0.204786964E-03
   0.252702576E-02   0.344416802E-02  -0.114579580E-02   0.234782172E-03
   0.285664736E-02   0.397747848E-02  -0.133288885E-02   0.266902847E-03
   0.321912230E-02   0.456473464E-02  -0.153433229E-02   0.301460939E-03
   0.363386073E-02   0.523543544E-02  -0.176733686E-02   0.338778686E-03
   0.407400774E-02   0.594626134E-02  -0.200473145E-02   0.376928278E-03
   0.455717789E-02   0.672531221E-02  -0.226253434E-02   0.416533760E-03
   0.508296583E-02   0.757466815E-02  -0.254114228E-02   0.456524664E-03
   0.562167447E-02   0.843600649E-02  -0.281075831E-02   0.497620378E-03
   0.620359369E-02   0.936853979E-02  -0.310386834E-02   0.536714739E-03
   0.679172017E-02   0.103133479E-01  -0.339372572E-02   0.572834746E-03
   0.740303239E-02   0.112862838E-01  -0.369531359E-02   0.609621580E-03
   0.802095048E-02   0.122627914E-01  -0.400532596E-02   0.643947162E-03
   0.864429399E-02   0.132306824E-01  -0.433495548E-02   0.683738908E-03
   0.927256513E-02   0.141961901E-01  -0.470726285E-02   0.720216194E-03
   0.995816477E-02   0.152318822E-01  -0.518396776E-02   0.766864454E-03
   0.107976329E-01   0.164867882E-01  -0.586130749E-02   0.822132453E-03
   0.119737769E-01   0.182430167E-01  -0.690417318E-02   0.911144482E-03
   0.138657540E-01   0.211073048E-01  -0.859783962E-02   0.103819929E-02
   0.172326565E-01   0.263009761E-01  -0.114340587E-01   0.123913737E-02
   0.235326178E-01   0.362006053E-01  -0.162257273E-01   0.154742028E-02
   0.356403738E-01   0.555244386E-01  -0.243790671E-01   0.202133367E-02
   0.591254532E-01   0.934907421E-01  -0.381808728E-01   0.273509650E-02
   0.105353370E+00   0.168932453E+00  -0.615997128E-01   0.376939331E-02
   0.197255000E+00   0.320122302E+00  -0.101111300E+00   0.524915336E-02
   0.382784486E+00   0.627432287E+00  -0.167299807E+00   0.728831580E-02
   0.761991858E+00   0.125876176E+01  -0.275519967E+00   0.984107889E-02
   0.153694093E+01   0.255405951E+01  -0.441604793E+00   0.124651352E-01
   0.306726193E+01   0.511987829E+01  -0.657566249E+00   0.138059501E-01
   0.574406385E+01   0.961803055E+01  -0.818096340E+00   0.113927610E-01
   0.914477062E+01   0.153401909E+02  -0.649929821E+00   0.451007532E-02
   0.109092388E+02   0.183112106E+02  -0.174586671E-05   0.000000000E+00
