   0.310744271E-01   0.237817705E+00   0.000000000E+00   0.000000000E+00
   0.296423398E-01   0.227244794E+00   0.175543800E-01   0.110250716E-03
   0.259126965E-01   0.199555174E+00   0.303529967E-01   0.379703793E-03
   0.210076030E-01   0.163062692E+00   0.362575427E-01   0.679849123E-03
   0.161023755E-01   0.126279354E+00   0.361565985E-01   0.902695057E-03
   0.119218966E-01   0.945583731E-01   0.324477404E-01   0.100810186E-02
   0.870116428E-02   0.697774589E-01   0.274133906E-01   0.102021161E-02
   0.634655962E-02   0.513378978E-01   0.224044956E-01   0.976603245E-03
   0.469525997E-02   0.381180346E-01   0.181275178E-01   0.904139713E-03
   0.353936758E-02   0.286575500E-01   0.146717122E-01   0.826841628E-03
   0.272492273E-02   0.218576100E-01   0.119601581E-01   0.759643270E-03
   0.213968754E-02   0.168967340E-01   0.983266998E-02   0.693364767E-03
   0.170473778E-02   0.131825823E-01   0.812849868E-02   0.630202529E-03
   0.137136865E-02   0.103509119E-01   0.673664548E-02   0.568153453E-03
   0.110864523E-02   0.815411285E-02   0.557968346E-02   0.508118770E-03
   0.895812758E-03   0.641680742E-02   0.459672511E-02   0.451455358E-03
   0.722605386E-03   0.503989728E-02   0.376816397E-02   0.393961120E-03
   0.578138512E-03   0.393000199E-02   0.305203581E-02   0.341810111E-03
   0.458917581E-03   0.304585486E-02   0.244757487E-02   0.289088435E-03
   0.360502017E-03   0.233970326E-02   0.193861651E-02   0.240331210E-03
   0.279502623E-03   0.177682948E-02   0.151194143E-02   0.196603709E-03
   0.212961022E-03   0.132898940E-02   0.115600252E-02   0.157196948E-03
   0.159227115E-03   0.977423158E-03   0.865075097E-03   0.122764715E-03
   0.117284588E-03   0.710052846E-03   0.637234363E-03   0.933698830E-04
   0.834940947E-04   0.498396985E-03   0.450347608E-03   0.694006740E-04
   0.588533803E-04   0.347382535E-03   0.315275567E-03   0.497703295E-04
   0.397468611E-04   0.232684266E-03   0.209813254E-03   0.346285015E-04
   0.262330195E-04   0.152149980E-03   0.135432580E-03   0.229859561E-04
   0.163474306E-04   0.947122826E-04   0.813670194E-04   0.143213756E-04
   0.985132374E-05   0.573264442E-04   0.465999001E-04   0.847215324E-05
   0.559657701E-05   0.330579387E-04   0.242882234E-04   0.456070165E-05
   0.292617960E-05   0.179212548E-04   0.107757696E-04   0.214043143E-05
   0.149764594E-05   0.989377895E-05   0.427081204E-05   0.897993743E-06
   0.760395665E-06   0.565853543E-05   0.138308405E-05   0.311308526E-06
   0.365185997E-06   0.370056341E-05   0.333084301E-06   0.135545307E-06
   0.254886288E-06   0.322364713E-05   0.659656564E-06   0.221598910E-06
   0.261344013E-06   0.315322472E-05   0.129640352E-05   0.434497082E-06
   0.306604761E-06   0.346130605E-05   0.206171353E-05   0.684906809E-06
   0.309631673E-06   0.335239633E-05   0.226348129E-05   0.843018427E-06
   0.373967083E-06   0.353942960E-05   0.258255864E-05   0.108349809E-05
   0.358988189E-06   0.340651445E-05   0.247496087E-05   0.118838534E-05
   0.432207599E-06   0.337894949E-05   0.223071083E-05   0.138136090E-05
   0.383246089E-06   0.297598422E-05   0.151194536E-05   0.141651151E-05
   0.371576732E-06   0.276050173E-05   0.103310367E-05   0.144912872E-05
   0.430188663E-06   0.254677389E-05   0.337954987E-06   0.148367519E-05
   0.530915997E-06   0.245013666E-05  -0.456692987E-06   0.155025089E-05
   0.634985554E-06   0.237367544E-05  -0.111503277E-05   0.156079932E-05
   0.746853573E-06   0.227083592E-05  -0.191628692E-05   0.152168093E-05
   0.849233061E-06   0.223731581E-05  -0.241484508E-05   0.147237643E-05
   0.108991776E-05   0.241033877E-05  -0.335770915E-05   0.148365950E-05
   0.111622660E-05   0.232415800E-05  -0.346792331E-05   0.133015726E-05
   0.122639960E-05   0.237790869E-05  -0.356824148E-05   0.126029727E-05
   0.115180615E-05   0.215067894E-05  -0.307956316E-05   0.101318631E-05
   0.102091440E-05   0.185700196E-05  -0.231838476E-05   0.712333076E-06
   0.100459101E-05   0.172973432E-05  -0.166336361E-05   0.475917204E-06
   0.101211913E-05   0.163013931E-05  -0.855434109E-06   0.261700933E-06
   0.129151022E-05   0.185668466E-05  -0.667578604E-06   0.171679631E-06
   0.215355180E-05   0.286094905E-05  -0.184360977E-05   0.354242729E-06
   0.427370196E-05   0.536835523E-05  -0.615669205E-05   0.107654239E-05
   0.814858140E-05   0.103014509E-04  -0.151110407E-04   0.260487172E-05
   0.147601695E-04   0.188915437E-04  -0.310794458E-04   0.523476001E-05
   0.260027919E-04   0.330088842E-04  -0.582414214E-04   0.959453064E-05
   0.420469987E-04   0.535741528E-04  -0.965774234E-04   0.154783902E-04
   0.663667452E-04   0.849132703E-04  -0.154972135E-03   0.239641577E-04
   0.100937868E-03   0.128579617E-03  -0.235242274E-03   0.358347970E-04
   0.149878877E-03   0.191574611E-03  -0.348762347E-03   0.509101410E-04
   0.213688007E-03   0.272792357E-03  -0.489518337E-03   0.694024202E-04
   0.298204512E-03   0.381493766E-03  -0.671332411E-03   0.915968994E-04
   0.405496918E-03   0.519397610E-03  -0.890888565E-03   0.117583084E-03
   0.542723166E-03   0.698221440E-03  -0.116192992E-02   0.147275132E-03
   0.711978646E-03   0.920948689E-03  -0.147806201E-02   0.180056915E-03
   0.924121181E-03   0.120497216E-02  -0.185836595E-02   0.214880303E-03
   0.118078117E-02   0.155308319E-02  -0.228926027E-02   0.253789243E-03
   0.149252918E-02   0.198527728E-02  -0.278139114E-02   0.292042678E-03
   0.186986232E-02   0.251978054E-02  -0.333892787E-02   0.333671254E-03
   0.232977606E-02   0.318544824E-02  -0.397572154E-02   0.377247314E-03
   0.289127487E-02   0.401816890E-02  -0.470060576E-02   0.419301941E-03
   0.358814909E-02   0.507109333E-02  -0.554472022E-02   0.464291748E-03
   0.446436135E-02   0.641928427E-02  -0.653513474E-02   0.513372885E-03
   0.559545262E-02   0.818309002E-02  -0.773276715E-02   0.561558874E-03
   0.709857838E-02   0.105450684E-01  -0.922871102E-02   0.612800301E-03
   0.913179759E-02   0.137555841E-01  -0.111174555E-01   0.675234885E-03
   0.119470386E-01   0.182119887E-01  -0.135086374E-01   0.733573921E-03
   0.158566236E-01   0.244173501E-01  -0.164454654E-01   0.784930191E-03
   0.212568920E-01   0.330170207E-01  -0.198228993E-01   0.810908037E-03
   0.284708347E-01   0.445734821E-01  -0.231673494E-01   0.793699408E-03
   0.375849493E-01   0.592525788E-01  -0.254938640E-01   0.697275391E-03
   0.480382256E-01   0.761970952E-01  -0.252867118E-01   0.517944456E-03
   0.583713651E-01   0.930341035E-01  -0.210121982E-01   0.286206458E-03
   0.661500543E-01   0.105771549E+00  -0.120944791E-01   0.823515802E-04
   0.691004917E-01   0.110610403E+00  -0.289309092E-07   0.000000000E+00
