   0.437201786E+01   0.232593861E+02  -0.368192643E-09   0.000000000E+00
   0.350136948E+01   0.186186543E+02   0.105579925E+01   0.709596556E-02
   0.198146594E+01   0.105209122E+02   0.119459462E+01   0.160598624E-01
   0.944392681E+00   0.500080919E+01   0.853261769E+00   0.172176361E-01
   0.427784741E+00   0.225597167E+01   0.514086604E+00   0.138680488E-01
   0.195249036E+00   0.102393425E+01   0.291415572E+00   0.987152942E-02
   0.922457799E-01   0.480719030E+00   0.162702918E+00   0.666379370E-02
   0.460129045E-01   0.238668561E+00   0.916533843E-01   0.442804443E-02
   0.247360747E-01   0.128521502E+00   0.529976860E-01   0.297142356E-02
   0.146622593E-01   0.772047713E-01   0.320796072E-01   0.206258870E-02
   0.970698427E-02   0.524804257E-01   0.207432937E-01   0.150758377E-02
   0.712144887E-02   0.398606285E-01   0.145346038E-01   0.117622281E-02
   0.564736407E-02   0.327535979E-01   0.110515943E-01   0.967927917E-03
   0.469871843E-02   0.281350408E-01   0.898658670E-02   0.844043039E-03
   0.400440907E-02   0.246282797E-01   0.764658675E-02   0.763225835E-03
   0.344159920E-02   0.216421038E-01   0.666736765E-02   0.699330238E-03
   0.295673311E-02   0.189535338E-01   0.587311620E-02   0.641140155E-03
   0.252581877E-02   0.164608173E-01   0.516929943E-02   0.584354217E-03
   0.213806937E-02   0.141415140E-01   0.451330421E-02   0.529301062E-03
   0.179828261E-02   0.120423073E-01   0.391604239E-02   0.477117806E-03
   0.149421138E-02   0.101336818E-01   0.335219735E-02   0.419753051E-03
   0.123057968E-02   0.844515767E-02   0.283974316E-02   0.365417363E-03
   0.100258808E-02   0.695941411E-02   0.237293239E-02   0.312782271E-03
   0.809526478E-03   0.566881662E-02   0.195491686E-02   0.265046256E-03
   0.647390261E-03   0.457037473E-02   0.158986519E-02   0.220986767E-03
   0.512659142E-03   0.365489745E-02   0.127986562E-02   0.180580217E-03
   0.401353638E-03   0.288483407E-02   0.101156812E-02   0.144952530E-03
   0.310612231E-03   0.225542393E-02   0.788630277E-03   0.113901559E-03
   0.239497531E-03   0.174952194E-02   0.609645620E-03   0.888734794E-04
   0.181643787E-03   0.133296102E-02   0.457908813E-03   0.669880610E-04
   0.137247742E-03   0.101134926E-02   0.342683197E-03   0.496722314E-04
   0.101498961E-03   0.751385989E-03   0.246846612E-03   0.350298542E-04
   0.752833221E-04   0.557347317E-03   0.177998008E-03   0.245591254E-04
   0.553903083E-04   0.407338492E-03   0.125109291E-03   0.164501835E-04
   0.404785242E-04   0.296552578E-03   0.870766744E-04   0.106475309E-04
   0.291439392E-04   0.209420774E-03   0.568439318E-04   0.609086374E-05
   0.211158422E-04   0.147237777E-03   0.365111227E-04   0.321647281E-05
   0.153113560E-04   0.101807062E-03   0.222251438E-04   0.133031017E-05
   0.115582980E-04   0.711990142E-04   0.139726326E-04   0.385517410E-06
   0.884097244E-05   0.486046556E-04   0.800656107E-05  -0.172720391E-06
   0.694153869E-05   0.336948433E-04   0.444474290E-05  -0.267179615E-06
   0.577981336E-05   0.228245735E-04   0.221400660E-05  -0.278879554E-06
   0.506743208E-05   0.156507340E-04   0.991788625E-06  -0.152104448E-06
   0.471959083E-05   0.114582645E-04   0.560954334E-06   0.305381569E-07
   0.467484597E-05   0.843684211E-05   0.281215307E-06   0.130027686E-06
   0.487860234E-05   0.685271243E-05   0.225552583E-06   0.205287648E-06
   0.540567589E-05   0.640287453E-05   0.183281685E-06   0.235624569E-06
   0.634383150E-05   0.691222749E-05   0.808923488E-07   0.164231594E-06
   0.784002259E-05   0.853235724E-05  -0.346528623E-06   0.832379854E-07
   0.102828180E-04   0.115357798E-04  -0.145502293E-05  -0.215218545E-07
   0.139456897E-04   0.165710026E-04  -0.364467087E-05   0.355597649E-07
   0.188567737E-04   0.236179440E-04  -0.663180799E-05   0.207856289E-06
   0.268489384E-04   0.347707028E-04  -0.127305593E-04   0.766231778E-06
   0.377515098E-04   0.500985589E-04  -0.212777431E-04   0.171611646E-05
   0.537845735E-04   0.729060775E-04  -0.354002477E-04   0.356019132E-05
   0.751755506E-04   0.103058228E-03  -0.541404115E-04   0.607773291E-05
   0.104574552E-03   0.144388250E-03  -0.807737888E-04   0.983802420E-05
   0.144879130E-03   0.201224611E-03  -0.118796321E-03   0.153135643E-04
   0.197493893E-03   0.275231927E-03  -0.168223734E-03   0.221742648E-04
   0.267319148E-03   0.373357965E-03  -0.234701671E-03   0.316012811E-04
   0.357323384E-03   0.498497393E-03  -0.318876730E-03   0.432631605E-04
   0.472827029E-03   0.658848381E-03  -0.426296465E-03   0.575476770E-04
   0.616804347E-03   0.858418236E-03  -0.556921412E-03   0.746074220E-04
   0.799611094E-03   0.111134641E-02  -0.721755554E-03   0.954724164E-04
   0.102105679E-02   0.141870335E-02  -0.915285083E-03   0.118637756E-03
   0.128974230E-02   0.178756111E-02  -0.114001834E-02   0.144860445E-03
   0.161171355E-02   0.223228638E-02  -0.140237005E-02   0.173593056E-03
   0.199548807E-02   0.275966455E-02  -0.170276558E-02   0.205526070E-03
   0.244081486E-02   0.337566156E-02  -0.203824369E-02   0.236398613E-03
   0.295973686E-02   0.408719433E-02  -0.240999390E-02   0.271787285E-03
   0.354666635E-02   0.489604939E-02  -0.281109917E-02   0.304094516E-03
   0.420370186E-02   0.580011262E-02  -0.323601370E-02   0.336441648E-03
   0.492905546E-02   0.679937284E-02  -0.368358032E-02   0.365750078E-03
   0.572134322E-02   0.788870826E-02  -0.415220438E-02   0.395155599E-03
   0.657877233E-02   0.906658452E-02  -0.465070875E-02   0.420982979E-03
   0.750655029E-02   0.103369495E-01  -0.520210434E-02   0.450245716E-03
   0.854297634E-02   0.117479041E-01  -0.587467989E-02   0.489556522E-03
   0.976400264E-02   0.134091889E-01  -0.679130480E-02   0.535754953E-03
   0.113883903E-01   0.156144621E-01  -0.821418129E-02   0.622971915E-03
   0.138710132E-01   0.190098137E-01  -0.106127281E-01   0.766506535E-03
   0.182173401E-01   0.250324830E-01  -0.148841580E-01   0.100611837E-02
   0.265745446E-01   0.367942527E-01  -0.226473194E-01   0.141139969E-02
   0.436336994E-01   0.611432046E-01  -0.368917473E-01   0.205082423E-02
   0.795895606E-01   0.113142535E+00  -0.629634559E-01   0.307203969E-02
   0.157400101E+00   0.226862580E+00  -0.110431671E+00   0.459099328E-02
   0.329632074E+00   0.480850577E+00  -0.195607036E+00   0.673746923E-02
   0.715441942E+00   0.105393231E+01  -0.341515869E+00   0.936322846E-02
   0.156391263E+01   0.232128692E+01  -0.560871065E+00   0.114842365E-01
   0.324892569E+01   0.484800911E+01  -0.777139187E+00   0.105659571E-01
   0.569051075E+01   0.851818752E+01  -0.680667520E+00   0.461321883E-02
   0.707789373E+01   0.106062765E+02  -0.221295909E-05   0.000000000E+00
