   0.288357250E-01   0.244976684E+00  -0.714357393E-10   0.000000000E+00
   0.268591158E-01   0.228488550E+00   0.189488903E-01   0.114365037E-03
   0.219389629E-01   0.187324822E+00   0.305335764E-01   0.367366476E-03
   0.161419399E-01   0.138703153E+00   0.329365768E-01   0.590752636E-03
   0.110905804E-01   0.961687192E-01   0.292344540E-01   0.695110997E-03
   0.735784369E-02   0.645356700E-01   0.232966319E-01   0.690086221E-03
   0.486674579E-02   0.431848019E-01   0.176339746E-01   0.621584826E-03
   0.327834254E-02   0.293896645E-01   0.131471148E-01   0.541122805E-03
   0.228000921E-02   0.205605328E-01   0.988125242E-02   0.468208658E-03
   0.164645910E-02   0.148358503E-01   0.758263748E-02   0.407498650E-03
   0.123133103E-02   0.110117635E-01   0.595742743E-02   0.360686623E-03
   0.945588632E-03   0.834181346E-02   0.476515992E-02   0.319427112E-03
   0.739668205E-03   0.640738010E-02   0.385786220E-02   0.285530085E-03
   0.583305198E-03   0.495055411E-02   0.313211209E-02   0.253028091E-03
   0.461591379E-03   0.383044570E-02   0.254029944E-02   0.222842616E-03
   0.364356383E-03   0.295498176E-02   0.204766798E-02   0.192714753E-03
   0.285189977E-03   0.226240722E-02   0.163107854E-02   0.163909906E-03
   0.220643982E-03   0.171454088E-02   0.128047925E-02   0.136387534E-03
   0.168519371E-03   0.128381676E-02   0.989586231E-03   0.111432506E-03
   0.126562096E-03   0.946908840E-03   0.749989646E-03   0.886549169E-04
   0.933323608E-04   0.686790561E-03   0.556754298E-03   0.691168243E-04
   0.670135996E-04   0.486566278E-03   0.401109894E-03   0.520383473E-04
   0.470293780E-04   0.337665231E-03   0.281740882E-03   0.379696576E-04
   0.319751380E-04   0.227827419E-03   0.191026556E-03   0.267236155E-04
   0.212809573E-04   0.150319946E-03   0.126338171E-03   0.184652945E-04
   0.135123619E-04   0.952072660E-04   0.791427155E-04   0.119604065E-04
   0.815720159E-05   0.576657803E-04   0.466641904E-04   0.731057389E-05
   0.464533423E-05   0.331648298E-04   0.255235900E-04   0.418468790E-05
   0.243807312E-05   0.178381979E-04   0.124275202E-04   0.213288831E-05
   0.126710790E-05   0.947093577E-05   0.578132767E-05   0.102659271E-05
   0.573008265E-06   0.469067936E-05   0.207038784E-05   0.372678812E-06
   0.260342546E-06   0.242223359E-05   0.608688083E-06   0.806013674E-07
   0.163374253E-06   0.158531157E-05   0.397746675E-06   0.100400506E-07
   0.140540266E-06   0.136651340E-05   0.595890526E-06   0.380715228E-07
   0.169809013E-06   0.145040667E-05   0.993829644E-06   0.919885181E-07
   0.185903417E-06   0.146031039E-05   0.121477694E-05   0.137575938E-06
   0.193247075E-06   0.146169214E-05   0.134069433E-05   0.172540680E-06
   0.197846646E-06   0.150974620E-05   0.147566345E-05   0.234611164E-06
   0.177291270E-06   0.137854522E-05   0.137280188E-05   0.245170241E-06
   0.146951749E-06   0.114117779E-05   0.115814476E-05   0.229280047E-06
   0.105972205E-06   0.836339836E-06   0.842563793E-06   0.195494096E-06
   0.795440087E-07   0.721564618E-06   0.689906301E-06   0.187790945E-06
   0.528339825E-07   0.544152385E-06   0.473963041E-06   0.172889685E-06
   0.530001891E-07   0.461702228E-06   0.339648722E-06   0.182333451E-06
   0.599294552E-07   0.329578342E-06   0.521624521E-07   0.179429165E-06
   0.762682362E-07   0.308734570E-06  -0.944441609E-07   0.189663922E-06
   0.935961424E-07   0.271766822E-06  -0.246030737E-06   0.179651281E-06
   0.152466086E-06   0.308691000E-06  -0.510039911E-06   0.198942416E-06
   0.219615529E-06   0.371471288E-06  -0.740703797E-06   0.217336208E-06
   0.335707597E-06   0.500543194E-06  -0.108557708E-05   0.262794089E-06
   0.455290376E-06   0.641348151E-06  -0.143972341E-05   0.300714589E-06
   0.489208674E-06   0.664464210E-06  -0.149546076E-05   0.282972422E-06
   0.621892298E-06   0.831335058E-06  -0.184647445E-05   0.317463019E-06
   0.738429037E-06   0.965741606E-06  -0.210186022E-05   0.333114997E-06
   0.724165488E-06   0.960564194E-06  -0.195145867E-05   0.292082660E-06
   0.726821725E-06   0.945981753E-06  -0.176598348E-05   0.241808749E-06
   0.651834966E-06   0.837052198E-06  -0.129904868E-05   0.170235722E-06
   0.606673609E-06   0.754434666E-06  -0.796086454E-06   0.929738491E-07
   0.682699067E-06   0.809579262E-06  -0.483314238E-06   0.477701825E-07
   0.108414656E-05   0.124604639E-05  -0.856660279E-06   0.132863363E-06
   0.226434645E-05   0.255410987E-05  -0.305546746E-05   0.506892718E-06
   0.457074611E-05   0.520921731E-05  -0.788138186E-05   0.126818168E-05
   0.912551423E-05   0.102819904E-04  -0.177804559E-04   0.276865558E-05
   0.166823302E-04   0.187191581E-04  -0.343153697E-04   0.516330465E-05
   0.288993833E-04   0.323749446E-04  -0.610641728E-04   0.886233556E-05
   0.478651309E-04   0.534732571E-04  -0.102093778E-03   0.142638128E-04
   0.749711980E-04   0.836619874E-04  -0.159017189E-03   0.213713520E-04
   0.113426417E-03   0.125796883E-03  -0.236459528E-03   0.307962000E-04
   0.166137630E-03   0.184146134E-03  -0.339413993E-03   0.423299498E-04
   0.237960514E-03   0.262717716E-03  -0.473286374E-03   0.571100791E-04
   0.330860174E-03   0.365515152E-03  -0.638007186E-03   0.734530477E-04
   0.450409163E-03   0.497868052E-03  -0.837692409E-03   0.926173452E-04
   0.601602951E-03   0.666936103E-03  -0.107520563E-02   0.113200673E-03
   0.788887613E-03   0.878732593E-03  -0.134844612E-02   0.135130002E-03
   0.102521735E-02   0.114941108E-02  -0.167340157E-02   0.158837342E-03
   0.131706148E-02   0.148821645E-02  -0.204525352E-02   0.184455042E-03
   0.167688122E-02   0.191385136E-02  -0.246927282E-02   0.210250670E-03
   0.212515472E-02   0.245282892E-02  -0.295835547E-02   0.237773493E-03
   0.269806827E-02   0.315197301E-02  -0.354528963E-02   0.267806550E-03
   0.345089473E-02   0.408094563E-02  -0.427669613E-02   0.302665081E-03
   0.447699428E-02   0.535649387E-02  -0.522544188E-02   0.342519692E-03
   0.594187295E-02   0.718233548E-02  -0.652006129E-02   0.392115617E-03
   0.811694935E-02   0.989357289E-02  -0.833480339E-02   0.452632405E-03
   0.114626531E-01   0.140608009E-01  -0.108990520E-01   0.520269910E-03
   0.166593809E-01   0.205414481E-01  -0.143844029E-01   0.592555385E-03
   0.246289019E-01   0.305024665E-01  -0.187049136E-01   0.639144157E-03
   0.363166332E-01   0.451731831E-01  -0.231251419E-01   0.629300601E-03
   0.519026518E-01   0.648286566E-01  -0.257332847E-01   0.522125047E-03
   0.695158616E-01   0.871390104E-01  -0.236068033E-01   0.317494909E-03
   0.843506902E-01   0.105997451E+00  -0.145570850E-01   0.976570300E-04
   0.902808085E-01   0.113544017E+00  -0.450361171E-07   0.000000000E+00
