   0.106215433E-03   0.104385521E-01  -0.934503169E-11   0.000000000E+00
   0.111011432E-03   0.101882583E-01   0.136575208E-02   0.774681757E-05
   0.123819176E-03   0.950513780E-02   0.254598772E-02   0.287335351E-04
   0.141345867E-03   0.849168096E-02   0.341170910E-02   0.574734622E-04
   0.158424606E-03   0.730900001E-02   0.391048426E-02   0.867856652E-04
   0.171301668E-03   0.609274441E-02   0.406815996E-02   0.111364126E-03
   0.177672307E-03   0.494464952E-02   0.395730650E-02   0.128426094E-03
   0.175317880E-03   0.391476369E-02   0.363784330E-02   0.136058487E-03
   0.164988596E-03   0.303527387E-02   0.319705205E-02   0.134872709E-03
   0.147975326E-03   0.229920191E-02   0.269114086E-02   0.125911029E-03
   0.126979823E-03   0.170396443E-02   0.218251883E-02   0.112065463E-03
   0.103562918E-03   0.122808688E-02   0.169366703E-02   0.947097433E-04
   0.806644748E-04   0.858796702E-03   0.126171613E-02   0.763608332E-04
   0.593330697E-04   0.577258819E-03   0.891251548E-03   0.579166772E-04
   0.407716361E-04   0.367416447E-03   0.587909133E-03   0.406658510E-04
   0.265506824E-04   0.222810428E-03   0.367081811E-03   0.267805444E-04
   0.159804731E-04   0.125502149E-03   0.210265003E-03   0.162061169E-04
   0.857746636E-05   0.633222589E-04   0.104889506E-03   0.838180131E-05
   0.406207073E-05   0.284503185E-04   0.441478733E-04   0.354288227E-05
   0.156440910E-05   0.110485544E-04   0.132562600E-04   0.100359352E-05
   0.421153317E-06   0.434820004E-05   0.142028466E-05   0.341516184E-07
   0.132529735E-06   0.322313258E-05   0.529411466E-06   0.351533487E-07
   0.155544484E-06   0.396593350E-05   0.298284817E-05   0.351573647E-06
   0.271845209E-06   0.496781468E-05   0.587293016E-05   0.718627518E-06
   0.356369355E-06   0.532962213E-05   0.744939280E-05   0.934586581E-06
   0.335870510E-06   0.449770232E-05   0.684417000E-05   0.888144541E-06
   0.320097456E-06   0.396504311E-05   0.635170636E-05   0.838694177E-06
   0.232012709E-06   0.277494769E-05   0.454869723E-05   0.623879032E-06
   0.153258355E-06   0.180031975E-05   0.303919910E-05   0.434221732E-06
   0.963317461E-07   0.111152985E-05   0.188748368E-05   0.276385947E-06
   0.540218927E-07   0.621040954E-06   0.107154005E-05   0.162107412E-06
   0.171855721E-07   0.195672769E-06   0.318170635E-06   0.501187465E-07
   0.822747737E-08   0.103988256E-06   0.168007276E-06   0.302359240E-07
   0.999644922E-09   0.170757382E-07   0.127699931E-07   0.905629971E-08
   0.735699002E-09   0.464196459E-08  -0.247360105E-09   0.219493201E-08
   0.277136891E-08   0.128995810E-07  -0.429743485E-08   0.410253076E-08
   0.314886317E-08   0.235075763E-07   0.385176051E-07   0.562222491E-08
   0.684855905E-08   0.505548385E-07   0.731447471E-07   0.124788615E-07
   0.562862512E-08   0.438301235E-07   0.678035974E-07   0.111232756E-07
   0.411509715E-08   0.318381375E-07   0.608358732E-07   0.725325311E-08
   0.282114465E-08   0.222869527E-07   0.336806174E-07   0.851311199E-08
   0.485565677E-08   0.255023966E-07   0.230692976E-08   0.764669217E-08
   0.817855728E-09   0.726256300E-08   0.132836737E-07   0.237999087E-08
   0.256073940E-08   0.270116178E-07   0.452369520E-07   0.882849260E-08
   0.342177797E-08   0.150394897E-07  -0.250585206E-07   0.996601379E-08
   0.199162642E-08   0.787361731E-08  -0.250073118E-07   0.591364957E-08
   0.359358854E-08   0.120726318E-07  -0.442655903E-07   0.871230466E-08
   0.448893678E-08   0.158523097E-07  -0.374823976E-07   0.104663549E-07
   0.551775514E-08   0.163149299E-07  -0.649942464E-07   0.113084635E-07
   0.111832410E-07   0.281492252E-07  -0.121895667E-06   0.180446076E-07
   0.759296359E-08   0.218455920E-07  -0.856772857E-07   0.152467035E-07
   0.175646946E-07   0.491187855E-07  -0.198528838E-06   0.312373096E-07
   0.793100607E-08   0.185037994E-07  -0.806693947E-07   0.100839195E-07
   0.123425616E-07   0.294903320E-07  -0.130413596E-06   0.178441439E-07
   0.137346063E-07   0.337026549E-07  -0.142800516E-06   0.192483345E-07
   0.808824208E-08   0.220563425E-07  -0.854931201E-07   0.126653452E-07
   0.881765549E-09   0.294461611E-08  -0.893509622E-08   0.198181294E-08
   0.343702333E-08   0.109447162E-07  -0.381430318E-07   0.732978256E-08
   0.169058190E-07   0.541456409E-07  -0.185591389E-06   0.385942087E-07
   0.863351204E-07   0.221047927E-06  -0.888491172E-06   0.136561908E-06
   0.186787815E-06   0.466235633E-06  -0.188388731E-05   0.277790150E-06
   0.361025883E-06   0.871257043E-06  -0.354007625E-05   0.497007761E-06
   0.659469492E-06   0.154588349E-05  -0.629769875E-05   0.860878913E-06
   0.964552328E-06   0.220399579E-05  -0.890010870E-05   0.116569083E-05
   0.144786122E-05   0.323050358E-05  -0.128779502E-04   0.163383015E-05
   0.159997501E-05   0.347471178E-05  -0.134813854E-04   0.168997065E-05
   0.167779137E-05   0.353581891E-05  -0.129518821E-04   0.156930855E-05
   0.152245866E-05   0.308926110E-05  -0.994060156E-05   0.118812636E-05
   0.123567634E-05   0.231307581E-05  -0.523102517E-05   0.612481074E-06
   0.108728284E-05   0.168778934E-05  -0.113755539E-05   0.179560288E-06
   0.193571759E-05   0.270005603E-05  -0.481267989E-05   0.622542700E-06
   0.515710417E-05   0.754457778E-05  -0.253050111E-04   0.270175497E-05
   0.127132216E-04   0.192546504E-04  -0.754059729E-04   0.741292479E-05
   0.267591513E-04   0.408627529E-04  -0.165514575E-03   0.152223129E-04
   0.522820992E-04   0.797259199E-04  -0.326108042E-03   0.281606335E-04
   0.906827117E-04   0.136997740E-03  -0.550577592E-03   0.446789127E-04
   0.147206956E-03   0.220504851E-03  -0.860558706E-03   0.651384107E-04
   0.222777962E-03   0.331204443E-03  -0.123431277E-02   0.874038305E-04
   0.323132816E-03   0.478638016E-03  -0.168471411E-02   0.110631161E-03
   0.449887040E-03   0.666965265E-03  -0.218606601E-02   0.132189205E-03
   0.602801854E-03   0.898659637E-03  -0.269464357E-02   0.149432060E-03
   0.787111581E-03   0.118452532E-02  -0.320277736E-02   0.162275697E-03
   0.100391835E-02   0.153089617E-02  -0.366359204E-02   0.167406950E-03
   0.125404063E-02   0.194083259E-02  -0.403519347E-02   0.164378798E-03
   0.153659517E-02   0.241419720E-02  -0.426004827E-02   0.151703192E-03
   0.184530078E-02   0.293834577E-02  -0.428299373E-02   0.129754291E-03
   0.216877996E-02   0.349144451E-02  -0.403985241E-02   0.999085969E-04
   0.247945217E-02   0.402337685E-02  -0.347933429E-02   0.655647964E-04
   0.274433102E-02   0.447658589E-02  -0.257188990E-02   0.327458583E-04
   0.292485952E-02   0.478569791E-02  -0.137296668E-02   0.883554821E-05
   0.298764883E-02   0.489290152E-02  -0.357622509E-08   0.000000000E+00
