   0.716759678E-04   0.553639187E-02  -0.613956455E-11   0.000000000E+00
   0.737623341E-04   0.536910165E-02   0.786241435E-03   0.430791761E-05
   0.790709091E-04   0.491029723E-02   0.143553538E-02   0.156596107E-04
   0.857723135E-04   0.425572274E-02   0.186439743E-02   0.303174493E-04
   0.914346383E-04   0.352863898E-02   0.205927901E-02   0.442398778E-04
   0.942271654E-04   0.282591605E-02   0.205799635E-02   0.547558884E-04
   0.933276169E-04   0.220050942E-02   0.191912730E-02   0.604946508E-04
   0.882807653E-04   0.167432730E-02   0.169306132E-02   0.618397389E-04
   0.800648122E-04   0.124998263E-02   0.143227924E-02   0.591895368E-04
   0.689031585E-04   0.911841693E-03   0.115598273E-02   0.532434533E-04
   0.567286042E-04   0.650429516E-03   0.897974300E-03   0.454619440E-04
   0.443617173E-04   0.450598483E-03   0.666840351E-03   0.368530564E-04
   0.328341121E-04   0.300720683E-03   0.470820931E-03   0.281162211E-04
   0.228341141E-04   0.191157931E-03   0.313097262E-03   0.201637831E-04
   0.148189774E-04   0.114393275E-03   0.194091655E-03   0.133234153E-04
   0.891070158E-05   0.635157849E-04   0.110791858E-03   0.802783779E-05
   0.476978357E-05   0.312200755E-04   0.552283091E-04   0.422000539E-05
   0.227152191E-05   0.134563579E-04   0.236126434E-04   0.185439148E-05
   0.879766162E-06   0.465119001E-05   0.733100751E-05   0.568821577E-06
   0.266475382E-06   0.142820136E-05   0.122746428E-05   0.742496837E-07
   0.554767716E-07   0.892956109E-06   0.360901637E-07  -0.253156207E-08
   0.520749914E-07   0.129635828E-05   0.923242226E-06   0.105003060E-06
   0.943657597E-07   0.166668087E-05   0.189749323E-05   0.217893358E-06
   0.135886836E-06   0.196822293E-05   0.265333847E-05   0.311039571E-06
   0.140281784E-06   0.181289761E-05   0.263368997E-05   0.318077781E-06
   0.113116776E-06   0.135075834E-05   0.204022581E-05   0.250425529E-06
   0.916090883E-07   0.105503773E-05   0.165224048E-05   0.212536037E-06
   0.587538267E-07   0.653988764E-06   0.102734703E-05   0.134964679E-06
   0.331881935E-07   0.365055769E-06   0.588123100E-06   0.795130504E-07
   0.161827636E-07   0.180495178E-06   0.294161794E-06   0.422959090E-07
   0.311689519E-08   0.376669895E-07   0.580187489E-07   0.985191217E-08
   0.931315303E-09   0.129322935E-07   0.182044833E-07   0.418249080E-08
   0.363711783E-09   0.212053886E-08  -0.138695455E-08   0.121702226E-08
   0.103558873E-08   0.759145014E-08   0.128139934E-07   0.174213555E-08
   0.174340187E-08   0.104941114E-07   0.121427925E-07   0.220294982E-08
   0.170796532E-08   0.124801867E-07   0.238556161E-07   0.240247000E-08
   0.287848034E-08   0.219545413E-07   0.368009871E-07   0.471376671E-08
   0.477720707E-08   0.381568732E-07   0.555118156E-07   0.940518063E-08
   0.494031538E-09   0.341818640E-08   0.678510581E-08   0.597949690E-09
   0.179342186E-08   0.118181278E-07   0.166598877E-07   0.250635890E-08
   0.112632792E-08   0.740197326E-08   0.110744045E-07   0.151304747E-08
   0.680120793E-09   0.248403187E-08   0.566141274E-11   0.498106834E-09
   0.772932829E-09   0.267797784E-08  -0.996379423E-09   0.625142826E-09
   0.323824800E-09   0.175953740E-08   0.351073259E-08   0.294177016E-09
   0.493694217E-10   0.162686725E-09   0.252441956E-09   0.103037422E-10
   0.954059887E-10   0.801791245E-09   0.866686611E-09   0.251182963E-09
   0.821801405E-09   0.266975508E-08  -0.115551768E-08   0.113228737E-08
   0.537502376E-09   0.105469333E-08  -0.474621720E-08   0.683179957E-09
   0.479951190E-09   0.790434052E-09  -0.362565711E-08   0.420123131E-09
   0.265669220E-08   0.555997604E-08  -0.227771029E-07   0.305348347E-08
   0.369360964E-08   0.756034257E-08  -0.332018999E-07   0.453893012E-08
   0.484443285E-08   0.100388151E-07  -0.394775554E-07   0.509158848E-08
   0.283636181E-08   0.623291196E-08  -0.218349889E-07   0.289062974E-08
   0.122290933E-07   0.247906247E-07  -0.108802283E-06   0.147591566E-07
   0.709775083E-08   0.132238869E-07  -0.618887626E-07   0.823143065E-08
   0.487653695E-08   0.937426403E-08  -0.408054035E-07   0.496889818E-08
   0.236735564E-08   0.443275594E-08  -0.203350048E-07   0.251768428E-08
   0.485566343E-08   0.105147748E-07  -0.438875212E-07   0.632968167E-08
   0.108850018E-08   0.490993513E-08  -0.103050715E-07   0.323341576E-08
   0.516477705E-08   0.118728787E-07  -0.453943763E-07   0.816475598E-08
   0.272218319E-07   0.534740821E-07  -0.229025858E-06   0.325752261E-07
   0.694521844E-07   0.132712017E-06  -0.572195859E-06   0.778353808E-07
   0.180376375E-06   0.332407126E-06  -0.144853868E-05   0.188802332E-06
   0.306935647E-06   0.552939241E-06  -0.240319036E-05   0.307394743E-06
   0.416936047E-06   0.731059004E-06  -0.315227658E-05   0.389724761E-06
   0.652327401E-06   0.111309271E-05  -0.473376122E-05   0.556870873E-06
   0.778479091E-06   0.128838724E-05  -0.534829360E-05   0.619623734E-06
   0.854871189E-06   0.136764629E-05  -0.540157134E-05   0.603035801E-06
   0.759018462E-06   0.115370528E-05  -0.406367189E-05   0.435434117E-06
   0.548367780E-06   0.753280972E-06  -0.183720033E-05   0.197157860E-06
   0.445097783E-06   0.474723208E-06  -0.441029528E-06   0.763316592E-07
   0.971475515E-06   0.101147009E-05  -0.307563118E-05   0.366262697E-06
   0.313857367E-05   0.362512992E-05  -0.161579919E-04   0.160919444E-05
   0.825786265E-05   0.982218535E-05  -0.463387769E-04   0.422045423E-05
   0.181526575E-04   0.215192176E-04  -0.101687765E-03   0.864349113E-05
   0.355328557E-04   0.416515868E-04  -0.194143882E-03   0.154151076E-04
   0.620669744E-04   0.717391740E-04  -0.324417284E-03   0.239750480E-04
   0.101089696E-03   0.115159441E-03  -0.500970928E-03   0.343899919E-04
   0.154342721E-03   0.173841356E-03  -0.718020543E-03   0.454566289E-04
   0.225205396E-03   0.251922553E-03  -0.974592869E-03   0.567576208E-04
   0.314534758E-03   0.351250812E-03  -0.124995247E-02   0.664175022E-04
   0.426848041E-03   0.478303235E-03  -0.153961149E-02   0.741311524E-04
   0.564703310E-03   0.637818594E-03  -0.181953202E-02   0.786498858E-04
   0.733362685E-03   0.837338506E-03  -0.207380694E-02   0.794185180E-04
   0.935770571E-03   0.108091289E-02  -0.227302918E-02   0.757915914E-04
   0.117069227E-02   0.136713404E-02  -0.236894120E-02   0.669717701E-04
   0.143327774E-02   0.168863917E-02  -0.231765490E-02   0.531913793E-04
   0.170115894E-02   0.201683259E-02  -0.206425809E-02   0.361149614E-04
   0.194102759E-02   0.231057755E-02  -0.157149404E-02   0.185785957E-04
   0.211212225E-02   0.251925061E-02  -0.855430495E-03   0.508562289E-05
   0.217416114E-02   0.259510870E-02  -0.237931519E-08   0.000000000E+00
