   0.730629504E+00   0.385883927E+01  -0.369141245E-09   0.000000000E+00
   0.655783772E+00   0.346380806E+01   0.221055388E+00   0.146873668E-02
   0.485091656E+00   0.256274414E+01   0.325174391E+00   0.431110431E-02
   0.312110096E+00   0.164971638E+01   0.310661227E+00   0.615783269E-02
   0.185121700E+00   0.979554594E+00   0.241849497E+00   0.635943701E-02
   0.105981238E+00   0.562265098E+00   0.169141978E+00   0.553716812E-02
   0.605687052E-01   0.323019147E+00   0.112248808E+00   0.439204788E-02
   0.354777165E-01   0.190977290E+00   0.732889399E-01   0.333092758E-02
   0.216928311E-01   0.118532494E+00   0.482201092E-01   0.249650562E-02
   0.140509689E-01   0.784100294E-01   0.326386765E-01   0.190438516E-02
   0.969712995E-02   0.555089898E-01   0.230469666E-01   0.150009803E-02
   0.710391486E-02   0.417807810E-01   0.170847215E-01   0.122971123E-02
   0.546641694E-02   0.329957083E-01   0.132767335E-01   0.105203793E-02
   0.436073449E-02   0.269330218E-01   0.107345209E-01   0.924328109E-03
   0.355817704E-02   0.224101096E-01   0.892130565E-02   0.827839016E-03
   0.293792295E-02   0.188115854E-01   0.753463805E-02   0.750253093E-03
   0.243706862E-02   0.158189368E-01   0.640709000E-02   0.681409554E-03
   0.202055369E-02   0.132704182E-01   0.545087038E-02   0.612037664E-03
   0.167129014E-02   0.110873142E-01   0.462854095E-02   0.546708354E-03
   0.137116271E-02   0.917928852E-02   0.388876558E-02   0.480028422E-03
   0.111712678E-02   0.754131749E-02   0.323972828E-02   0.417088566E-03
   0.905766792E-03   0.615785364E-02   0.268465350E-02   0.357954908E-03
   0.725544291E-03   0.496699754E-02   0.218816358E-02   0.303551264E-03
   0.576964754E-03   0.397415552E-02   0.176756340E-02   0.252900703E-03
   0.453133776E-03   0.314075849E-02   0.140387996E-02   0.206648489E-03
   0.353049109E-03   0.246101618E-02   0.110369478E-02   0.166402577E-03
   0.271543569E-03   0.190855213E-02   0.854769489E-03   0.130651082E-03
   0.205271775E-03   0.145194656E-02   0.643275329E-03   0.100062782E-03
   0.154362089E-03   0.110003259E-02   0.482076051E-03   0.754077337E-04
   0.114397182E-03   0.820994843E-03   0.352878676E-03   0.554393519E-04
   0.838296764E-04   0.603644061E-03   0.252462545E-03   0.398084776E-04
   0.601605279E-04   0.437941897E-03   0.175487789E-03   0.271196714E-04
   0.435852817E-04   0.316417427E-03   0.122147598E-03   0.184453766E-04
   0.303244524E-04   0.221666618E-03   0.788718171E-04   0.112532853E-04
   0.213484054E-04   0.156163267E-03   0.512817351E-04   0.684037877E-05
   0.145810100E-04   0.106659521E-03   0.301563159E-04   0.350995765E-05
   0.103850589E-04   0.735558497E-04   0.182767126E-04   0.177575191E-05
   0.722973255E-05   0.497713736E-04   0.943544455E-05   0.761632577E-06
   0.525389714E-05   0.339338258E-04   0.453138409E-05   0.388020055E-06
   0.397533177E-05   0.232349867E-04   0.151143911E-05   0.378795448E-06
   0.318857360E-05   0.161617354E-04   0.618223339E-07   0.585804457E-06
   0.277248546E-05   0.119487177E-04  -0.505665810E-06   0.966031166E-06
   0.251975166E-05   0.931166142E-05  -0.500509827E-06   0.125477834E-05
   0.247350795E-05   0.767093752E-05  -0.479225321E-06   0.161689059E-05
   0.251704068E-05   0.671838052E-05  -0.447290063E-06   0.184512862E-05
   0.257933812E-05   0.609420022E-05  -0.947999368E-07   0.189130617E-05
   0.276525611E-05   0.582346547E-05   0.964738831E-07   0.185221234E-05
   0.309615734E-05   0.591991920E-05   0.407110662E-06   0.173077501E-05
   0.360141780E-05   0.627850886E-05   0.452929896E-06   0.142603471E-05
   0.443536646E-05   0.711983057E-05   0.492108256E-06   0.112623138E-05
   0.593053664E-05   0.902653028E-05  -0.284824893E-06   0.789605281E-06
   0.809057838E-05   0.120171089E-04  -0.134073002E-05   0.569363692E-06
   0.116637184E-04   0.168884526E-04  -0.415052818E-05   0.506127947E-06
   0.171132615E-04   0.245618266E-04  -0.919431659E-05   0.836858590E-06
   0.252233531E-04   0.363488143E-04  -0.176184330E-04   0.173262265E-05
   0.373457697E-04   0.536020561E-04  -0.312651136E-04   0.342948761E-05
   0.541937807E-04   0.775191147E-04  -0.506994365E-04   0.613307020E-05
   0.781521740E-04   0.111205074E-03  -0.792410283E-04   0.102123240E-04
   0.110992893E-03   0.157715534E-03  -0.119426382E-03   0.161323842E-04
   0.155793547E-03   0.220304326E-03  -0.174355082E-03   0.242494170E-04
   0.214663014E-03   0.303473906E-03  -0.247029588E-03   0.347189343E-04
   0.291397329E-03   0.411050831E-03  -0.340264494E-03   0.481242387E-04
   0.390636036E-03   0.550714496E-03  -0.460306212E-03   0.646017434E-04
   0.517767156E-03   0.728896586E-03  -0.611565658E-03   0.846483308E-04
   0.674268755E-03   0.947451103E-03  -0.790503924E-03   0.108321343E-03
   0.867627969E-03   0.122095668E-02  -0.100847986E-02   0.134769856E-03
   0.110484229E-02   0.155390240E-02  -0.126573083E-02   0.165895763E-03
   0.138929766E-02   0.195596530E-02  -0.156394986E-02   0.199323535E-03
   0.173163123E-02   0.244134059E-02  -0.191201351E-02   0.236724038E-03
   0.212839572E-02   0.300905854E-02  -0.229564402E-02   0.273908867E-03
   0.260023330E-02   0.368766394E-02  -0.274028303E-02   0.315544516E-03
   0.313912472E-02   0.446636835E-02  -0.322035491E-02   0.357524637E-03
   0.376254506E-02   0.537542161E-02  -0.375817856E-02   0.403022132E-03
   0.447505014E-02   0.642526336E-02  -0.435185758E-02   0.446320832E-03
   0.529133715E-02   0.763643626E-02  -0.501364237E-02   0.493957836E-03
   0.624353858E-02   0.906222221E-02  -0.578371156E-02   0.545939256E-03
   0.738728326E-02   0.107865185E-01  -0.672770152E-02   0.610493589E-03
   0.881183241E-02   0.129472632E-01  -0.794558600E-02   0.687077874E-03
   0.107215540E-01   0.158534627E-01  -0.965944957E-02   0.789727841E-03
   0.134708993E-01   0.200430211E-01  -0.122131407E-01   0.943805499E-03
   0.177573152E-01   0.265853461E-01  -0.162143614E-01   0.115477096E-02
   0.248526763E-01   0.374554582E-01  -0.226175450E-01   0.146286015E-02
   0.371703580E-01   0.564432144E-01  -0.329587013E-01   0.190779625E-02
   0.590593033E-01   0.904377773E-01  -0.493590496E-01   0.249038707E-02
   0.985630602E-01   0.152304143E+00  -0.746823251E-01   0.321017089E-02
   0.169114262E+00   0.263712734E+00  -0.111166023E+00   0.394626148E-02
   0.290611267E+00   0.457059026E+00  -0.157183304E+00   0.442748750E-02
   0.483502746E+00   0.765994549E+00  -0.199938089E+00   0.419249199E-02
   0.743598342E+00   0.118469512E+01  -0.207587630E+00   0.288717356E-02
   0.998251081E+00   0.159606314E+01  -0.140339926E+00   0.973303744E-03
   0.110934043E+01   0.177570736E+01  -0.427640799E-06   0.000000000E+00
