   0.259740627E-03   0.117183840E-01   0.000000000E+00   0.000000000E+00
   0.261674955E-03   0.114404401E-01   0.160516356E-02   0.926010307E-05
   0.266717398E-03   0.106588183E-01   0.299103395E-02   0.344235377E-04
   0.272755773E-03   0.952185784E-02   0.400926732E-02   0.690624292E-04
   0.276978593E-03   0.820850115E-02   0.461086072E-02   0.105527783E-03
   0.277051004E-03   0.687628146E-02   0.483017834E-02   0.137303679E-03
   0.271477853E-03   0.563514000E-02   0.474674487E-02   0.161772783E-03
   0.259362656E-03   0.454316009E-02   0.444895262E-02   0.175406647E-03
   0.240923560E-03   0.361427804E-02   0.401242776E-02   0.180455565E-03
   0.216796587E-03   0.283874990E-02   0.349610602E-02   0.175640700E-03
   0.189098049E-03   0.220240420E-02   0.295464089E-02   0.164289682E-03
   0.159600255E-03   0.168469688E-02   0.242309039E-02   0.147658764E-03
   0.129468404E-03   0.126218866E-02   0.191727269E-02   0.126263796E-03
   0.100977464E-03   0.921669882E-03   0.146277959E-02   0.104025057E-03
   0.757069720E-04   0.654523959E-03   0.107597350E-02   0.822338770E-04
   0.544916438E-04   0.450339314E-03   0.761454110E-03   0.618756458E-04
   0.367734865E-04   0.292472338E-03   0.505532196E-03   0.434698741E-04
   0.235321168E-04   0.180548872E-03   0.318175822E-03   0.288048468E-04
   0.141418341E-04   0.104429440E-03   0.187721336E-03   0.178599003E-04
   0.752537062E-05   0.529202443E-04   0.973503047E-04   0.971278769E-05
   0.353057590E-05   0.233671017E-04   0.439348951E-04   0.454383689E-05
   0.145959359E-05   0.875113892E-05   0.171262654E-04   0.184047769E-05
   0.445264135E-06   0.223748316E-05   0.460179035E-05   0.508641051E-06
   0.128620428E-06   0.788477450E-06   0.130401372E-05   0.154219165E-06
   0.126487961E-06   0.132126695E-05   0.186465320E-05   0.229993574E-06
   0.202810540E-06   0.231034664E-05   0.337718780E-05   0.465749650E-06
   0.307418304E-06   0.329162344E-05   0.497966539E-05   0.675145998E-06
   0.338980129E-06   0.346113757E-05   0.539017901E-05   0.745580735E-06
   0.296586649E-06   0.298171312E-05   0.471276780E-05   0.685410782E-06
   0.274603110E-06   0.271016347E-05   0.434714912E-05   0.649005187E-06
   0.194810411E-06   0.190061257E-05   0.304920331E-05   0.462099450E-06
   0.131643176E-06   0.125335578E-05   0.200577256E-05   0.300788997E-06
   0.749602336E-07   0.722080983E-06   0.115140836E-05   0.181005106E-06
   0.450916104E-07   0.448040424E-06   0.712377414E-06   0.120366963E-06
   0.186415274E-07   0.176799020E-06   0.281816938E-06   0.453369502E-07
   0.118765939E-07   0.113099681E-06   0.173494968E-06   0.295062623E-07
   0.279566570E-08   0.249367691E-07   0.414497023E-07   0.618165918E-08
   0.245277521E-09   0.205299844E-08   0.356228314E-08   0.479056295E-09
   0.598344485E-09   0.570889602E-08   0.946485734E-08   0.176754289E-08
   0.205132711E-08   0.169836145E-07   0.279555969E-07   0.558520918E-08
   0.155930746E-08   0.203621315E-07   0.259135735E-07   0.875140405E-08
   0.489286789E-08   0.403671052E-07   0.514233029E-07   0.166704623E-07
   0.295257085E-08   0.260461732E-07   0.225071020E-07   0.129253293E-07
   0.330411876E-08   0.234334152E-07  -0.474344475E-08   0.148731933E-07
   0.343216411E-08   0.268399933E-07  -0.225938845E-08   0.169227672E-07
   0.759249641E-08   0.319787077E-07  -0.417785664E-07   0.216134790E-07
   0.842695247E-08   0.442959909E-07  -0.199664267E-07   0.273789258E-07
   0.152801167E-07   0.539309895E-07  -0.780376510E-07   0.347237155E-07
   0.141990650E-07   0.401808258E-07  -0.103042140E-06   0.274717618E-07
   0.743937356E-08   0.227712533E-07  -0.571594825E-07   0.161181859E-07
   0.806907963E-08   0.215819114E-07  -0.615992946E-07   0.148741446E-07
   0.192875138E-08   0.621357366E-08  -0.183582838E-07   0.456800286E-08
   0.288703839E-08   0.569698866E-08  -0.218146710E-07   0.346605900E-08
   0.203063122E-08   0.500812769E-08   0.322967186E-08   0.336482675E-09
   0.830646929E-08   0.187335782E-07  -0.682263632E-07   0.104135784E-07
   0.220959784E-07   0.530013970E-07  -0.187218987E-06   0.311672430E-07
   0.845872705E-07   0.184571419E-06  -0.690581942E-06   0.109446859E-06
   0.157146374E-06   0.348209994E-06  -0.128438819E-05   0.206583394E-06
   0.278510015E-06   0.599704151E-06  -0.222849735E-05   0.341737177E-06
   0.442227901E-06   0.923393600E-06  -0.346651586E-05   0.525207156E-06
   0.713879160E-06   0.147575963E-05  -0.550842105E-05   0.801384545E-06
   0.964605874E-06   0.196895348E-05  -0.731597947E-05   0.104388937E-05
   0.121634673E-05   0.242514443E-05  -0.900993655E-05   0.125410986E-05
   0.128120507E-05   0.251524898E-05  -0.925430231E-05   0.125604890E-05
   0.123813834E-05   0.238581083E-05  -0.866278060E-05   0.115256955E-05
   0.857103146E-06   0.163037714E-05  -0.574538217E-05   0.764578147E-06
   0.516378520E-06   0.936872596E-06  -0.317024842E-05   0.400578045E-06
   0.458416451E-06   0.726966107E-06  -0.292879622E-05   0.370282635E-06
   0.123570840E-05   0.189777995E-05  -0.839633776E-05   0.100686691E-05
   0.416872763E-05   0.649669028E-05  -0.281124412E-04   0.319117885E-05
   0.111795789E-04   0.173990902E-04  -0.733640700E-04   0.789745263E-05
   0.231274207E-04   0.352137358E-04  -0.146481441E-03   0.151524446E-04
   0.445995211E-04   0.670686932E-04  -0.273528276E-03   0.267831510E-04
   0.779615075E-04   0.115103678E-03  -0.461326446E-03   0.428876410E-04
   0.123264792E-03   0.178662653E-03  -0.701381126E-03   0.617127807E-04
   0.187019308E-03   0.267004943E-03  -0.102077273E-02   0.843154048E-04
   0.269989454E-03   0.380190351E-03  -0.140715984E-02   0.108950873E-03
   0.372226263E-03   0.518978166E-03  -0.184146222E-02   0.132725443E-03
   0.497869856E-03   0.690664048E-03  -0.232365332E-02   0.154474154E-03
   0.647491659E-03   0.897883670E-03  -0.282686041E-02   0.172909262E-03
   0.820128364E-03   0.114330754E-02  -0.331123453E-02   0.185153243E-03
   0.102464703E-02   0.144322065E-02  -0.378283765E-02   0.191226325E-03
   0.126200891E-02   0.180392514E-02  -0.419449434E-02   0.188529462E-03
   0.153393706E-02   0.223046751E-02  -0.450042775E-02   0.179027149E-03
   0.184500962E-02   0.273059052E-02  -0.467085000E-02   0.160120151E-03
   0.218979758E-02   0.329514034E-02  -0.464186538E-02   0.134043003E-03
   0.255642389E-02   0.390160386E-02  -0.434836047E-02   0.101009195E-03
   0.291355979E-02   0.449682213E-02  -0.372501672E-02   0.656362172E-04
   0.322079589E-02   0.500935409E-02  -0.275144656E-02   0.324304747E-04
   0.343135465E-02   0.536100008E-02  -0.146739150E-02   0.867581457E-05
   0.350684323E-02   0.548714260E-02  -0.406055056E-08   0.000000000E+00
