   0.111188687E+00   0.705757380E+00   0.760609780E-07   0.000000000E+00
   0.103785373E+00   0.659374774E+00   0.481749177E-01   0.306453352E-03
   0.850692168E-01   0.542203605E+00   0.781768039E-01   0.992664485E-03
   0.628835112E-01   0.402984232E+00   0.851981342E-01   0.161498517E-02
   0.432679951E-01   0.279537052E+00   0.762463510E-01   0.191321212E-02
   0.286321454E-01   0.187112644E+00   0.610579550E-01   0.190799765E-02
   0.187288672E-01   0.124142982E+00   0.460238121E-01   0.171377335E-02
   0.123843681E-01   0.834811777E-01   0.338525958E-01   0.146886497E-02
   0.840378180E-02   0.576460250E-01   0.248810556E-01   0.122991053E-02
   0.591936428E-02   0.412781760E-01   0.186334364E-01   0.103944866E-02
   0.432856195E-02   0.306025334E-01   0.143061960E-01   0.895067875E-03
   0.327702588E-02   0.233912021E-01   0.112822577E-01   0.780371891E-03
   0.255010533E-02   0.183029566E-01   0.910454616E-02   0.697361946E-03
   0.202246848E-02   0.145434076E-01   0.746264495E-02   0.627130328E-03
   0.162338710E-02   0.116600301E-01   0.617452199E-02   0.563746435E-03
   0.131046388E-02   0.938036758E-02   0.512559572E-02   0.504033116E-03
   0.105741643E-02   0.753633166E-02   0.424174778E-02   0.444073172E-03
   0.851311896E-03   0.603273371E-02   0.349357771E-02   0.389572437E-03
   0.681132835E-03   0.479863631E-02   0.285252603E-02   0.336137949E-03
   0.540404406E-03   0.378401647E-02   0.230297376E-02   0.286472787E-03
   0.424471538E-03   0.295576104E-02   0.183626777E-02   0.238692097E-03
   0.330138108E-03   0.228483859E-02   0.144580810E-02   0.196876237E-03
   0.252584898E-03   0.174150185E-02   0.111641455E-02   0.158000417E-03
   0.191516883E-03   0.131441432E-02   0.852725061E-03   0.125219332E-03
   0.141992889E-03   0.973520451E-03   0.634112512E-03   0.965480285E-04
   0.104016806E-03   0.712109671E-03   0.464562501E-03   0.728771047E-04
   0.741732874E-04   0.508450205E-03   0.328809896E-03   0.530840261E-04
   0.519864952E-04   0.357376412E-03   0.227734068E-03   0.378312252E-04
   0.355703160E-04   0.246264390E-03   0.152936846E-03   0.259300923E-04
   0.238497250E-04   0.165818827E-03   0.993320282E-04   0.172486161E-04
   0.151968879E-04   0.107634507E-03   0.599834202E-04   0.105398667E-04
   0.963634102E-05   0.697051000E-04   0.357441932E-04   0.636425511E-05
   0.580662527E-05   0.434231370E-04   0.192150292E-04   0.340531301E-05
   0.346723891E-05   0.270277651E-04   0.981267385E-05   0.174488878E-05
   0.196771884E-05   0.163282602E-04   0.407338939E-05   0.742043824E-06
   0.110121834E-05   0.100909010E-04   0.117475361E-05   0.337160742E-06
   0.703646094E-06   0.682252903E-05   0.408814799E-06   0.316659055E-06
   0.509639904E-06   0.506603101E-05   0.246054157E-06   0.476820105E-06
   0.439626547E-06   0.425689223E-05   0.540931865E-06   0.718551917E-06
   0.455611570E-06   0.395518509E-05   0.861030344E-06   0.101689363E-05
   0.482542646E-06   0.381819245E-05   0.105639356E-05   0.127635269E-05
   0.473059202E-06   0.364755624E-05   0.110402652E-05   0.143385887E-05
   0.568567771E-06   0.357430508E-05   0.814022428E-06   0.165432232E-05
   0.591431899E-06   0.339030248E-05   0.411939396E-06   0.175841456E-05
   0.741413089E-06   0.346177012E-05   0.496442887E-07   0.192556945E-05
   0.753267443E-06   0.320413528E-05  -0.465974409E-06   0.189994978E-05
   0.878166134E-06   0.315866146E-05  -0.100879163E-05   0.193983578E-05
   0.102710544E-05   0.309605230E-05  -0.149094433E-05   0.190838955E-05
   0.107873871E-05   0.291732135E-05  -0.190067556E-05   0.177385414E-05
   0.103972070E-05   0.265716767E-05  -0.179251629E-05   0.153102371E-05
   0.106374614E-05   0.256223120E-05  -0.161591799E-05   0.134458355E-05
   0.119900756E-05   0.249345840E-05  -0.149886137E-05   0.107925314E-05
   0.131568265E-05   0.254486804E-05  -0.988196916E-06   0.835952733E-06
   0.155725320E-05   0.268284725E-05  -0.657201497E-06   0.498837494E-06
   0.219852518E-05   0.341352279E-05  -0.679580751E-06   0.331226232E-06
   0.353101359E-05   0.506687775E-05  -0.187072499E-05   0.384827985E-06
   0.598059069E-05   0.835045557E-05  -0.514714793E-05   0.838655978E-06
   0.100987709E-04   0.134950687E-04  -0.110503015E-04   0.172491195E-05
   0.168642437E-04   0.223861080E-04  -0.221895934E-04   0.349647758E-05
   0.279068117E-04   0.364433872E-04  -0.411421315E-04   0.657549936E-05
   0.442720266E-04   0.576875937E-04  -0.701687750E-04   0.110231376E-04
   0.674703988E-04   0.877619168E-04  -0.111025794E-03   0.172221153E-04
   0.100457037E-03   0.130267115E-03  -0.168843573E-03   0.259120843E-04
   0.145449405E-03   0.187989033E-03  -0.246093288E-03   0.369641530E-04
   0.207396937E-03   0.267321564E-03  -0.351465045E-03   0.516625259E-04
   0.288278476E-03   0.371930859E-03  -0.486012374E-03   0.692053072E-04
   0.389687601E-03   0.503025833E-03  -0.646372559E-03   0.890894298E-04
   0.522438844E-03   0.675001414E-03  -0.852158410E-03   0.114338502E-03
   0.688380271E-03   0.891263713E-03  -0.109908136E-02   0.141808123E-03
   0.891154690E-03   0.115784653E-02  -0.138621859E-02   0.173472217E-03
   0.114005711E-02   0.148916617E-02  -0.172457471E-02   0.206807774E-03
   0.144035136E-02   0.189237494E-02  -0.211115601E-02   0.243683011E-03
   0.180175621E-02   0.238533737E-02  -0.255480292E-02   0.281821587E-03
   0.223419350E-02   0.298314146E-02  -0.305797230E-02   0.321953441E-03
   0.275010709E-02   0.370726851E-02  -0.362752960E-02   0.366917840E-03
   0.336978142E-02   0.459437026E-02  -0.428015366E-02   0.409066502E-03
   0.412527937E-02   0.568976905E-02  -0.504427543E-02   0.459080853E-03
   0.506523764E-02   0.707158772E-02  -0.596400863E-02   0.513380335E-03
   0.627581822E-02   0.886851549E-02  -0.712295156E-02   0.578026054E-03
   0.790517312E-02   0.112996669E-01  -0.866158027E-02   0.657809025E-03
   0.102033187E-01   0.147368694E-01  -0.107910326E-01   0.759462186E-03
   0.135839218E-01   0.197940022E-01  -0.138129983E-01   0.880323292E-03
   0.187593438E-01   0.275450982E-01  -0.181748681E-01   0.103724760E-02
   0.268248674E-01   0.396589302E-01  -0.243319627E-01   0.121853827E-02
   0.394482650E-01   0.587085113E-01  -0.326255113E-01   0.139714486E-02
   0.587688684E-01   0.880370140E-01  -0.427015088E-01   0.151291501E-02
   0.867877677E-01   0.130874410E+00  -0.526579507E-01   0.148488884E-02
   0.123841502E+00   0.187857583E+00  -0.582256615E-01   0.121954095E-02
   0.165144384E+00   0.251787513E+00  -0.529683791E-01   0.737902010E-03
   0.199717656E+00   0.305491418E+00  -0.324666798E-01   0.225559430E-03
   0.213454798E+00   0.326841742E+00  -0.953279837E-07   0.000000000E+00
