   0.131784771E-01   0.123851873E+00  -0.882146006E-11   0.000000000E+00
   0.126665970E-01   0.119180754E+00   0.977935456E-02   0.605598543E-04
   0.112767043E-01   0.106506072E+00   0.172157157E-01   0.213790365E-03
   0.943468418E-02   0.895556584E-01   0.212018620E-01   0.394496863E-03
   0.751367630E-02   0.717033967E-01   0.219419431E-01   0.543773698E-03
   0.579925533E-02   0.555551499E-01   0.205050651E-01   0.636567303E-03
   0.442389352E-02   0.423598886E-01   0.180754550E-01   0.673519040E-03
   0.337346224E-02   0.320772454E-01   0.154034495E-01   0.671932707E-03
   0.259848754E-02   0.243344121E-01   0.129253687E-01   0.647672918E-03
   0.203193072E-02   0.185712390E-01   0.107918596E-01   0.611402909E-03
   0.161257281E-02   0.142702954E-01   0.899996608E-02   0.571486540E-03
   0.129627052E-02   0.110371970E-01   0.750731817E-02   0.528490695E-03
   0.105027645E-02   0.857512094E-02   0.625103619E-02   0.481577910E-03
   0.853389502E-03   0.667280331E-02   0.518011069E-02   0.432857632E-03
   0.693499518E-03   0.519021368E-02   0.427020062E-02   0.384435989E-03
   0.561411201E-03   0.402704254E-02   0.349245290E-02   0.337762816E-03
   0.449814805E-03   0.310234725E-02   0.281770108E-02   0.291649951E-03
   0.356348552E-03   0.237222482E-02   0.224359031E-02   0.244498486E-03
   0.278722495E-03   0.179593230E-02   0.176057639E-02   0.202486524E-03
   0.214143933E-03   0.133877539E-02   0.135395653E-02   0.164867801E-03
   0.161923788E-03   0.986135215E-03   0.102407194E-02   0.129852473E-03
   0.119350298E-03   0.710555760E-03   0.753514352E-03   0.995437003E-04
   0.862408997E-04   0.502381648E-03   0.542478345E-03   0.745716388E-04
   0.603141525E-04   0.344109663E-03   0.376539043E-03   0.540492874E-04
   0.410560315E-04   0.229755140E-03   0.253705162E-03   0.378235709E-04
   0.266093830E-04   0.146328079E-03   0.161618489E-03   0.250536086E-04
   0.166954360E-04   0.899376610E-04   0.989464315E-04   0.159768733E-04
   0.989948057E-05   0.522470073E-04   0.564679285E-04   0.949758123E-05
   0.560740864E-05   0.289819436E-04   0.302609351E-04   0.530521902E-05
   0.286579439E-05   0.144841270E-04   0.138700107E-04   0.257671513E-05
   0.133994126E-05   0.691068090E-05   0.538474978E-05   0.104971696E-05
   0.573634736E-06   0.326620807E-05   0.154445354E-05   0.299262553E-06
   0.253678564E-06   0.202875390E-05   0.440653764E-06   0.310725099E-07
   0.193151692E-06   0.194768404E-05   0.782462280E-06   0.525217949E-07
   0.244875849E-06   0.243227919E-05   0.162537515E-05   0.159337802E-06
   0.292171308E-06   0.281870643E-05   0.237547738E-05   0.360230786E-06
   0.333365335E-06   0.298474879E-05   0.280448694E-05   0.447226768E-06
   0.346534733E-06   0.302154672E-05   0.299483645E-05   0.523265726E-06
   0.340677133E-06   0.291912056E-05   0.302485000E-05   0.605162029E-06
   0.314655921E-06   0.269527277E-05   0.280935069E-05   0.693756249E-06
   0.260599109E-06   0.229688226E-05   0.235544530E-05   0.657341218E-06
   0.214486633E-06   0.192718949E-05   0.188881666E-05   0.635080596E-06
   0.161822697E-06   0.145645686E-05   0.119176286E-05   0.600564022E-06
   0.187533146E-06   0.142326928E-05   0.934375862E-06   0.670460224E-06
   0.151631610E-06   0.108693598E-05   0.304626099E-06   0.619460820E-06
   0.175466056E-06   0.863390426E-06  -0.387117893E-06   0.585409623E-06
   0.254785022E-06   0.889740591E-06  -0.800846294E-06   0.618453441E-06
   0.395191790E-06   0.101852868E-05  -0.141586702E-05   0.690733145E-06
   0.539111682E-06   0.115992339E-05  -0.207193739E-05   0.735883987E-06
   0.632082617E-06   0.120562811E-05  -0.244346347E-05   0.688916430E-06
   0.889408568E-06   0.156518149E-05  -0.336096991E-05   0.793009576E-06
   0.973836563E-06   0.166863310E-05  -0.359680416E-05   0.771722000E-06
   0.115075875E-05   0.189472348E-05  -0.408274900E-05   0.794625919E-06
   0.123192797E-05   0.197610848E-05  -0.417643241E-05   0.749102469E-06
   0.119852655E-05   0.188611170E-05  -0.380202937E-05   0.633328511E-06
   0.112732937E-05   0.176088133E-05  -0.323471750E-05   0.501954958E-06
   0.926434666E-06   0.140958753E-05  -0.210310009E-05   0.256141504E-06
   0.737888683E-06   0.100769682E-05  -0.983523137E-06   0.794617776E-07
   0.826376720E-06   0.102942954E-05  -0.632714887E-06   0.622683345E-07
   0.153922417E-05   0.180193661E-05  -0.228518320E-05   0.399174269E-06
   0.346278239E-05   0.404230377E-05  -0.752420283E-05   0.131678860E-05
   0.717612420E-05   0.867555718E-05  -0.183611373E-04   0.312385896E-05
   0.136105427E-04   0.168929855E-04  -0.373173789E-04   0.607373522E-05
   0.252534592E-04   0.313862292E-04  -0.714772395E-04   0.112053649E-04
   0.422492631E-04   0.528653327E-04  -0.120400691E-03   0.181636005E-04
   0.681957245E-04   0.852375815E-04  -0.193414307E-03   0.282803139E-04
   0.105567342E-03   0.132298723E-03  -0.296735816E-03   0.414001515E-04
   0.156045993E-03   0.194994776E-03  -0.430289918E-03   0.583266628E-04
   0.224961288E-03   0.281152810E-03  -0.607370341E-03   0.788591205E-04
   0.311106676E-03   0.388961402E-03  -0.816096610E-03   0.101937854E-03
   0.424642436E-03   0.531775062E-03  -0.108104327E-02   0.129349195E-03
   0.567433366E-03   0.713871734E-03  -0.139745639E-02   0.159506017E-03
   0.744105666E-03   0.942155137E-03  -0.176490971E-02   0.192057312E-03
   0.962916063E-03   0.122970587E-02  -0.219295546E-02   0.225988682E-03
   0.122778094E-02   0.158587680E-02  -0.267250999E-02   0.260932313E-03
   0.155150762E-02   0.203221198E-02  -0.321427733E-02   0.295110047E-03
   0.194968295E-02   0.259457179E-02  -0.383064244E-02   0.330319366E-03
   0.243998528E-02   0.330503704E-02  -0.452597486E-02   0.364320644E-03
   0.304865744E-02   0.420786347E-02  -0.531093683E-02   0.399602373E-03
   0.382286706E-02   0.537865842E-02  -0.622518547E-02   0.429480919E-03
   0.482159108E-02   0.691040000E-02  -0.729821390E-02   0.462323602E-03
   0.612885831E-02   0.893437210E-02  -0.857010577E-02   0.494085485E-03
   0.787029415E-02   0.116470419E-01  -0.100813629E-01   0.520953676E-03
   0.101941004E-01   0.152826281E-01  -0.118207736E-01   0.540493464E-03
   0.132494895E-01   0.200742278E-01  -0.136551280E-01   0.533958024E-03
   0.171423517E-01   0.262106173E-01  -0.152806407E-01   0.500037451E-03
   0.218423139E-01   0.336531438E-01  -0.161329545E-01   0.422629673E-03
   0.270126909E-01   0.418889485E-01  -0.154295843E-01   0.303814566E-03
   0.319225080E-01   0.497591570E-01  -0.124494936E-01   0.164156896E-03
   0.355289020E-01   0.555497743E-01  -0.703130756E-02   0.463020406E-04
   0.368576497E-01   0.576901510E-01  -0.184336102E-07   0.000000000E+00
