   0.299088787E-01   0.250611484E+00  -0.239524147E-10   0.000000000E+00
   0.279132091E-01   0.234178782E+00   0.192821957E-01   0.116721916E-03
   0.228975993E-01   0.192850888E+00   0.312123057E-01   0.376934360E-03
   0.169631857E-01   0.143795058E+00   0.339158289E-01   0.610888004E-03
   0.117280688E-01   0.100351728E+00   0.303099547E-01   0.724267447E-03
   0.783742405E-02   0.678333864E-01   0.243459437E-01   0.723673496E-03
   0.521099521E-02   0.456445962E-01   0.185433347E-01   0.657997560E-03
   0.352323614E-02   0.311859250E-01   0.138880927E-01   0.575349608E-03
   0.245857821E-02   0.218942296E-01   0.104816863E-01   0.498318928E-03
   0.177809515E-02   0.158319939E-01   0.806214940E-02   0.435755210E-03
   0.133057660E-02   0.117630027E-01   0.634073187E-02   0.384492800E-03
   0.102248124E-02   0.892057363E-02   0.507713715E-02   0.343005901E-03
   0.800263311E-03   0.686063431E-02   0.411383109E-02   0.306090835E-03
   0.632691372E-03   0.531263882E-02   0.334936869E-02   0.271910947E-03
   0.501252187E-03   0.411749072E-02   0.271988101E-02   0.239415342E-03
   0.395800482E-03   0.318098813E-02   0.219325256E-02   0.206906974E-03
   0.310968520E-03   0.244294154E-02   0.175361405E-02   0.177834547E-03
   0.241514354E-03   0.185897714E-02   0.138247781E-02   0.147757819E-03
   0.184824588E-03   0.139540574E-02   0.107038650E-02   0.121011442E-03
   0.139910786E-03   0.103629148E-02   0.818141387E-03   0.972574053E-04
   0.103207400E-03   0.753286411E-03   0.607595954E-03   0.756886730E-04
   0.750226609E-04   0.539488625E-03   0.443635596E-03   0.577603023E-04
   0.531132282E-04   0.376969634E-03   0.314264616E-03   0.427022060E-04
   0.362855171E-04   0.255754101E-03   0.214145708E-03   0.301730470E-04
   0.242873029E-04   0.169735227E-03   0.142395016E-03   0.208894144E-04
   0.156024344E-04   0.108686145E-03   0.903377877E-04   0.137273819E-04
   0.961169098E-05   0.668819412E-04   0.544379691E-04   0.861244280E-05
   0.554537792E-05   0.389953784E-04   0.302414846E-04   0.495358199E-05
   0.302068747E-05   0.215191267E-04   0.153953260E-04   0.264059281E-05
   0.152813084E-05   0.113890228E-04   0.701150111E-05   0.125811380E-05
   0.686607223E-06   0.566428662E-05   0.251004781E-05   0.471801570E-06
   0.326676343E-06   0.294629831E-05   0.797724795E-06   0.123721108E-06
   0.177233673E-06   0.182789427E-05   0.369101599E-06   0.198455901E-07
   0.149109610E-06   0.151053541E-05   0.559332648E-06   0.329272822E-07
   0.161901482E-06   0.146293576E-05   0.878040282E-06   0.839115586E-07
   0.183485994E-06   0.152995267E-05   0.119021797E-05   0.147088187E-06
   0.201682170E-06   0.162855974E-05   0.142119950E-05   0.203262417E-06
   0.209622414E-06   0.162521121E-05   0.152485984E-05   0.231210947E-06
   0.187836150E-06   0.145631032E-05   0.143135367E-05   0.250565222E-06
   0.148526141E-06   0.118655726E-05   0.117696970E-05   0.245581077E-06
   0.119927833E-06   0.102557158E-05   0.998111432E-06   0.240294440E-06
   0.928477206E-07   0.849106243E-06   0.790337140E-06   0.239954488E-06
   0.801994489E-07   0.669601718E-06   0.571876853E-06   0.230356235E-06
   0.657038584E-07   0.527007614E-06   0.337498449E-06   0.226424490E-06
   0.449984405E-07   0.384655948E-06   0.123252121E-06   0.201535528E-06
   0.791296273E-07   0.361187801E-06  -0.883374724E-07   0.222646520E-06
   0.116212554E-06   0.356193596E-06  -0.300116710E-06   0.236122830E-06
   0.184811654E-06   0.385412278E-06  -0.581549159E-06   0.250100243E-06
   0.283777069E-06   0.485895669E-06  -0.947912156E-06   0.284975300E-06
   0.334254338E-06   0.538525853E-06  -0.111444785E-05   0.290573126E-06
   0.513054374E-06   0.729774342E-06  -0.160324191E-05   0.351161930E-06
   0.543895908E-06   0.761694650E-06  -0.166931943E-05   0.319690031E-06
   0.735032302E-06   0.100864304E-05  -0.218512309E-05   0.379475580E-06
   0.755892984E-06   0.993309300E-06  -0.211426868E-05   0.346102496E-06
   0.783194537E-06   0.104052936E-05  -0.206528193E-05   0.315264856E-06
   0.742310078E-06   0.970595124E-06  -0.172541013E-05   0.239277711E-06
   0.650588333E-06   0.843600844E-06  -0.116435854E-05   0.142376592E-06
   0.634576509E-06   0.796010511E-06  -0.681384563E-06   0.640112958E-07
   0.808492302E-06   0.954293455E-06  -0.584320105E-06   0.675355736E-07
   0.138090638E-05   0.160498053E-05  -0.137770292E-05   0.229058656E-06
   0.267353016E-05   0.309099278E-05  -0.372447448E-05   0.627611826E-06
   0.562975038E-05   0.643860540E-05  -0.100238167E-04   0.162406980E-05
   0.106882972E-04   0.121992252E-04  -0.210073867E-04   0.326422764E-05
   0.194755121E-04   0.221796927E-04  -0.404912826E-04   0.610279812E-05
   0.333206408E-04   0.377644064E-04  -0.707825311E-04   0.102837785E-04
   0.536156986E-04   0.607146176E-04  -0.114301089E-03   0.160132313E-04
   0.832813384E-04   0.938501908E-04  -0.176015354E-03   0.237760087E-04
   0.126019761E-03   0.141304350E-03  -0.262616522E-03   0.344119580E-04
   0.182105257E-03   0.204096432E-03  -0.371059577E-03   0.465607045E-04
   0.257418462E-03   0.287845178E-03  -0.509951846E-03   0.617454498E-04
   0.356271834E-03   0.398966658E-03  -0.684678263E-03   0.788276302E-04
   0.483249110E-03   0.541325600E-03  -0.896041282E-03   0.994432921E-04
   0.643413572E-03   0.723021803E-03  -0.114719348E-02   0.121294441E-03
   0.843974703E-03   0.952972507E-03  -0.144209911E-02   0.145574872E-03
   0.108937453E-02   0.123890885E-02  -0.177595275E-02   0.170191808E-03
   0.139310502E-02   0.159781403E-02  -0.216019759E-02   0.196834852E-03
   0.177044130E-02   0.205166452E-02  -0.260565779E-02   0.224184259E-03
   0.224121707E-02   0.262808870E-02  -0.312257092E-02   0.252120721E-03
   0.284076552E-02   0.337250344E-02  -0.373915886E-02   0.284738868E-03
   0.362724811E-02   0.436099153E-02  -0.450351182E-02   0.318390346E-03
   0.470107887E-02   0.571898138E-02  -0.550107937E-02   0.361539162E-03
   0.622812146E-02   0.765572255E-02  -0.685422961E-02   0.413331203E-03
   0.849661510E-02   0.105325617E-01  -0.874995813E-02   0.474504719E-03
   0.119520612E-01   0.149147660E-01  -0.113952942E-01   0.546467898E-03
   0.172999389E-01   0.217032954E-01  -0.149715850E-01   0.617344456E-03
   0.254284926E-01   0.320475362E-01  -0.193470325E-01   0.661473488E-03
   0.372367837E-01   0.471464284E-01  -0.237470027E-01   0.648186600E-03
   0.528190620E-01   0.671617016E-01  -0.262211431E-01   0.533157552E-03
   0.702999532E-01   0.897211879E-01  -0.239014160E-01   0.322618027E-03
   0.848839208E-01   0.108600460E+00  -0.146649536E-01   0.985379229E-04
   0.907337666E-01   0.116189010E+00  -0.417440873E-07   0.000000000E+00
