   0.583510846E-03   0.160702113E-01   0.000000000E+00   0.000000000E+00
   0.576341117E-03   0.156339370E-01   0.192481221E-02   0.113794740E-04
   0.556830142E-03   0.144586489E-01   0.354831782E-02   0.418875934E-04
   0.527946337E-03   0.127609558E-01   0.467966171E-02   0.825846873E-04
   0.493230356E-03   0.108399997E-01   0.527991122E-02   0.124228507E-03
   0.455767236E-03   0.894605275E-02   0.542789418E-02   0.159809322E-03
   0.417218718E-03   0.722439680E-02   0.524645019E-02   0.185069890E-03
   0.378474448E-03   0.574745797E-02   0.485886168E-02   0.198892216E-03
   0.339152321E-03   0.452915207E-02   0.435656030E-02   0.203719101E-03
   0.299539737E-03   0.354214269E-02   0.380561687E-02   0.199640766E-03
   0.259221735E-03   0.274891919E-02   0.324056670E-02   0.187938334E-03
   0.219268259E-03   0.211495510E-02   0.269270875E-02   0.170986124E-03
   0.181075389E-03   0.161059725E-02   0.218512700E-02   0.150673251E-03
   0.145166734E-03   0.120722025E-02   0.172377902E-02   0.127969222E-03
   0.112509180E-03   0.884926703E-03   0.131647487E-02   0.104968814E-03
   0.845538962E-04   0.635225791E-03   0.976493582E-03   0.827112017E-04
   0.611454379E-04   0.441894314E-03   0.697590120E-03   0.625881730E-04
   0.423891797E-04   0.296251266E-03   0.477914960E-03   0.452444656E-04
   0.277951513E-04   0.187848360E-03   0.309159339E-03   0.308811577E-04
   0.171947486E-04   0.112520313E-03   0.188270322E-03   0.195881676E-04
   0.983822247E-05   0.620144565E-04   0.105523359E-03   0.114385284E-04
   0.524764346E-05   0.311739677E-04   0.546170522E-04   0.618383729E-05
   0.235715333E-05   0.128597794E-04   0.232792827E-04   0.273550677E-05
   0.937724394E-06   0.449448680E-05   0.849206936E-05   0.103278228E-05
   0.291391132E-06   0.116160993E-05   0.224332189E-05   0.290109398E-06
   0.946918277E-07   0.661282627E-06   0.848203513E-06   0.134708003E-06
   0.115725065E-06   0.128923932E-05   0.159593071E-05   0.241700093E-06
   0.195185436E-06   0.206404616E-05   0.273011960E-05   0.375936764E-06
   0.242871550E-06   0.246281138E-05   0.340887209E-05   0.510757957E-06
   0.271046531E-06   0.258195087E-05   0.363082950E-05   0.517845535E-06
   0.277306384E-06   0.254687029E-05   0.366178983E-05   0.529913223E-06
   0.222848414E-06   0.200696240E-05   0.290863250E-05   0.429321119E-06
   0.168074180E-06   0.148429547E-05   0.216787544E-05   0.323209150E-06
   0.113941070E-06   0.999378699E-06   0.147653316E-05   0.226436626E-06
   0.941398355E-07   0.785320537E-06   0.114143586E-05   0.166030816E-06
   0.455326301E-07   0.359127085E-06   0.520388198E-06   0.711888788E-07
   0.302492644E-07   0.231081430E-06   0.323886979E-06   0.449472530E-07
   0.155609712E-07   0.853453557E-07   0.890170142E-07   0.111434186E-07
   0.684964530E-08   0.331946666E-07   0.475590483E-07   0.196820338E-08
   0.572413317E-08   0.186643874E-07  -0.880537254E-09   0.172932102E-08
   0.526189758E-08   0.100122142E-07  -0.324347056E-07   0.442300063E-08
   0.685950186E-08   0.186616944E-07  -0.250370800E-07   0.113444312E-07
   0.545382806E-08   0.217136868E-07  -0.126394530E-07   0.132417854E-07
   0.887192186E-08   0.402629858E-07   0.179924420E-08   0.218344471E-07
   0.711498371E-08   0.302282324E-07  -0.221014105E-07   0.195509298E-07
   0.156472897E-07   0.546242411E-07  -0.410391117E-07   0.329925101E-07
   0.141724454E-07   0.427014726E-07  -0.568352867E-07   0.272326073E-07
   0.765557928E-08   0.313501403E-07  -0.305400292E-07   0.210073416E-07
   0.131025910E-07   0.351235947E-07  -0.564818663E-07   0.220969962E-07
   0.252337440E-08   0.952118295E-08  -0.390723454E-09   0.478010387E-08
   0.255346855E-08   0.526939159E-08   0.349816998E-08   0.177545006E-09
   0.377911968E-08   0.795320165E-08  -0.589049787E-08  -0.255431953E-09
   0.958926005E-08   0.139691956E-07  -0.420602682E-07   0.167425762E-08
   0.547751533E-07   0.103735665E-06  -0.327248557E-06   0.426887254E-07
   0.117525460E-06   0.218683908E-06  -0.738583822E-06   0.106078232E-06
   0.162649613E-06   0.301682348E-06  -0.102198953E-05   0.148466484E-06
   0.287965491E-06   0.535674303E-06  -0.182287977E-05   0.279021862E-06
   0.450018462E-06   0.824179381E-06  -0.281739949E-05   0.434713030E-06
   0.663552726E-06   0.120147911E-05  -0.409876748E-05   0.624931374E-06
   0.926068196E-06   0.164994844E-05  -0.562320520E-05   0.849438891E-06
   0.108669110E-05   0.193871506E-05  -0.650808943E-05   0.958940518E-06
   0.113896203E-05   0.198957810E-05  -0.664105710E-05   0.950396156E-06
   0.105042182E-05   0.180503741E-05  -0.594109133E-05   0.840346559E-06
   0.831902184E-06   0.141428097E-05  -0.450601783E-05   0.631905436E-06
   0.515144734E-06   0.849084927E-06  -0.258135765E-05   0.350967042E-06
   0.333392251E-06   0.487465400E-06  -0.163303571E-05   0.238714250E-06
   0.704597710E-06   0.936662047E-06  -0.384309487E-05   0.519063008E-06
   0.251310507E-05   0.343840020E-05  -0.140088659E-04   0.176014851E-05
   0.703653814E-05   0.984966937E-05  -0.386604042E-04   0.464025288E-05
   0.155216112E-04   0.215284836E-04  -0.827983895E-04   0.951531911E-05
   0.303011802E-04   0.415744398E-04  -0.156904658E-03   0.171915453E-04
   0.537835767E-04   0.725792852E-04  -0.269675278E-03   0.282631063E-04
   0.883043176E-04   0.117505064E-03  -0.428400497E-03   0.427277409E-04
   0.136399176E-03   0.178589704E-03  -0.637863530E-03   0.606129761E-04
   0.200741488E-03   0.259790773E-03  -0.903059845E-03   0.806901371E-04
   0.284159993E-03   0.363899482E-03  -0.122444425E-02   0.102901293E-03
   0.387953682E-03   0.493538857E-03  -0.159302657E-02   0.124937535E-03
   0.515733205E-03   0.654021162E-03  -0.200563576E-02   0.146502440E-03
   0.670219248E-03   0.851773832E-03  -0.245092483E-02   0.164851925E-03
   0.855556165E-03   0.109457865E-02  -0.291528017E-02   0.180372808E-03
   0.107638305E-02   0.139348360E-02  -0.338086835E-02   0.190212522E-03
   0.134139752E-02   0.176425767E-02  -0.383542990E-02   0.193916829E-03
   0.166112860E-02   0.222489354E-02  -0.426152442E-02   0.192414445E-03
   0.204291660E-02   0.278930017E-02  -0.461819302E-02   0.181407289E-03
   0.249380968E-02   0.346789509E-02  -0.486321049E-02   0.165071557E-03
   0.301325601E-02   0.425981684E-02  -0.492354017E-02   0.140080607E-03
   0.357914460E-02   0.512900949E-02  -0.470798416E-02   0.107939275E-03
   0.414941553E-02   0.600749860E-02  -0.411779201E-02   0.707138533E-04
   0.464908406E-02   0.678034220E-02  -0.309283915E-02   0.354850272E-04
   0.499929115E-02   0.732515194E-02  -0.166963332E-02   0.966315201E-05
   0.512471329E-02   0.751877623E-02  -0.417444213E-08   0.000000000E+00
