   0.690093730E-03   0.166572034E-01   0.304437298E-08   0.000000000E+00
   0.675469753E-03   0.161278415E-01   0.187882944E-02   0.109954635E-04
   0.635471893E-03   0.147022391E-01   0.340565504E-02   0.399040837E-04
   0.579053420E-03   0.127021028E-01   0.438006455E-02   0.767143138E-04
   0.516136060E-03   0.105114942E-01   0.479592429E-02   0.112305090E-03
   0.454837922E-03   0.844096579E-02   0.478271674E-02   0.139898591E-03
   0.398573058E-03   0.662870985E-02   0.449091010E-02   0.157574468E-03
   0.347969006E-03   0.514715957E-02   0.405438850E-02   0.166394893E-03
   0.302201224E-03   0.396391610E-02   0.355644664E-02   0.166728205E-03
   0.260244968E-03   0.303771649E-02   0.305007794E-02   0.160227428E-03
   0.220790273E-03   0.231746258E-02   0.255897222E-02   0.149171596E-03
   0.183927419E-03   0.175670115E-02   0.210131425E-02   0.133735361E-03
   0.150268097E-03   0.132284698E-02   0.169132545E-02   0.116899784E-03
   0.119340963E-03   0.981234945E-03   0.132396142E-02   0.989851615E-04
   0.919684826E-04   0.714955968E-03   0.100702490E-02   0.804606316E-04
   0.685788618E-04   0.508644676E-03   0.741765660E-03   0.632717129E-04
   0.493093721E-04   0.352186122E-03   0.527531491E-03   0.474771005E-04
   0.339164762E-04   0.234060950E-03   0.358654186E-03   0.341188825E-04
   0.222098133E-04   0.148521227E-03   0.231916638E-03   0.231738213E-04
   0.138325095E-04   0.896414713E-04   0.142363351E-03   0.148696590E-04
   0.789361548E-05   0.493122716E-04   0.795531669E-04   0.863673813E-05
   0.413932003E-05   0.244727435E-04   0.404450911E-04   0.458003296E-05
   0.188339652E-05   0.103327529E-04   0.175272817E-04   0.207806056E-05
   0.751330674E-06   0.364647690E-05   0.642310579E-05   0.795058213E-06
   0.236376891E-06   0.953390895E-06   0.170561873E-05   0.222665236E-06
   0.731487049E-07   0.458706069E-06   0.562567323E-06   0.857511679E-07
   0.805788360E-07   0.883352641E-06   0.101994260E-05   0.142844172E-06
   0.135673773E-06   0.144662101E-05   0.182096460E-05   0.263807152E-06
   0.186269375E-06   0.184456735E-05   0.244229977E-05   0.352855693E-06
   0.201566735E-06   0.189838943E-05   0.256894987E-05   0.371555956E-06
   0.178583392E-06   0.164983976E-05   0.227648547E-05   0.348348976E-06
   0.155253716E-06   0.137112340E-05   0.191998015E-05   0.283609182E-06
   0.118241466E-06   0.103816512E-05   0.146781986E-05   0.226189883E-06
   0.797752193E-07   0.680392986E-06   0.948404193E-06   0.141096208E-06
   0.523471364E-07   0.436179619E-06   0.627844940E-06   0.937240898E-07
   0.334776047E-07   0.270143403E-06   0.389058073E-06   0.559778748E-07
   0.136938372E-07   0.975415233E-07   0.141991890E-06   0.166054299E-07
   0.103887290E-07   0.655425296E-07   0.881345699E-07   0.928486177E-08
   0.748237383E-08   0.207117665E-07   0.331535110E-08   0.218678617E-10
   0.175473458E-08   0.452793669E-08   0.609169160E-08  -0.835720160E-09
   0.452403137E-08   0.690861546E-08  -0.246930387E-07   0.374916365E-08
   0.428193347E-08   0.790555887E-08  -0.251753587E-07   0.505682829E-08
   0.335521100E-08   0.108537650E-07  -0.181523561E-07   0.772739472E-08
   0.703373493E-08   0.218189680E-07  -0.186441511E-07   0.130519764E-07
   0.382455578E-08   0.172104748E-07  -0.170212999E-07   0.119120172E-07
   0.488566210E-08   0.260985669E-07   0.590935079E-08   0.138444047E-07
   0.766248220E-08   0.257333603E-07  -0.316369793E-07   0.171655259E-07
   0.704064895E-08   0.252218015E-07  -0.293176616E-08   0.130819720E-07
   0.384664522E-08   0.176294446E-07   0.887408458E-08   0.808077516E-08
   0.229228436E-08   0.101370459E-07   0.361444874E-08   0.484811391E-08
   0.118720522E-08   0.382268883E-08   0.662406885E-08  -0.142500914E-09
   0.530358824E-08   0.158271920E-07  -0.218407903E-09   0.127492517E-08
   0.966206226E-08   0.141149821E-07  -0.435837570E-07   0.336406614E-08
   0.221989112E-07   0.356052752E-07  -0.116648359E-06   0.139531373E-07
   0.631171631E-07   0.103216060E-06  -0.345814613E-06   0.459258374E-07
   0.128393964E-06   0.212256040E-06  -0.725998575E-06   0.108614309E-06
   0.215717392E-06   0.367298099E-06  -0.122548602E-05   0.185882783E-06
   0.321363245E-06   0.532505567E-06  -0.180030247E-05   0.273950832E-06
   0.481145662E-06   0.784286158E-06  -0.265255267E-05   0.396869893E-06
   0.627365750E-06   0.101610749E-05  -0.341468922E-05   0.510014331E-06
   0.768832820E-06   0.122806500E-05  -0.409995255E-05   0.596974076E-06
   0.820129287E-06   0.129318141E-05  -0.426591669E-05   0.601003649E-06
   0.839061045E-06   0.130379965E-05  -0.423248230E-05   0.593022776E-06
   0.610800043E-06   0.933022307E-06  -0.293813946E-05   0.409318062E-06
   0.371933027E-06   0.554797055E-06  -0.164868663E-05   0.232322094E-06
   0.259784770E-06   0.339210715E-06  -0.110233441E-05   0.161333361E-06
   0.727687564E-06   0.897672976E-06  -0.360651688E-05   0.481171696E-06
   0.225760323E-05   0.281879602E-05  -0.112300613E-04   0.141078158E-05
   0.599007444E-05   0.759328577E-05  -0.292951627E-04   0.349865172E-05
   0.133816029E-04   0.167664166E-04  -0.635292527E-04   0.727727183E-05
   0.258251930E-04   0.320468134E-04  -0.119069722E-03   0.130526860E-04
   0.466484889E-04   0.570613738E-04  -0.208331825E-03   0.217266534E-04
   0.769334656E-04   0.926168868E-04  -0.331954274E-03   0.330656767E-04
   0.118874173E-03   0.141286873E-03  -0.494480424E-03   0.466649071E-04
   0.175863272E-03   0.206335288E-03  -0.702239224E-03   0.625725297E-04
   0.250166835E-03   0.290542346E-03  -0.954968971E-03   0.798850888E-04
   0.345490873E-03   0.398167816E-03  -0.125428732E-02   0.984483631E-04
   0.462037628E-03   0.531026686E-03  -0.158374081E-02   0.115655494E-03
   0.606681104E-03   0.698883960E-03  -0.194865139E-02   0.130877510E-03
   0.783103693E-03   0.908156100E-03  -0.233401288E-02   0.143713609E-03
   0.100205326E-02   0.117481383E-02  -0.274209073E-02   0.153959190E-03
   0.127264252E-02   0.151358591E-02  -0.315790414E-02   0.160214506E-03
   0.160877814E-02   0.194555917E-02  -0.356433797E-02   0.160650248E-03
   0.202940847E-02   0.249551749E-02  -0.395266153E-02   0.156492664E-03
   0.254884362E-02   0.318409875E-02  -0.427037617E-02   0.145379687E-03
   0.317223230E-02   0.401667599E-02  -0.445184344E-02   0.126878411E-03
   0.388248265E-02   0.497001689E-02  -0.438981783E-02   0.100656667E-03
   0.462801894E-02   0.597402034E-02  -0.395572372E-02   0.685113191E-04
   0.530417450E-02   0.688713090E-02  -0.304619526E-02   0.353597025E-04
   0.579097029E-02   0.754282530E-02  -0.167183043E-02   0.967090909E-05
   0.596807245E-02   0.778382085E-02  -0.428933777E-08   0.000000000E+00
