   0.596401952E-01   0.434832871E+00  -0.837282119E-10   0.000000000E+00
   0.555294082E-01   0.405281991E+00   0.315275900E-01   0.195543122E-03
   0.452658087E-01   0.331473678E+00   0.507938303E-01   0.627964619E-03
   0.331825055E-01   0.244446680E+00   0.547510944E-01   0.101110456E-02
   0.226724166E-01   0.168478712E+00   0.484901220E-01   0.118548272E-02
   0.149190333E-01   0.112174071E+00   0.384587646E-01   0.116900646E-02
   0.975118205E-02   0.743365809E-01   0.288532544E-01   0.104304717E-02
   0.647029141E-02   0.500789508E-01   0.212306883E-01   0.894332246E-03
   0.442701112E-02   0.347479321E-01   0.157105178E-01   0.758389244E-03
   0.314622140E-02   0.249596145E-01   0.118685588E-01   0.649886846E-03
   0.232116296E-02   0.185181275E-01   0.920016784E-02   0.563702430E-03
   0.176894548E-02   0.141218817E-01   0.731378514E-02   0.501074828E-03
   0.137969141E-02   0.109675052E-01   0.591812562E-02   0.445306709E-03
   0.109229865E-02   0.861581694E-02   0.484225573E-02   0.398713251E-03
   0.870528806E-03   0.679770345E-02   0.397286331E-02   0.355079363E-03
   0.694954768E-03   0.536424667E-02   0.325522083E-02   0.312656019E-03
   0.552764919E-03   0.421422487E-02   0.264817756E-02   0.272520207E-03
   0.437938463E-03   0.329457573E-02   0.214108708E-02   0.234514679E-03
   0.342856714E-03   0.254777959E-02   0.170483789E-02   0.197533518E-03
   0.265535025E-03   0.195049879E-02   0.133992138E-02   0.163220568E-03
   0.202349795E-03   0.147187035E-02   0.103312184E-02   0.131631314E-03
   0.152104098E-03   0.109573908E-02   0.783605210E-03   0.104276616E-03
   0.112200614E-03   0.801482471E-03   0.581231900E-03   0.807625547E-04
   0.810978963E-04   0.575894141E-03   0.421327481E-03   0.606919057E-04
   0.575358208E-04   0.406738196E-03   0.298959261E-03   0.446809318E-04
   0.394358176E-04   0.278619322E-03   0.203528398E-03   0.315234502E-04
   0.264191149E-04   0.186853693E-03   0.134768299E-03   0.215573946E-04
   0.169900304E-04   0.120901357E-03   0.847311239E-04   0.140841585E-04
   0.105933632E-04   0.762109194E-04   0.511162325E-04   0.877871298E-05
   0.632815454E-05   0.461784693E-04   0.288424781E-04   0.512326369E-05
   0.361044908E-05   0.273022233E-04   0.152091525E-04   0.277505728E-05
   0.188790693E-05   0.152074826E-04   0.674725970E-05   0.127434555E-05
   0.971886493E-06   0.848664240E-05   0.264398159E-05   0.505073444E-06
   0.482892631E-06   0.481582038E-05   0.764677509E-06   0.134345001E-06
   0.300991019E-06   0.320696927E-05   0.467707736E-06   0.779798484E-07
   0.225179448E-06   0.245595584E-05   0.593529251E-06   0.114443310E-06
   0.216754060E-06   0.227434271E-05   0.984141366E-06   0.214028248E-06
   0.227905559E-06   0.220744619E-05   0.132426453E-05   0.335002511E-06
   0.246518624E-06   0.229840612E-05   0.163137486E-05   0.483138365E-06
   0.219896933E-06   0.207557423E-05   0.154136319E-05   0.522622656E-06
   0.224601791E-06   0.199354531E-05   0.146615298E-05   0.622844937E-06
   0.234545141E-06   0.184120984E-05   0.126605141E-05   0.673457805E-06
   0.233429660E-06   0.163384379E-05   0.838496817E-06   0.724677307E-06
   0.233712370E-06   0.152265488E-05   0.610563518E-06   0.741502561E-06
   0.280780313E-06   0.137251413E-05   0.141507570E-06   0.760837111E-06
   0.293463472E-06   0.125494876E-05  -0.223547531E-06   0.760284308E-06
   0.395257246E-06   0.123561051E-05  -0.676272634E-06   0.784106589E-06
   0.439377544E-06   0.113791600E-05  -0.115826651E-05   0.744213651E-06
   0.528309329E-06   0.116135755E-05  -0.150845767E-05   0.734428227E-06
   0.671923146E-06   0.126264774E-05  -0.185749377E-05   0.747280922E-06
   0.756025770E-06   0.132795412E-05  -0.213285148E-05   0.715319914E-06
   0.883766518E-06   0.143065665E-05  -0.233683500E-05   0.691543221E-06
   0.881199526E-06   0.139416193E-05  -0.216753278E-05   0.568150995E-06
   0.808338427E-06   0.122266511E-05  -0.161076650E-05   0.397185573E-06
   0.817777902E-06   0.121798666E-05  -0.119477795E-05   0.300753953E-06
   0.899226677E-06   0.127849944E-05  -0.754343830E-06   0.183495743E-06
   0.117303205E-05   0.159392664E-05  -0.558586976E-06   0.126320245E-06
   0.193742994E-05   0.248496895E-05  -0.126880832E-05   0.227160442E-06
   0.351610015E-05   0.438089319E-05  -0.354893086E-05   0.608926371E-06
   0.669436895E-05   0.822820493E-05  -0.926041776E-05   0.154792247E-05
   0.120158338E-04   0.146902339E-04  -0.192700136E-04   0.313748478E-05
   0.208385773E-04   0.251412057E-04  -0.361282582E-04   0.573818852E-05
   0.348115173E-04   0.419901189E-04  -0.637723133E-04   0.989595992E-05
   0.549878314E-04   0.657565615E-04  -0.102208469E-03   0.155073831E-04
   0.851710138E-04   0.101537655E-03  -0.160193478E-03   0.235113712E-04
   0.126341198E-03   0.150664535E-03  -0.237245127E-03   0.336166304E-04
   0.181699346E-03   0.216187749E-03  -0.336643483E-03   0.461458476E-04
   0.257321866E-03   0.305947295E-03  -0.469559454E-03   0.621131039E-04
   0.353662705E-03   0.420442317E-03  -0.630172261E-03   0.805532618E-04
   0.477780239E-03   0.569207885E-03  -0.829178898E-03   0.101317884E-03
   0.635070435E-03   0.757799018E-03  -0.106864527E-02   0.126324579E-03
   0.829713885E-03   0.994301285E-03  -0.134938059E-02   0.152311899E-03
   0.107150769E-02   0.129058852E-02  -0.168015936E-02   0.181875424E-03
   0.136439595E-02   0.165528792E-02  -0.205578259E-02   0.211406412E-03
   0.171686779E-02   0.210051471E-02  -0.247627101E-02   0.243645089E-03
   0.215047947E-02   0.265747495E-02  -0.296828523E-02   0.277093757E-03
   0.267949793E-02   0.334863761E-02  -0.353179732E-02   0.311258511E-03
   0.333737000E-02   0.422015274E-02  -0.419724267E-02   0.350443675E-03
   0.417872751E-02   0.534847705E-02  -0.501550455E-02   0.395499927E-03
   0.529440213E-02   0.685864920E-02  -0.606429856E-02   0.444954669E-03
   0.684242649E-02   0.896151550E-02  -0.748161646E-02   0.508964062E-03
   0.908829272E-02   0.120156147E-01  -0.946800690E-02   0.589863630E-03
   0.125010135E-01   0.166548658E-01  -0.123260263E-01   0.688281492E-03
   0.178038199E-01   0.238701738E-01  -0.163847059E-01   0.804028765E-03
   0.261517558E-01   0.352613479E-01  -0.219443794E-01   0.924224907E-03
   0.390207097E-01   0.528979227E-01  -0.288197380E-01   0.100632198E-02
   0.579644106E-01   0.790032744E-01  -0.358408950E-01   0.994770322E-03
   0.832651779E-01   0.114059955E+00  -0.399943627E-01   0.825862226E-03
   0.111984581E+00   0.154045984E+00  -0.367617868E-01   0.502649753E-03
   0.136157304E+00   0.187846467E+00  -0.226826575E-01   0.154745780E-03
   0.145825639E+00   0.201397225E+00  -0.448420110E-07   0.000000000E+00
