   0.616360843E+00   0.373823500E+01   0.145461371E-06   0.000000000E+00
   0.555430889E+00   0.336993146E+01   0.109280042E+00   0.707818661E-03
   0.414941281E+00   0.251965714E+01   0.163537487E+00   0.211259071E-02
   0.269939035E+00   0.164115667E+01   0.159962460E+00   0.308928592E-02
   0.161288053E+00   0.981592715E+00   0.127733111E+00   0.327312970E-02
   0.923867226E-01   0.562087536E+00   0.914974064E-01   0.290619000E-02
   0.523748063E-01   0.317576289E+00   0.619434081E-01   0.233091996E-02
   0.301294681E-01   0.181017533E+00   0.409169570E-01   0.175971468E-02
   0.179948192E-01   0.106161334E+00   0.269663986E-01   0.128516031E-02
   0.114121446E-01   0.653963163E-01   0.180795752E-01   0.929134956E-03
   0.779524632E-02   0.429807529E-01   0.125008980E-01   0.680030440E-03
   0.577463908E-02   0.304999929E-01   0.904669706E-02   0.505944656E-03
   0.459159026E-02   0.233107470E-01   0.688853953E-02   0.393369817E-03
   0.385015691E-02   0.189423654E-01   0.551342219E-02   0.321434607E-03
   0.334001635E-02   0.160749946E-01   0.460395357E-02   0.272570323E-03
   0.295259757E-02   0.140118133E-01   0.396338990E-02   0.241640795E-03
   0.263057090E-02   0.123780342E-01   0.347739644E-02   0.219467329E-03
   0.234611752E-02   0.109873265E-01   0.308009190E-02   0.200846116E-03
   0.208735955E-02   0.974948704E-02   0.273570372E-02   0.185186364E-03
   0.185030675E-02   0.862896908E-02   0.242739776E-02   0.171180320E-03
   0.163184025E-02   0.759857520E-02   0.214439980E-02   0.157015587E-03
   0.143054652E-02   0.665740110E-02   0.188330153E-02   0.142063815E-03
   0.124726992E-02   0.578956306E-02   0.163973588E-02   0.128235537E-03
   0.108318299E-02   0.501182303E-02   0.141993177E-02   0.114678835E-03
   0.934634125E-03   0.430631125E-02   0.121728342E-02   0.100615740E-03
   0.801854825E-03   0.367464637E-02   0.103342452E-02   0.868214556E-04
   0.687035674E-03   0.312511274E-02   0.873947283E-03   0.745427969E-04
   0.585376867E-03   0.263401074E-02   0.729273364E-03   0.629925053E-04
   0.497718051E-03   0.220914558E-02   0.604327070E-03   0.524363022E-04
   0.421375706E-03   0.183860527E-02   0.494487991E-03   0.429650790E-04
   0.356282340E-03   0.152368459E-02   0.401592202E-03   0.345863700E-04
   0.300976972E-03   0.125723437E-02   0.323563319E-03   0.273786718E-04
   0.254890649E-03   0.103203394E-02   0.258547982E-03   0.215100281E-04
   0.216310917E-03   0.842342561E-03   0.204526441E-03   0.164970406E-04
   0.183761163E-03   0.683928723E-03   0.159693795E-03   0.123826130E-04
   0.157380331E-03   0.548548182E-03   0.122142592E-03   0.904452918E-05
   0.135569891E-03   0.442569115E-03   0.937090444E-04   0.654191854E-05
   0.118604141E-03   0.354347052E-03   0.709400774E-04   0.459582816E-05
   0.104393454E-03   0.284071517E-03   0.531496080E-04   0.314689942E-05
   0.933994816E-04   0.226932520E-03   0.391352260E-04   0.210452936E-05
   0.845134928E-04   0.180776100E-03   0.279006690E-04   0.129493969E-05
   0.788105172E-04   0.145021171E-03   0.197799091E-04   0.796062011E-06
   0.743233468E-04   0.117989905E-03   0.136968229E-04   0.464095194E-06
   0.716613431E-04   0.966464795E-04   0.852864923E-05   0.224731167E-06
   0.713863774E-04   0.824520612E-04   0.501421664E-05   0.118173077E-06
   0.723449557E-04   0.726077997E-04   0.160049831E-05   0.919252088E-07
   0.753730201E-04   0.677071002E-04  -0.164369987E-05   0.151835906E-06
   0.799898116E-04   0.671798553E-04  -0.486897852E-05   0.313220397E-06
   0.872471719E-04   0.713942427E-04  -0.869668929E-05   0.662715479E-06
   0.962502309E-04   0.797206158E-04  -0.133608128E-04   0.115492071E-05
   0.109850123E-03   0.939642414E-04  -0.198839462E-04   0.205057268E-05
   0.125414124E-03   0.112700531E-03  -0.275775983E-04   0.316552087E-05
   0.146532446E-03   0.138830757E-03  -0.386063657E-04   0.487613988E-05
   0.172423461E-03   0.172685075E-03  -0.529505960E-04   0.711842040E-05
   0.203608346E-03   0.214351516E-03  -0.703294572E-04   0.995047958E-05
   0.243247167E-03   0.267438270E-03  -0.934591735E-04   0.137416100E-04
   0.291096338E-03   0.331011630E-03  -0.121227036E-03   0.185596655E-04
   0.348718517E-03   0.408780674E-03  -0.155716640E-03   0.244969215E-04
   0.418455340E-03   0.502776355E-03  -0.198106121E-03   0.317812955E-04
   0.502248353E-03   0.616690784E-03  -0.250308542E-03   0.403329686E-04
   0.599977444E-03   0.749532541E-03  -0.310771284E-03   0.503388947E-04
   0.715863716E-03   0.906265283E-03  -0.382601516E-03   0.622648295E-04
   0.849865493E-03   0.108834961E-02  -0.465401186E-03   0.753907225E-04
   0.100502395E-02   0.130005402E-02  -0.561219873E-03   0.904487897E-04
   0.118210481E-02   0.154039718E-02  -0.668534660E-03   0.106431449E-03
   0.138702511E-02   0.181739812E-02  -0.791833329E-03   0.125088874E-03
   0.161446899E-02   0.212664623E-02  -0.926142151E-03   0.144219463E-03
   0.186904892E-02   0.247038947E-02  -0.107269583E-02   0.165081205E-03
   0.215474679E-02   0.285778334E-02  -0.123576343E-02   0.186215591E-03
   0.246968749E-02   0.328458776E-02  -0.141171191E-02   0.208644633E-03
   0.280656060E-02   0.374254864E-02  -0.159495720E-02   0.229294310E-03
   0.318033714E-02   0.424891431E-02  -0.179681252E-02   0.251861289E-03
   0.358685735E-02   0.479478342E-02  -0.201365119E-02   0.276616833E-03
   0.403426448E-02   0.539775006E-02  -0.225545419E-02   0.298369239E-03
   0.453561638E-02   0.606651604E-02  -0.253279228E-02   0.323816319E-03
   0.513670733E-02   0.686358474E-02  -0.288119260E-02   0.353190262E-03
   0.590002956E-02   0.786726177E-02  -0.334395282E-02   0.387365726E-03
   0.696319016E-02   0.925676525E-02  -0.400738651E-02   0.435013033E-03
   0.858459063E-02   0.113701504E-01  -0.501461653E-02   0.495268847E-03
   0.112469075E-01   0.148475794E-01  -0.660211826E-02   0.589390402E-03
   0.158407167E-01   0.208754782E-01  -0.914095528E-02   0.723428908E-03
   0.240260530E-01   0.316719525E-01  -0.132161705E-01   0.908627233E-03
   0.388590805E-01   0.513545536E-01  -0.197140351E-01   0.116576999E-02
   0.658900142E-01   0.874185860E-01  -0.298521277E-01   0.149828824E-02
   0.114982873E+00   0.153270781E+00  -0.450989082E-01   0.189825695E-02
   0.202759296E+00   0.271513194E+00  -0.665343106E-01   0.229171035E-02
   0.353231549E+00   0.474923909E+00  -0.928311124E-01   0.252279476E-02
   0.589982986E+00   0.795855343E+00  -0.116293773E+00   0.234863511E-02
   0.905912459E+00   0.122503543E+01  -0.119016074E+00   0.159286754E-02
   0.121264613E+01   0.164231873E+01  -0.796416849E-01   0.531297002E-03
   0.134596646E+01   0.182373905E+01  -0.237572493E-06   0.000000000E+00
