   0.970629007E-01   0.692387283E+00  -0.703738803E-10   0.000000000E+00
   0.886527374E-01   0.632744372E+00   0.487480983E-01   0.303059816E-03
   0.686114132E-01   0.490530670E+00   0.746064559E-01   0.924087246E-03
   0.468679927E-01   0.336181760E+00   0.749777481E-01   0.138431729E-02
   0.296189543E-01   0.213702589E+00   0.614327565E-01   0.150451669E-02
   0.180860031E-01   0.131619111E+00   0.451482609E-01   0.136864209E-02
   0.110433083E-01   0.813988224E-01   0.315426439E-01   0.114438904E-02
   0.692692585E-02   0.518645979E-01   0.217981916E-01   0.916999532E-03
   0.453804759E-02   0.345886387E-01   0.153126018E-01   0.737495022E-03
   0.312938518E-02   0.242656581E-01   0.111185517E-01   0.605014735E-03
   0.226665125E-02   0.178316180E-01   0.839491654E-02   0.513268169E-03
   0.171009474E-02   0.135906711E-01   0.657190802E-02   0.447435974E-03
   0.132692116E-02   0.106073441E-01   0.527896406E-02   0.396107411E-03
   0.104756944E-02   0.839249790E-02   0.430858647E-02   0.352852192E-03
   0.834561069E-03   0.667936495E-02   0.354346144E-02   0.314353732E-03
   0.665364380E-03   0.530825555E-02   0.290896394E-02   0.279468746E-03
   0.528949255E-03   0.420150021E-02   0.237649889E-02   0.242877533E-03
   0.417215429E-03   0.329622347E-02   0.192013767E-02   0.208513680E-03
   0.326170935E-03   0.256234920E-02   0.153407583E-02   0.175938025E-03
   0.251163146E-03   0.196383521E-02   0.120299659E-02   0.145023441E-03
   0.191210362E-03   0.148775184E-02   0.930463255E-03   0.117318494E-03
   0.143739540E-03   0.111279264E-02   0.708842883E-03   0.933336487E-04
   0.105769905E-03   0.816149404E-03   0.526292366E-03   0.721887118E-04
   0.767478778E-04   0.590089592E-03   0.384279905E-03   0.548534372E-04
   0.541562367E-04   0.417122792E-03   0.271861034E-03   0.400383906E-04
   0.372885079E-04   0.287849020E-03   0.186410150E-03   0.284945563E-04
   0.249931181E-04   0.193964777E-03   0.123662321E-03   0.195154298E-04
   0.161789339E-04   0.127103500E-03   0.785986558E-04   0.127309568E-04
   0.102897475E-04   0.817462496E-04   0.486418830E-04   0.815467774E-05
   0.604920297E-05   0.495339082E-04   0.269499906E-04   0.463929291E-05
   0.348970548E-05   0.294542751E-04   0.142273375E-04   0.251820711E-05
   0.192455650E-05   0.170462372E-04   0.680954918E-05   0.121767016E-05
   0.103344382E-05   0.969106895E-05   0.286637669E-05   0.500278361E-06
   0.546492402E-06   0.555332645E-05   0.100658895E-05   0.156448849E-06
   0.324399366E-06   0.350650862E-05   0.486537715E-06   0.801448934E-07
   0.236472331E-06   0.247869821E-05   0.497893268E-06   0.864737615E-07
   0.210163208E-06   0.207145968E-05   0.751119387E-06   0.166838603E-06
   0.212646384E-06   0.196213705E-05   0.105883407E-05   0.274188523E-06
   0.210174690E-06   0.186516411E-05   0.121986591E-05   0.356975079E-06
   0.221969643E-06   0.180896279E-05   0.129478042E-05   0.453715813E-06
   0.185570812E-06   0.162668027E-05   0.115497085E-05   0.479861853E-06
   0.187429734E-06   0.149490245E-05   0.979684842E-06   0.532886702E-06
   0.173860201E-06   0.138307382E-05   0.807544779E-06   0.557569649E-06
   0.199462050E-06   0.124177143E-05   0.474913037E-06   0.591186108E-06
   0.219043841E-06   0.111197062E-05   0.139944490E-06   0.600882345E-06
   0.233194427E-06   0.949674302E-06  -0.263516625E-06   0.579742334E-06
   0.352239027E-06   0.100741465E-05  -0.668323935E-06   0.638173731E-06
   0.368539986E-06   0.912441806E-06  -0.935754485E-06   0.588916862E-06
   0.550806817E-06   0.106578011E-05  -0.138896758E-05   0.653291579E-06
   0.548283822E-06   0.100818852E-05  -0.145593742E-05   0.589670492E-06
   0.681487734E-06   0.111025702E-05  -0.172431180E-05   0.592817571E-06
   0.711068878E-06   0.110759061E-05  -0.170422152E-05   0.530294415E-06
   0.741086637E-06   0.111509553E-05  -0.159018759E-05   0.461407325E-06
   0.756894053E-06   0.110094686E-05  -0.132917296E-05   0.326637434E-06
   0.789779222E-06   0.111210625E-05  -0.919928937E-06   0.247559939E-06
   0.939954646E-06   0.127653675E-05  -0.599610075E-06   0.142944643E-06
   0.134008337E-05   0.174382490E-05  -0.598612530E-06   0.123502957E-06
   0.225702433E-05   0.281127541E-05  -0.136988069E-05   0.232820625E-06
   0.398279235E-05   0.485964074E-05  -0.348122853E-05   0.579952939E-06
   0.734623700E-05   0.884513338E-05  -0.865822130E-05   0.141149042E-05
   0.132820669E-04   0.159071642E-04  -0.187434016E-04   0.296602707E-05
   0.224432533E-04   0.266142251E-04  -0.341952291E-04   0.530287616E-05
   0.366562053E-04   0.431959306E-04  -0.585805501E-04   0.882119002E-05
   0.580573687E-04   0.680591547E-04  -0.953796916E-04   0.140078546E-04
   0.889785733E-04   0.103779697E-03  -0.147799627E-03   0.211557126E-04
   0.131133973E-03   0.152498324E-03  -0.217118897E-03   0.300428364E-04
   0.188830119E-03   0.219006964E-03  -0.309377880E-03   0.414424539E-04
   0.266300427E-03   0.308017130E-03  -0.429156818E-03   0.556882114E-04
   0.364789739E-03   0.421739387E-03  -0.573785743E-03   0.716035138E-04
   0.494743814E-03   0.572094985E-03  -0.759072485E-03   0.912625692E-04
   0.656928692E-03   0.760241703E-03  -0.977175194E-03   0.113184440E-03
   0.857350475E-03   0.995653216E-03  -0.123272289E-02   0.135972339E-03
   0.110391411E-02   0.128605904E-02  -0.152830698E-02   0.162197626E-03
   0.140263513E-02   0.164330204E-02  -0.186576939E-02   0.188140344E-03
   0.176574185E-02   0.208120281E-02  -0.225257501E-02   0.216862129E-03
   0.220526219E-02   0.261926372E-02  -0.269592390E-02   0.246092299E-03
   0.273571489E-02   0.327721564E-02  -0.320047373E-02   0.278157851E-03
   0.339391781E-02   0.410412438E-02  -0.380440475E-02   0.313657743E-03
   0.423196843E-02   0.516764680E-02  -0.455486262E-02   0.356451143E-03
   0.535195833E-02   0.659898529E-02  -0.554833608E-02   0.406715932E-03
   0.693709962E-02   0.863011647E-02  -0.694720959E-02   0.471411186E-03
   0.932978373E-02   0.116960537E-01  -0.902995281E-02   0.565130496E-03
   0.131503353E-01   0.165887363E-01  -0.122165587E-01   0.687204709E-03
   0.195190106E-01   0.247497540E-01  -0.171154793E-01   0.843301124E-03
   0.302906502E-01   0.385975577E-01  -0.243707579E-01   0.102753914E-02
   0.484571494E-01   0.620526411E-01  -0.343767442E-01   0.119636476E-02
   0.777954459E-01   0.100144930E+00  -0.461372770E-01   0.127166638E-02
   0.121058635E+00   0.156637728E+00  -0.556129292E-01   0.114152662E-02
   0.175088793E+00   0.227502450E+00  -0.548090972E-01   0.744206540E-03
   0.224428341E+00   0.292448193E+00  -0.355765373E-01   0.240658104E-03
   0.245159090E+00   0.319755077E+00  -0.842329086E-07   0.000000000E+00
