   0.171389070E-02   0.166485701E-01   0.000000000E+00   0.000000000E+00
   0.170013518E-02   0.164987426E-01   0.336758036E-03  -0.200114414E-05
   0.166167004E-02   0.160827823E-01   0.657822529E-03  -0.783789437E-05
   0.160173443E-02   0.154029755E-01   0.949081150E-03  -0.172196378E-04
   0.152728194E-02   0.145378085E-01   0.120073115E-02  -0.295574646E-04
   0.144336617E-02   0.135372048E-01   0.140657858E-02  -0.441923294E-04
   0.135447574E-02   0.124528306E-01   0.156351540E-02  -0.601150205E-04
   0.126361591E-02   0.113391327E-01   0.167310645E-02  -0.761803749E-04
   0.117903994E-02   0.102394884E-01   0.173994934E-02  -0.923254629E-04
   0.110046647E-02   0.919358991E-02   0.176966237E-02  -0.106885876E-03
   0.103012577E-02   0.821366627E-02   0.176758692E-02  -0.119756412E-03
   0.968567387E-03   0.731896982E-02   0.174086576E-02  -0.130254499E-03
   0.913996308E-03   0.650512008E-02   0.169409823E-02  -0.138157950E-03
   0.866951537E-03   0.577427028E-02   0.163315434E-02  -0.144525970E-03
   0.825016992E-03   0.512288744E-02   0.156077871E-02  -0.146603736E-03
   0.787924684E-03   0.453878706E-02   0.148039812E-02  -0.147227955E-03
   0.754977926E-03   0.401948486E-02   0.139517279E-02  -0.146495295E-03
   0.724759302E-03   0.355512090E-02   0.130658725E-02  -0.143830781E-03
   0.697218580E-03   0.314369099E-02   0.121729600E-02  -0.138880889E-03
   0.671370130E-03   0.277365674E-02   0.112716027E-02  -0.133375332E-03
   0.647361914E-03   0.244499184E-02   0.103862956E-02  -0.127157429E-03
   0.624785898E-03   0.214980938E-02   0.951793278E-03  -0.119102173E-03
   0.604064669E-03   0.189041789E-02   0.869043346E-03  -0.111599569E-03
   0.583748100E-03   0.165155565E-02   0.787202735E-03  -0.104417231E-03
   0.565426308E-03   0.144652056E-02   0.711534405E-03  -0.968184904E-04
   0.547947071E-03   0.126218819E-02   0.638921920E-03  -0.896809506E-04
   0.531524536E-03   0.109745050E-02   0.570593053E-03  -0.821625508E-04
   0.516577798E-03   0.953224138E-03   0.507344957E-03  -0.751389744E-04
   0.502906041E-03   0.830292120E-03   0.449884130E-03  -0.682145546E-04
   0.489944359E-03   0.719802745E-03   0.396171323E-03  -0.614319360E-04
   0.477885944E-03   0.624111679E-03   0.346995948E-03  -0.555010338E-04
   0.466830737E-03   0.544435228E-03   0.302910281E-03  -0.498338341E-04
   0.456439127E-03   0.475247565E-03   0.263213937E-03  -0.444083853E-04
   0.446934340E-03   0.416158960E-03   0.227895885E-03  -0.393479422E-04
   0.437909737E-03   0.366593944E-03   0.196797759E-03  -0.346225752E-04
   0.429492735E-03   0.325956673E-03   0.170158251E-03  -0.301722685E-04
   0.421308941E-03   0.293853402E-03   0.146917620E-03  -0.262743815E-04
   0.413312926E-03   0.266707968E-03   0.126806684E-03  -0.227984310E-04
   0.405750470E-03   0.244651543E-03   0.110562250E-03  -0.195191624E-04
   0.397831434E-03   0.228074568E-03   0.964186838E-04  -0.169212344E-04
   0.390250643E-03   0.215879365E-03   0.855633334E-04  -0.145559470E-04
   0.382682512E-03   0.206207740E-03   0.771487466E-04  -0.126597070E-04
   0.374886382E-03   0.200540104E-03   0.711526955E-04  -0.111114296E-04
   0.367160595E-03   0.196798006E-03   0.668923822E-04  -0.101222358E-04
   0.358915539E-03   0.195554268E-03   0.646440021E-04  -0.951134098E-05
   0.350843155E-03   0.196044755E-03   0.638836354E-04  -0.934571744E-05
   0.342374929E-03   0.198437163E-03   0.644812826E-04  -0.969262146E-05
   0.333723030E-03   0.202632582E-03   0.663288956E-04  -0.105003473E-04
   0.325490430E-03   0.207839606E-03   0.690221932E-04  -0.116966694E-04
   0.317031663E-03   0.214880361E-03   0.726483559E-04  -0.133774265E-04
   0.309109106E-03   0.223346346E-03   0.766528974E-04  -0.154618810E-04
   0.301382795E-03   0.233326267E-03   0.811981517E-04  -0.179500948E-04
   0.294037018E-03   0.245253294E-03   0.860444707E-04  -0.208469974E-04
   0.287546864E-03   0.260824861E-03   0.908960210E-04  -0.243917875E-04
   0.281804038E-03   0.277573359E-03   0.956738586E-04  -0.280517197E-04
   0.277253450E-03   0.298106635E-03   0.100383913E-03  -0.323344211E-04
   0.274658145E-03   0.323318207E-03   0.104183797E-03  -0.370377056E-04
   0.272876990E-03   0.351376017E-03   0.108224820E-03  -0.421136720E-04
   0.273441809E-03   0.384653627E-03   0.111384972E-03  -0.475893175E-04
   0.276562816E-03   0.422869925E-03   0.113677619E-03  -0.533467646E-04
   0.282405672E-03   0.467485341E-03   0.115098628E-03  -0.594695339E-04
   0.291359902E-03   0.517954759E-03   0.115748633E-03  -0.656726406E-04
   0.303132954E-03   0.576958584E-03   0.115798866E-03  -0.725227073E-04
   0.318402046E-03   0.645276508E-03   0.115218012E-03  -0.801553106E-04
   0.337535748E-03   0.720950717E-03   0.113709393E-03  -0.873926765E-04
   0.362387800E-03   0.809367048E-03   0.110696208E-03  -0.952216215E-04
   0.391827954E-03   0.908593414E-03   0.107092201E-03  -0.103104729E-03
   0.426134939E-03   0.101884617E-02   0.103060062E-03  -0.110791378E-03
   0.467440055E-03   0.114524271E-02   0.976770971E-04  -0.118893404E-03
   0.515192572E-03   0.128597801E-02   0.915669516E-04  -0.126112660E-03
   0.571519602E-03   0.144583720E-02   0.839755448E-04  -0.133679394E-03
   0.635039469E-03   0.162208208E-02   0.761889605E-04  -0.139775002E-03
   0.709131011E-03   0.182119710E-02   0.667150671E-04  -0.145245183E-03
   0.794288062E-03   0.204489380E-02   0.563600697E-04  -0.150942025E-03
   0.893511286E-03   0.229569990E-02   0.430548243E-04  -0.153059184E-03
   0.100775145E-02   0.257689483E-02   0.281997982E-04  -0.154465524E-03
   0.113898772E-02   0.289100176E-02   0.109805187E-04  -0.153653978E-03
   0.129106303E-02   0.324389036E-02  -0.888593695E-05  -0.150634849E-03
   0.146486319E-02   0.363637134E-02  -0.308408271E-04  -0.145142141E-03
   0.166290149E-02   0.406987639E-02  -0.552581187E-04  -0.136953473E-03
   0.188763079E-02   0.455228984E-02  -0.811249192E-04  -0.125649123E-03
   0.213627191E-02   0.507012056E-02  -0.106799387E-03  -0.112371250E-03
   0.240797875E-02   0.562356738E-02  -0.129912834E-03  -0.974008581E-04
   0.269559957E-02   0.620186049E-02  -0.148623556E-03  -0.806591706E-04
   0.299518183E-02   0.679208012E-02  -0.160102631E-03  -0.636638579E-04
   0.328739709E-02   0.735651469E-02  -0.161086093E-03  -0.471095045E-04
   0.355817517E-02   0.787505787E-02  -0.150122913E-03  -0.317473859E-04
   0.379644451E-02   0.833324343E-02  -0.127312713E-03  -0.184868059E-04
   0.398393627E-02   0.868553948E-02  -0.926884895E-04  -0.845130307E-05
   0.409838744E-02   0.889541581E-02  -0.486938552E-04  -0.215581713E-05
   0.413834956E-02   0.897313282E-02  -0.137303571E-09   0.000000000E+00
