   0.828892080E-04   0.751447678E-02   0.180995929E-08   0.000000000E+00
   0.863908062E-04   0.731590809E-02   0.103337504E-02   0.575532340E-05
   0.953066483E-04   0.676772650E-02   0.190884026E-02   0.211484930E-04
   0.107277454E-03   0.597185409E-02   0.252507790E-02   0.418292948E-04
   0.118453179E-03   0.505543267E-02   0.284789875E-02   0.622891093E-04
   0.126155428E-03   0.414027739E-02   0.291328132E-02   0.785990342E-04
   0.128258427E-03   0.329926191E-02   0.277650892E-02   0.886490743E-04
   0.124423939E-03   0.256678415E-02   0.250628660E-02   0.919105732E-04
   0.115098475E-03   0.195308949E-02   0.215983717E-02   0.898768412E-04
   0.101476755E-03   0.145400257E-02   0.178471894E-02   0.824645904E-04
   0.852754238E-04   0.105702085E-02   0.141553709E-02   0.720686439E-04
   0.681525562E-04   0.746936421E-03   0.107504125E-02   0.595621459E-04
   0.514146013E-04   0.508316967E-03   0.774594955E-03   0.464900259E-04
   0.368371402E-04   0.332402939E-03   0.531677972E-03   0.342747371E-04
   0.247673834E-04   0.206152166E-03   0.342556799E-03   0.234966828E-04
   0.152942193E-04   0.118423450E-03   0.201523319E-03   0.145593885E-04
   0.866243136E-05   0.623454762E-04   0.107466098E-03   0.817242199E-05
   0.440450094E-05   0.293795547E-04   0.500533206E-04   0.390312516E-05
   0.185188173E-05   0.115167732E-04   0.177853926E-04   0.138872485E-05
   0.649043614E-06   0.407206517E-05   0.434041203E-05   0.300352724E-06
   0.175115161E-06   0.184176201E-05   0.398933622E-06  -0.439789893E-08
   0.786615573E-07   0.191320032E-05   0.888811030E-06   0.978480301E-07
   0.132888118E-06   0.272642296E-05   0.277829963E-05   0.328560333E-06
   0.192826946E-06   0.307481741E-05   0.402488604E-05   0.493299694E-06
   0.229473301E-06   0.315349303E-05   0.462493108E-05   0.582414657E-06
   0.220731195E-06   0.277378967E-05   0.428307112E-05   0.547710954E-06
   0.171964572E-06   0.206585105E-05   0.332209243E-05   0.443403280E-06
   0.119250899E-06   0.138149073E-05   0.227684200E-05   0.310667673E-06
   0.759516539E-07   0.866364019E-06   0.143920613E-05   0.203792993E-06
   0.344749473E-07   0.392000203E-06   0.661048887E-06   0.967331601E-07
   0.203083914E-07   0.232340867E-06   0.386766260E-06   0.591842237E-07
   0.254290367E-08   0.367858988E-07   0.534241842E-07   0.127909647E-07
   0.100292352E-08   0.158083839E-07   0.222746142E-07   0.553057333E-08
   0.252999233E-09   0.185209503E-08  -0.822096169E-09   0.108643627E-08
   0.577895620E-09   0.286129809E-08   0.474113104E-08   0.395144473E-09
   0.994173965E-09   0.636345376E-08   0.129353932E-07   0.102921993E-08
   0.185100191E-08   0.109982112E-07   0.205845261E-07   0.155125524E-08
   0.496839148E-08   0.332374803E-07   0.409757845E-07   0.789222465E-08
   0.500289499E-08   0.252917580E-07   0.157170703E-07   0.569427128E-08
   0.293674418E-08   0.239483526E-07   0.446619239E-07   0.570199488E-08
   0.217526996E-08   0.148802632E-07   0.218313847E-07   0.336323192E-08
   0.220844121E-08   0.172274728E-07   0.349075435E-07   0.391206179E-08
   0.303627290E-09   0.169104508E-08   0.352583340E-08   0.282057461E-09
   0.144092704E-08   0.105134994E-07   0.526966870E-08   0.380270082E-08
   0.294649111E-09   0.265810085E-08   0.210302598E-08   0.100641706E-08
   0.394245636E-09   0.160371427E-08  -0.280144796E-08   0.105403075E-08
   0.947708911E-09   0.251180521E-08  -0.100100497E-07   0.176891535E-08
   0.156929214E-08   0.365082298E-08  -0.159974540E-07   0.240064879E-08
   0.242450660E-08   0.564482239E-08  -0.244552414E-07   0.373008957E-08
   0.351797214E-08   0.743856177E-08  -0.339097284E-07   0.458622385E-08
   0.140430139E-07   0.388789800E-07  -0.132820801E-06   0.212702620E-07
   0.799792055E-08   0.177685120E-07  -0.799166102E-07   0.112609930E-07
   0.106387024E-07   0.242454483E-07  -0.106502519E-06   0.148389301E-07
   0.628579100E-08   0.149727200E-07  -0.585822839E-07   0.789562105E-08
   0.973375514E-08   0.221610001E-07  -0.934027611E-07   0.124150361E-07
   0.671412304E-08   0.139744021E-07  -0.647401635E-07   0.863318927E-08
   0.189225413E-08   0.437502701E-08  -0.175817476E-07   0.236406761E-08
   0.720097176E-10   0.302751463E-09  -0.103864764E-10   0.116390064E-09
   0.560579938E-08   0.153742388E-07  -0.546848753E-07   0.107174607E-07
   0.258356927E-07   0.623806002E-07  -0.248000561E-06   0.414743830E-07
   0.736237737E-07   0.165948265E-06  -0.690326317E-06   0.989018432E-07
   0.144126190E-06   0.314870732E-06  -0.131658862E-05   0.181119717E-06
   0.349656858E-06   0.734234504E-06  -0.310942187E-05   0.412113934E-06
   0.542324869E-06   0.111034490E-05  -0.468748885E-05   0.608969970E-06
   0.794711866E-06   0.158394437E-05  -0.662480488E-05   0.829326609E-06
   0.104714741E-05   0.203609852E-05  -0.835118226E-05   0.101412161E-05
   0.117133698E-05   0.221148071E-05  -0.875980913E-05   0.104737978E-05
   0.122482743E-05   0.224169639E-05  -0.822501897E-05   0.928209602E-06
   0.106696984E-05   0.184641965E-05  -0.568940595E-05   0.641364124E-06
   0.729949534E-06   0.108898450E-05  -0.179691222E-05   0.221778336E-06
   0.842753423E-06   0.102205843E-05  -0.832280421E-06   0.155578476E-06
   0.204401954E-05   0.250791845E-05  -0.713697909E-05   0.809219671E-06
   0.598051656E-05   0.791784350E-05  -0.321647422E-04   0.318948537E-05
   0.145514023E-04   0.197293284E-04  -0.858411440E-04   0.785092834E-05
   0.306947732E-04   0.415627728E-04  -0.183592812E-03   0.157263439E-04
   0.562185778E-04   0.753591376E-04  -0.327446818E-03   0.262808535E-04
   0.946456712E-04   0.125363425E-03  -0.528890931E-03   0.396568612E-04
   0.149653846E-03   0.196181980E-03  -0.795105065E-03   0.554034923E-04
   0.223035342E-03   0.290110911E-03  -0.111409870E-02   0.719020318E-04
   0.317334605E-03   0.411531015E-03  -0.147493766E-02   0.875848782E-04
   0.434469635E-03   0.564410351E-03  -0.185726897E-02   0.101061989E-03
   0.578756386E-03   0.756905007E-03  -0.224977103E-02   0.110925306E-03
   0.750956009E-03   0.992453890E-03  -0.261354423E-02   0.116167081E-03
   0.954849471E-03   0.127823197E-02  -0.292344391E-02   0.115679635E-03
   0.119158463E-02   0.161660975E-02  -0.314011844E-02   0.108524779E-03
   0.145760737E-02   0.200189557E-02  -0.321025844E-02   0.943224659E-04
   0.174231024E-02   0.241681538E-02  -0.307426788E-02   0.735813010E-04
   0.202483940E-02   0.282899663E-02  -0.268303021E-02   0.489325030E-04
   0.227080542E-02   0.318802125E-02  -0.200897059E-02   0.248237047E-04
   0.244012405E-02   0.343428366E-02  -0.108109869E-02   0.672716942E-05
   0.250002556E-02   0.352099957E-02  -0.225173502E-08   0.000000000E+00
