   0.146452159E+00   0.102078080E+01   0.119232624E-06   0.000000000E+00
   0.131830573E+00   0.919094384E+00   0.694555044E-01   0.434337533E-03
   0.981804579E-01   0.684962630E+00   0.102399312E+00   0.127740717E-02
   0.637231544E-01   0.445224375E+00   0.979250968E-01   0.182219781E-02
   0.381857902E-01   0.267608315E+00   0.761819631E-01   0.187400507E-02
   0.221672319E-01   0.156318069E+00   0.532923043E-01   0.163113640E-02
   0.129445000E-01   0.921991244E-01   0.355740562E-01   0.129591045E-02
   0.782299228E-02   0.565622672E-01   0.236158744E-01   0.999711454E-03
   0.498073921E-02   0.367063507E-01   0.160241239E-01   0.772754254E-03
   0.337133650E-02   0.253803320E-01   0.113381529E-01   0.620802923E-03
   0.241761119E-02   0.185691062E-01   0.841400400E-02   0.516451721E-03
   0.181534514E-02   0.141813662E-01   0.651850924E-02   0.446646358E-03
   0.140874810E-02   0.111445785E-01   0.522047188E-02   0.393480470E-03
   0.111441989E-02   0.889308192E-02   0.426558265E-02   0.351860828E-03
   0.889310264E-03   0.713592954E-02   0.351571734E-02   0.312622433E-03
   0.711339060E-03   0.572430762E-02   0.290248985E-02   0.277120533E-03
   0.566110364E-03   0.456077978E-02   0.237806165E-02   0.242535607E-03
   0.448267150E-03   0.361020584E-02   0.193575700E-02   0.209423044E-03
   0.350941438E-03   0.282420078E-02   0.155286107E-02   0.177406808E-03
   0.272133126E-03   0.218692981E-02   0.123130274E-02   0.147488245E-03
   0.207750738E-03   0.166731805E-02   0.957236218E-03   0.120056604E-03
   0.156321563E-03   0.125327054E-02   0.731255976E-03   0.958613236E-04
   0.116319621E-03   0.931245857E-03   0.551395584E-03   0.752491760E-04
   0.839878339E-04   0.674784766E-03   0.401156401E-03   0.566568997E-04
   0.600492785E-04   0.483720796E-03   0.288538315E-03   0.421180230E-04
   0.420104734E-04   0.339043356E-03   0.201588759E-03   0.305367284E-04
   0.284093894E-04   0.231145721E-03   0.135161259E-03   0.210596718E-04
   0.187705882E-04   0.154446127E-03   0.879859435E-04   0.141045311E-04
   0.118190328E-04   0.993431604E-04   0.536865555E-04   0.889735384E-05
   0.741202393E-05   0.632186566E-04   0.322669221E-04   0.545245484E-05
   0.434803314E-05   0.382642211E-04   0.174277102E-04   0.300073452E-05
   0.246388277E-05   0.228228037E-04   0.880862626E-05   0.153908252E-05
   0.135490700E-05   0.130919116E-04   0.384792520E-05   0.655693100E-06
   0.783505811E-06   0.775505850E-05   0.168978806E-05   0.258222684E-06
   0.439574222E-06   0.459994135E-05   0.609862354E-06   0.774698705E-07
   0.285519718E-06   0.304398486E-05   0.412452039E-06   0.836772074E-07
   0.232958740E-06   0.230819660E-05   0.580658707E-06   0.136554505E-06
   0.217136957E-06   0.199706324E-05   0.837424182E-06   0.224223413E-06
   0.197306221E-06   0.177315485E-05   0.927760539E-06   0.327294316E-06
   0.211489436E-06   0.178262519E-05   0.115291357E-05   0.413011378E-06
   0.191124784E-06   0.157788327E-05   0.986344617E-06   0.477173785E-06
   0.209840522E-06   0.149649634E-05   0.875338912E-06   0.543054227E-06
   0.168691528E-06   0.124119208E-05   0.564244147E-06   0.530040495E-06
   0.199550996E-06   0.126463522E-05   0.497214046E-06   0.585224996E-06
   0.235775303E-06   0.110691178E-05   0.605637211E-07   0.603202125E-06
   0.252312077E-06   0.105390484E-05  -0.119099063E-06   0.609437336E-06
   0.332919740E-06   0.101502280E-05  -0.552651386E-06   0.632942431E-06
   0.420862449E-06   0.100480270E-05  -0.919517618E-06   0.634300591E-06
   0.527766872E-06   0.103890750E-05  -0.132139621E-05   0.632269405E-06
   0.529312103E-06   0.100889133E-05  -0.127311068E-05   0.593592119E-06
   0.646668809E-06   0.106222308E-05  -0.154683323E-05   0.551832557E-06
   0.736798256E-06   0.113029705E-05  -0.162198046E-05   0.517980027E-06
   0.736540699E-06   0.109151119E-05  -0.136101005E-05   0.414627067E-06
   0.790394381E-06   0.113660860E-05  -0.109818404E-05   0.331975798E-06
   0.880926450E-06   0.122230063E-05  -0.725843904E-06   0.213757886E-06
   0.114308932E-05   0.152672612E-05  -0.479962523E-06   0.135174815E-06
   0.174447212E-05   0.224346513E-05  -0.636861273E-06   0.131025217E-06
   0.313596479E-05   0.391971116E-05  -0.212100349E-05   0.360343677E-06
   0.540538940E-05   0.664173831E-05  -0.478555012E-05   0.773875115E-06
   0.985094175E-05   0.119130254E-04  -0.113195974E-04   0.179159713E-05
   0.171164138E-04   0.202788542E-04  -0.222557555E-04   0.349841093E-05
   0.280908407E-04   0.332662021E-04  -0.395137504E-04   0.600909380E-05
   0.449347281E-04   0.527349548E-04  -0.659007419E-04   0.979188371E-05
   0.693053735E-04   0.810654019E-04  -0.104093349E-03   0.150374117E-04
   0.104342151E-03   0.121307261E-03  -0.158078692E-03   0.222993876E-04
   0.153330795E-03   0.177430440E-03  -0.232295642E-03   0.317881859E-04
   0.217954279E-03   0.251549151E-03  -0.326465000E-03   0.432138768E-04
   0.303638255E-03   0.349631388E-03  -0.446982012E-03   0.572945537E-04
   0.414178881E-03   0.476866873E-03  -0.596454658E-03   0.731999608E-04
   0.554994447E-03   0.638680125E-03  -0.777564303E-03   0.920134407E-04
   0.733337947E-03   0.844529364E-03  -0.997270225E-03   0.113689071E-03
   0.953175244E-03   0.109926553E-02  -0.125293480E-02   0.137118041E-03
   0.122000009E-02   0.141173927E-02  -0.154569792E-02   0.161754564E-03
   0.154244807E-02   0.179186044E-02  -0.187865761E-02   0.188084145E-03
   0.193082402E-02   0.225471240E-02  -0.225861091E-02   0.215925800E-03
   0.239356025E-02   0.281288708E-02  -0.268564606E-02   0.243819421E-03
   0.295153656E-02   0.349371554E-02  -0.317852269E-02   0.274622027E-03
   0.363538344E-02   0.433792593E-02  -0.376504101E-02   0.307175011E-03
   0.450352905E-02   0.541844871E-02  -0.450349925E-02   0.349267415E-03
   0.566771859E-02   0.687546050E-02  -0.550419232E-02   0.404050108E-03
   0.734227104E-02   0.897607580E-02  -0.696225697E-02   0.475847221E-03
   0.993983727E-02   0.122335078E-01  -0.921605527E-02   0.578747480E-03
   0.142385187E-01   0.176212732E-01  -0.128041795E-01   0.718721072E-03
   0.216962229E-01   0.269865319E-01  -0.185452737E-01   0.915996847E-03
   0.349846818E-01   0.437290631E-01  -0.275064129E-01   0.115699670E-02
   0.585931093E-01   0.736336559E-01  -0.405798331E-01   0.141198968E-02
   0.991373509E-01   0.125266656E+00  -0.572155528E-01   0.157285330E-02
   0.163213894E+00   0.207303137E+00  -0.727033839E-01   0.148242933E-02
   0.248699084E+00   0.317261666E+00  -0.752671361E-01   0.101601542E-02
   0.331540287E+00   0.424144298E+00  -0.507112928E-01   0.340603496E-03
   0.367468148E+00   0.470577836E+00  -0.173401915E-06   0.000000000E+00
