   0.190350623E-02   0.314056799E-01   0.000000000E+00   0.000000000E+00
   0.183296006E-02   0.301772896E-01   0.303198840E-02   0.178432892E-04
   0.164634944E-02   0.268835668E-01   0.533519778E-02   0.626880428E-04
   0.139731751E-02   0.224734135E-01   0.656605698E-02   0.115770017E-03
   0.114114885E-02   0.178992376E-01   0.682363287E-02   0.160978743E-03
   0.914243283E-03   0.137984473E-01   0.643881224E-02   0.189549406E-03
   0.730490894E-03   0.104566459E-01   0.575048709E-02   0.204001000E-03
   0.587743823E-03   0.786151178E-02   0.497676758E-02   0.206973913E-03
   0.477719848E-03   0.589921838E-02   0.422897888E-02   0.201264877E-03
   0.391229201E-03   0.443705497E-02   0.354971318E-02   0.190253893E-03
   0.321235682E-03   0.333912112E-02   0.294630835E-02   0.176373185E-03
   0.263076421E-03   0.251467247E-02   0.241876789E-02   0.159193078E-03
   0.213344421E-03   0.188868842E-02   0.195686356E-02   0.139879194E-03
   0.170405765E-03   0.140891655E-02   0.155511603E-02   0.120767036E-03
   0.134036440E-03   0.104337221E-02   0.121573661E-02   0.101003294E-03
   0.102845574E-03   0.760920928E-03   0.926870620E-03   0.819896668E-04
   0.768420869E-04   0.543839124E-03   0.687516178E-03   0.646521075E-04
   0.555731458E-04   0.379470759E-03   0.493959524E-03   0.489837039E-04
   0.388074004E-04   0.256663421E-03   0.342172600E-03   0.355242300E-04
   0.260471079E-04   0.167184990E-03   0.227548095E-03   0.248750293E-04
   0.166222198E-04   0.103629442E-03   0.143418409E-03   0.163574878E-04
   0.101390215E-04   0.613362499E-04   0.861428853E-04   0.102241220E-04
   0.574242222E-05   0.334156866E-04   0.476548194E-04   0.590758282E-05
   0.288477463E-05   0.160555228E-04   0.230246587E-04   0.296733720E-05
   0.133799210E-05   0.693261154E-05   0.100204525E-04   0.134162099E-05
   0.497031522E-06   0.231032436E-05   0.325610608E-05   0.462021774E-06
   0.166634720E-06   0.731254602E-06   0.879601430E-06   0.126400963E-06
   0.724877083E-07   0.522114078E-06   0.465392276E-06   0.710561139E-07
   0.814867747E-07   0.872099633E-06   0.857324608E-06   0.113931641E-06
   0.132181668E-06   0.133160609E-05   0.148565766E-05   0.206073793E-06
   0.166590766E-06   0.153025553E-05   0.181669066E-05   0.251019230E-06
   0.172957982E-06   0.149963194E-05   0.182972349E-05   0.251235434E-06
   0.171053244E-06   0.141495298E-05   0.177255276E-05   0.244268250E-06
   0.145409714E-06   0.118265552E-05   0.150719416E-05   0.216865942E-06
   0.116485239E-06   0.909509367E-06   0.114968361E-05   0.158467898E-06
   0.820557631E-07   0.618987883E-06   0.792133164E-06   0.106722716E-06
   0.655085017E-07   0.468691582E-06   0.617457601E-06   0.784984380E-07
   0.386308905E-07   0.239572444E-06   0.293724355E-06   0.300836298E-07
   0.288060296E-07   0.151095819E-06   0.148737001E-06   0.155247228E-07
   0.158256963E-07   0.760232481E-07   0.900594586E-07   0.488243135E-08
   0.143980738E-07   0.459962486E-07   0.167061103E-07   0.164503566E-08
   0.155975837E-07   0.311756985E-07  -0.451751490E-07   0.530111954E-08
   0.603809891E-08   0.928412369E-08  -0.198333439E-07   0.141694778E-08
   0.808302136E-08   0.103882787E-07  -0.332803154E-07   0.536123057E-08
   0.283771917E-08   0.835207903E-08  -0.318937188E-08   0.447427340E-08
   0.227564700E-08   0.856089866E-08  -0.300244252E-08   0.507011544E-08
   0.159664870E-08   0.138292071E-07   0.161189799E-07   0.466577310E-08
   0.231177077E-08   0.137005447E-07   0.199589199E-07   0.290153612E-08
   0.392196409E-08   0.156094941E-07   0.123450379E-07   0.110007259E-08
   0.107819371E-07   0.189502813E-07  -0.230601973E-07   0.705202619E-09
   0.213445102E-07   0.326979155E-07  -0.665757511E-07   0.413042800E-08
   0.339392372E-07   0.409942338E-07  -0.131920743E-06   0.112450627E-07
   0.829838456E-07   0.114632243E-06  -0.359720048E-06   0.457366376E-07
   0.143843252E-06   0.214042657E-06  -0.629303656E-06   0.825482189E-07
   0.234129914E-06   0.330490394E-06  -0.103378591E-05   0.144443860E-06
   0.347893632E-06   0.498765644E-06  -0.154833458E-05   0.229037624E-06
   0.505556898E-06   0.739120878E-06  -0.224471864E-05   0.328247864E-06
   0.551733876E-06   0.786338262E-06  -0.240660438E-05   0.356586753E-06
   0.737077698E-06   0.105156471E-05  -0.316220121E-05   0.449256277E-06
   0.758124315E-06   0.107244637E-05  -0.318680623E-05   0.461429892E-06
   0.690185232E-06   0.968765562E-06  -0.279935034E-05   0.390768776E-06
   0.596121026E-06   0.826809355E-06  -0.228211616E-05   0.316412581E-06
   0.389687358E-06   0.520799745E-06  -0.131193724E-05   0.175351332E-06
   0.267702063E-06   0.316323025E-06  -0.730091642E-06   0.104522677E-06
   0.501411250E-06   0.536217385E-06  -0.164228095E-05   0.239273277E-06
   0.148820652E-05   0.164600772E-05  -0.553514110E-05   0.767802590E-06
   0.430320779E-05   0.494996402E-05  -0.166900809E-04   0.220295715E-05
   0.939625261E-05   0.107945716E-04  -0.359665682E-04   0.455289455E-05
   0.186286925E-04   0.214068768E-04  -0.700995879E-04   0.851307232E-05
   0.342493549E-04   0.389338602E-04  -0.125722567E-03   0.146930633E-04
   0.569314034E-04   0.641805163E-04  -0.203107003E-03   0.226174307E-04
   0.905920533E-04   0.100963414E-03  -0.312922843E-03   0.332988675E-04
   0.137148250E-03   0.151365981E-03  -0.457119459E-03   0.464205623E-04
   0.198177149E-03   0.216976332E-03  -0.634115655E-03   0.609641393E-04
   0.278714579E-03   0.303695677E-03  -0.853019475E-03   0.773091015E-04
   0.382276252E-03   0.415114308E-03  -0.111271522E-02   0.951513211E-04
   0.512291736E-03   0.556924846E-03  -0.140985101E-02   0.112971909E-03
   0.674505427E-03   0.737025926E-03  -0.174203387E-02   0.129742926E-03
   0.879909436E-03   0.969569257E-03  -0.211766083E-02   0.146517501E-03
   0.113967166E-02   0.127111364E-02  -0.253399974E-02   0.160993892E-03
   0.146834890E-02   0.166173710E-02  -0.298507838E-02   0.173222143E-03
   0.189568393E-02   0.217941939E-02  -0.348850386E-02   0.182993943E-03
   0.245655631E-02   0.286851940E-02  -0.404548412E-02   0.190875391E-03
   0.319686788E-02   0.378601835E-02  -0.464894716E-02   0.192106163E-03
   0.416781241E-02   0.499555422E-02  -0.526245218E-02   0.188158272E-03
   0.541519606E-02   0.655427529E-02  -0.579492655E-02   0.174554487E-03
   0.692771934E-02   0.844751298E-02  -0.604730053E-02   0.146161881E-03
   0.860607997E-02   0.105547756E-01  -0.574756227E-02   0.104774648E-03
   0.102132121E-01   0.125771770E-01  -0.462529156E-02   0.563866161E-04
   0.114114182E-01   0.140881352E-01  -0.261399406E-02   0.159473548E-04
   0.118476190E-01   0.146376286E-01  -0.797454991E-08   0.000000000E+00
