   0.520686917E-01   0.407035321E+00  -0.334658724E-10   0.000000000E+00
   0.479507223E-01   0.375160784E+00   0.302199051E-01   0.184528748E-03
   0.379405320E-01   0.297631145E+00   0.472105704E-01   0.574216188E-03
   0.267200693E-01   0.210640639E+00   0.488058254E-01   0.885714777E-03
   0.174684618E-01   0.138762519E+00   0.412525944E-01   0.991237815E-03
   0.110363169E-01   0.885917917E-01   0.312953778E-01   0.931349059E-03
   0.696542999E-02   0.566670708E-01   0.225716680E-01   0.802051858E-03
   0.450534793E-02   0.371919684E-01   0.161042083E-01   0.666383887E-03
   0.303006638E-02   0.253530722E-01   0.116510857E-01   0.551838893E-03
   0.213356339E-02   0.180301815E-01   0.868189614E-02   0.465830410E-03
   0.156780682E-02   0.133157847E-01   0.668484392E-02   0.405114552E-03
   0.119132421E-02   0.101133091E-01   0.528853806E-02   0.356009405E-03
   0.926543667E-03   0.782507844E-02   0.426458288E-02   0.317993778E-03
   0.729920284E-03   0.611197390E-02   0.347110699E-02   0.282031251E-03
   0.577932398E-03   0.478759687E-02   0.283040968E-02   0.249187025E-03
   0.457390270E-03   0.374111370E-02   0.229911855E-02   0.218268251E-03
   0.359906233E-03   0.290599884E-02   0.185156800E-02   0.187462298E-03
   0.280004140E-03   0.223374413E-02   0.146958581E-02   0.157338960E-03
   0.215795197E-03   0.169830781E-02   0.115144637E-02   0.130943925E-03
   0.163829842E-03   0.127589656E-02   0.887570961E-03   0.105517131E-03
   0.122304933E-03   0.941546052E-03   0.669646484E-03   0.837933185E-04
   0.895566118E-04   0.683611550E-03   0.494634965E-03   0.643946260E-04
   0.640686631E-04   0.485720899E-03   0.355565047E-03   0.482007927E-04
   0.448506216E-04   0.338012003E-03   0.249216857E-03   0.351998970E-04
   0.307086048E-04   0.230688194E-03   0.170437022E-03   0.249344139E-04
   0.201386702E-04   0.151354048E-03   0.110607463E-03   0.168397000E-04
   0.127582634E-04   0.965639483E-04   0.689632361E-04   0.108529721E-04
   0.780205937E-05   0.596717946E-04   0.410725916E-04   0.670482359E-05
   0.444147736E-05   0.348364629E-04   0.222147737E-04   0.375098830E-05
   0.251864981E-05   0.201796538E-04   0.117797399E-04   0.206725167E-05
   0.127693511E-05   0.107898850E-04   0.513638224E-05   0.931340651E-06
   0.624483164E-06   0.573023590E-05   0.194844847E-05   0.344396000E-06
   0.312782703E-06   0.315999660E-05   0.653524694E-06   0.890559235E-07
   0.200719171E-06   0.202933234E-05   0.400670473E-06   0.132431461E-07
   0.169253553E-06   0.166674772E-05   0.599779412E-06   0.499617414E-07
   0.180444033E-06   0.161773130E-05   0.941444341E-06   0.120518123E-06
   0.182129725E-06   0.150122548E-05   0.109643929E-05   0.163119225E-06
   0.185143961E-06   0.148443655E-05   0.124442010E-05   0.228682296E-06
   0.175913414E-06   0.141021371E-05   0.125235476E-05   0.244570202E-06
   0.162991256E-06   0.135114294E-05   0.122932011E-05   0.288058260E-06
   0.125320767E-06   0.110416954E-05   0.983354198E-06   0.278145905E-06
   0.115667419E-06   0.101114608E-05   0.876102320E-06   0.298373237E-06
   0.928026438E-07   0.758183546E-06   0.524121106E-06   0.294336076E-06
   0.903018176E-07   0.659067950E-06   0.350415718E-06   0.295113210E-06
   0.954665822E-07   0.555150223E-06   0.115709220E-06   0.294804551E-06
   0.120457358E-06   0.467533198E-06  -0.186585552E-06   0.292281015E-06
   0.168704290E-06   0.479095320E-06  -0.384081176E-06   0.310113137E-06
   0.266774350E-06   0.546331194E-06  -0.743887199E-06   0.349066966E-06
   0.312212251E-06   0.546753938E-06  -0.986627811E-06   0.321490177E-06
   0.412450049E-06   0.650307413E-06  -0.123801374E-05   0.359734941E-06
   0.526784277E-06   0.764787671E-06  -0.152540440E-05   0.386601982E-06
   0.582344057E-06   0.813439840E-06  -0.164969026E-05   0.352028337E-06
   0.705497712E-06   0.962832928E-06  -0.191281060E-05   0.365674993E-06
   0.730032582E-06   0.970860697E-06  -0.182825386E-05   0.333994905E-06
   0.723184883E-06   0.948341551E-06  -0.158771468E-05   0.256959396E-06
   0.681497625E-06   0.884024701E-06  -0.115980401E-05   0.168449930E-06
   0.693210666E-06   0.888820750E-06  -0.771265547E-06   0.127437858E-06
   0.822586912E-06   0.101319597E-05  -0.417663841E-06   0.451426772E-07
   0.129136083E-05   0.155556563E-05  -0.748056380E-06   0.125316802E-06
   0.254847532E-05   0.294940492E-05  -0.258783848E-05   0.429318817E-06
   0.496071198E-05   0.569849635E-05  -0.679115919E-05   0.111358634E-05
   0.920322782E-05   0.106174675E-04  -0.147615028E-04   0.232111347E-05
   0.170832755E-04   0.194822078E-04  -0.301978744E-04   0.461782474E-05
   0.288815772E-04   0.328128081E-04  -0.530187863E-04   0.784087388E-05
   0.463308461E-04   0.523532108E-04  -0.859565553E-04   0.123451036E-04
   0.735914000E-04   0.829251585E-04  -0.137943076E-03   0.190990268E-04
   0.111149588E-03   0.124597675E-03  -0.206449113E-03   0.277405070E-04
   0.162327953E-03   0.181480951E-03  -0.296542625E-03   0.383566257E-04
   0.231974656E-03   0.259013323E-03  -0.415183546E-03   0.515296233E-04
   0.322476757E-03   0.359244063E-03  -0.560826564E-03   0.674251569E-04
   0.439388677E-03   0.489762984E-03  -0.740394462E-03   0.853575839E-04
   0.587922463E-03   0.656846038E-03  -0.956516829E-03   0.105015795E-03
   0.774185988E-03   0.867474766E-03  -0.121139665E-02   0.127122257E-03
   0.100318273E-02   0.112936541E-02  -0.150392321E-02   0.150524967E-03
   0.128712982E-02   0.145756989E-02  -0.184533466E-02   0.176589805E-03
   0.163205469E-02   0.186307239E-02  -0.223079487E-02   0.201679446E-03
   0.205835956E-02   0.237100571E-02  -0.267959293E-02   0.229482655E-03
   0.258679921E-02   0.300990511E-02  -0.320256734E-02   0.259341876E-03
   0.325848162E-02   0.383228483E-02  -0.383608718E-02   0.293136225E-03
   0.414829655E-02   0.493186386E-02  -0.464882283E-02   0.333151460E-03
   0.538332341E-02   0.646476494E-02  -0.575150643E-02   0.384230254E-03
   0.719263591E-02   0.871306192E-02  -0.732353376E-02   0.449604820E-03
   0.999345817E-02   0.121904844E-01  -0.965197943E-02   0.533768325E-03
   0.144905997E-01   0.177728310E-01  -0.131076165E-01   0.638838217E-03
   0.218483508E-01   0.269183107E-01  -0.180775877E-01   0.753581407E-03
   0.337892771E-01   0.418131836E-01  -0.246720668E-01   0.852988625E-03
   0.523706749E-01   0.650954694E-01  -0.320596136E-01   0.878164603E-03
   0.787024498E-01   0.982633829E-01  -0.374501906E-01   0.763858901E-03
   0.110275805E+00   0.138209522E+00  -0.358650796E-01   0.484378281E-03
   0.138215601E+00   0.173671007E+00  -0.228077304E-01   0.153274479E-03
   0.149672821E+00   0.188257501E+00  -0.661410198E-07   0.000000000E+00
