   0.383766919E+00   0.225504065E+01   0.000000000E+00   0.000000000E+00
   0.345092118E+00   0.202796459E+01   0.138616771E+00   0.899819192E-03
   0.256597459E+00   0.150840032E+01   0.204614565E+00   0.264941016E-02
   0.166131988E+00   0.977473378E+00   0.196142763E+00   0.379585405E-02
   0.991611630E-01   0.584562659E+00   0.153032854E+00   0.392985111E-02
   0.571944751E-01   0.338468462E+00   0.107234567E+00   0.342131639E-02
   0.330115296E-01   0.196788549E+00   0.714087784E-01   0.272098766E-02
   0.195851736E-01   0.118160397E+00   0.469087921E-01   0.207478018E-02
   0.121804476E-01   0.747939274E-01   0.312298294E-01   0.157351454E-02
   0.804064795E-02   0.505105667E-01   0.215128753E-01   0.122570968E-02
   0.564275449E-02   0.363492481E-01   0.154972021E-01   0.984814134E-03
   0.418485003E-02   0.276339632E-01   0.117226504E-01   0.827370968E-03
   0.323910476E-02   0.218664259E-01   0.925679505E-02   0.719596981E-03
   0.257913535E-02   0.177380685E-01   0.754179200E-02   0.638465630E-03
   0.208875886E-02   0.145817706E-01   0.626856787E-02   0.577576633E-03
   0.170489412E-02   0.120484708E-01   0.526287546E-02   0.517679262E-03
   0.139389478E-02   0.994689669E-02   0.442838948E-02   0.463752600E-03
   0.113552727E-02   0.816879794E-02   0.370938284E-02   0.411618676E-03
   0.920600782E-03   0.666379556E-02   0.308764935E-02   0.361733953E-03
   0.738607196E-03   0.538038462E-02   0.253714947E-02   0.310897653E-03
   0.588963216E-03   0.430974551E-02   0.206824718E-02   0.265527022E-03
   0.464666082E-03   0.341583788E-02   0.166409544E-02   0.222884264E-03
   0.362609455E-03   0.267626462E-02   0.132008502E-02   0.183086391E-03
   0.278586580E-03   0.206594355E-02   0.102612004E-02   0.147512212E-03
   0.212092171E-03   0.158067059E-02   0.789398444E-03   0.116889350E-03
   0.158877141E-03   0.119103666E-02   0.594522280E-03   0.904555782E-04
   0.117585776E-03   0.886314490E-03   0.440534757E-03   0.688577566E-04
   0.848864292E-04   0.646890025E-03   0.316371385E-03   0.502653675E-04
   0.609372728E-04   0.467319798E-03   0.224646617E-03   0.363259496E-04
   0.428036474E-04   0.331773423E-03   0.154882888E-03   0.252469126E-04
   0.293025823E-04   0.229562167E-03   0.102103921E-03   0.167079670E-04
   0.197883037E-04   0.157755800E-03   0.660930309E-04   0.107659762E-04
   0.130277722E-04   0.105463543E-03   0.403516678E-04   0.642602572E-05
   0.841287056E-05   0.696512798E-04   0.235043590E-04   0.358049374E-05
   0.533888169E-05   0.449514991E-04   0.125759243E-04   0.178144114E-05
   0.340333622E-05   0.289258951E-04   0.628654197E-05   0.818279716E-06
   0.221831692E-05   0.189917537E-04   0.297371730E-05   0.429454957E-06
   0.148263769E-05   0.124886228E-04   0.116568742E-05   0.317652763E-06
   0.106654034E-05   0.853717120E-05   0.247484195E-06   0.444695047E-06
   0.854734878E-06   0.627467853E-05   0.840025294E-07   0.647173408E-06
   0.750365700E-06   0.494739152E-05   0.127653180E-06   0.879961078E-06
   0.781201152E-06   0.435133597E-05   0.204420658E-06   0.120641118E-05
   0.797584676E-06   0.389063780E-05   0.428319709E-07   0.140898271E-05
   0.825681468E-06   0.360290392E-05  -0.163610778E-06   0.156876456E-05
   0.895874223E-06   0.347091509E-05  -0.200831977E-06   0.168288091E-05
   0.909994810E-06   0.328279702E-05  -0.304796572E-06   0.169057057E-05
   0.106684070E-05   0.325451583E-05  -0.550144762E-06   0.173256217E-05
   0.107624555E-05   0.306637776E-05  -0.705731850E-06   0.161245168E-05
   0.119421475E-05   0.296027429E-05  -0.782176983E-06   0.145093657E-05
   0.131015463E-05   0.295536870E-05  -0.598871850E-06   0.123308428E-05
   0.162664344E-05   0.317316994E-05  -0.548645403E-06   0.106233551E-05
   0.201201283E-05   0.350424102E-05  -0.351367049E-06   0.739031691E-06
   0.280891891E-05   0.459964076E-05  -0.485753390E-06   0.582367875E-06
   0.423829852E-05   0.627293684E-05  -0.130211151E-05   0.410856472E-06
   0.641361112E-05   0.913331587E-05  -0.275490243E-05   0.445955010E-06
   0.105807521E-04   0.146396815E-04  -0.735073763E-05   0.100081172E-05
   0.166305945E-04   0.227763121E-04  -0.142905255E-04   0.195101575E-05
   0.261635851E-04   0.352257994E-04  -0.261066452E-04   0.369392365E-05
   0.403089180E-04   0.538399872E-04  -0.446254453E-04   0.642704617E-05
   0.602636173E-04   0.800913258E-04  -0.710952154E-04   0.103964849E-04
   0.884553883E-04   0.116908552E-03  -0.108804925E-03   0.160328964E-04
   0.129386812E-03   0.169638544E-03  -0.164701341E-03   0.242241113E-04
   0.181841111E-03   0.238160661E-03  -0.234653111E-03   0.339592079E-04
   0.252929720E-03   0.329600531E-03  -0.327890273E-03   0.466913079E-04
   0.343781372E-03   0.447284663E-03  -0.444056262E-03   0.619532730E-04
   0.462688913E-03   0.601586537E-03  -0.594413315E-03   0.810073834E-04
   0.612355419E-03   0.795352389E-03  -0.776746951E-03   0.102905462E-03
   0.797619869E-03   0.103547878E-02  -0.993554830E-03   0.127737760E-03
   0.102607638E-02   0.133359211E-02  -0.125241268E-02   0.155489513E-03
   0.130169920E-02   0.169490115E-02  -0.155056617E-02   0.185845522E-03
   0.163189997E-02   0.213024253E-02  -0.189206179E-02   0.218593821E-03
   0.202174508E-02   0.264668535E-02  -0.227447483E-02   0.253371662E-03
   0.248189433E-02   0.326283299E-02  -0.270804856E-02   0.289045274E-03
   0.301440549E-02   0.398267014E-02  -0.318376208E-02   0.326045469E-03
   0.363927544E-02   0.483578723E-02  -0.372392754E-02   0.363833387E-03
   0.437166123E-02   0.584648363E-02  -0.433943560E-02   0.404894672E-03
   0.524336100E-02   0.705979299E-02  -0.506305089E-02   0.451723143E-03
   0.632146839E-02   0.857258867E-02  -0.597097864E-02   0.509892940E-03
   0.772135984E-02   0.105486587E-01  -0.718369568E-02   0.579983403E-03
   0.967353489E-02   0.133096967E-01  -0.892962422E-02   0.674132782E-03
   0.126165664E-01   0.174747985E-01  -0.116041331E-01   0.814549450E-03
   0.173587184E-01   0.241976101E-01  -0.158340987E-01   0.102050742E-02
   0.254572891E-01   0.357092246E-01  -0.226475503E-01   0.130179233E-02
   0.397703685E-01   0.561585650E-01  -0.335359499E-01   0.168092654E-02
   0.653817728E-01   0.929979458E-01  -0.503283255E-01   0.214951253E-02
   0.110951401E+00   0.159012958E+00  -0.745674819E-01   0.262757903E-02
   0.189179808E+00   0.273164511E+00  -0.105157569E+00   0.294056791E-02
   0.312579483E+00   0.454328865E+00  -0.133333623E+00   0.277319551E-02
   0.477628589E+00   0.697780430E+00  -0.137867004E+00   0.189822807E-02
   0.637890279E+00   0.934955895E+00  -0.928465500E-01   0.636512006E-03
   0.707639754E+00   0.103831327E+01  -0.243200361E-06   0.000000000E+00
