   0.133982010E-02   0.276138633E-01   0.316904991E-08   0.000000000E+00
   0.131981645E-02   0.269577410E-01   0.300084706E-02   0.183286993E-04
   0.126432313E-02   0.251523480E-01   0.557558239E-02   0.681785532E-04
   0.118258479E-02   0.225094538E-01   0.744011160E-02   0.136263436E-03
   0.108695868E-02   0.194713455E-01   0.852165744E-02   0.208166224E-03
   0.986397034E-03   0.163801517E-01   0.889816694E-02   0.271699188E-03
   0.888362119E-03   0.134861721E-01   0.874318369E-02   0.320589432E-03
   0.795829925E-03   0.109526776E-01   0.824140757E-02   0.351798721E-03
   0.707665517E-03   0.879530795E-02   0.752074504E-02   0.366795895E-03
   0.624679495E-03   0.700929482E-02   0.669947593E-02   0.366456312E-03
   0.546626979E-03   0.555399805E-02   0.585353235E-02   0.355255062E-03
   0.470339612E-03   0.436889566E-02   0.500207813E-02   0.333329925E-03
   0.397837866E-03   0.341104809E-02   0.419078255E-02   0.302965607E-03
   0.330975803E-03   0.264332560E-02   0.344937202E-02   0.267591968E-03
   0.269218115E-03   0.202130037E-02   0.277501880E-02   0.231769605E-03
   0.213392981E-03   0.152303348E-02   0.217859494E-02   0.193697124E-03
   0.164852565E-03   0.112607807E-02   0.166713702E-02   0.156748662E-03
   0.123668666E-03   0.813976279E-03   0.123970455E-02   0.122868514E-03
   0.892791213E-04   0.568127085E-03   0.886417518E-03   0.926448993E-04
   0.624598615E-04   0.386264903E-03   0.614534889E-03   0.670218578E-04
   0.414884671E-04   0.248677970E-03   0.403319806E-03   0.461905001E-04
   0.263723396E-04   0.152964189E-03   0.252539496E-03   0.300338179E-04
   0.156198221E-04   0.864968169E-04   0.146135542E-03   0.181247615E-04
   0.853349593E-05   0.444453290E-04   0.771587074E-04   0.994202583E-05
   0.439347559E-05   0.213309595E-04   0.380108795E-04   0.504812624E-05
   0.190682817E-05   0.796412860E-05   0.150186352E-04   0.206217555E-05
   0.699654265E-06   0.251402616E-05   0.473560840E-05   0.695741221E-06
   0.217743150E-06   0.911161521E-06   0.122977133E-05   0.158215997E-06
   0.163047147E-06   0.155841565E-05   0.166059556E-05   0.200880919E-06
   0.250108769E-06   0.242065857E-05   0.292855407E-05   0.352783502E-06
   0.383122227E-06   0.378263667E-05   0.482971382E-05   0.672763690E-06
   0.445181684E-06   0.402868500E-05   0.540602787E-05   0.736085099E-06
   0.473725805E-06   0.418480022E-05   0.574371643E-05   0.830990132E-06
   0.421325126E-06   0.347779019E-05   0.477487401E-05   0.635995946E-06
   0.378176054E-06   0.300361398E-05   0.404546972E-05   0.532475781E-06
   0.312890563E-06   0.243392265E-05   0.338033078E-05   0.450356936E-06
   0.256718266E-06   0.189156412E-05   0.256899898E-05   0.327049889E-06
   0.200315725E-06   0.143642228E-05   0.194546237E-05   0.246958336E-06
   0.120650924E-06   0.790233855E-06   0.110950009E-05   0.117658310E-06
   0.914336056E-07   0.524941811E-06   0.615402030E-06   0.624211651E-07
   0.623532870E-07   0.321010731E-06   0.302355204E-06   0.346041524E-07
   0.334215216E-07   0.157180466E-06   0.162619671E-06   0.111909291E-07
   0.193872349E-07   0.556789885E-07   0.157993849E-07  -0.245732745E-08
   0.176978183E-07   0.325723271E-07  -0.686062265E-07   0.460372984E-08
   0.128315847E-07   0.227015331E-07  -0.704752452E-07   0.890347795E-08
   0.335506956E-08   0.704647363E-08   0.295609404E-08   0.183704707E-08
   0.689983937E-08   0.248002934E-07   0.419178008E-07   0.208109752E-08
   0.820494162E-08   0.216775113E-07   0.202855617E-07  -0.184884241E-08
   0.228990249E-07   0.529940998E-07  -0.595788521E-07   0.435627712E-08
   0.797687676E-07   0.150903745E-06  -0.402990054E-06   0.435550582E-07
   0.100916921E-06   0.187514459E-06  -0.471376410E-06   0.420815773E-07
   0.193670232E-06   0.345448825E-06  -0.103725381E-05   0.119053162E-06
   0.284765832E-06   0.504047193E-06  -0.155788007E-05   0.190064227E-06
   0.546504282E-06   0.102374804E-05  -0.308053131E-05   0.416572050E-06
   0.717649641E-06   0.134892639E-05  -0.406619802E-05   0.565803930E-06
   0.981545327E-06   0.185852718E-05  -0.556190980E-05   0.786543808E-06
   0.112876842E-05   0.207503194E-05  -0.633601667E-05   0.915255100E-06
   0.149756943E-05   0.280473068E-05  -0.831225225E-05   0.115941361E-05
   0.158211412E-05   0.291188553E-05  -0.864111826E-05   0.121821313E-05
   0.151257507E-05   0.276806873E-05  -0.808384357E-05   0.115096111E-05
   0.136495112E-05   0.247919411E-05  -0.700571309E-05   0.947359069E-06
   0.101771718E-05   0.181484779E-05  -0.484644534E-05   0.609117365E-06
   0.583643669E-06   0.931909199E-06  -0.239017231E-05   0.283657755E-06
   0.546195054E-06   0.672395174E-06  -0.215573755E-05   0.280938593E-06
   0.135465234E-05   0.177750076E-05  -0.667976747E-05   0.985088036E-06
   0.407006701E-05   0.565294476E-05  -0.209870595E-04   0.294145389E-05
   0.100927145E-04   0.146486464E-04  -0.523068047E-04   0.699895554E-05
   0.212138748E-04   0.308340641E-04  -0.107836298E-03   0.139019357E-04
   0.384743107E-04   0.557158673E-04  -0.191142943E-03   0.236433752E-04
   0.673703253E-04   0.970009423E-04  -0.326853042E-03   0.387447762E-04
   0.106226325E-03   0.151541317E-03  -0.501038739E-03   0.567962779E-04
   0.163546196E-03   0.231287690E-03  -0.749484461E-03   0.811625141E-04
   0.236126580E-03   0.331033196E-03  -0.104697340E-02   0.107976986E-03
   0.332165364E-03   0.463051139E-03  -0.142208009E-02   0.138506715E-03
   0.453176210E-03   0.628924987E-03  -0.186624238E-02   0.171583364E-03
   0.598885061E-03   0.830753008E-03  -0.236112252E-02   0.203648378E-03
   0.772674975E-03   0.107544067E-02  -0.289981463E-02   0.233600978E-03
   0.985080726E-03   0.138159504E-02  -0.350349769E-02   0.261405483E-03
   0.123075373E-02   0.174775743E-02  -0.411304832E-02   0.283913687E-03
   0.152247469E-02   0.219897414E-02  -0.474383077E-02   0.299104140E-03
   0.186818710E-02   0.275326986E-02  -0.537672080E-02   0.308051996E-03
   0.227575214E-02   0.343135116E-02  -0.597832771E-02   0.308329472E-03
   0.275809225E-02   0.425925665E-02  -0.652202871E-02   0.299087289E-03
   0.332466792E-02   0.525400881E-02  -0.696849870E-02   0.278950582E-03
   0.398045545E-02   0.642709900E-02  -0.723609701E-02   0.248903991E-03
   0.471584266E-02   0.775839016E-02  -0.722943945E-02   0.207510486E-03
   0.549594918E-02   0.918332487E-02  -0.682094134E-02   0.156786686E-03
   0.625941809E-02   0.105872061E-01  -0.589081272E-02   0.102015932E-03
   0.691592321E-02   0.117962807E-01  -0.437716534E-02   0.504244854E-04
   0.736003602E-02   0.126205254E-01  -0.234354357E-02   0.135397495E-04
   0.751597108E-02   0.129107460E-01  -0.657465149E-08   0.000000000E+00
