   0.457693604E-04   0.479292544E-02   0.000000000E+00   0.000000000E+00
   0.481369752E-04   0.464863330E-02   0.698549091E-03   0.379368748E-05
   0.545306066E-04   0.424513780E-02   0.127647677E-02   0.137430625E-04
   0.626239489E-04   0.367650110E-02   0.165840564E-02   0.265761155E-04
   0.698676376E-04   0.304419966E-02   0.183122884E-02   0.386494248E-04
   0.742102930E-04   0.242965645E-02   0.182476745E-02   0.475964189E-04
   0.748390667E-04   0.188322342E-02   0.169495738E-02   0.521702423E-04
   0.711012981E-04   0.142143934E-02   0.148151827E-02   0.523453418E-04
   0.641497099E-04   0.104825792E-02   0.123576645E-02   0.493113948E-04
   0.547132513E-04   0.753999047E-03   0.983109698E-03   0.436458322E-04
   0.441114717E-04   0.526655174E-03   0.745615805E-03   0.363762083E-04
   0.333735043E-04   0.353563897E-03   0.534222636E-03   0.284504149E-04
   0.239033179E-04   0.228191260E-03   0.364260428E-03   0.209714071E-04
   0.158285529E-04   0.138289586E-03   0.229815720E-03   0.141671144E-04
   0.960377110E-05   0.773390493E-04   0.132187561E-03   0.867009749E-05
   0.529945873E-05   0.394218259E-04   0.683209510E-04   0.467818836E-05
   0.258652244E-05   0.176082558E-04   0.303207216E-04   0.215598834E-05
   0.103291256E-05   0.648085188E-05   0.101012738E-04   0.714009218E-06
   0.309146373E-06   0.203661170E-05   0.185213025E-05   0.103737214E-06
   0.637589679E-07   0.105031108E-05   0.499439636E-07  -0.821717361E-08
   0.525263886E-07   0.134908407E-05   0.906102514E-06   0.938038553E-07
   0.992244154E-07   0.184767680E-05   0.214923170E-05   0.233082545E-06
   0.127089947E-06   0.187261367E-05   0.260793581E-05   0.287347291E-06
   0.144651821E-06   0.188871468E-05   0.288020374E-05   0.328516450E-06
   0.114647726E-06   0.140755208E-05   0.224591145E-05   0.267976986E-06
   0.892326923E-07   0.102063234E-05   0.166953032E-05   0.197292678E-06
   0.496305681E-07   0.568829819E-06   0.955840733E-06   0.120923787E-06
   0.309730979E-07   0.347912788E-06   0.594556923E-06   0.772407418E-07
   0.147304959E-07   0.163533684E-06   0.275741996E-06   0.368225450E-07
   0.283996759E-08   0.362462735E-07   0.592959317E-07   0.988913040E-08
   0.295494545E-09   0.391882837E-08   0.519014254E-08   0.145776990E-08
   0.210338066E-10   0.284712642E-09  -0.110523798E-09   0.130878711E-09
   0.877121986E-09   0.575493342E-08   0.837748448E-08   0.123350408E-08
   0.784847243E-09   0.529003952E-08   0.934696764E-08   0.965287739E-09
   0.978605197E-09   0.620007023E-08   0.124515571E-07   0.898584318E-09
   0.190176874E-08   0.134377256E-07   0.215478764E-07   0.279808887E-08
   0.301247427E-08   0.191110683E-07   0.203143848E-07   0.464305838E-08
   0.187763138E-08   0.109193037E-07   0.837817371E-08   0.282689250E-08
   0.938401357E-09   0.555600499E-08   0.103208988E-07   0.820599200E-09
   0.531513555E-09   0.310829518E-08   0.677457423E-08   0.399216715E-09
   0.349217100E-09   0.159320346E-08   0.238347964E-08   0.175680318E-09
   0.406606859E-09   0.104768394E-08  -0.341149131E-08   0.649501786E-09
   0.608988970E-10   0.116233162E-09  -0.183681653E-09   0.102307503E-10
   0.417594931E-09   0.194549532E-08  -0.101586639E-08   0.732624961E-09
   0.352601059E-09   0.152063540E-08   0.210500439E-08   0.330979799E-09
   0.287966682E-10   0.157051011E-09  -0.435838615E-09   0.128269853E-09
   0.372826769E-10   0.135943382E-09   0.191322500E-09   0.449778235E-11
   0.737208558E-10   0.402446187E-09   0.732225613E-09   0.864544270E-10
   0.569337855E-09   0.105233511E-08  -0.512161602E-08   0.567061453E-09
   0.107066656E-08   0.265707101E-08  -0.791789212E-08   0.113259679E-08
   0.122193766E-08   0.249313103E-08  -0.100721707E-07   0.114413656E-08
   0.158429891E-08   0.310803694E-08  -0.153997846E-07   0.189738469E-08
   0.393441546E-08   0.905660347E-08  -0.361993671E-07   0.488850072E-08
   0.295594926E-08   0.647284626E-08  -0.256810395E-07   0.317408411E-08
   0.436933023E-08   0.943334655E-08  -0.409864924E-07   0.519400034E-08
   0.982216086E-08   0.229255122E-07  -0.948742453E-07   0.131722437E-07
   0.946578549E-08   0.217028653E-07  -0.906507935E-07   0.123139925E-07
   0.439203918E-08   0.921995724E-08  -0.433182095E-07   0.565280933E-08
   0.541527312E-08   0.117116548E-07  -0.534560911E-07   0.713666060E-08
   0.154791180E-09   0.493435681E-09  -0.137319656E-08   0.340779960E-09
   0.205068318E-08   0.516654008E-08  -0.198692174E-07   0.363936259E-08
   0.107347997E-07   0.222857039E-07  -0.100082097E-06   0.136768623E-07
   0.683204888E-07   0.134683148E-06  -0.619859748E-06   0.794751784E-07
   0.121222016E-06   0.232579367E-06  -0.107127119E-05   0.133567070E-06
   0.239068100E-06   0.441708664E-06  -0.205065999E-05   0.251494043E-06
   0.415713515E-06   0.746088915E-06  -0.344349314E-05   0.403879653E-06
   0.657295629E-06   0.114683291E-05  -0.522619530E-05   0.591821902E-06
   0.794045889E-06   0.134247989E-05  -0.595595975E-05   0.654165433E-06
   0.874430214E-06   0.142087288E-05  -0.597924554E-05   0.633734260E-06
   0.810853578E-06   0.125223278E-05  -0.462887783E-05   0.465422460E-06
   0.545196770E-06   0.742876068E-06  -0.177842765E-05   0.184124346E-06
   0.520048673E-06   0.564401773E-06  -0.373883495E-06   0.693470668E-07
   0.130911599E-05   0.146333321E-05  -0.493977495E-05   0.524098766E-06
   0.384368377E-05   0.458465365E-05  -0.204482676E-04   0.189140940E-05
   0.100352754E-04   0.122333067E-04  -0.585355920E-04   0.494416417E-05
   0.216749741E-04   0.262373687E-04  -0.126168365E-03   0.993341291E-05
   0.417312840E-04   0.498136833E-04  -0.235987289E-03   0.172697728E-04
   0.720097887E-04   0.846276816E-04  -0.387410575E-03   0.262684862E-04
   0.116449977E-03   0.134896807E-03  -0.590868935E-03   0.370425623E-04
   0.175503461E-03   0.201069735E-03  -0.827109790E-03   0.478006914E-04
   0.253218343E-03   0.288483629E-03  -0.109709357E-02   0.579446314E-04
   0.351617316E-03   0.400400924E-03  -0.138257537E-02   0.662102393E-04
   0.473313004E-03   0.541344634E-03  -0.166128424E-02   0.716665527E-04
   0.621855259E-03   0.716789160E-03  -0.191328896E-02   0.734787318E-04
   0.799905858E-03   0.930615410E-03  -0.210945075E-02   0.707486106E-04
   0.100678636E-02   0.118181016E-02  -0.220892206E-02   0.631843286E-04
   0.123574468E-02   0.146104104E-02  -0.216255779E-02   0.506160031E-04
   0.147035124E-02   0.174698234E-02  -0.192669989E-02   0.344699656E-04
   0.167986972E-02   0.200154516E-02  -0.146730733E-02   0.177453658E-04
   0.182840368E-02   0.218170905E-02  -0.798115158E-03   0.488112573E-05
   0.188136415E-02   0.224584970E-02  -0.202263850E-08   0.000000000E+00
