   0.538371678E-04   0.670716260E-02   0.116813226E-08   0.000000000E+00
   0.573506295E-04   0.652656518E-02   0.926658162E-03   0.515496004E-05
   0.668008506E-04   0.602033874E-02   0.171106693E-02   0.188622871E-04
   0.790781050E-04   0.529736327E-02   0.225736969E-02   0.369226218E-04
   0.909221199E-04   0.446467614E-02   0.253943517E-02   0.544364666E-04
   0.992265414E-04   0.363083859E-02   0.258166180E-02   0.682431419E-04
   0.102253442E-03   0.286636036E-02   0.244325656E-02   0.760947951E-04
   0.992307541E-04   0.220276206E-02   0.217862264E-02   0.779831025E-04
   0.908931324E-04   0.164973247E-02   0.184630766E-02   0.741902550E-04
   0.789390760E-04   0.120524585E-02   0.149709929E-02   0.666443957E-04
   0.646434783E-04   0.853429316E-03   0.115446665E-02   0.564928123E-04
   0.499654889E-04   0.583494664E-03   0.846526120E-03   0.450174593E-04
   0.362279679E-04   0.381569582E-03   0.585079077E-03   0.335161931E-04
   0.245760093E-04   0.236840715E-03   0.379108911E-03   0.232135462E-04
   0.153564706E-04   0.137108946E-03   0.225684285E-03   0.147056189E-04
   0.859772081E-05   0.717810544E-04   0.118631920E-03   0.806952994E-05
   0.423669189E-05   0.333250864E-04   0.532929262E-04   0.374299248E-05
   0.179217989E-05   0.135994314E-04   0.192243351E-04   0.133003391E-05
   0.572255487E-06   0.486994213E-05   0.406195841E-05   0.225015853E-06
   0.149148491E-06   0.233253945E-05   0.350086964E-06  -0.155907376E-07
   0.872507258E-07   0.225827375E-05   0.120261370E-05   0.117155295E-06
   0.150924080E-06   0.299195722E-05   0.324950952E-05   0.351999745E-06
   0.224453444E-06   0.354064741E-05   0.501771819E-05   0.583735584E-06
   0.225938010E-06   0.307401683E-05   0.475968864E-05   0.552285258E-06
   0.209580193E-06   0.262048184E-05   0.433283867E-05   0.514306521E-06
   0.164304637E-06   0.196138944E-05   0.338089876E-05   0.416372188E-06
   0.104272836E-06   0.120482525E-05   0.210346002E-05   0.265461836E-06
   0.660377424E-07   0.747011711E-06   0.132166019E-05   0.171591168E-06
   0.282402830E-07   0.331782218E-06   0.596571624E-06   0.846098800E-07
   0.141486449E-07   0.169777095E-06   0.306040448E-06   0.466793111E-07
   0.183469007E-08   0.246748773E-07   0.415000265E-07   0.727044469E-08
   0.239004538E-09   0.234903785E-08   0.321660476E-08   0.943520040E-09
   0.264814215E-08   0.193328251E-07   0.303945704E-07   0.478451367E-08
   0.401611056E-08   0.349800509E-07   0.710652088E-07   0.861832206E-08
   0.410186018E-08   0.276189827E-07   0.365570010E-07   0.650787779E-08
   0.343459239E-08   0.216375593E-07   0.286672943E-07   0.470572470E-08
   0.547305845E-08   0.433977903E-07   0.749362670E-07   0.106080753E-07
   0.176088621E-08   0.130531017E-07   0.292424840E-07   0.271824141E-08
   0.188248173E-08   0.877308182E-08   0.110612008E-07   0.114479448E-08
   0.131597677E-08   0.720840498E-08   0.125749668E-07   0.106074816E-08
   0.707661318E-09   0.201589656E-08  -0.144746062E-09   0.103780325E-09
   0.861719529E-09   0.188494553E-08  -0.494436270E-08   0.397154171E-09
   0.502613673E-09   0.982367299E-09  -0.476764361E-08   0.452963417E-09
   0.843860606E-10   0.858364879E-09   0.514627951E-09   0.400651651E-09
   0.124766419E-09   0.483337759E-09  -0.152194746E-08   0.321270927E-09
   0.486354790E-09   0.158667401E-08  -0.561936053E-08   0.100410280E-08
   0.665764721E-09   0.156894930E-08  -0.678695988E-08   0.877009965E-09
   0.133249203E-09   0.275335948E-09   0.489643603E-09  -0.979934467E-10
   0.274538481E-08   0.705442949E-08  -0.311116821E-07   0.434526770E-08
   0.334232392E-09   0.608057604E-09  -0.723826832E-09  -0.898456171E-10
   0.536470646E-09   0.793391297E-09  -0.346686235E-08   0.693383129E-10
   0.241349185E-08   0.529297939E-08  -0.251528540E-07   0.287198021E-08
   0.425482050E-08   0.928459709E-08  -0.449909940E-07   0.522058397E-08
   0.752657670E-08   0.176585164E-07  -0.828948004E-07   0.105415303E-07
   0.165229359E-07   0.416615080E-07  -0.190947134E-06   0.267094755E-07
   0.954103729E-08   0.244800074E-07  -0.971427525E-07   0.127942457E-07
   0.663942412E-08   0.156393956E-07  -0.705435284E-07   0.872598616E-08
   0.397912059E-08   0.867146088E-08  -0.424719566E-07   0.504740472E-08
   0.108874720E-08   0.227122543E-08  -0.109786065E-07   0.123062860E-08
   0.382639059E-09   0.194987404E-08  -0.457385196E-08   0.140252976E-08
   0.462079175E-08   0.142423282E-07  -0.535131193E-07   0.102826316E-07
   0.434021885E-07   0.101517877E-06  -0.456407435E-06   0.618074267E-07
   0.106348935E-06   0.244131655E-06  -0.109635562E-05   0.144067087E-06
   0.269603134E-06   0.590251489E-06  -0.270016449E-05   0.343362700E-06
   0.385388603E-06   0.824105371E-06  -0.374305591E-05   0.464693471E-06
   0.726962071E-06   0.151405379E-05  -0.683528970E-05   0.822122331E-06
   0.961584192E-06   0.194122617E-05  -0.860751607E-05   0.991317052E-06
   0.120790753E-05   0.235705784E-05  -0.101361438E-04   0.112506427E-05
   0.122141080E-05   0.229303714E-05  -0.916912086E-05   0.987637122E-06
   0.114012209E-05   0.201325815E-05  -0.683243661E-05   0.705723494E-06
   0.859933891E-06   0.133206709E-05  -0.250816902E-05   0.279430054E-06
   0.983923655E-06   0.125809220E-05  -0.919975889E-06   0.145698294E-06
   0.238594930E-05   0.312479779E-05  -0.875149726E-05   0.914359930E-06
   0.667228369E-05   0.921972514E-05  -0.368762012E-04   0.339599751E-05
   0.159276497E-04   0.222965045E-04  -0.970406618E-04   0.826107862E-05
   0.333012576E-04   0.464706936E-04  -0.206085286E-03   0.163476216E-04
   0.607218171E-04   0.837328262E-04  -0.364919339E-03   0.270156925E-04
   0.104130631E-03   0.141843164E-03  -0.601851731E-03   0.413797206E-04
   0.163900346E-03   0.220764836E-03  -0.892525888E-03   0.568777104E-04
   0.244540832E-03   0.326901587E-03  -0.124107092E-02   0.730532192E-04
   0.347015331E-03   0.462668861E-03  -0.161872769E-02   0.874138714E-04
   0.475199253E-03   0.634927943E-03  -0.201141182E-02   0.988954416E-04
   0.630910858E-03   0.848292082E-03  -0.238690944E-02   0.106086358E-03
   0.815634034E-03   0.110670039E-02  -0.270640221E-02   0.107921689E-03
   0.103126734E-02   0.141377316E-02  -0.293439720E-02   0.102416750E-03
   0.127422600E-02   0.176342449E-02  -0.302068423E-02   0.902230604E-04
   0.153550494E-02   0.214096811E-02  -0.291069644E-02   0.714165944E-04
   0.179469737E-02   0.251546525E-02  -0.255010440E-02   0.480258823E-04
   0.202052877E-02   0.284043932E-02  -0.191339036E-02   0.243919185E-04
   0.217631622E-02   0.306402775E-02  -0.103115232E-02   0.664825575E-05
   0.223252503E-02   0.314466213E-02  -0.254015298E-08   0.000000000E+00
