   0.484254910E-02   0.614442490E-01   0.000000000E+00   0.000000000E+00
   0.472447462E-02   0.598616935E-01   0.544459280E-02   0.344137006E-04
   0.439285394E-02   0.553870387E-01   0.998356938E-02   0.126055587E-03
   0.391944358E-02   0.489681661E-01   0.130533194E-01   0.246718380E-03
   0.338853081E-02   0.417116173E-01   0.145709943E-01   0.368872395E-03
   0.286897947E-02   0.345206708E-01   0.147976270E-01   0.469251827E-03
   0.240322924E-02   0.280012488E-01   0.141479624E-01   0.538538152E-03
   0.200708024E-02   0.224141609E-01   0.130045190E-01   0.579671876E-03
   0.168023794E-02   0.178016871E-01   0.116521223E-01   0.595823571E-03
   0.141249329E-02   0.140881473E-01   0.102606360E-01   0.587973394E-03
   0.118997402E-02   0.111182826E-01   0.890996773E-02   0.570422970E-03
   0.100345549E-02   0.876006763E-02   0.765190460E-02   0.541853020E-03
   0.843504211E-03   0.688718399E-02   0.649659848E-02   0.499351125E-03
   0.704189064E-03   0.539258542E-02   0.544633204E-02   0.454286259E-03
   0.582970912E-03   0.420524972E-02   0.451275101E-02   0.402339938E-03
   0.476416375E-03   0.325719896E-02   0.368331559E-02   0.349200360E-03
   0.383035862E-03   0.249548000E-02   0.295322551E-02   0.298230007E-03
   0.303401612E-03   0.189395086E-02   0.233160751E-02   0.248249329E-03
   0.235245927E-03   0.141407980E-02   0.180015981E-02   0.201976000E-03
   0.178844537E-03   0.103763153E-02   0.136154040E-02   0.161161661E-03
   0.131899695E-03   0.743251760E-03   0.998563366E-03   0.123380349E-03
   0.953634444E-04   0.522405608E-03   0.717198418E-03   0.922478357E-04
   0.657114360E-04   0.350426213E-03   0.489125552E-03   0.653812822E-04
   0.446061058E-04   0.230394566E-03   0.327920483E-03   0.458541072E-04
   0.285641199E-04   0.143204932E-03   0.206429700E-03   0.299376024E-04
   0.174570705E-04   0.839879795E-04   0.122798112E-03   0.184667606E-04
   0.991563593E-05   0.452521817E-04   0.669534420E-04   0.105615782E-04
   0.531505248E-05   0.227078926E-04   0.337778765E-04   0.552260826E-05
   0.259474359E-05   0.100226043E-04   0.148368481E-04   0.255274699E-05
   0.100629711E-05   0.346291199E-05   0.441855718E-05   0.790575712E-06
   0.388993413E-06   0.153398628E-05   0.115775890E-05   0.167778339E-06
   0.248623877E-06   0.155010105E-05   0.106949699E-05   0.540488010E-07
   0.263976943E-06   0.237596464E-05   0.203402988E-05   0.158831241E-06
   0.396650449E-06   0.365734604E-05   0.366189511E-05   0.373388900E-06
   0.450886319E-06   0.381692735E-05   0.416106514E-05   0.472059099E-06
   0.531972034E-06   0.437747849E-05   0.495663971E-05   0.630376519E-06
   0.580448102E-06   0.465938774E-05   0.561856541E-05   0.814362807E-06
   0.489698095E-06   0.386896272E-05   0.467675909E-05   0.693823949E-06
   0.394366026E-06   0.319799710E-05   0.389330899E-05   0.654365294E-06
   0.346866727E-06   0.284113366E-05   0.347438231E-05   0.624470829E-06
   0.243925371E-06   0.210746725E-05   0.256792032E-05   0.546027536E-06
   0.177372570E-06   0.150640744E-05   0.182268650E-05   0.459294654E-06
   0.105945979E-06   0.111519478E-05   0.121137157E-05   0.400075891E-06
   0.819916295E-07   0.838670303E-06   0.692043955E-06   0.397672721E-06
   0.882348630E-07   0.672174508E-06   0.313267606E-06   0.376666009E-06
   0.111094444E-06   0.545666239E-06  -0.232205011E-06   0.372135389E-06
   0.132180872E-06   0.517082754E-06  -0.560668468E-06   0.374541287E-06
   0.264139885E-06   0.669441022E-06  -0.124236203E-05   0.454406091E-06
   0.444048140E-06   0.949833691E-06  -0.215687282E-05   0.579370862E-06
   0.518206207E-06   0.103211562E-05  -0.252024370E-05   0.549679839E-06
   0.778105914E-06   0.144893943E-05  -0.365094638E-05   0.700733665E-06
   0.971885697E-06   0.177686502E-05  -0.446188233E-05   0.769893120E-06
   0.134937318E-05   0.243474278E-05  -0.607601032E-05   0.986104055E-06
   0.145426350E-05   0.255026248E-05  -0.634843354E-05   0.956473173E-06
   0.150601011E-05   0.257371335E-05  -0.640040162E-05   0.949639571E-06
   0.151442441E-05   0.256126168E-05  -0.623750884E-05   0.902946113E-06
   0.155962186E-05   0.265008134E-05  -0.613945303E-05   0.809798621E-06
   0.125614861E-05   0.209781433E-05  -0.447641060E-05   0.498933957E-06
   0.931354464E-06   0.147789262E-05  -0.270716237E-05   0.231635028E-06
   0.669697727E-06   0.858067551E-06  -0.128601164E-05   0.694899427E-07
   0.851049151E-06   0.932651972E-06  -0.182600286E-05   0.277003522E-06
   0.204095431E-05   0.229779744E-05  -0.629687156E-05   0.105923675E-05
   0.514497378E-05   0.643751218E-05  -0.189137718E-04   0.309697452E-05
   0.111974314E-04   0.146594321E-04  -0.431064618E-04   0.681204392E-05
   0.216473509E-04   0.290167773E-04  -0.842447917E-04   0.127230232E-04
   0.382641338E-04   0.517501394E-04  -0.148045772E-03   0.215728123E-04
   0.643464882E-04   0.873459794E-04  -0.246033916E-03   0.343532120E-04
   0.101086000E-03   0.137424388E-03  -0.379826990E-03   0.506547185E-04
   0.152752633E-03   0.206831974E-03  -0.561287394E-03   0.723685080E-04
   0.222911738E-03   0.301024906E-03  -0.799183093E-03   0.988585161E-04
   0.312246295E-03   0.421096076E-03  -0.108833576E-02   0.128619082E-03
   0.425000355E-03   0.573661702E-03  -0.143509591E-02   0.161523334E-03
   0.568803051E-03   0.769245438E-03  -0.185621181E-02   0.198728580E-03
   0.741740980E-03   0.100906845E-02  -0.232870807E-02   0.235691841E-03
   0.955020718E-03   0.131016644E-02  -0.287514133E-02   0.273811020E-03
   0.121007208E-02   0.167977216E-02  -0.347671448E-02   0.310818024E-03
   0.151628291E-02   0.213794364E-02  -0.413666060E-02   0.344208413E-03
   0.188139419E-02   0.270216726E-02  -0.484414492E-02   0.376257696E-03
   0.232220558E-02   0.340786600E-02  -0.560866995E-02   0.401915488E-03
   0.285605621E-02   0.429012906E-02  -0.642495556E-02   0.422762969E-03
   0.350594916E-02   0.539474841E-02  -0.728787808E-02   0.434222835E-03
   0.430402672E-02   0.678258995E-02  -0.818769913E-02   0.438845222E-03
   0.528562674E-02   0.851922948E-02  -0.910263974E-02   0.435542112E-03
   0.648277113E-02   0.106638344E-01  -0.996444374E-02   0.417460280E-03
   0.791550428E-02   0.132545037E-01  -0.106553128E-01   0.384344574E-03
   0.957641099E-02   0.162792820E-01  -0.109848948E-01   0.330647366E-03
   0.113937370E-01   0.196094774E-01  -0.106893014E-01   0.257348234E-03
   0.132073304E-01   0.229592733E-01  -0.948273297E-02   0.172549044E-03
   0.148130022E-01   0.259282384E-01  -0.720398780E-02   0.871046723E-04
   0.159122329E-01   0.279816929E-01  -0.391071243E-02   0.237921085E-04
   0.163043663E-01   0.287134275E-01  -0.809762213E-08   0.000000000E+00
