   0.271871540E-03   0.917151943E-02  -0.989797111E-12   0.000000000E+00
   0.266217801E-03   0.883022789E-02   0.109650870E-02   0.611842142E-05
   0.250801852E-03   0.791890826E-02   0.195130717E-02   0.218207206E-04
   0.229354002E-03   0.667721918E-02   0.244227704E-02   0.410125649E-04
   0.205967139E-03   0.537372520E-02   0.259248586E-02   0.579510197E-04
   0.182977921E-03   0.417815335E-02   0.249647838E-02   0.696706484E-04
   0.161520627E-03   0.317721372E-02   0.226178719E-02   0.755809961E-04
   0.141422643E-03   0.237907982E-02   0.196456746E-02   0.764629585E-04
   0.122162004E-03   0.176365708E-02   0.165222213E-02   0.733942798E-04
   0.103562983E-03   0.129488867E-02   0.135109457E-02   0.673326358E-04
   0.857180130E-04   0.940233644E-03   0.107513845E-02   0.594327757E-04
   0.689816734E-04   0.673386443E-03   0.832021469E-03   0.502454131E-04
   0.535679865E-04   0.472795597E-03   0.622471794E-03   0.410210851E-04
   0.400502577E-04   0.323861284E-03   0.449234794E-03   0.318481179E-04
   0.287482071E-04   0.214960863E-03   0.311522570E-03   0.236122814E-04
   0.196442488E-04   0.136845294E-03   0.205594988E-03   0.167029884E-04
   0.125919469E-04   0.821067588E-04   0.126717205E-03   0.108655677E-04
   0.761786896E-05   0.462004682E-04   0.731496038E-04   0.664321851E-05
   0.412896543E-05   0.231503909E-04   0.370252819E-04   0.351800736E-05
   0.210569351E-05   0.106483667E-04   0.171927441E-04   0.171282579E-05
   0.877322520E-06   0.388328499E-05   0.590394166E-05   0.618787453E-06
   0.304344979E-06   0.117738364E-05   0.129327032E-05   0.142724815E-06
   0.773266464E-07   0.508972278E-06   0.102569659E-07   0.822447443E-08
   0.343040583E-07   0.681114898E-06   0.268220703E-06   0.360502206E-07
   0.550069288E-07   0.101104320E-05   0.883930852E-06   0.114836332E-06
   0.857411990E-07   0.126924965E-05   0.139968324E-05   0.182105879E-06
   0.100856951E-06   0.129502325E-05   0.157792056E-05   0.209857646E-06
   0.978957431E-07   0.114837155E-05   0.147183960E-05   0.198809531E-06
   0.749694067E-07   0.835996616E-06   0.110238079E-05   0.153744722E-06
   0.603314376E-07   0.643423334E-06   0.870592032E-06   0.123784588E-06
   0.356529455E-07   0.381244831E-06   0.520506774E-06   0.789666643E-07
   0.261011195E-07   0.270894986E-06   0.377768401E-06   0.579860142E-07
   0.110406120E-07   0.116181795E-06   0.158205097E-06   0.251711185E-07
   0.505463760E-08   0.549836727E-07   0.755750449E-07   0.132518814E-07
   0.930249155E-09   0.125892816E-07   0.154470694E-07   0.362274233E-08
   0.226649727E-09   0.215449836E-08   0.116865473E-08   0.949854750E-09
   0.129511651E-09   0.777424625E-09   0.113982501E-08   0.202605391E-09
   0.106085030E-08   0.762250973E-08   0.934626154E-08   0.172526493E-08
   0.135091061E-08   0.845288817E-08   0.144687569E-07   0.177418336E-08
   0.115348886E-08   0.901221586E-08   0.144685224E-07   0.219206919E-08
   0.142659273E-08   0.117468408E-07   0.161897837E-07   0.268814904E-08
   0.639642617E-09   0.594674798E-08   0.873725092E-08   0.153463409E-08
   0.172020864E-08   0.129115563E-07   0.172096506E-07   0.412460199E-08
   0.504110365E-09   0.479200102E-08   0.441507897E-08   0.204147610E-08
   0.107753173E-08   0.802504285E-08   0.720956361E-08   0.328882721E-08
   0.156140334E-08   0.690346935E-08  -0.992356197E-09   0.361709174E-08
   0.389033872E-08   0.813756973E-08  -0.227903030E-07   0.547296386E-08
   0.345153039E-08   0.657216281E-08  -0.233738611E-07   0.447629533E-08
   0.293999580E-08   0.563040148E-08  -0.196650909E-07   0.386191479E-08
   0.377845399E-08   0.676096779E-08  -0.249271608E-07   0.399016509E-08
   0.335265815E-08   0.579791948E-08  -0.221702088E-07   0.367765440E-08
   0.410314938E-08   0.664402933E-08  -0.245721168E-07   0.426384750E-08
   0.417995105E-08   0.668139766E-08  -0.265964601E-07   0.397344557E-08
   0.357663321E-08   0.618708063E-08  -0.233885977E-07   0.364595887E-08
   0.264323369E-09   0.601850902E-09   0.277288692E-09   0.851775525E-10
   0.103012998E-08   0.182636695E-08  -0.603688166E-08   0.931171862E-09
   0.397291711E-08   0.891596574E-08  -0.252667167E-07   0.620188700E-08
   0.225800711E-07   0.376668332E-07  -0.136702141E-06   0.229673347E-07
   0.596659291E-07   0.964758726E-07  -0.355784294E-06   0.531351674E-07
   0.123864524E-06   0.190724933E-06  -0.716910620E-06   0.103599980E-06
   0.246211101E-06   0.371725633E-06  -0.139753206E-05   0.196499954E-06
   0.309782820E-06   0.458581582E-06  -0.171071133E-05   0.240022416E-06
   0.427827189E-06   0.616536056E-06  -0.227906071E-05   0.309181303E-06
   0.599930956E-06   0.852082337E-06  -0.307643018E-05   0.397544682E-06
   0.700391524E-06   0.966451807E-06  -0.338613859E-05   0.431422592E-06
   0.639792574E-06   0.858741373E-06  -0.278718426E-05   0.340354887E-06
   0.490928926E-06   0.625629013E-06  -0.170263490E-05   0.209908151E-06
   0.343232273E-06   0.378819095E-06  -0.570760562E-06   0.728731493E-07
   0.346129326E-06   0.291544211E-06  -0.220405610E-06   0.539445431E-07
   0.936810636E-06   0.844776253E-06  -0.280681866E-05   0.365678801E-06
   0.289807690E-05   0.289242757E-05  -0.118753715E-04   0.133476851E-05
   0.734205742E-05   0.751734933E-05  -0.318468301E-04   0.332978652E-05
   0.155121761E-04   0.159234296E-04  -0.668238208E-04   0.655464510E-05
   0.295506434E-04   0.301410837E-04  -0.124236947E-03   0.114142713E-04
   0.511539765E-04   0.515750617E-04  -0.207153280E-03   0.179230956E-04
   0.826463147E-04   0.823179289E-04  -0.319528539E-03   0.259495864E-04
   0.127141393E-03   0.125486302E-03  -0.466925383E-03   0.352233037E-04
   0.186559409E-03   0.182829521E-03  -0.644929940E-03   0.451923843E-04
   0.264909584E-03   0.258937944E-03  -0.855434977E-03   0.553729915E-04
   0.365421816E-03   0.357865443E-03  -0.109177653E-02   0.648176065E-04
   0.494737586E-03   0.487636804E-03  -0.135381869E-02   0.731671535E-04
   0.659838144E-03   0.657154713E-03  -0.163232430E-02   0.794685911E-04
   0.870923803E-03   0.878294057E-03  -0.192130601E-02   0.835968603E-04
   0.114120869E-02   0.116630259E-02  -0.220737886E-02   0.843881935E-04
   0.148539140E-02   0.153718051E-02  -0.246785232E-02   0.818731860E-04
   0.191373716E-02   0.200116541E-02  -0.266079349E-02   0.740595642E-04
   0.241962704E-02   0.255036028E-02  -0.270928140E-02   0.608644223E-04
   0.297127035E-02   0.314991851E-02  -0.251634559E-02   0.428099156E-04
   0.349329947E-02   0.371736474E-02  -0.198887964E-02   0.227237524E-04
   0.387550471E-02   0.413298281E-02  -0.111042382E-02   0.636186769E-05
   0.401587179E-02   0.428470736E-02  -0.273358447E-08   0.000000000E+00
