   0.166264763E-04   0.640224840E-03   0.151336946E-10   0.000000000E+00
   0.167193684E-04   0.639156031E-03   0.818935223E-05  -0.335854233E-08
   0.165335478E-04   0.632032752E-03   0.161952139E-04  -0.148318238E-07
   0.164929170E-04   0.621555664E-03   0.238641242E-04  -0.316036761E-07
   0.164679695E-04   0.608639442E-03   0.310916475E-04  -0.522973025E-07
   0.162227789E-04   0.591448799E-03   0.376996250E-04  -0.858201403E-07
   0.161400731E-04   0.572327583E-03   0.436579176E-04  -0.114357320E-06
   0.158407202E-04   0.548445445E-03   0.486979079E-04  -0.156036620E-06
   0.156277911E-04   0.522817834E-03   0.528942619E-04  -0.187410834E-06
   0.153940455E-04   0.496353081E-03   0.562980968E-04  -0.221559489E-06
   0.150484602E-04   0.468009617E-03   0.587654722E-04  -0.267181434E-06
   0.147492674E-04   0.439048541E-03   0.604032066E-04  -0.299995008E-06
   0.143831612E-04   0.409628497E-03   0.611984360E-04  -0.338378356E-06
   0.140174707E-04   0.379850244E-03   0.612367512E-04  -0.374300157E-06
   0.135377577E-04   0.349267095E-03   0.604143970E-04  -0.427963812E-06
   0.131800798E-04   0.320645573E-03   0.591572389E-04  -0.450514023E-06
   0.126873019E-04   0.291594246E-03   0.571588753E-04  -0.504344598E-06
   0.122694937E-04   0.264522794E-03   0.548535791E-04  -0.540735755E-06
   0.118437310E-04   0.237745451E-03   0.520455142E-04  -0.574018713E-06
   0.114354543E-04   0.213399428E-03   0.491079190E-04  -0.619390278E-06
   0.110444398E-04   0.189619881E-03   0.458196118E-04  -0.639374662E-06
   0.106957423E-04   0.167252234E-03   0.424066275E-04  -0.658242982E-06
   0.103021821E-04   0.146813560E-03   0.389077359E-04  -0.703864941E-06
   0.997341431E-05   0.127798674E-03   0.354098775E-04  -0.734352568E-06
   0.967475262E-05   0.111012421E-03   0.320459076E-04  -0.752110111E-06
   0.944403018E-05   0.953138224E-04   0.287499988E-04  -0.752819346E-06
   0.918527076E-05   0.811081700E-04   0.254917777E-04  -0.767653773E-06
   0.901947715E-05   0.689733643E-04   0.225716340E-04  -0.759956265E-06
   0.883883786E-05   0.579903317E-04   0.197602621E-04  -0.748193543E-06
   0.870300391E-05   0.482271935E-04   0.171116553E-04  -0.741588565E-06
   0.857434588E-05   0.396933829E-04   0.147210021E-04  -0.703120463E-06
   0.846130388E-05   0.321810257E-04   0.125005145E-04  -0.669609392E-06
   0.837440075E-05   0.260595662E-04   0.105986765E-04  -0.621770994E-06
   0.829800865E-05   0.208220681E-04   0.887419537E-05  -0.577794424E-06
   0.820682089E-05   0.163268141E-04   0.732517037E-05  -0.530533669E-06
   0.810603524E-05   0.127319545E-04   0.605873265E-05  -0.467875850E-06
   0.798405927E-05   0.958408691E-05   0.488765227E-05  -0.413521491E-06
   0.786558303E-05   0.730914553E-05   0.396455471E-05  -0.357122502E-06
   0.771388113E-05   0.542496173E-05   0.319329774E-05  -0.300031672E-06
   0.754611301E-05   0.394114295E-05   0.254306588E-05  -0.254560831E-06
   0.733348088E-05   0.284457542E-05   0.206820960E-05  -0.204857471E-06
   0.709712640E-05   0.211007728E-05   0.170299734E-05  -0.166287208E-06
   0.684432780E-05   0.151589268E-05   0.140938619E-05  -0.140388067E-06
   0.654431778E-05   0.121500671E-05   0.122824144E-05  -0.119362383E-06
   0.622802963E-05   0.107817664E-05   0.113154988E-05  -0.106631887E-06
   0.589157435E-05   0.115038779E-05   0.109263692E-05  -0.105524933E-06
   0.553425980E-05   0.130512785E-05   0.110573126E-05  -0.112351863E-06
   0.518762226E-05   0.159754109E-05   0.114553882E-05  -0.129593886E-06
   0.486319186E-05   0.203518357E-05   0.120636878E-05  -0.159119011E-06
   0.459797684E-05   0.260646402E-05   0.124788107E-05  -0.195162713E-06
   0.434093363E-05   0.326450026E-05   0.131173283E-05  -0.241163804E-06
   0.416552120E-05   0.409757649E-05   0.133683034E-05  -0.292910102E-06
   0.407669495E-05   0.518199749E-05   0.133006426E-05  -0.356384732E-06
   0.419417347E-05   0.635707602E-05   0.123668019E-05  -0.415375808E-06
   0.443827867E-05   0.781192011E-05   0.107988524E-05  -0.477599770E-06
   0.496591065E-05   0.962435479E-05   0.797108555E-06  -0.540278108E-06
   0.566343397E-05   0.117117797E-04   0.458222956E-06  -0.607545417E-06
   0.658355793E-05   0.139402973E-04   0.562886555E-07  -0.667737140E-06
   0.797721259E-05   0.168679162E-04  -0.568865914E-06  -0.723281516E-06
   0.953559174E-05   0.200281811E-04  -0.121536732E-05  -0.782424308E-06
   0.117966447E-04   0.240035861E-04  -0.215647879E-05  -0.823878054E-06
   0.141221708E-04   0.283231511E-04  -0.306262200E-05  -0.886884663E-06
   0.172792461E-04   0.332965901E-04  -0.424315022E-05  -0.912282303E-06
   0.208368710E-04   0.387525506E-04  -0.549046308E-05  -0.931736054E-06
   0.248856377E-04   0.451544984E-04  -0.691887362E-05  -0.965974664E-06
   0.294702950E-04   0.519106870E-04  -0.834495768E-05  -0.982550887E-06
   0.350339797E-04   0.597587641E-04  -0.100681245E-04  -0.964603032E-06
   0.411979418E-04   0.685134728E-04  -0.118519702E-04  -0.966123253E-06
   0.477622052E-04   0.776424858E-04  -0.136048029E-04  -0.940342318E-06
   0.549772776E-04   0.878665596E-04  -0.153856963E-04  -0.961176738E-06
   0.628378039E-04   0.985957158E-04  -0.171581232E-04  -0.927979841E-06
   0.713324916E-04   0.110329514E-03  -0.189516340E-04  -0.924522226E-06
   0.806630851E-04   0.122708851E-03  -0.206348195E-04  -0.865883294E-06
   0.904063490E-04   0.135812123E-03  -0.222283816E-04  -0.830853310E-06
   0.100234996E-03   0.149245723E-03  -0.235048155E-04  -0.825194888E-06
   0.110957415E-03   0.163409582E-03  -0.246937416E-04  -0.762529908E-06
   0.121697485E-03   0.177770300E-03  -0.255769610E-04  -0.719499894E-06
   0.132855348E-03   0.192618681E-03  -0.261823534E-04  -0.669997917E-06
   0.144108213E-03   0.207421806E-03  -0.264500104E-04  -0.596735788E-06
   0.155593472E-03   0.222642760E-03  -0.263860875E-04  -0.541862221E-06
   0.166003243E-03   0.236595064E-03  -0.257816027E-04  -0.493789173E-06
   0.176239104E-03   0.250227400E-03  -0.247598182E-04  -0.425293678E-06
   0.186924110E-03   0.264149450E-03  -0.234838590E-04  -0.345356199E-06
   0.195923742E-03   0.276171399E-03  -0.216342705E-04  -0.285257073E-06
   0.204506898E-03   0.287557225E-03  -0.194193672E-04  -0.217929767E-06
   0.212410421E-03   0.297812134E-03  -0.168844253E-04  -0.154743276E-06
   0.218289526E-03   0.305777910E-03  -0.139041640E-04  -0.104803206E-06
   0.223142386E-03   0.312251737E-03  -0.106844682E-04  -0.623207796E-07
   0.226860138E-03   0.317159458E-03  -0.725354084E-05  -0.285058892E-07
   0.229315352E-03   0.320380728E-03  -0.366937502E-05  -0.721773707E-08
   0.229751211E-03   0.321113184E-03  -0.583973885E-11   0.000000000E+00
