   0.730774307E+01   0.640271225E+02  -0.314174173E-10   0.000000000E+00
   0.313946772E+01   0.274735355E+02   0.178563559E+01   0.107478593E-01
   0.693412006E+00   0.604350233E+01   0.796207905E+00   0.964814145E-02
   0.166517705E+00   0.143918347E+01   0.291654170E+00   0.537054194E-02
   0.464963876E-01   0.395672262E+00   0.111137234E+00   0.279482268E-02
   0.146370642E-01   0.121244960E+00   0.446265191E-01   0.145832705E-02
   0.522420881E-02   0.416086502E-01   0.188312735E-01   0.783698051E-03
   0.227255258E-02   0.175172929E-01   0.850875862E-02   0.446125254E-03
   0.131913438E-02   0.103026880E-01   0.436119875E-02   0.279979489E-03
   0.992539921E-03   0.818162039E-02   0.272459700E-02   0.200492083E-03
   0.849820266E-03   0.740629714E-02   0.208386686E-02   0.163583420E-03
   0.751024520E-03   0.683463784E-02   0.180893904E-02   0.144501741E-03
   0.657491677E-03   0.617909525E-02   0.164411927E-02   0.133332520E-03
   0.561748282E-03   0.541855581E-02   0.149132905E-02   0.122772515E-03
   0.468264159E-03   0.462134741E-02   0.132952258E-02   0.111440269E-03
   0.381172955E-03   0.383464433E-02   0.115444267E-02   0.997195239E-04
   0.303025037E-03   0.310271839E-02   0.974796247E-03   0.869679716E-04
   0.235923028E-03   0.245738006E-02   0.802787079E-03   0.740552423E-04
   0.179945317E-03   0.190234522E-02   0.642905827E-03   0.614364762E-04
   0.134831687E-03   0.144670613E-02   0.503998948E-03   0.498277404E-04
   0.987907406E-04   0.107832730E-02   0.384940329E-03   0.391795111E-04
   0.712419351E-04   0.787275960E-03   0.286470662E-03   0.301783548E-04
   0.503443516E-04   0.564418093E-03   0.208268306E-03   0.225767253E-04
   0.347830392E-04   0.396357267E-03   0.147220664E-03   0.163912973E-04
   0.235060743E-04   0.272078672E-03   0.100953745E-03   0.114795548E-04
   0.156997958E-04   0.182357995E-03   0.670906011E-04   0.781776362E-05
   0.100184707E-04   0.118440206E-03   0.423076781E-04   0.502554940E-05
   0.637434050E-05   0.755063957E-04   0.260406232E-04   0.313767987E-05
   0.395343159E-05   0.470235027E-04   0.154152185E-04   0.185954798E-05
   0.238952407E-05   0.282407218E-04   0.851801087E-05   0.102412423E-05
   0.140565464E-05   0.161778280E-04   0.424049631E-05   0.495356176E-06
   0.808800792E-06   0.883519078E-05   0.181406517E-05   0.199880361E-06
   0.507901007E-06   0.485030796E-05   0.770270447E-06   0.626014938E-07
   0.324843199E-06   0.262212438E-05   0.291660683E-06   0.757556062E-08
   0.208437370E-06   0.135016990E-05   0.877827091E-07  -0.888252050E-08
   0.149001693E-06   0.709688209E-06   0.539912719E-07  -0.536355627E-08
   0.108988189E-06   0.436393350E-06   0.892458658E-07   0.577652015E-08
   0.893635672E-07   0.285435448E-06   0.127389626E-06   0.179113702E-07
   0.662230377E-07   0.223501729E-06   0.147704569E-06   0.271784177E-07
   0.559718174E-07   0.196639462E-06   0.160150691E-06   0.337928441E-07
   0.382443162E-07   0.164346346E-06   0.141877436E-06   0.364589603E-07
   0.263490119E-07   0.139029922E-06   0.117849432E-06   0.380723542E-07
   0.157067639E-07   0.106609733E-06   0.704133427E-07   0.385767400E-07
   0.118789014E-07   0.878125235E-07   0.422622506E-07   0.380669505E-07
   0.126972477E-07   0.770101067E-07   0.461826755E-08   0.409174241E-07
   0.173529706E-07   0.676401939E-07  -0.358723611E-07   0.420886721E-07
   0.293758973E-07   0.666654358E-07  -0.804302474E-07   0.441196022E-07
   0.430243894E-07   0.754298242E-07  -0.123451784E-06   0.494932877E-07
   0.612438171E-07   0.804652629E-07  -0.161378694E-06   0.486639742E-07
   0.946325329E-07   0.108722368E-06  -0.230908029E-06   0.630739834E-07
   0.112296654E-06   0.118337489E-06  -0.255983849E-06   0.597497944E-07
   0.144939051E-06   0.142327480E-06  -0.299664777E-06   0.669425475E-07
   0.165118792E-06   0.153783176E-06  -0.272898717E-06   0.610172961E-07
   0.205650139E-06   0.182496478E-06  -0.222352114E-06   0.482055107E-07
   0.272794580E-06   0.241009275E-06  -0.159413887E-06   0.422448423E-07
   0.405854735E-06   0.353103559E-06  -0.662292621E-07   0.274715042E-07
   0.711032897E-06   0.637949199E-06  -0.383244263E-07   0.242286724E-07
   0.136828157E-05   0.124274436E-05  -0.236060700E-06   0.483352949E-07
   0.255788291E-05   0.238389225E-05  -0.863570904E-06   0.132888914E-06
   0.477961885E-05   0.445458454E-05  -0.234147842E-05   0.320798449E-06
   0.886733324E-05   0.819932211E-05  -0.553806149E-05   0.724574022E-06
   0.152101920E-04   0.140974334E-04  -0.107607402E-04   0.135941616E-05
   0.261428049E-04   0.241163398E-04  -0.204393782E-04   0.252273094E-05
   0.420496144E-04   0.385986932E-04  -0.341830564E-04   0.410978100E-05
   0.660704391E-04   0.603473527E-04  -0.549775832E-04   0.643223211E-05
   0.101539576E-03   0.924372507E-04  -0.856176048E-04   0.969731354E-05
   0.151444183E-03   0.136917530E-03  -0.126892890E-03   0.139776539E-04
   0.220863323E-03   0.198772832E-03  -0.182781558E-03   0.194576714E-04
   0.316394231E-03   0.283586647E-03  -0.257265754E-03   0.263496204E-04
   0.440056407E-03   0.392636342E-03  -0.347349822E-03   0.341109153E-04
   0.601926120E-03   0.534577877E-03  -0.459187926E-03   0.431576409E-04
   0.807367323E-03   0.713896879E-03  -0.592198397E-03   0.530710058E-04
   0.106134696E-02   0.934287906E-03  -0.744479068E-03   0.633495220E-04
   0.136874313E-02   0.120031100E-02  -0.914908189E-03   0.732873668E-04
   0.172691618E-02   0.150752172E-02  -0.109392393E-02   0.823929222E-04
   0.213325489E-02   0.185428082E-02  -0.127717166E-02   0.894318437E-04
   0.257104007E-02   0.222386420E-02  -0.145063340E-02   0.942074257E-04
   0.301957061E-02   0.259742374E-02  -0.160796498E-02   0.956742369E-04
   0.345137762E-02   0.294936192E-02  -0.175170810E-02   0.947778753E-04
   0.383654842E-02   0.325059867E-02  -0.190625060E-02   0.939171077E-04
   0.419251854E-02   0.351293641E-02  -0.216690940E-02   0.988216998E-04
   0.469251489E-02   0.388487591E-02  -0.278064399E-02   0.119830816E-03
   0.596679188E-02   0.491246115E-02  -0.433624675E-02   0.181608892E-03
   0.100505799E-01   0.838337932E-02  -0.822104979E-02   0.322928216E-03
   0.232794378E-01   0.198899843E-01  -0.177747291E-01   0.623114698E-03
   0.662961453E-01   0.577262640E-01  -0.414066277E-01   0.123291439E-02
   0.212794915E+00   0.187371999E+00  -0.101711281E+00   0.243821228E-02
   0.764916360E+00   0.677797019E+00  -0.263912529E+00   0.475110393E-02
   0.317708206E+01   0.282533717E+01  -0.712316692E+00   0.854259636E-02
   0.142347708E+02   0.126827135E+02  -0.157366383E+01   0.942754745E-02
   0.327734070E+02   0.292174644E+02  -0.771859595E-05   0.000000000E+00
