   0.237640619E-03   0.887100026E-02   0.000000000E+00   0.000000000E+00
   0.234530191E-03   0.857111719E-02   0.109457970E-02   0.613478051E-05
   0.225807729E-03   0.776116410E-02   0.197058567E-02   0.221798582E-04
   0.213152904E-03   0.663988572E-02   0.250970130E-02   0.422171361E-04
   0.198132722E-03   0.542457402E-02   0.271306559E-02   0.608050104E-04
   0.182020711E-03   0.428764522E-02   0.266221259E-02   0.745120633E-04
   0.165370162E-03   0.330867781E-02   0.245197490E-02   0.819369816E-04
   0.148166539E-03   0.251177326E-02   0.216005649E-02   0.838967899E-04
   0.130359418E-03   0.188220176E-02   0.183766976E-02   0.815716485E-04
   0.112099631E-03   0.139428629E-02   0.151694368E-02   0.755824294E-04
   0.936225988E-04   0.101949077E-02   0.121462054E-02   0.669149304E-04
   0.757719463E-04   0.733314781E-03   0.943292514E-03   0.569250515E-04
   0.591295830E-04   0.517071108E-03   0.708301435E-03   0.462730968E-04
   0.444319921E-04   0.355406344E-03   0.513227831E-03   0.361414968E-04
   0.319503379E-04   0.236123175E-03   0.356243196E-03   0.268473177E-04
   0.217427660E-04   0.149672283E-03   0.233831583E-03   0.187786172E-04
   0.138724045E-04   0.891786185E-04   0.143212485E-03   0.121659423E-04
   0.832879778E-05   0.497087640E-04   0.818267581E-04   0.730796137E-05
   0.461173659E-05   0.253024336E-04   0.424722566E-04   0.400097542E-05
   0.223028223E-05   0.109556377E-04   0.183854791E-04   0.180669815E-05
   0.943605642E-06   0.398656039E-05   0.634811977E-05   0.644967145E-06
   0.333386055E-06   0.121875735E-05   0.140960537E-05   0.149525860E-06
   0.807309490E-07   0.575561955E-06  -0.490358509E-08   0.808349210E-08
   0.436979235E-07   0.842698284E-06   0.410541304E-06   0.517267296E-07
   0.736451469E-07   0.136666756E-05   0.127444127E-05   0.161584936E-06
   0.105871528E-06   0.156234125E-05   0.178636446E-05   0.237220263E-06
   0.129829928E-06   0.164850189E-05   0.208873121E-05   0.277704657E-06
   0.119910908E-06   0.140947429E-05   0.186439217E-05   0.255014754E-06
   0.875392132E-07   0.982058964E-06   0.132079174E-05   0.185464799E-06
   0.628850358E-07   0.682105679E-06   0.946240732E-06   0.137615942E-06
   0.464268695E-07   0.501741226E-06   0.699011878E-06   0.107457808E-06
   0.236496049E-07   0.257881851E-06   0.362996758E-06   0.596563652E-07
   0.101798383E-07   0.112751628E-06   0.157341233E-06   0.269486602E-07
   0.459707472E-08   0.505164657E-07   0.710370003E-07   0.126247430E-07
   0.167869063E-08   0.203517700E-07   0.273344440E-07   0.559899194E-08
   0.138349873E-09   0.256633070E-08   0.249321630E-08   0.948313539E-09
   0.138836567E-09   0.238484704E-09   0.410578016E-09  -0.165527921E-10
   0.106004738E-08   0.740491624E-08   0.932006028E-08   0.167944936E-08
   0.154293456E-08   0.117701688E-07   0.185711091E-07   0.253361154E-08
   0.101152697E-08   0.786745513E-08   0.110284359E-07   0.177773596E-08
   0.285584933E-08   0.253846402E-07   0.340354553E-07   0.650566800E-08
   0.285323476E-08   0.190960243E-07   0.295818694E-07   0.524758859E-08
   0.163248237E-08   0.120659873E-07   0.144932475E-07   0.438290870E-08
   0.882064588E-09   0.811835754E-08   0.105545412E-07   0.289350033E-08
   0.357997021E-09   0.585334492E-08   0.512245935E-08   0.260182942E-08
   0.174123205E-08   0.770315012E-08  -0.490908514E-08   0.462900207E-08
   0.497994224E-08   0.111756222E-07  -0.255652530E-07   0.698625513E-08
   0.147175272E-08   0.454807392E-08  -0.106708740E-07   0.333486172E-08
   0.150871993E-08   0.462804106E-08  -0.796870658E-08   0.305295322E-08
   0.105180051E-07   0.195969179E-07  -0.734549417E-07   0.129593110E-07
   0.101931734E-07   0.174446413E-07  -0.675047289E-07   0.111917435E-07
   0.521708943E-08   0.970025127E-08  -0.367162372E-07   0.589412430E-08
   0.567030689E-08   0.992991467E-08  -0.379733933E-07   0.549100365E-08
   0.218340257E-08   0.332684680E-08  -0.131599283E-07   0.204721684E-08
   0.544638119E-10   0.437245989E-09  -0.192419136E-09   0.267608297E-09
   0.200563011E-08   0.442013803E-08  -0.131257556E-07   0.235150699E-08
   0.482407314E-08   0.104163655E-07  -0.332840955E-07   0.703098513E-08
   0.307293959E-07   0.517883443E-07  -0.195026431E-06   0.306895771E-07
   0.660804957E-07   0.112031422E-06  -0.419602031E-06   0.641767031E-07
   0.133311190E-06   0.221314480E-06  -0.830638953E-06   0.126259437E-06
   0.246537411E-06   0.398237177E-06  -0.149849370E-05   0.216781160E-06
   0.327630090E-06   0.514197552E-06  -0.192975767E-05   0.270178703E-06
   0.490869752E-06   0.756430723E-06  -0.280761265E-05   0.383722067E-06
   0.743149826E-06   0.111848192E-05  -0.408920687E-05   0.529599333E-06
   0.745495527E-06   0.109481573E-05  -0.385818930E-05   0.490638058E-06
   0.748181947E-06   0.107058418E-05  -0.353335099E-05   0.436665090E-06
   0.590014622E-06   0.802580701E-06  -0.226637576E-05   0.277758517E-06
   0.397010069E-06   0.474458687E-06  -0.802649595E-06   0.106574696E-06
   0.380435665E-06   0.338194013E-06  -0.359959131E-06   0.712135488E-07
   0.938750986E-06   0.878180799E-06  -0.291036758E-05   0.384179685E-06
   0.288813362E-05   0.300058673E-05  -0.124839526E-04   0.141068972E-05
   0.751239759E-05   0.806535809E-05  -0.348308349E-04   0.364589323E-05
   0.162190172E-04   0.175149416E-04  -0.751258631E-04   0.736816082E-05
   0.304285222E-04   0.326647823E-04  -0.136997682E-03   0.125953857E-04
   0.533536841E-04   0.565722330E-04  -0.231783473E-03   0.201238727E-04
   0.872753662E-04   0.915800920E-04  -0.363488885E-03   0.295082482E-04
   0.133601803E-03   0.138820556E-03  -0.528343196E-03   0.400049103E-04
   0.195095810E-03   0.201508461E-03  -0.726551749E-03   0.508610538E-04
   0.276348845E-03   0.284668087E-03  -0.963237195E-03   0.622350126E-04
   0.378790864E-03   0.390989822E-03  -0.122243701E-02   0.726050203E-04
   0.509706326E-03   0.529771787E-03  -0.150945259E-02   0.814078376E-04
   0.673687260E-03   0.707953703E-03  -0.180534716E-02   0.881190281E-04
   0.880687672E-03   0.938040088E-03  -0.210880372E-02   0.916695717E-04
   0.114017481E-02   0.123219332E-02  -0.239692884E-02   0.918240912E-04
   0.146199821E-02   0.160204677E-02  -0.264180172E-02   0.875614714E-04
   0.185259338E-02   0.205443962E-02  -0.279934751E-02   0.779106558E-04
   0.230205385E-02   0.257651624E-02  -0.279716891E-02   0.626823676E-04
   0.277900579E-02   0.313155702E-02  -0.254906109E-02   0.431983935E-04
   0.321848411E-02   0.364379981E-02  -0.198100088E-02   0.226066186E-04
   0.353745651E-02   0.401483243E-02  -0.109383080E-02   0.625070697E-05
   0.365347671E-02   0.414970703E-02  -0.296930280E-08   0.000000000E+00
