   0.172150764E+02   0.131532852E+03   0.127579679E-04   0.000000000E+00
   0.740935564E+01   0.565772438E+02   0.325386620E+01   0.202822424E-01
   0.165499830E+01   0.126114702E+02   0.146903884E+01   0.184464492E-01
   0.405489445E+00   0.307635260E+01   0.550384462E+00   0.105131427E-01
   0.115924962E+00   0.871888220E+00   0.215924442E+00   0.563066779E-02
   0.371256396E-01   0.274701506E+00   0.894962922E-01   0.303125754E-02
   0.130994078E-01   0.942321196E-01   0.387553722E-01   0.167037989E-02
   0.530881714E-02   0.367860608E-01   0.175803509E-01   0.960008998E-03
   0.273815263E-02   0.185846891E-01   0.862812530E-02   0.588603318E-03
   0.189535448E-02   0.131755685E-01   0.489516417E-02   0.399919285E-03
   0.160239835E-02   0.116749965E-01   0.338705676E-02   0.304612622E-03
   0.146006898E-02   0.111044347E-01   0.279093022E-02   0.259130873E-03
   0.133730459E-02   0.105214110E-01   0.253125606E-02   0.233339946E-03
   0.120262406E-02   0.971634407E-02   0.236239587E-02   0.216706816E-03
   0.105516938E-02   0.871709455E-02   0.219180644E-02   0.201314746E-03
   0.903341861E-03   0.761107728E-02   0.199294463E-02   0.185169047E-03
   0.756979338E-03   0.649050158E-02   0.177136599E-02   0.167834893E-03
   0.620721432E-03   0.540993130E-02   0.153327035E-02   0.148811785E-03
   0.500713475E-03   0.443097856E-02   0.130109419E-02   0.129714594E-03
   0.396730640E-03   0.356675568E-02   0.108072709E-02   0.110437810E-03
   0.309109513E-03   0.281652506E-02   0.875635596E-03   0.922136824E-04
   0.237178261E-03   0.219153031E-02   0.696471485E-03   0.754195135E-04
   0.179549126E-03   0.167879486E-02   0.543235161E-03   0.604610541E-04
   0.133476293E-03   0.126474840E-02   0.414082257E-03   0.471961102E-04
   0.977511299E-04   0.938885438E-03   0.309508614E-03   0.361159546E-04
   0.708707666E-04   0.685861742E-03   0.226688819E-03   0.270504934E-04
   0.497699039E-04   0.490124978E-03   0.160252021E-03   0.194010227E-04
   0.350085102E-04   0.345406472E-03   0.111531423E-03   0.137196948E-04
   0.240377867E-04   0.238829627E-03   0.751951957E-04   0.935271692E-05
   0.163760560E-04   0.163162011E-03   0.498491790E-04   0.623063579E-05
   0.108683498E-04   0.108820954E-03   0.316349178E-04   0.393961363E-05
   0.714506405E-05   0.706716164E-04   0.191068048E-04   0.234347817E-05
   0.454074461E-05   0.448535866E-04   0.108909335E-04   0.129086993E-05
   0.298566374E-05   0.282831734E-04   0.614286864E-05   0.674942157E-06
   0.185372483E-05   0.171092779E-04   0.301213618E-05   0.288980601E-06
   0.117412640E-05   0.101718551E-04   0.134056961E-05   0.908450346E-07
   0.735636490E-06   0.601078955E-05   0.519620812E-06   0.149824473E-07
   0.468129713E-06   0.329804197E-05   0.566028326E-07  -0.145721151E-07
   0.302532072E-06   0.196154951E-05  -0.229869830E-07   0.818864798E-08
   0.196227930E-06   0.115701323E-05  -0.412026537E-07   0.412958414E-07
   0.123818424E-06   0.743365717E-06  -0.286817112E-07   0.868483667E-07
   0.927526500E-07   0.506805975E-06  -0.439130465E-08   0.116424211E-06
   0.701985243E-07   0.405046819E-06  -0.628201136E-08   0.123688736E-06
   0.657931167E-07   0.347465573E-06  -0.336889308E-07   0.161863952E-06
   0.654049188E-07   0.317899946E-06  -0.939055198E-07   0.169960387E-06
   0.789906380E-07   0.300422244E-06  -0.128825121E-06   0.179059796E-06
   0.977792212E-07   0.294027785E-06  -0.169154518E-06   0.180384262E-06
   0.128284569E-06   0.296543135E-06  -0.225226046E-06   0.180329536E-06
   0.170999400E-06   0.298457337E-06  -0.215320625E-06   0.154329413E-06
   0.242748882E-06   0.344371614E-06  -0.202411059E-06   0.139747343E-06
   0.367929943E-06   0.447928471E-06  -0.154008106E-06   0.114675963E-06
   0.545335467E-06   0.589018498E-06  -0.618307467E-07   0.820766317E-07
   0.918756484E-06   0.941652274E-06  -0.911797660E-08   0.507590840E-07
   0.156322722E-05   0.160347361E-05  -0.625279810E-07   0.409447658E-07
   0.275611660E-05   0.290199978E-05  -0.497063866E-06   0.897863686E-07
   0.476458490E-05   0.497084011E-05  -0.140877796E-05   0.201102438E-06
   0.799380723E-05   0.836342770E-05  -0.323996073E-05   0.446057982E-06
   0.132846244E-04   0.139189460E-04  -0.676004038E-05   0.920477873E-06
   0.212850828E-04   0.222730287E-04  -0.123729524E-04   0.167357712E-05
   0.337835372E-04   0.352427887E-04  -0.218014975E-04   0.292986192E-05
   0.520943722E-04   0.542088565E-04  -0.359907754E-04   0.475515344E-05
   0.786037344E-04   0.816751126E-04  -0.569326403E-04   0.739479447E-05
   0.115785500E-03   0.119925069E-03  -0.860589716E-04   0.109534649E-04
   0.167643462E-03   0.172906817E-03  -0.126309955E-03   0.157697759E-04
   0.238113324E-03   0.244711846E-03  -0.180153147E-03   0.218681726E-04
   0.332803669E-03   0.340630853E-03  -0.250789046E-03   0.295526934E-04
   0.456261594E-03   0.465222169E-03  -0.339639169E-03   0.388420922E-04
   0.615345896E-03   0.625139393E-03  -0.449794985E-03   0.496181674E-04
   0.817866530E-03   0.827733777E-03  -0.584182912E-03   0.620816936E-04
   0.106697413E-02   0.107528316E-02  -0.739142473E-03   0.756135341E-04
   0.137026072E-02   0.137636822E-02  -0.917732890E-03   0.895647026E-04
   0.173389621E-02   0.173549703E-02  -0.111837056E-02   0.103856066E-03
   0.215812610E-02   0.215177145E-02  -0.133461598E-02   0.117407246E-03
   0.263519166E-02   0.261691283E-02  -0.155519263E-02   0.129096763E-03
   0.315790391E-02   0.312200212E-02  -0.177226914E-02   0.138013245E-03
   0.370866177E-02   0.364995259E-02  -0.197689002E-02   0.142309029E-03
   0.425366731E-02   0.416123495E-02  -0.215270603E-02   0.143624318E-03
   0.476345280E-02   0.462684920E-02  -0.230719405E-02   0.140603428E-03
   0.518391514E-02   0.498725474E-02  -0.245378935E-02   0.135240349E-03
   0.552934594E-02   0.524997525E-02  -0.268855714E-02   0.136615636E-03
   0.590733392E-02   0.551599171E-02  -0.322332350E-02   0.153502158E-03
   0.678044790E-02   0.623659603E-02  -0.455701910E-02   0.207548757E-03
   0.959280133E-02   0.884744525E-02  -0.781005947E-02   0.343413325E-03
   0.185514875E-01   0.175759681E-01  -0.154971927E-01   0.634834170E-03
   0.460893139E-01   0.449789502E-01  -0.334715843E-01   0.121256488E-02
   0.131320253E+00   0.130719066E+00  -0.761462227E-01   0.233125989E-02
   0.410482198E+00   0.413375884E+00  -0.181613520E+00   0.448182318E-02
   0.143316519E+01   0.145305681E+01  -0.458680511E+00   0.851638336E-02
   0.582701874E+01   0.593122673E+01  -0.121451223E+01   0.150483120E-01
   0.259046764E+02   0.264233837E+02  -0.266558075E+01   0.165186338E-01
   0.598056068E+02   0.610439758E+02  -0.179817725E-04   0.000000000E+00
