   0.467194700E+01   0.329057083E+02  -0.175398071E-09   0.000000000E+00
   0.302365422E+01   0.212746334E+02   0.132099462E+01   0.838142075E-02
   0.114468849E+01   0.802729130E+01   0.100296140E+01   0.127567556E-01
   0.385584384E+00   0.268698239E+01   0.509054840E+00   0.976260938E-02
   0.134752139E+00   0.929326475E+00   0.238335639E+00   0.615181727E-02
   0.504825078E-01   0.342881203E+00   0.111612506E+00   0.366337365E-02
   0.205342490E-01   0.136783674E+00   0.535233617E-01   0.215748441E-02
   0.931071304E-02   0.610470809E-01   0.267074946E-01   0.130397000E-02
   0.492205750E-02   0.323430747E-01   0.142404819E-01   0.827723881E-03
   0.311862677E-02   0.211126134E-01   0.841457862E-02   0.567365671E-03
   0.231218687E-02   0.163977537E-01   0.567620946E-02   0.431125372E-03
   0.188848027E-02   0.140166478E-01   0.434881961E-02   0.359421538E-03
   0.160715450E-02   0.123886941E-01   0.363932620E-02   0.314768899E-03
   0.138175196E-02   0.109744212E-01   0.318626477E-02   0.286857510E-03
   0.118174439E-02   0.961396284E-02   0.283031981E-02   0.264177419E-03
   0.996538554E-03   0.827190746E-02   0.249702996E-02   0.241582587E-03
   0.827764685E-03   0.699375942E-02   0.217476278E-02   0.217619032E-03
   0.676909869E-03   0.581225147E-02   0.186287332E-02   0.192674983E-03
   0.545866555E-03   0.475131348E-02   0.156800041E-02   0.168317114E-03
   0.433173496E-03   0.382628106E-02   0.129699393E-02   0.143386133E-03
   0.338091602E-03   0.302321697E-02   0.104696362E-02   0.119936885E-03
   0.261081994E-03   0.236361008E-02   0.835925457E-03   0.986766827E-04
   0.197734218E-03   0.181229075E-02   0.649894064E-03   0.788790567E-04
   0.147514947E-03   0.137055619E-02   0.496098306E-03   0.618814665E-04
   0.109063141E-03   0.102209323E-02   0.372644805E-03   0.477702415E-04
   0.790269769E-04   0.749194878E-03   0.272930221E-03   0.358231046E-04
   0.563811409E-04   0.541127403E-03   0.195957502E-03   0.261540281E-04
   0.395088427E-04   0.382800499E-03   0.136344010E-03   0.185444133E-04
   0.271549670E-04   0.265889335E-03   0.921427563E-04   0.127150170E-04
   0.184786823E-04   0.182382195E-03   0.611609576E-04   0.848203035E-05
   0.123054888E-04   0.121187913E-03   0.383775368E-04   0.531134719E-05
   0.807046490E-05   0.804689989E-04   0.239115707E-04   0.328806391E-05
   0.509693973E-05   0.512191109E-04   0.135704531E-04   0.180184463E-05
   0.324751659E-05   0.323018830E-04   0.750733489E-05   0.917844943E-06
   0.206938603E-05   0.199944625E-04   0.388190665E-05   0.417154268E-06
   0.127703606E-05   0.122389411E-04   0.184389853E-05   0.168354404E-06
   0.801553369E-06   0.721310607E-05   0.694585992E-06   0.478280526E-07
   0.534076094E-06   0.431745411E-05   0.262541619E-06   0.260753321E-07
   0.365113181E-06   0.277464710E-05   0.171230454E-06   0.630588559E-07
   0.262566800E-06   0.181643873E-05   0.147742867E-06   0.107713554E-06
   0.197165249E-06   0.128375245E-05   0.157543269E-06   0.159251840E-06
   0.160432847E-06   0.963631805E-06   0.151955405E-06   0.216350116E-06
   0.144574386E-06   0.814692157E-06   0.846003445E-07   0.275340454E-06
   0.149468946E-06   0.729878195E-06   0.552007720E-07   0.315410205E-06
   0.156042702E-06   0.662734635E-06  -0.351950007E-07   0.330674766E-06
   0.174145441E-06   0.632235640E-06  -0.141840360E-06   0.345968857E-06
   0.213501536E-06   0.598845929E-06  -0.301061903E-06   0.345771184E-06
   0.273027979E-06   0.632595231E-06  -0.345611340E-06   0.361330365E-06
   0.309935132E-06   0.605600576E-06  -0.369004454E-06   0.306855668E-06
   0.406937914E-06   0.671644216E-06  -0.395466628E-06   0.296197271E-06
   0.537849701E-06   0.766066535E-06  -0.349136485E-06   0.246749096E-06
   0.763161836E-06   0.991705974E-06  -0.277664725E-06   0.197916464E-06
   0.114963052E-05   0.140172529E-05  -0.220521812E-06   0.149526656E-06
   0.188339470E-05   0.221002119E-05  -0.344420869E-06   0.121989530E-06
   0.307179971E-05   0.356905389E-05  -0.746609885E-06   0.147789649E-06
   0.527165957E-05   0.601343663E-05  -0.198307748E-05   0.293267448E-06
   0.880214247E-05   0.100145771E-04  -0.444116995E-05   0.620918001E-06
   0.141365072E-04   0.159795582E-04  -0.836397339E-05   0.115427042E-05
   0.227807541E-04   0.257885295E-04  -0.157542345E-04   0.218671994E-05
   0.354345284E-04   0.398408447E-04  -0.266070474E-04   0.366399354E-05
   0.549612196E-04   0.615694080E-04  -0.445889491E-04   0.607514812E-05
   0.824501112E-04   0.917227517E-04  -0.695145791E-04   0.937696586E-05
   0.120404220E-03   0.133552137E-03  -0.103924613E-03   0.137154493E-04
   0.174832996E-03   0.193070999E-03  -0.153855275E-03   0.197778718E-04
   0.246829615E-03   0.271177210E-03  -0.217364679E-03   0.273385212E-04
   0.341848849E-03   0.373777293E-03  -0.298685365E-03   0.365816850E-04
   0.467487174E-03   0.509102363E-03  -0.403901242E-03   0.479571863E-04
   0.626666879E-03   0.680962345E-03  -0.532103062E-03   0.607790753E-04
   0.828703400E-03   0.896810903E-03  -0.687093241E-03   0.758107271E-04
   0.107683323E-02   0.116242911E-02  -0.868048752E-03   0.917772850E-04
   0.137748860E-02   0.148286112E-02  -0.107436033E-02   0.108576569E-03
   0.173624035E-02   0.186447811E-02  -0.130596326E-02   0.125646926E-03
   0.215389254E-02   0.230541802E-02  -0.155514362E-02   0.143094527E-03
   0.263417419E-02   0.281287357E-02  -0.182431890E-02   0.158753319E-03
   0.316683017E-02   0.337396399E-02  -0.209952216E-02   0.171826832E-03
   0.374085200E-02   0.397354597E-02  -0.237216032E-02   0.183028911E-03
   0.434971694E-02   0.460436475E-02  -0.264974055E-02   0.193400323E-03
   0.497311447E-02   0.524451351E-02  -0.294048921E-02   0.201272836E-03
   0.563251274E-02   0.591259310E-02  -0.330730272E-02   0.212906336E-03
   0.639791600E-02   0.668013142E-02  -0.388102420E-02   0.234310675E-03
   0.752814766E-02   0.781987701E-02  -0.496522477E-02   0.286092953E-03
   0.972184539E-02   0.100859050E-01  -0.720626395E-02   0.394450384E-03
   0.147921685E-01   0.154587505E-01  -0.119356094E-01   0.604963861E-03
   0.274737384E-01   0.291388482E-01  -0.219879989E-01   0.989723369E-03
   0.603179522E-01   0.650131181E-01  -0.433837213E-01   0.168423122E-02
   0.148430586E+00   0.162082404E+00  -0.892658383E-01   0.288250577E-02
   0.396161556E+00   0.436682731E+00  -0.188334480E+00   0.484299939E-02
   0.112990594E+01   0.125355756E+01  -0.397514671E+00   0.762258051E-02
   0.332941651E+01   0.370975947E+01  -0.773170412E+00   0.984899048E-02
   0.869247532E+01   0.970961285E+01  -0.100354815E+01   0.637670513E-02
   0.133331633E+02   0.149053059E+02  -0.396362520E-05   0.000000000E+00
