   0.853258898E-04   0.523022795E-02   0.131689615E-08   0.000000000E+00
   0.862799279E-04   0.505015533E-02   0.728988962E-03   0.396459791E-05
   0.885046538E-04   0.457505090E-02   0.131702796E-02   0.142819426E-04
   0.908667280E-04   0.391104119E-02   0.168419327E-02   0.272867292E-04
   0.919976155E-04   0.319180265E-02   0.182820670E-02   0.393237933E-04
   0.908739748E-04   0.251441519E-02   0.179627258E-02   0.480050803E-04
   0.871326265E-04   0.192935381E-02   0.165026064E-02   0.524458592E-04
   0.804562515E-04   0.144979754E-02   0.143780513E-02   0.529479803E-04
   0.717005751E-04   0.107019732E-02   0.120296900E-02   0.503456504E-04
   0.611956566E-04   0.775730354E-03   0.966605556E-03   0.451206070E-04
   0.499964844E-04   0.550176308E-03   0.746742764E-03   0.385096537E-04
   0.390678724E-04   0.381293386E-03   0.555057370E-03   0.311481126E-04
   0.288745123E-04   0.254378800E-03   0.391655980E-03   0.238535467E-04
   0.202373431E-04   0.162982600E-03   0.262796762E-03   0.171880383E-04
   0.132125951E-04   0.980287732E-04   0.163960998E-03   0.114685163E-04
   0.811945574E-05   0.555430415E-04   0.959851895E-04   0.712289238E-05
   0.442997452E-05   0.277816489E-04   0.490069942E-04   0.384150280E-05
   0.216236913E-05   0.121765597E-04   0.216975459E-04   0.177606626E-05
   0.877944615E-06   0.428104931E-05   0.729682642E-05   0.607682807E-06
   0.272590000E-06   0.118514208E-05   0.136303277E-05   0.105481142E-06
   0.649111271E-07   0.530862508E-06   0.135432856E-07  -0.584815485E-08
   0.331021042E-07   0.859452427E-06   0.493594541E-06   0.573796619E-07
   0.615940436E-07   0.115708622E-05   0.120006928E-05   0.138904809E-06
   0.914624323E-07   0.136684275E-05   0.172121952E-05   0.201450931E-06
   0.106048390E-06   0.139074837E-05   0.191866343E-05   0.233590384E-06
   0.893485321E-07   0.107158985E-05   0.154303962E-05   0.188739008E-06
   0.717744939E-07   0.819913510E-06   0.120504069E-05   0.152825464E-06
   0.443509727E-07   0.485799092E-06   0.729015881E-06   0.932823880E-07
   0.238381510E-07   0.265821427E-06   0.403435649E-06   0.559990738E-07
   0.144059351E-07   0.160398798E-06   0.247218395E-06   0.358602321E-07
   0.328842931E-08   0.395394260E-07   0.578568020E-07   0.968651914E-08
   0.748269890E-09   0.108842402E-07   0.145926915E-07   0.325853700E-08
   0.131232900E-09   0.180601312E-08   0.721638416E-09   0.896563934E-09
   0.637936926E-09   0.287234503E-08  -0.737659156E-09   0.102077369E-08
   0.196157401E-08   0.143006504E-07   0.188524929E-07   0.323779181E-08
   0.147261925E-08   0.101618784E-07   0.172290360E-07   0.182255266E-08
   0.193088989E-08   0.148274166E-07   0.219604139E-07   0.323692939E-08
   0.201042138E-08   0.140272851E-07   0.206194244E-07   0.281678991E-08
   0.134956635E-08   0.906264042E-08   0.175900166E-07   0.163569425E-08
   0.731215810E-09   0.498000441E-08   0.954838697E-08   0.862910965E-09
   0.884624096E-09   0.642345022E-08   0.100124531E-07   0.132754696E-08
   0.461223171E-09   0.261848609E-08   0.423119229E-08   0.375309367E-09
   0.481936158E-09   0.236329933E-08   0.306136738E-08   0.324006572E-09
   0.343444495E-09   0.767642339E-09  -0.135449552E-08   0.182237364E-09
   0.507605347E-10   0.207991638E-09   0.398155925E-09   0.685649237E-11
   0.441441397E-10   0.293789049E-09  -0.266729902E-10   0.121733873E-09
   0.493249830E-09   0.135204814E-08  -0.390468236E-08   0.755380036E-09
   0.303397085E-09   0.870282513E-09  -0.175080073E-08   0.370300290E-09
   0.105299225E-08   0.293731617E-08  -0.552042900E-08   0.112590504E-08
   0.336080075E-08   0.600604588E-08  -0.269210823E-07   0.361472741E-08
   0.302200576E-08   0.562523805E-08  -0.228524897E-07   0.296104585E-08
   0.258672417E-08   0.455824178E-08  -0.199259702E-07   0.251569343E-08
   0.473489026E-08   0.102169375E-07  -0.346904514E-07   0.507773024E-08
   0.303821768E-08   0.493448127E-08  -0.230876314E-07   0.280918444E-08
   0.668986777E-08   0.118686367E-07  -0.519151264E-07   0.671043709E-08
   0.634623465E-08   0.133072824E-07  -0.470470312E-07   0.666670630E-08
   0.248672305E-08   0.482480900E-08  -0.185136138E-07   0.245454856E-08
   0.334297728E-09   0.463461658E-09  -0.229389974E-08   0.264451738E-09
   0.783327014E-09   0.173083459E-08  -0.611675555E-08   0.105683073E-08
   0.854235882E-08   0.163709082E-07  -0.663804371E-07   0.994913218E-08
   0.341792088E-07   0.607893185E-07  -0.255461458E-06   0.347613458E-07
   0.851841477E-07   0.144804076E-06  -0.623193330E-06   0.842080894E-07
   0.146212642E-06   0.243012352E-06  -0.104195340E-05   0.133912806E-06
   0.275927306E-06   0.443889490E-06  -0.191160439E-05   0.241134018E-06
   0.377057006E-06   0.592788240E-06  -0.252677319E-05   0.312622547E-06
   0.565778748E-06   0.869044584E-06  -0.364006951E-05   0.429114493E-06
   0.618224931E-06   0.918670139E-06  -0.373562420E-05   0.426556255E-06
   0.673353327E-06   0.963664320E-06  -0.370604971E-05   0.404928500E-06
   0.596269786E-06   0.812669271E-06  -0.272958300E-05   0.290253638E-06
   0.374845541E-06   0.445945062E-06  -0.932239175E-06   0.103754530E-06
   0.335194926E-06   0.301410893E-06  -0.108101290E-06   0.406690077E-07
   0.100173474E-05   0.989956902E-06  -0.395891902E-05   0.449324148E-06
   0.300765373E-05   0.320148320E-05  -0.148999443E-04   0.147785363E-05
   0.808705954E-05   0.882760560E-05  -0.425547842E-04   0.386249030E-05
   0.175261539E-04   0.190068477E-04  -0.908294242E-04   0.770711267E-05
   0.334469514E-04   0.357941572E-04  -0.167380873E-03   0.132443110E-04
   0.585284724E-04   0.616348116E-04  -0.279886532E-03   0.206532059E-04
   0.941859471E-04   0.977299496E-04  -0.425577426E-03   0.291169181E-04
   0.143485071E-03   0.147201907E-03  -0.607700204E-03   0.382754260E-04
   0.207928853E-03   0.211789054E-03  -0.816329906E-03   0.472645697E-04
   0.291660370E-03   0.296502170E-03  -0.105122570E-02   0.554096951E-04
   0.397652650E-03   0.405609782E-03  -0.129874435E-02   0.618428166E-04
   0.531121448E-03   0.545895193E-03  -0.154902425E-02   0.660023943E-04
   0.696086849E-03   0.723127450E-03  -0.177603087E-02   0.669499495E-04
   0.900002720E-03   0.945551787E-03  -0.196827878E-02   0.643187886E-04
   0.114488706E-02   0.121540588E-02  -0.208267965E-02   0.574652222E-04
   0.142508431E-02   0.152541115E-02  -0.207186351E-02   0.463580582E-04
   0.172067189E-02   0.185270072E-02  -0.187710079E-02   0.319613937E-04
   0.199259538E-02   0.215340173E-02  -0.145096367E-02   0.166395639E-04
   0.218724576E-02   0.236805645E-02  -0.797685527E-03   0.458646355E-05
   0.225764397E-02   0.244608452E-02  -0.224899965E-08   0.000000000E+00
