   0.224662153E-02   0.348391905E-01   0.431846958E-08   0.000000000E+00
   0.210305699E-02   0.326080583E-01   0.334925042E-02   0.185482913E-04
   0.174271548E-02   0.270094723E-01   0.543127069E-02   0.600250860E-04
   0.131600990E-02   0.203473940E-01   0.593920518E-02   0.981941848E-04
   0.940162281E-03   0.144280214E-01   0.539543247E-02   0.118851342E-03
   0.659770856E-03   0.995125994E-02   0.446366658E-02   0.123013204E-03
   0.468146492E-03   0.684133219E-02   0.354849128E-02   0.117729993E-03
   0.341103354E-03   0.475007715E-02   0.279212114E-02   0.109039065E-03
   0.256328814E-03   0.335430354E-02   0.220570550E-02   0.994600487E-04
   0.197401358E-03   0.240323925E-02   0.175114151E-02   0.891900418E-04
   0.153977351E-03   0.174010382E-02   0.139009964E-02   0.796819295E-04
   0.120365017E-03   0.126524991E-02   0.109654572E-02   0.691068271E-04
   0.935095595E-04   0.918857986E-03   0.855043065E-03   0.587854920E-04
   0.716134819E-04   0.662389270E-03   0.655167561E-03   0.490933053E-04
   0.536726075E-04   0.471163512E-03   0.490356004E-03   0.393411610E-04
   0.391543072E-04   0.328635680E-03   0.356697652E-03   0.304412079E-04
   0.278254556E-04   0.224659845E-03   0.252573751E-03   0.228523022E-04
   0.190273749E-04   0.148610139E-03   0.171826832E-03   0.164126704E-04
   0.123722220E-04   0.938663288E-04   0.110868124E-03   0.111276431E-04
   0.763831395E-05   0.564240945E-04   0.677569624E-04   0.714917587E-05
   0.449100344E-05   0.322901069E-04   0.392987567E-04   0.433298965E-05
   0.234243498E-05   0.164448738E-04   0.200123104E-04   0.229102170E-05
   0.118343996E-05   0.801241822E-05   0.980423374E-05   0.117182731E-05
   0.467507647E-06   0.305194612E-05   0.360886952E-05   0.453322940E-06
   0.169615291E-06   0.107231608E-05   0.117064360E-05   0.156086514E-06
   0.464550389E-07   0.330238947E-06   0.260268081E-06   0.345552813E-07
   0.251779415E-07   0.289376629E-06   0.218869886E-06   0.352115102E-07
   0.400218667E-07   0.442298614E-06   0.437940713E-06   0.628640890E-07
   0.604801400E-07   0.598285112E-06   0.661116815E-06   0.914839120E-07
   0.655149321E-07   0.614169778E-06   0.705511638E-06   0.100492109E-06
   0.662846773E-07   0.598510042E-06   0.697645476E-06   0.991960150E-07
   0.612061370E-07   0.538197014E-06   0.640563769E-06   0.937743891E-07
   0.485573040E-07   0.421139191E-06   0.498697830E-06   0.738245305E-07
   0.305758654E-07   0.258657906E-06   0.317751244E-06   0.489771885E-07
   0.201531396E-07   0.170817358E-06   0.205704964E-06   0.314775228E-07
   0.127500295E-07   0.103396737E-06   0.128111935E-06   0.188941502E-07
   0.655319132E-08   0.466355559E-07   0.538718261E-07   0.680773615E-08
   0.399965749E-08   0.244631106E-07   0.233160247E-07   0.328823546E-08
   0.253997290E-08   0.102954107E-07   0.750510143E-08   0.693349489E-09
   0.269362133E-08   0.382044885E-08  -0.625347507E-08   0.324912069E-09
   0.196815053E-08   0.239716758E-08  -0.786620191E-08   0.104577480E-08
   0.101634634E-08   0.160600833E-08  -0.361124375E-08   0.984002435E-09
   0.273159495E-08   0.859815863E-08   0.243303466E-08   0.343005579E-08
   0.205232276E-08   0.482642593E-08  -0.668194744E-08   0.304073766E-08
   0.329042860E-08   0.120079067E-07   0.232178388E-08   0.532265521E-08
   0.219287943E-08   0.800410760E-08  -0.294393487E-08   0.442799486E-08
   0.312398396E-08   0.642490994E-08  -0.126095516E-07   0.421589963E-08
   0.371022302E-08   0.100829904E-07  -0.332649963E-09   0.438321690E-08
   0.927600829E-09   0.313765991E-08  -0.600000660E-09   0.158080482E-08
   0.123054944E-08   0.305502490E-08  -0.216455587E-08   0.161731450E-08
   0.751325835E-09   0.313597259E-08   0.438615411E-08   0.450951665E-09
   0.129160238E-08   0.194708449E-08  -0.280904994E-09  -0.345799472E-09
   0.557150415E-08   0.713481230E-08  -0.201518287E-07   0.224601182E-08
   0.133872842E-07   0.168879524E-07  -0.522228270E-07   0.673160372E-08
   0.275366610E-07   0.341515651E-07  -0.109617794E-06   0.149639181E-07
   0.671864200E-07   0.833285725E-07  -0.271618688E-06   0.400123135E-07
   0.108510484E-06   0.132386148E-06  -0.433487600E-06   0.636010853E-07
   0.164400362E-06   0.197208990E-06  -0.647792376E-06   0.957891046E-07
   0.267995603E-06   0.318909741E-06  -0.104306719E-05   0.155042713E-06
   0.309953805E-06   0.369245981E-06  -0.119124661E-05   0.173442501E-06
   0.401728897E-06   0.471644995E-06  -0.150925700E-05   0.216003613E-06
   0.383573962E-06   0.444692603E-06  -0.139707402E-05   0.197587099E-06
   0.359180348E-06   0.409707695E-06  -0.124505891E-05   0.175015614E-06
   0.247800102E-06   0.277659410E-06  -0.780316782E-06   0.109121764E-06
   0.165575287E-06   0.177962193E-06  -0.404299897E-06   0.611157418E-07
   0.215423853E-06   0.209465824E-06  -0.497382075E-06   0.724617877E-07
   0.693271829E-06   0.669047949E-06  -0.203512809E-05   0.263414449E-06
   0.221321466E-05   0.214953548E-05  -0.699384827E-05   0.849962760E-06
   0.535169602E-05   0.516231012E-05  -0.169073319E-04   0.197039549E-05
   0.112545977E-04   0.107292735E-04  -0.349088550E-04   0.389441675E-05
   0.212222967E-04   0.199874557E-04  -0.641100924E-04   0.685723626E-05
   0.372326358E-04   0.346646157E-04  -0.109010558E-03   0.111199624E-04
   0.605580353E-04   0.555825136E-04  -0.170475178E-03   0.166197897E-04
   0.945623106E-04   0.858642743E-04  -0.255193125E-03   0.235702591E-04
   0.140875214E-03   0.126593135E-03  -0.361934508E-03   0.316878795E-04
   0.203784497E-03   0.181717478E-03  -0.495738175E-03   0.409549139E-04
   0.287216739E-03   0.254984858E-03  -0.657509663E-03   0.510202444E-04
   0.395391631E-03   0.350620743E-03  -0.845118950E-03   0.613318334E-04
   0.537149026E-03   0.477479567E-03  -0.106380205E-02   0.718758020E-04
   0.723101897E-03   0.646290544E-03  -0.131564133E-02   0.823854643E-04
   0.970730325E-03   0.874563586E-03  -0.160777802E-02   0.929205416E-04
   0.131176226E-02   0.119273411E-02  -0.196258561E-02   0.103588274E-03
   0.179284555E-02   0.164497714E-02  -0.240175892E-02   0.114699578E-03
   0.249507464E-02   0.230677542E-02  -0.296547357E-02   0.125747203E-03
   0.353914197E-02   0.329008047E-02  -0.368647440E-02   0.135957569E-03
   0.508699333E-02   0.474547409E-02  -0.454850262E-02   0.141104130E-03
   0.730232848E-02   0.682728318E-02  -0.540373754E-02   0.134781978E-03
   0.102075869E-01   0.955964252E-02  -0.585552119E-02   0.109763620E-03
   0.134592382E-01   0.126211559E-01  -0.528898649E-02   0.659032521E-04
   0.161657222E-01   0.151734035E-01  -0.323294778E-02   0.200819286E-04
   0.172441620E-01   0.161929224E-01  -0.825134716E-08   0.000000000E+00
