   0.923327389E-04   0.559938280E-02  -0.366107665E-11   0.000000000E+00
   0.933602423E-04   0.542052649E-02   0.776523491E-03   0.425150756E-05
   0.959506870E-04   0.492199138E-02   0.140701560E-02   0.153637375E-04
   0.986802261E-04   0.422453880E-02   0.180647534E-02   0.294273832E-04
   0.100216770E-03   0.346719660E-02   0.197217683E-02   0.426140250E-04
   0.993247522E-04   0.274678739E-02   0.194868306E-02   0.522021546E-04
   0.955501018E-04   0.211975886E-02   0.179958344E-02   0.575537924E-04
   0.887022397E-04   0.160181441E-02   0.157813856E-02   0.583609981E-04
   0.793216386E-04   0.118897273E-02   0.132696936E-02   0.557102612E-04
   0.681250676E-04   0.866511138E-03   0.107335625E-02   0.502820039E-04
   0.560758454E-04   0.619447848E-03   0.836219057E-03   0.433078530E-04
   0.439756113E-04   0.430777494E-03   0.623765809E-03   0.353093310E-04
   0.327982416E-04   0.290222233E-03   0.444617152E-03   0.272031339E-04
   0.232326111E-04   0.187679136E-03   0.301580207E-03   0.198439193E-04
   0.154946629E-04   0.115386320E-03   0.192740219E-03   0.135579512E-04
   0.944612930E-05   0.650867441E-04   0.111797817E-03   0.834508046E-05
   0.530107400E-05   0.334986471E-04   0.589481097E-04   0.465368930E-05
   0.268641929E-05   0.153370183E-04   0.273660935E-04   0.225010831E-05
   0.114832653E-05   0.573646275E-05   0.995529626E-05   0.835398737E-06
   0.388354977E-06   0.169075929E-05   0.229666421E-05   0.186678676E-06
   0.915586753E-07   0.615332169E-06   0.686662602E-07  -0.336062689E-08
   0.345791022E-07   0.848566231E-06   0.364631887E-06   0.417176445E-07
   0.651119123E-07   0.128043359E-05   0.125438442E-05   0.144539854E-06
   0.103218262E-06   0.158951366E-05   0.195396319E-05   0.229614898E-06
   0.107937879E-06   0.143336774E-05   0.193944402E-05   0.232895360E-06
   0.104000847E-06   0.126398322E-05   0.180328709E-05   0.222226234E-06
   0.774884370E-07   0.904060130E-06   0.133845970E-05   0.174598298E-06
   0.581115316E-07   0.639088682E-06   0.951625111E-06   0.123314550E-06
   0.290410416E-07   0.321692312E-06   0.493860682E-06   0.682955559E-07
   0.154328035E-07   0.171273086E-06   0.256124423E-06   0.372090092E-07
   0.894120955E-08   0.991206406E-07   0.152010870E-06   0.227203589E-07
   0.145472756E-08   0.203241139E-07   0.267220042E-07   0.670866473E-08
   0.288140845E-09   0.475458117E-08   0.598602101E-08   0.149245738E-08
   0.177861184E-09   0.863696670E-09   0.162366942E-08   0.188220439E-09
   0.142840728E-08   0.970998215E-08   0.130948958E-07   0.212229878E-08
   0.103867259E-08   0.653879217E-08   0.102463780E-07   0.110027309E-08
   0.147095458E-08   0.755478080E-08   0.963651736E-08   0.103867681E-08
   0.168568637E-08   0.104278586E-07   0.128886928E-07   0.205263695E-08
   0.104032460E-08   0.659599175E-08   0.788303023E-08   0.138321488E-08
   0.109679299E-08   0.584024651E-08   0.117197256E-07   0.643462283E-09
   0.746829876E-09   0.583676396E-08   0.102907887E-07   0.123100674E-08
   0.122227428E-08   0.774858755E-08   0.790258170E-08   0.185122084E-08
   0.314979681E-09   0.182144710E-08   0.348748208E-08   0.321897287E-09
   0.286889512E-09   0.166377589E-08   0.275492451E-08   0.250018034E-09
   0.116789037E-09   0.941654865E-09   0.143072387E-08   0.225833977E-09
   0.129317904E-09   0.445316561E-09  -0.129007374E-09   0.197997604E-09
   0.110218146E-08   0.243270071E-08  -0.980597115E-08   0.164236413E-08
   0.926901889E-09   0.180479753E-08  -0.550563772E-08   0.101823006E-08
   0.141747003E-08   0.256843946E-08  -0.115206999E-07   0.162680236E-08
   0.481341134E-09   0.680149881E-09  -0.330860228E-08   0.299186953E-09
   0.323433480E-08   0.556103874E-08  -0.251620715E-07   0.317913118E-08
   0.305713987E-08   0.583674131E-08  -0.231904096E-07   0.303838465E-08
   0.239095765E-08   0.442536585E-08  -0.165811791E-07   0.195600114E-08
   0.675845113E-08   0.121732588E-07  -0.543569136E-07   0.745367501E-08
   0.109837188E-07   0.203305781E-07  -0.881191369E-07   0.120834400E-07
   0.229003172E-08   0.388269150E-08  -0.175859665E-07   0.216151452E-08
   0.219716956E-08   0.396452338E-08  -0.169967258E-07   0.219988583E-08
   0.423027752E-09   0.910866438E-09  -0.358772101E-08   0.580522741E-09
   0.123807942E-08   0.270139267E-08  -0.100691544E-07   0.175305481E-08
   0.982861348E-08   0.192493275E-07  -0.766978161E-07   0.123513733E-07
   0.340704922E-07   0.619763512E-07  -0.257446857E-06   0.378449236E-07
   0.903318167E-07   0.156861660E-06  -0.663689434E-06   0.925312662E-07
   0.214064343E-06   0.361082300E-06  -0.153415147E-05   0.200562567E-06
   0.298124263E-06   0.492498941E-06  -0.207508242E-05   0.264433453E-06
   0.471540432E-06   0.756487793E-06  -0.316793785E-05   0.390018926E-06
   0.635607421E-06   0.996569497E-06  -0.408706774E-05   0.483972428E-06
   0.727338715E-06   0.110348401E-05  -0.438960933E-05   0.504370519E-06
   0.703720502E-06   0.102327465E-05  -0.381354380E-05   0.429196803E-06
   0.598143970E-06   0.825624340E-06  -0.259342596E-05   0.280664722E-06
   0.384277342E-06   0.451926468E-06  -0.750856145E-06   0.915514278E-07
   0.431896012E-06   0.397434519E-06  -0.668461098E-06   0.108668132E-06
   0.130727994E-05   0.134158267E-05  -0.551448102E-05   0.613301722E-06
   0.398396332E-05   0.437455083E-05  -0.205359938E-04   0.202300430E-05
   0.996004565E-05   0.111052877E-04  -0.529417739E-04   0.482486075E-05
   0.207893227E-04   0.230154747E-04  -0.108346685E-03   0.920780440E-05
   0.387167311E-04   0.422470512E-04  -0.194405031E-03   0.154706195E-04
   0.662064122E-04   0.711909888E-04  -0.317214464E-03   0.234870276E-04
   0.106223721E-03   0.112676804E-03  -0.482183852E-03   0.331520932E-04
   0.158826209E-03   0.166722413E-03  -0.674505718E-03   0.427622108E-04
   0.228726625E-03   0.238732347E-03  -0.901406223E-03   0.523537055E-04
   0.318740786E-03   0.332372845E-03  -0.115454732E-02   0.611568103E-04
   0.430897257E-03   0.451488333E-03  -0.141279865E-02   0.675986666E-04
   0.571853307E-03   0.604380970E-03  -0.167496211E-02   0.716542272E-04
   0.746294158E-03   0.797656481E-03  -0.191722065E-02   0.725689461E-04
   0.958946883E-03   0.103743316E-02  -0.210998906E-02   0.692561371E-04
   0.121249200E-02   0.132604840E-02  -0.222385861E-02   0.617732949E-04
   0.150057441E-02   0.165553170E-02  -0.220119441E-02   0.494880005E-04
   0.180233864E-02   0.200103875E-02  -0.198378577E-02   0.338934769E-04
   0.207702373E-02   0.231524091E-02  -0.152701791E-02   0.175651767E-04
   0.227165036E-02   0.253782864E-02  -0.836871332E-03   0.484638485E-05
   0.234449282E-02   0.262086885E-02  -0.181153603E-08   0.000000000E+00
