   0.112843011E-01   0.118198097E+00   0.000000000E+00   0.000000000E+00
   0.105129965E-01   0.110268570E+00   0.990930945E-02   0.578060390E-04
   0.860626530E-02   0.905912071E-01   0.159613881E-01   0.185447570E-03
   0.636304123E-02   0.673780218E-01   0.172381345E-01   0.299310253E-03
   0.440858491E-02   0.470251516E-01   0.153570762E-01   0.353222247E-03
   0.296327891E-02   0.318365693E-01   0.123389550E-01   0.353440642E-03
   0.199368200E-02   0.215030685E-01   0.945916306E-02   0.324716704E-03
   0.137310685E-02   0.147693772E-01   0.718087982E-02   0.289676653E-03
   0.979029341E-03   0.104015525E-01   0.550800981E-02   0.254895946E-03
   0.722586294E-03   0.751025602E-02   0.429801596E-02   0.226313437E-03
   0.549050164E-03   0.553902006E-02   0.340823294E-02   0.202691866E-03
   0.425621052E-03   0.414372794E-02   0.273044896E-02   0.179893526E-03
   0.333224161E-03   0.312291668E-02   0.219313917E-02   0.158802126E-03
   0.261248671E-03   0.235638791E-02   0.175402826E-02   0.137848241E-03
   0.203631746E-03   0.177005923E-02   0.138832664E-02   0.117476462E-03
   0.157497110E-03   0.132069248E-02   0.108655135E-02   0.988688043E-04
   0.120065532E-03   0.974453986E-03   0.835996470E-03   0.809954145E-04
   0.893966135E-04   0.705026148E-03   0.626267807E-03   0.643479652E-04
   0.656206466E-04   0.503753778E-03   0.461857126E-03   0.499513080E-04
   0.468211983E-04   0.351270515E-03   0.330242619E-03   0.372898940E-04
   0.323678978E-04   0.237785789E-03   0.228092831E-03   0.271209119E-04
   0.217094348E-04   0.156701732E-03   0.152543042E-03   0.189061429E-04
   0.139234680E-04   0.988731335E-04   0.970253022E-04   0.125122478E-04
   0.854978953E-05   0.597805411E-04   0.587801478E-04   0.790480499E-05
   0.488992100E-05   0.339615326E-04   0.329238101E-04   0.461849913E-05
   0.263675906E-05   0.182116546E-04   0.171472784E-04   0.248764536E-05
   0.131471256E-05   0.906164314E-05   0.806720436E-05   0.121982032E-05
   0.552255983E-06   0.399036344E-05   0.301264117E-05   0.483238182E-06
   0.228387819E-06   0.172934938E-05   0.100512693E-05   0.155667124E-06
   0.818126722E-07   0.833011370E-06   0.260003418E-06   0.235998741E-07
   0.723829530E-07   0.758644262E-06   0.394259558E-06   0.257612758E-07
   0.960835678E-07   0.885795771E-06   0.712714325E-06   0.722512326E-07
   0.117767343E-06   0.972465500E-06   0.910454105E-06   0.971888099E-07
   0.136023615E-06   0.104590004E-05   0.107190272E-05   0.120898292E-06
   0.129709974E-06   0.967013648E-06   0.100759826E-05   0.118724557E-06
   0.132039332E-06   0.952720939E-06   0.104653600E-05   0.130462041E-06
   0.111350218E-06   0.779733341E-06   0.834706157E-06   0.102092208E-06
   0.849436077E-07   0.562577270E-06   0.621153845E-06   0.707620487E-07
   0.708626402E-07   0.467503241E-06   0.509389906E-06   0.608058599E-07
   0.490838730E-07   0.313686115E-06   0.328560049E-06   0.392140151E-07
   0.358151233E-07   0.216858098E-06   0.205468112E-06   0.260692250E-07
   0.193576355E-07   0.123663682E-06   0.121758191E-06   0.166535159E-07
   0.121410508E-07   0.770853674E-07   0.771233175E-07   0.104767306E-07
   0.287142110E-08   0.238150637E-07   0.255579984E-07   0.508779685E-08
   0.112200482E-08   0.176362445E-07   0.126531523E-07   0.654681909E-08
   0.956597801E-09   0.840938252E-08  -0.192644678E-08   0.515188336E-08
   0.332160366E-08   0.725866611E-08  -0.150494568E-07   0.478628648E-08
   0.177808559E-07   0.257255977E-07  -0.632818526E-07   0.108179989E-07
   0.289141475E-07   0.388120540E-07  -0.957588995E-07   0.134774263E-07
   0.592512421E-07   0.721238536E-07  -0.196231184E-06   0.276983947E-07
   0.117922241E-06   0.153505567E-06  -0.382608846E-06   0.493551475E-07
   0.175590117E-06   0.220637020E-06  -0.577409253E-06   0.784283003E-07
   0.241578931E-06   0.300501370E-06  -0.791619470E-06   0.108610529E-06
   0.342500613E-06   0.430622521E-06  -0.111874408E-05   0.153640940E-06
   0.436205340E-06   0.531565945E-06  -0.140256032E-05   0.192927544E-06
   0.494084134E-06   0.596831512E-06  -0.156752105E-05   0.222918345E-06
   0.550900893E-06   0.657732528E-06  -0.169919713E-05   0.239418881E-06
   0.581625898E-06   0.708428672E-06  -0.172826071E-05   0.225418788E-06
   0.515004501E-06   0.619686716E-06  -0.140600230E-05   0.173734264E-06
   0.449984185E-06   0.527967927E-06  -0.105376193E-05   0.137969650E-06
   0.364207182E-06   0.411869934E-06  -0.561428976E-06   0.638747721E-07
   0.452074204E-06   0.475877414E-06  -0.533681145E-06   0.755307923E-07
   0.853376605E-06   0.880850678E-06  -0.125655311E-05   0.194434776E-06
   0.223940378E-05   0.232840898E-05  -0.472009833E-05   0.700571945E-06
   0.512412817E-05   0.537658298E-05  -0.121377716E-04   0.171436932E-05
   0.104684805E-04   0.109347075E-04  -0.257242446E-04   0.350782852E-05
   0.194408258E-04   0.202449282E-04  -0.481565003E-04   0.632880437E-05
   0.338037607E-04   0.350492010E-04  -0.831702273E-04   0.104729834E-04
   0.555260376E-04   0.572145218E-04  -0.134251633E-03   0.163082950E-04
   0.864984613E-04   0.884204346E-04  -0.203561387E-03   0.238263983E-04
   0.130161614E-03   0.132467554E-03  -0.297194230E-03   0.333248099E-04
   0.190314197E-03   0.192962849E-03  -0.419695745E-03   0.448216197E-04
   0.268925476E-03   0.272125966E-03  -0.569315278E-03   0.579154002E-04
   0.372755807E-03   0.376839715E-03  -0.754474546E-03   0.729604217E-04
   0.504942611E-03   0.510980317E-03  -0.972009031E-03   0.897560749E-04
   0.672012800E-03   0.683198625E-03  -0.122441549E-02   0.106298212E-03
   0.884308363E-03   0.904585992E-03  -0.151873543E-02   0.124719038E-03
   0.115281518E-02   0.118933560E-02  -0.185730320E-02   0.143204394E-03
   0.149702502E-02   0.156042387E-02  -0.225359597E-02   0.163375618E-03
   0.194517209E-02   0.205120561E-02  -0.272370433E-02   0.182843083E-03
   0.255041779E-02   0.272059115E-02  -0.331264175E-02   0.207149817E-03
   0.339561398E-02   0.366163370E-02  -0.407621544E-02   0.233304279E-03
   0.462683756E-02   0.503484532E-02  -0.511086732E-02   0.265242095E-03
   0.648164051E-02   0.710198330E-02  -0.653731031E-02   0.300893676E-03
   0.932402629E-02   0.102669178E-01  -0.845737848E-02   0.336035824E-03
   0.136501864E-01   0.150864739E-01  -0.108386520E-01   0.359939120E-03
   0.199626405E-01   0.221329220E-01  -0.132753169E-01   0.351556926E-03
   0.283656921E-01   0.315444320E-01  -0.147044286E-01   0.290717318E-03
   0.378462411E-01   0.422037952E-01  -0.134626674E-01   0.176873204E-03
   0.458550602E-01   0.512267761E-01  -0.830093399E-02   0.542679627E-04
   0.490349121E-01   0.548181087E-01  -0.224348078E-07   0.000000000E+00
