   0.189397091E-03   0.683841063E-02   0.154125757E-08   0.000000000E+00
   0.184173652E-03   0.653783185E-02   0.835052400E-03   0.451838650E-05
   0.170273284E-03   0.574551756E-02   0.145300385E-02   0.157475715E-04
   0.151731627E-03   0.470464770E-02   0.176140224E-02   0.285927690E-04
   0.132429544E-03   0.365866348E-02   0.180231617E-02   0.389624001E-04
   0.114664697E-03   0.274787541E-02   0.167480088E-02   0.453757020E-04
   0.988623869E-04   0.202144566E-02   0.146703853E-02   0.475910638E-04
   0.847305128E-04   0.146952097E-02   0.123610685E-02   0.467549617E-04
   0.716634386E-04   0.105903402E-02   0.101007102E-02   0.436538248E-04
   0.593528021E-04   0.756019668E-03   0.802024850E-03   0.389363813E-04
   0.477501781E-04   0.533255923E-03   0.617841666E-03   0.332820928E-04
   0.372816830E-04   0.370365451E-03   0.462314347E-03   0.272326160E-04
   0.279076521E-04   0.250985584E-03   0.332536903E-03   0.213352287E-04
   0.199554725E-04   0.164723810E-03   0.228851975E-03   0.157692866E-04
   0.136188592E-04   0.103971775E-03   0.150325403E-03   0.111155323E-04
   0.864418598E-05   0.615277895E-04   0.915241035E-04   0.723704852E-05
   0.518658680E-05   0.343505453E-04   0.523504968E-04   0.437113476E-05
   0.283563668E-05   0.173399440E-04   0.268491567E-04   0.237147810E-05
   0.135586606E-05   0.753453787E-05   0.115964785E-04   0.108285087E-05
   0.566478491E-06   0.276396804E-05   0.403720742E-05   0.396838487E-06
   0.184514320E-06   0.806659330E-06   0.823483845E-06   0.864699317E-07
   0.445495161E-07   0.334629334E-06   0.108429150E-07   0.522639843E-08
   0.213837534E-07   0.460607453E-06   0.215351122E-06   0.257265516E-07
   0.362882773E-07   0.664174024E-06   0.602281489E-06   0.691822777E-07
   0.598084071E-07   0.864551396E-06   0.980146979E-06   0.115022914E-06
   0.565484051E-07   0.722205186E-06   0.886349540E-06   0.108751784E-06
   0.558607063E-07   0.657667954E-06   0.845043189E-06   0.106420885E-06
   0.371615663E-07   0.419107124E-06   0.554066901E-06   0.727996579E-07
   0.302394518E-07   0.330030787E-06   0.449115305E-06   0.615656788E-07
   0.149658987E-07   0.163400827E-06   0.219882708E-06   0.313961195E-07
   0.816495049E-08   0.907811994E-07   0.121673096E-06   0.187006535E-07
   0.419748947E-08   0.474681769E-07   0.617936209E-07   0.100972892E-07
   0.164849046E-08   0.195285583E-07   0.259296105E-07   0.478217421E-08
   0.200936545E-09   0.200225658E-08   0.272331213E-09   0.102642783E-08
   0.216751755E-09   0.656514121E-09  -0.365101671E-09   0.208968676E-09
   0.270564293E-09   0.151612056E-08   0.158971947E-08   0.286986407E-09
   0.269830241E-09   0.132530886E-08   0.245100296E-08   0.148875787E-09
   0.961036917E-09   0.644650910E-08   0.956371871E-08   0.104734232E-08
   0.867036942E-09   0.567108138E-08   0.801180366E-08   0.906083708E-09
   0.549738921E-09   0.306862225E-08   0.443349135E-08   0.367693043E-09
   0.529664756E-09   0.346778561E-08   0.467326977E-08   0.586312221E-09
   0.481301665E-09   0.133775979E-08   0.600889616E-09   0.334357875E-09
   0.290865249E-09   0.200873296E-08   0.309225112E-08   0.332894684E-09
   0.360115604E-09   0.205341411E-08   0.675720035E-09   0.588042393E-09
   0.157531321E-09   0.159576019E-08   0.203449524E-08   0.423695717E-09
   0.115062626E-08   0.224331997E-08  -0.696834856E-08   0.152251645E-08
   0.610981210E-09   0.944465506E-09  -0.367399555E-08   0.614075291E-09
   0.405765838E-09   0.124107857E-08  -0.107872999E-08   0.641486031E-09
   0.209865836E-08   0.318589888E-08  -0.133231639E-07   0.204009476E-08
   0.340595752E-08   0.539421974E-08  -0.220776730E-07   0.339498740E-08
   0.215001883E-08   0.314323989E-08  -0.133558054E-07   0.188682403E-08
   0.357154506E-08   0.522170085E-08  -0.218171685E-07   0.294789571E-08
   0.195892014E-08   0.300726111E-08  -0.114093899E-07   0.147311241E-08
   0.324397997E-08   0.455579441E-08  -0.196203764E-07   0.279627033E-08
   0.475881690E-08   0.747028572E-08  -0.293369684E-07   0.414374801E-08
   0.455868732E-09   0.491560292E-09  -0.230546848E-08   0.238972120E-09
   0.348893497E-09   0.390844079E-09  -0.159443636E-08   0.195353317E-09
   0.168511449E-08   0.310652348E-08  -0.104226352E-07   0.210377316E-08
   0.557515012E-08   0.849957171E-08  -0.327928689E-07   0.525324850E-08
   0.243075409E-07   0.354659448E-07  -0.141056162E-06   0.209621280E-07
   0.476960800E-07   0.668276172E-07  -0.268896031E-06   0.381127414E-07
   0.962313607E-07   0.131196174E-06  -0.529405099E-06   0.714606898E-07
   0.191335374E-06   0.253874560E-06  -0.102536546E-05   0.133916714E-06
   0.283061894E-06   0.368248863E-06  -0.146851573E-05   0.183842204E-06
   0.380457578E-06   0.482155656E-06  -0.189324896E-05   0.232652198E-06
   0.457130966E-06   0.562579316E-06  -0.214616102E-05   0.258301299E-06
   0.449259545E-06   0.535167942E-06  -0.190978790E-05   0.221880839E-06
   0.384259323E-06   0.434064191E-06  -0.133106641E-05   0.148418025E-06
   0.250060538E-06   0.247286181E-06  -0.447271276E-06   0.572497747E-07
   0.249785273E-06   0.195335772E-06  -0.177770033E-06   0.387989658E-07
   0.722005495E-06   0.618139666E-06  -0.222922290E-05   0.269350352E-06
   0.215141608E-05   0.196449560E-05  -0.834837010E-05   0.881836172E-06
   0.572203726E-05   0.533472530E-05  -0.236104752E-04   0.229626380E-05
   0.127151025E-04   0.118088865E-04  -0.521128641E-04   0.473355885E-05
   0.243327722E-04   0.223096213E-04  -0.964706487E-04   0.818978060E-05
   0.427557607E-04   0.386162828E-04  -0.162227137E-03   0.128842703E-04
   0.701364406E-04   0.624287422E-04  -0.252611411E-03   0.186677589E-04
   0.108473309E-03   0.953396448E-04  -0.367345056E-03   0.252381033E-04
   0.161136457E-03   0.140511082E-03  -0.509020814E-03   0.321528642E-04
   0.231570986E-03   0.201050658E-03  -0.675898104E-03   0.392084294E-04
   0.323381624E-03   0.280955865E-03  -0.860822271E-03   0.456212838E-04
   0.445088081E-03   0.388655171E-03  -0.106870977E-02   0.510194041E-04
   0.604790519E-03   0.532381528E-03  -0.128928712E-02   0.550776676E-04
   0.817034161E-03   0.726046914E-03  -0.152084220E-02   0.573313446E-04
   0.109747669E-02   0.984111102E-03  -0.174933881E-02   0.571513046E-04
   0.146222534E-02   0.132099900E-02  -0.194442738E-02   0.534999417E-04
   0.191711797E-02   0.174131291E-02  -0.204978278E-02   0.456825001E-04
   0.243724091E-02   0.222125812E-02  -0.197099312E-02   0.331628980E-04
   0.295080175E-02   0.269505475E-02  -0.160597975E-02   0.181624891E-04
   0.334570766E-02   0.305917463E-02  -0.917047553E-03   0.520984713E-05
   0.349454070E-02   0.319627160E-02  -0.265955347E-08   0.000000000E+00
