   0.136637769E-03   0.630343100E-02  -0.135907366E-11   0.000000000E+00
   0.135697977E-03   0.607866189E-02   0.826072297E-03   0.453585608E-05
   0.132944813E-03   0.546944421E-02   0.147984002E-02   0.162227770E-04
   0.128513959E-03   0.463970983E-02   0.187150214E-02   0.307281480E-04
   0.122546335E-03   0.375493243E-02   0.200758758E-02   0.438735478E-04
   0.115180716E-03   0.293069216E-02   0.195108540E-02   0.531544320E-04
   0.106331805E-03   0.223339442E-02   0.177769433E-02   0.578121144E-04
   0.959705430E-04   0.167161808E-02   0.154481549E-02   0.583318288E-04
   0.841946749E-04   0.123248959E-02   0.129089714E-02   0.554596518E-04
   0.717555813E-04   0.896924350E-03   0.104482577E-02   0.502185285E-04
   0.590511081E-04   0.642412808E-03   0.817856519E-03   0.435106886E-04
   0.466396777E-04   0.450622145E-03   0.616745150E-03   0.357260615E-04
   0.353030664E-04   0.307651528E-03   0.447140657E-03   0.282122874E-04
   0.253994185E-04   0.202718031E-03   0.309021241E-03   0.209856662E-04
   0.173129138E-04   0.127528372E-03   0.202267023E-03   0.146634129E-04
   0.110431720E-04   0.754957364E-04   0.123555044E-03   0.951937909E-05
   0.648404284E-05   0.410017783E-04   0.687793727E-04   0.560552780E-05
   0.348820095E-05   0.201383209E-04   0.344565269E-04   0.295231280E-05
   0.165719166E-05   0.849977278E-05   0.146282955E-04   0.131294576E-05
   0.666228573E-06   0.292464279E-05   0.473540877E-05   0.436798132E-06
   0.195583695E-06   0.773448733E-06   0.696077905E-06   0.632121839E-07
   0.474628834E-07   0.462262761E-06  -0.591109495E-09   0.461079869E-09
   0.345327003E-07   0.776997808E-06   0.492938739E-06   0.569505403E-07
   0.648383107E-07   0.115194098E-05   0.119950198E-05   0.144900355E-06
   0.877934312E-07   0.125067004E-05   0.151849781E-05   0.183117734E-06
   0.102766272E-06   0.129869659E-05   0.171796285E-05   0.215227928E-06
   0.927043615E-07   0.108323661E-05   0.150701237E-05   0.193944587E-06
   0.650312728E-07   0.730831857E-06   0.104277126E-05   0.139253828E-06
   0.470353037E-07   0.504265074E-06   0.715662793E-06   0.957384785E-07
   0.222344436E-07   0.242754965E-06   0.350764680E-06   0.505427664E-07
   0.118410428E-07   0.130037591E-06   0.191858518E-06   0.306327763E-07
   0.467108974E-08   0.535301723E-07   0.769764483E-07   0.137362486E-07
   0.963684577E-09   0.129373259E-07   0.171519883E-07   0.360786623E-08
   0.103083098E-09   0.266647748E-08   0.140989442E-08   0.130117361E-08
   0.509554343E-09   0.362178687E-08   0.616090112E-08   0.802588385E-09
   0.363248209E-09   0.137571354E-08   0.847226123E-09   0.210732695E-09
   0.640179021E-09   0.330334959E-08   0.424766844E-08   0.463209943E-09
   0.131587896E-08   0.102747766E-07   0.163264176E-07   0.213660334E-08
   0.153245505E-08   0.941145295E-08   0.100362918E-07   0.192425120E-08
   0.132944211E-08   0.945799794E-08   0.161057088E-07   0.171870174E-08
   0.125356181E-08   0.979965886E-08   0.151254334E-07   0.207780904E-08
   0.604363115E-09   0.350223273E-08   0.589248250E-08   0.749953766E-09
   0.363335445E-09   0.197211802E-08   0.173464998E-08   0.721192439E-09
   0.262130428E-09   0.270200751E-08   0.402751299E-08   0.759145469E-09
   0.339270667E-09   0.116613175E-08  -0.116492305E-08   0.661582844E-09
   0.214185822E-09   0.705568104E-09  -0.164162117E-08   0.508016407E-09
   0.221663199E-08   0.400596134E-08  -0.166494196E-07   0.262774802E-08
   0.465759431E-09   0.136924339E-08  -0.232532349E-08   0.835610470E-09
   0.610146711E-09   0.118841326E-08  -0.405878442E-08   0.594043426E-09
   0.199571271E-08   0.421283231E-08  -0.127922908E-07   0.198075401E-08
   0.238139219E-08   0.365020858E-08  -0.158533311E-07   0.189020066E-08
   0.562477354E-08   0.909257380E-08  -0.393800299E-07   0.568429614E-08
   0.706330727E-08   0.123572974E-07  -0.499276247E-07   0.695607438E-08
   0.612200202E-08   0.106192664E-07  -0.439350423E-07   0.623222807E-08
   0.458195082E-08   0.761136576E-08  -0.327331726E-07   0.463585659E-08
   0.282317636E-08   0.486468110E-08  -0.192283718E-07   0.255102917E-08
   0.865732139E-10   0.767949981E-09   0.118455590E-08   0.175635534E-09
   0.966107194E-09   0.269262435E-08  -0.684555745E-08   0.194137595E-08
   0.864558825E-08   0.151789816E-07  -0.594611969E-07   0.931470545E-08
   0.362487462E-07   0.612986994E-07  -0.244544935E-06   0.350678881E-07
   0.626592396E-07   0.100454130E-06  -0.409496806E-06   0.582945319E-07
   0.128099686E-06   0.201965833E-06  -0.822087827E-06   0.113983489E-06
   0.226781424E-06   0.348630778E-06  -0.141623923E-05   0.187667936E-06
   0.375646891E-06   0.561470074E-06  -0.227022815E-05   0.287973279E-06
   0.514177373E-06   0.750136110E-06  -0.298776558E-05   0.367250266E-06
   0.616830107E-06   0.879076651E-06  -0.340202610E-05   0.405476840E-06
   0.644516433E-06   0.883703819E-06  -0.326602822E-05   0.384703327E-06
   0.558192596E-06   0.735037645E-06  -0.240369422E-05   0.275928869E-06
   0.389516686E-06   0.464051340E-06  -0.104489129E-05   0.118370245E-06
   0.292245375E-06   0.263301644E-06  -0.264410602E-06   0.552705899E-07
   0.665907748E-06   0.596911491E-06  -0.197581403E-05   0.254451237E-06
   0.224506107E-05   0.226037218E-05  -0.101533969E-04   0.108395852E-05
   0.607989978E-05   0.631975308E-05  -0.293497687E-04   0.287955163E-05
   0.137149591E-04   0.143056241E-04  -0.659593861E-04   0.601326246E-05
   0.267027026E-04   0.275251132E-04  -0.124445723E-03   0.106334637E-04
   0.473168329E-04   0.481122734E-04  -0.211445848E-03   0.168755378E-04
   0.773022330E-04   0.775093649E-04  -0.328135764E-03   0.243700742E-04
   0.120399120E-03   0.119220989E-03  -0.482831965E-03   0.332682393E-04
   0.177272042E-03   0.174092231E-03  -0.664542138E-03   0.422521334E-04
   0.251059944E-03   0.245625037E-03  -0.870958960E-03   0.507144832E-04
   0.347454101E-03   0.340423285E-03  -0.110492110E-02   0.585898633E-04
   0.469964492E-03   0.463249336E-03  -0.135228701E-02   0.648483547E-04
   0.625575834E-03   0.622685999E-03  -0.160517788E-02   0.687638167E-04
   0.821635942E-03   0.827645010E-03  -0.184442126E-02   0.694626506E-04
   0.106819964E-02   0.108881772E-02  -0.205494626E-02   0.670387672E-04
   0.136932719E-02   0.141047593E-02  -0.219469448E-02   0.603986737E-04
   0.172149658E-02   0.178772956E-02  -0.221089879E-02   0.491700048E-04
   0.209994498E-02   0.219328306E-02  -0.202903477E-02   0.341464765E-04
   0.245314464E-02   0.257176952E-02  -0.158673828E-02   0.179537528E-04
   0.271069002E-02   0.284720724E-02  -0.879561470E-03   0.499159296E-05
   0.280399737E-02   0.294721499E-02  -0.190999860E-08   0.000000000E+00
