   0.547896481E+01   0.456848030E+02   0.360742297E-05   0.000000000E+00
   0.277057552E+01   0.230718689E+02   0.150656044E+01   0.918029901E-02
   0.736892641E+00   0.611002684E+01   0.806599200E+00   0.987521932E-02
   0.196156397E+00   0.161264646E+01   0.325725347E+00   0.604300108E-02
   0.585379265E-01   0.474061906E+00   0.131491840E+00   0.331106246E-02
   0.194600094E-01   0.153822392E+00   0.551394783E-01   0.178787182E-02
   0.725456467E-02   0.555203222E-01   0.241510440E-01   0.984687009E-03
   0.319937896E-02   0.238801427E-01   0.112530570E-01   0.567940762E-03
   0.179415720E-02   0.135545423E-01   0.584649621E-02   0.357482320E-03
   0.127350294E-02   0.101066884E-01   0.358798681E-02   0.253369944E-03
   0.104266161E-02   0.874657091E-02   0.263905735E-02   0.202292576E-03
   0.899859355E-03   0.789483450E-02   0.220895209E-02   0.176682719E-03
   0.780042319E-03   0.708192540E-02   0.196201960E-02   0.161079297E-03
   0.666335109E-03   0.621706108E-02   0.176375650E-02   0.147944287E-03
   0.556967920E-03   0.531457365E-02   0.156381982E-02   0.134892151E-03
   0.456018432E-03   0.443605753E-02   0.135952153E-02   0.121054320E-03
   0.365832500E-03   0.362123083E-02   0.115538645E-02   0.106312378E-03
   0.286836701E-03   0.288698543E-02   0.954302552E-03   0.909184237E-04
   0.221233364E-03   0.226190267E-02   0.772978412E-03   0.762386990E-04
   0.168232742E-03   0.174116693E-02   0.613682263E-03   0.628456692E-04
   0.124922939E-03   0.131321361E-02   0.474128174E-03   0.500948008E-04
   0.912856412E-04   0.973120972E-03   0.358512596E-03   0.390134155E-04
   0.652636154E-04   0.705904618E-03   0.263365713E-03   0.295358077E-04
   0.459673211E-04   0.503679621E-03   0.189669241E-03   0.218275072E-04
   0.317414415E-04   0.351087598E-03   0.132293499E-03   0.156574388E-04
   0.213258863E-04   0.239502595E-03   0.893674005E-04   0.108244249E-04
   0.139644944E-04   0.158923780E-03   0.579230436E-04   0.715870283E-05
   0.912360065E-05   0.104679202E-03   0.373318762E-04   0.467537348E-05
   0.570093334E-05   0.660114310E-04   0.222965409E-04   0.282056658E-05
   0.347741570E-05   0.403406921E-04   0.125508677E-04   0.159191222E-05
   0.211566521E-05   0.239302008E-04   0.664094114E-05   0.826523319E-06
   0.127434885E-05   0.140825641E-04   0.340565407E-05   0.404757088E-06
   0.745531054E-06   0.783322685E-05   0.146592595E-05   0.155217137E-06
   0.469660506E-06   0.420514834E-05   0.521103289E-06   0.344066784E-07
   0.314335153E-06   0.229047737E-05   0.186981623E-06  -0.847525250E-08
   0.206733759E-06   0.120241521E-05   0.646179856E-07  -0.823933100E-08
   0.153977112E-06   0.711062739E-06   0.944977216E-07   0.491182872E-08
   0.119661081E-06   0.458670144E-06   0.146539932E-06   0.230482229E-07
   0.886773392E-07   0.347892950E-06   0.180899477E-06   0.387436607E-07
   0.650696492E-07   0.279301076E-06   0.181377828E-06   0.459364529E-07
   0.486549006E-07   0.239268417E-06   0.176213575E-06   0.563301477E-07
   0.371725477E-07   0.215127571E-06   0.159465827E-06   0.644636700E-07
   0.249484486E-07   0.178352039E-06   0.114383830E-06   0.629547401E-07
   0.176220478E-07   0.145901026E-06   0.594880554E-07   0.644033022E-07
   0.248999292E-07   0.130254847E-06  -0.287958701E-08   0.709534262E-07
   0.364879327E-07   0.125038156E-06  -0.640994742E-07   0.768418218E-07
   0.455193820E-07   0.114197817E-06  -0.116895592E-06   0.746277919E-07
   0.638634035E-07   0.122261824E-06  -0.163536939E-06   0.794792641E-07
   0.943562313E-07   0.137769803E-06  -0.240023837E-06   0.852341699E-07
   0.130150354E-06   0.163579045E-06  -0.318012610E-06   0.932055073E-07
   0.155567392E-06   0.178085713E-06  -0.337979259E-06   0.926734245E-07
   0.191063123E-06   0.199644106E-06  -0.352197247E-06   0.896117029E-07
   0.229944533E-06   0.229546444E-06  -0.335317310E-06   0.837792697E-07
   0.289219088E-06   0.275041344E-06  -0.258654296E-06   0.668738238E-07
   0.403901993E-06   0.378903309E-06  -0.150514310E-06   0.472109214E-07
   0.674499518E-06   0.652635549E-06  -0.110329118E-06   0.415053059E-07
   0.120084326E-05   0.116324316E-05  -0.208501561E-06   0.511041840E-07
   0.216723924E-05   0.210368034E-05  -0.606120636E-06   0.102578333E-06
   0.408285996E-05   0.400574436E-05  -0.191003232E-05   0.278151077E-06
   0.732398257E-05   0.714675070E-05  -0.435882657E-05   0.596782684E-06
   0.126574378E-04   0.122481406E-04  -0.867697145E-05   0.115352157E-05
   0.214590636E-04   0.207458834E-04  -0.164941266E-04   0.213357384E-05
   0.345177068E-04   0.332663258E-04  -0.280149725E-04   0.352085635E-05
   0.551801859E-04   0.529409117E-04  -0.468870312E-04   0.573184570E-05
   0.854132377E-04   0.814170708E-04  -0.740875621E-04   0.883891880E-05
   0.127807027E-03   0.121284145E-03  -0.111265566E-03   0.128558513E-04
   0.187309910E-03   0.176810849E-03  -0.161994089E-03   0.181758951E-04
   0.269325246E-03   0.253011618E-03  -0.229876474E-03   0.249394107E-04
   0.377188844E-03   0.352754345E-03  -0.314537610E-03   0.328172173E-04
   0.520417292E-03   0.484330783E-03  -0.422160927E-03   0.423975507E-04
   0.701039040E-03   0.650018221E-03  -0.549311633E-03   0.526722069E-04
   0.927501242E-03   0.856634055E-03  -0.698535179E-03   0.638180136E-04
   0.120707857E-02   0.111060822E-02  -0.870864838E-03   0.754573339E-04
   0.154070032E-02   0.141262566E-02  -0.106050889E-02   0.866693590E-04
   0.192326331E-02   0.175597938E-02  -0.125569012E-02   0.966466760E-04
   0.235776301E-02   0.214410969E-02  -0.145850750E-02   0.105264276E-03
   0.282322383E-02   0.255674100E-02  -0.165265042E-02   0.110468260E-03
   0.330372131E-02   0.297751324E-02  -0.183634949E-02   0.113407332E-03
   0.377613259E-02   0.338328118E-02  -0.201791595E-02   0.115149560E-03
   0.422641588E-02   0.375943282E-02  -0.223858445E-02   0.117592965E-03
   0.471983757E-02   0.416099187E-02  -0.263093924E-02   0.129920969E-03
   0.550560979E-02   0.481394771E-02  -0.350042852E-02   0.164315177E-03
   0.741319312E-02   0.647733873E-02  -0.556088379E-02   0.250123732E-03
   0.129121644E-01   0.114344638E-01  -0.104472805E-01   0.432230358E-03
   0.293378849E-01   0.265023299E-01  -0.219606943E-01   0.797100482E-03
   0.796032846E-01   0.730673298E-01  -0.493523479E-01   0.150804874E-02
   0.241469771E+00   0.223911941E+00  -0.116166003E+00   0.284347590E-02
   0.810965061E+00   0.756644428E+00  -0.284323305E+00   0.520536862E-02
   0.303317165E+01   0.284060240E+01  -0.694979966E+00   0.846312288E-02
   0.112654581E+02   0.105718803E+02  -0.127642715E+01   0.775985606E-02
   0.220387363E+02   0.206954060E+02  -0.604017487E-05   0.000000000E+00
