   0.539785651E-04   0.403477158E-02   0.000000000E+00   0.000000000E+00
   0.552038182E-04   0.389069808E-02   0.587484450E-03   0.314293879E-05
   0.582326356E-04   0.350506068E-02   0.105657417E-02   0.112474390E-04
   0.617200567E-04   0.297489646E-02   0.134248333E-02   0.213513740E-04
   0.642623054E-04   0.240520132E-02   0.144665199E-02   0.304452133E-04
   0.646271583E-04   0.187538180E-02   0.140804693E-02   0.367263783E-04
   0.623703745E-04   0.142108614E-02   0.127672357E-02   0.394800081E-04
   0.577536885E-04   0.105396251E-02   0.109943561E-02   0.392988804E-04
   0.509786369E-04   0.765751640E-03   0.903203909E-03   0.366184577E-04
   0.428341446E-04   0.544859562E-03   0.710438471E-03   0.321311745E-04
   0.341878731E-04   0.377579738E-03   0.534229446E-03   0.265772633E-04
   0.259231492E-04   0.254038314E-03   0.384153711E-03   0.208573492E-04
   0.184407891E-04   0.163135614E-03   0.260066590E-03   0.153312740E-04
   0.123251739E-04   0.996327726E-04   0.165753736E-03   0.104592664E-04
   0.755173778E-05   0.560890112E-04   0.964202845E-04   0.651600340E-05
   0.418390982E-05   0.284668586E-04   0.500484530E-04   0.355720522E-05
   0.209419750E-05   0.128517868E-04   0.229603793E-04   0.171527097E-05
   0.861995545E-06   0.462878461E-05   0.800610269E-05   0.608230891E-06
   0.277170273E-06   0.130500428E-05   0.172896421E-05   0.123235139E-06
   0.686320334E-07   0.477748983E-06   0.100473429E-06  -0.374609593E-09
   0.263177338E-07   0.651167966E-06   0.328930213E-06   0.369528550E-07
   0.541810721E-07   0.104682897E-05   0.110219321E-05   0.116978732E-06
   0.737885060E-07   0.112258795E-05   0.143776754E-05   0.159382907E-06
   0.817721357E-07   0.107326173E-05   0.151175118E-05   0.168516777E-06
   0.733781960E-07   0.890263209E-06   0.132022660E-05   0.151990662E-06
   0.555466926E-07   0.648185789E-06   0.994555080E-06   0.120595388E-06
   0.379734253E-07   0.425787874E-06   0.663938408E-06   0.819919350E-07
   0.143315804E-07   0.165206913E-06   0.257624265E-06   0.349992710E-07
   0.869774830E-08   0.939418641E-07   0.149385102E-06   0.191069702E-07
   0.336654193E-08   0.383832308E-07   0.591752354E-07   0.844693293E-08
   0.311681764E-09   0.374502296E-08   0.523058352E-08   0.921610899E-09
   0.103224082E-09   0.698133606E-09  -0.448387133E-09   0.409065753E-09
   0.410073642E-09   0.267045075E-08   0.409730472E-08   0.527343336E-09
   0.144996470E-08   0.111118323E-07   0.176091017E-07   0.229516095E-08
   0.126246291E-08   0.600651218E-08   0.527241717E-08   0.970510339E-09
   0.163187408E-08   0.715416082E-08   0.276192136E-08   0.145630907E-08
   0.115698084E-08   0.870852990E-08   0.155361359E-07   0.164873371E-08
   0.131288447E-08   0.781696397E-08   0.936128419E-08   0.153269231E-08
   0.863475846E-09   0.422414637E-08   0.230904518E-08   0.970528991E-09
   0.925028276E-09   0.377636988E-08   0.239744835E-09   0.917989185E-09
   0.401272404E-09   0.185579940E-08   0.380042842E-08   0.154511584E-09
   0.458508315E-09   0.129925515E-08  -0.101201258E-08   0.287584345E-09
   0.678031659E-10   0.108953180E-09  -0.526822475E-09   0.625626426E-10
   0.639858860E-10   0.161532759E-09  -0.165340363E-10   0.161924571E-10
   0.397827951E-10   0.166860997E-09  -0.479435769E-09   0.133209277E-09
   0.291481256E-09   0.172178904E-08  -0.316871890E-09   0.692194690E-09
   0.164224745E-09   0.721934734E-09  -0.536508837E-09   0.291397212E-09
   0.220977212E-10   0.311696224E-09   0.431259972E-09   0.117062679E-09
   0.190882893E-09   0.568474046E-09  -0.110381559E-08   0.243571191E-09
   0.155914559E-08   0.356475294E-08  -0.124443442E-07   0.194992866E-08
   0.431225194E-09   0.106229170E-08  -0.141005563E-08   0.234794711E-09
   0.696269709E-09   0.142990253E-08  -0.410876977E-08   0.506110764E-09
   0.313173620E-08   0.584305848E-08  -0.262838871E-07   0.347359697E-08
   0.337749517E-08   0.650562271E-08  -0.273208105E-07   0.358963037E-08
   0.402293487E-08   0.709142567E-08  -0.337948762E-07   0.462808192E-08
   0.374139830E-08   0.670512845E-08  -0.302215355E-07   0.374349085E-08
   0.599654149E-08   0.109002185E-07  -0.493392633E-07   0.632318997E-08
   0.179960369E-08   0.312782711E-08  -0.141277159E-07   0.165105185E-08
   0.250709808E-08   0.459459670E-08  -0.211941504E-07   0.282229684E-08
   0.352291807E-09   0.116741972E-08  -0.307721693E-08   0.696500302E-09
   0.207582351E-08   0.423306323E-08  -0.167372374E-07   0.289496271E-08
   0.128843949E-07   0.224574190E-07  -0.100627979E-06   0.134467060E-07
   0.525964090E-07   0.879246187E-07  -0.400734422E-06   0.505671061E-07
   0.128289727E-06   0.208169382E-06  -0.954156576E-06   0.117031917E-06
   0.210235413E-06   0.330310598E-06  -0.151753341E-05   0.182989638E-06
   0.317168542E-06   0.486009981E-06  -0.221005939E-05   0.258712021E-06
   0.484726058E-06   0.718858701E-06  -0.322833216E-05   0.359611079E-06
   0.570847703E-06   0.820644630E-06  -0.357681006E-05   0.387381391E-06
   0.596711629E-06   0.825114284E-06  -0.338972313E-05   0.354621363E-06
   0.465173628E-06   0.602068781E-06  -0.211405450E-05   0.216129877E-06
   0.328223479E-06   0.366379197E-06  -0.731105217E-06   0.768496591E-07
   0.337995232E-06   0.297839875E-06  -0.428163219E-06   0.717107156E-07
   0.101030002E-05   0.985967063E-06  -0.410559915E-05   0.431313850E-06
   0.333184062E-05   0.349573588E-05  -0.173707012E-04   0.159299043E-05
   0.857725081E-05   0.910463768E-05  -0.460689625E-04   0.387635919E-05
   0.186595680E-04   0.195805860E-04  -0.982135170E-04   0.769853250E-05
   0.348494250E-04   0.359160113E-04  -0.175288995E-03   0.127507601E-04
   0.604998531E-04   0.612624863E-04  -0.288795098E-03   0.194566201E-04
   0.968493914E-04   0.965200234E-04  -0.433506590E-03   0.269317370E-04
   0.146521037E-03   0.144282880E-03  -0.608832459E-03   0.346422494E-04
   0.211982348E-03   0.207269681E-03  -0.808372919E-03   0.420013967E-04
   0.296159298E-03   0.289197109E-03  -0.102287543E-02   0.479938135E-04
   0.402913080E-03   0.394960429E-03  -0.123935682E-02   0.521140719E-04
   0.537204731E-03   0.530428253E-03  -0.144535536E-02   0.538238455E-04
   0.704010366E-03   0.701265875E-03  -0.162006682E-02   0.524403913E-04
   0.905985129E-03   0.910223578E-03  -0.172913738E-02   0.473893779E-04
   0.113932986E-02   0.115235045E-02  -0.173490180E-02   0.386605134E-04
   0.138862967E-02   0.141102436E-02  -0.158189889E-02   0.268311687E-04
   0.161968847E-02   0.165046914E-02  -0.122976862E-02   0.141081500E-04
   0.178713235E-02   0.182312983E-02  -0.678683980E-03   0.390252626E-05
   0.184930023E-02   0.188752858E-02  -0.176032378E-08   0.000000000E+00
