   0.142919060E-03   0.679763034E-02  -0.225628609E-11   0.000000000E+00
   0.142571284E-03   0.657286122E-02   0.895261590E-03   0.494675896E-05
   0.141364217E-03   0.595972734E-02   0.161685259E-02   0.178782102E-04
   0.138931617E-03   0.510418601E-02   0.206699362E-02   0.342621024E-04
   0.134888774E-03   0.418018829E-02   0.224655052E-02   0.493427033E-04
   0.128875094E-03   0.330510270E-02   0.221201009E-02   0.605667301E-04
   0.120686949E-03   0.254983641E-02   0.204036641E-02   0.665557091E-04
   0.110358138E-03   0.193019211E-02   0.179387326E-02   0.680203448E-04
   0.980984769E-04   0.143838720E-02   0.151722587E-02   0.653734533E-04
   0.842457375E-04   0.105673622E-02   0.123789744E-02   0.597958460E-04
   0.699269294E-04   0.763472344E-03   0.977438991E-03   0.520769463E-04
   0.558078245E-04   0.540675304E-03   0.744827557E-03   0.432955931E-04
   0.425972248E-04   0.372298789E-03   0.544634531E-03   0.344059627E-04
   0.309777461E-04   0.247791788E-03   0.380521698E-03   0.258543278E-04
   0.215227974E-04   0.158818730E-03   0.254307117E-03   0.184718629E-04
   0.139651929E-04   0.955476426E-04   0.158245501E-03   0.122801939E-04
   0.846130297E-05   0.535832405E-04   0.913084004E-04   0.747343756E-05
   0.464287268E-05   0.269710927E-04   0.469242041E-04   0.404971070E-05
   0.225166445E-05   0.117145555E-04   0.204659646E-04   0.181972950E-05
   0.932573982E-06   0.416072999E-05   0.698713984E-05   0.644346983E-06
   0.313186945E-06   0.121180858E-05   0.146264222E-05   0.134105278E-06
   0.749779332E-07   0.548673881E-06   0.113110454E-07  -0.214215534E-08
   0.404954115E-07   0.800472378E-06   0.422377781E-06   0.514453760E-07
   0.688806665E-07   0.126433736E-05   0.124804649E-05   0.149712264E-06
   0.109681430E-06   0.162117783E-05   0.194430322E-05   0.236822117E-06
   0.104574312E-06   0.135750690E-05   0.177425363E-05   0.224990302E-06
   0.979352350E-07   0.117842717E-05   0.163326524E-05   0.217351712E-06
   0.790298884E-07   0.901070905E-06   0.128661657E-05   0.175069829E-06
   0.559087638E-07   0.624440077E-06   0.902855106E-06   0.128671587E-06
   0.367653605E-07   0.399480911E-06   0.587575471E-06   0.850734949E-07
   0.166420850E-07   0.181365195E-06   0.264961642E-06   0.398950668E-07
   0.606925132E-08   0.704677916E-07   0.993366243E-07   0.168220087E-07
   0.381844911E-08   0.444008599E-07   0.644230269E-07   0.119103092E-07
   0.700373703E-09   0.885070151E-08   0.110154250E-07   0.220165508E-08
   0.228159103E-09   0.129475208E-08  -0.123707355E-08   0.791904875E-09
   0.131933642E-08   0.902103103E-08   0.125912667E-07   0.195687289E-08
   0.875159722E-09   0.525685007E-08   0.100725090E-07   0.870459593E-09
   0.168026304E-08   0.109804565E-07   0.190456984E-07   0.184877458E-08
   0.136849410E-08   0.775433584E-08   0.739436778E-08   0.156791546E-08
   0.836473724E-09   0.610331607E-08   0.103983160E-07   0.117681953E-08
   0.183477966E-08   0.154503805E-07   0.255649475E-07   0.357475805E-08
   0.115177456E-08   0.804984435E-08   0.146669166E-07   0.153754187E-08
   0.511621412E-09   0.329451977E-08   0.347606788E-08   0.755468799E-09
   0.923077378E-10   0.127865663E-08   0.163920699E-08   0.481065798E-09
   0.441813003E-09   0.378669540E-08   0.541204193E-08   0.125941246E-08
   0.389381777E-09   0.161008695E-08  -0.346039863E-09   0.809229683E-09
   0.292919311E-08   0.623657792E-08  -0.237938433E-07   0.422647117E-08
   0.250606291E-08   0.490433116E-08  -0.197217833E-07   0.325291194E-08
   0.510568698E-09   0.202381334E-08  -0.175368586E-08   0.116931820E-08
   0.384541154E-08   0.669670097E-08  -0.285132273E-07   0.415270263E-08
   0.638041264E-08   0.119936248E-07  -0.483383609E-07   0.721220683E-08
   0.965802549E-08   0.169939529E-07  -0.711857524E-07   0.100291757E-07
   0.899839314E-08   0.168542584E-07  -0.661558488E-07   0.951533430E-08
   0.843830517E-08   0.147486068E-07  -0.621529779E-07   0.880255957E-08
   0.169246916E-08   0.284651214E-08  -0.115845156E-07   0.141090872E-08
   0.125015154E-08   0.236810571E-08  -0.839352676E-08   0.112862264E-08
   0.634035380E-09   0.153285395E-08  -0.459098626E-08   0.953057522E-09
   0.172117465E-08   0.397386746E-08  -0.130969049E-07   0.277027334E-08
   0.283563146E-07   0.507211873E-07  -0.200668964E-06   0.304146113E-07
   0.507518934E-07   0.877069155E-07  -0.350471765E-06   0.515920782E-07
   0.956152988E-07   0.161821163E-06  -0.647764750E-06   0.920669905E-07
   0.185186593E-06   0.305197489E-06  -0.122181461E-05   0.164794258E-06
   0.286915423E-06   0.459568355E-06  -0.184068699E-05   0.246285367E-06
   0.501934323E-06   0.786729686E-06  -0.312347197E-05   0.400022230E-06
   0.650632501E-06   0.992671062E-06  -0.388050466E-05   0.477123990E-06
   0.699308032E-06   0.104374340E-05  -0.393636446E-05   0.476541345E-06
   0.771117413E-06   0.111066311E-05  -0.396728910E-05   0.461373133E-06
   0.583135886E-06   0.800469422E-06  -0.245162187E-05   0.287197537E-06
   0.383052992E-06   0.459722912E-06  -0.854064183E-06   0.107793845E-06
   0.363290212E-06   0.327195920E-06  -0.359271752E-06   0.719940729E-07
   0.899925681E-06   0.845099066E-06  -0.287443868E-05   0.360209981E-06
   0.310436462E-05   0.330174021E-05  -0.148419058E-04   0.156934505E-05
   0.789486603E-05   0.859347347E-05  -0.393830414E-04   0.385728390E-05
   0.171199154E-04   0.186526886E-04  -0.847541378E-04   0.774664295E-05
   0.324180037E-04   0.349289803E-04  -0.155383052E-03   0.133238100E-04
   0.565767041E-04   0.601934480E-04  -0.260362751E-03   0.208839356E-04
   0.913649128E-04   0.959163808E-04  -0.399881945E-03   0.299046569E-04
   0.138860560E-03   0.144263307E-03  -0.573016645E-03   0.396850628E-04
   0.203792355E-03   0.210164813E-03  -0.788915728E-03   0.505110329E-04
   0.286180701E-03   0.294590078E-03  -0.102677976E-02   0.601083157E-04
   0.391136447E-03   0.403750484E-03  -0.128743297E-02   0.685870327E-04
   0.522951246E-03   0.543954491E-03  -0.155894225E-02   0.749739338E-04
   0.688994071E-03   0.724598067E-03  -0.183407241E-02   0.791505809E-04
   0.895590347E-03   0.954298535E-03  -0.209079613E-02   0.794025837E-04
   0.114991562E-02   0.124140328E-02  -0.230293279E-02   0.754176872E-04
   0.145605742E-02   0.159032701E-02  -0.243172096E-02   0.673760442E-04
   0.180580700E-02   0.199033227E-02  -0.241788127E-02   0.540912479E-04
   0.217417744E-02   0.241248542E-02  -0.219081738E-02   0.372126378E-04
   0.251322566E-02   0.280039734E-02  -0.169441954E-02   0.192731131E-04
   0.275576115E-02   0.307804393E-02  -0.931860588E-03   0.532942749E-05
   0.284427823E-02   0.317953713E-02  -0.257092947E-08   0.000000000E+00
