   0.652980118E-03   0.147620020E-01   0.000000000E+00   0.000000000E+00
   0.626736204E-03   0.140848663E-01   0.159988552E-02   0.897276095E-05
   0.559030741E-03   0.123163182E-01   0.276441919E-02   0.308887029E-04
   0.470504456E-03   0.100087924E-01   0.331301242E-02   0.557201602E-04
   0.382968428E-03   0.771897752E-02   0.334710605E-02   0.751198313E-04
   0.308191811E-03   0.576328812E-02   0.307890656E-02   0.865401380E-04
   0.248940021E-03   0.423592981E-02   0.268924190E-02   0.910589661E-04
   0.202962343E-03   0.309944479E-02   0.228229142E-02   0.901398089E-04
   0.166626123E-03   0.226702960E-02   0.190124405E-02   0.861838125E-04
   0.136619943E-03   0.166102743E-02   0.155835110E-02   0.795888627E-04
   0.111212496E-03   0.121733383E-02   0.125759747E-02   0.711975154E-04
   0.891493837E-04   0.889247109E-03   0.995880226E-03   0.619764614E-04
   0.699148877E-04   0.644616608E-03   0.771023508E-03   0.520700451E-04
   0.532465456E-04   0.459971110E-03   0.579878397E-03   0.422626945E-04
   0.393234113E-04   0.321799685E-03   0.423131132E-03   0.330088005E-04
   0.279548967E-04   0.218952118E-03   0.297463557E-03   0.246919335E-04
   0.189684197E-04   0.143274607E-03   0.199583810E-03   0.175193472E-04
   0.122118918E-04   0.891743621E-04   0.126887055E-03   0.118023490E-04
   0.749236096E-05   0.531259429E-04   0.767903184E-04   0.745792840E-05
   0.420451033E-05   0.287982512E-04   0.422751255E-04   0.431037779E-05
   0.214167699E-05   0.140115153E-04   0.209404352E-04   0.223853249E-05
   0.920497200E-06   0.566645167E-05   0.855566395E-05   0.951571792E-06
   0.349588845E-06   0.195479015E-05   0.299716498E-05   0.351452002E-06
   0.104605178E-06   0.512638621E-06   0.771138616E-06   0.962962758E-07
   0.285461681E-07   0.227712633E-06   0.232718833E-06   0.330675789E-07
   0.387585111E-07   0.437806193E-06   0.488505009E-06   0.656082264E-07
   0.663519231E-07   0.700788348E-06   0.855272674E-06   0.116161168E-06
   0.771161126E-07   0.775898741E-06   0.980477466E-06   0.139645678E-06
   0.858105764E-07   0.815011447E-06   0.105477829E-05   0.146548444E-06
   0.694609454E-07   0.647198533E-06   0.850730430E-06   0.123827277E-06
   0.552537642E-07   0.512021870E-06   0.676119043E-06   0.102373669E-06
   0.406273557E-07   0.369195391E-06   0.490270054E-06   0.744006243E-07
   0.252825849E-07   0.227933299E-06   0.303199187E-06   0.466947512E-07
   0.132589300E-07   0.121047577E-06   0.162644483E-06   0.271569007E-07
   0.836071834E-08   0.762058505E-07   0.100938486E-06   0.165567720E-07
   0.221573138E-08   0.214805365E-07   0.276896159E-07   0.503795317E-08
   0.433444280E-09   0.535069145E-08   0.603528116E-08   0.168540704E-08
   0.422048424E-09   0.888774443E-09   0.683091583E-09  -0.951618090E-10
   0.160310751E-09   0.381337378E-09   0.128211025E-09   0.118565782E-09
   0.146742618E-08   0.373807651E-08  -0.305879544E-09   0.154542690E-08
   0.757939767E-09   0.770277886E-08   0.919820753E-08   0.240938025E-08
   0.226762897E-08   0.119349526E-07   0.104206741E-07   0.435786474E-08
   0.109457743E-08   0.530580735E-08   0.677056466E-10   0.276993584E-08
   0.181983251E-08   0.651409282E-08  -0.628226005E-08   0.408676648E-08
   0.316042459E-08   0.813470269E-08  -0.141657557E-07   0.536740563E-08
   0.225418839E-08   0.709842229E-08  -0.791895882E-08   0.445999593E-08
   0.770357378E-08   0.142358001E-07  -0.293745632E-07   0.850490078E-08
   0.163068659E-08   0.592016081E-08  -0.471802242E-08   0.360108832E-08
   0.622994678E-08   0.105959286E-07  -0.332174075E-07   0.701352088E-08
   0.653130350E-08   0.102664401E-07  -0.346701867E-07   0.653266907E-08
   0.302908187E-08   0.529992139E-08  -0.171796923E-07   0.346719009E-08
   0.145051837E-08   0.234318365E-08  -0.736160644E-08   0.151676804E-08
   0.170253811E-08   0.213082285E-08  -0.585466031E-08   0.100795483E-08
   0.768094477E-09   0.149891899E-08  -0.336823991E-08   0.912355858E-09
   0.626207441E-08   0.922172383E-08  -0.322144658E-07   0.480742957E-08
   0.959448609E-08   0.141075462E-07  -0.496666850E-07   0.830425773E-08
   0.362756296E-07   0.537313483E-07  -0.185831468E-06   0.280129626E-07
   0.775123183E-07   0.108776867E-06  -0.389027093E-06   0.597104588E-07
   0.143272274E-06   0.198571982E-06  -0.709170706E-06   0.105672854E-06
   0.230966307E-06   0.312485412E-06  -0.112090447E-05   0.165824702E-06
   0.317566275E-06   0.421732125E-06  -0.151107247E-05   0.217970140E-06
   0.369852813E-06   0.487250929E-06  -0.173010983E-05   0.251534345E-06
   0.461147238E-06   0.598163638E-06  -0.210462304E-05   0.290910435E-06
   0.462088849E-06   0.587424211E-06  -0.203727632E-05   0.271896056E-06
   0.370280077E-06   0.461742843E-06  -0.155743737E-05   0.207211500E-06
   0.223144937E-06   0.272004485E-06  -0.869570670E-06   0.116624200E-06
   0.146635742E-06   0.161993853E-06  -0.506454342E-06   0.680629597E-07
   0.389399190E-06   0.417912275E-06  -0.163235779E-05   0.208065600E-06
   0.130015349E-05   0.138476105E-05  -0.550081995E-05   0.646985598E-06
   0.389478419E-05   0.411692736E-05  -0.161471289E-04   0.180407608E-05
   0.926008670E-05   0.969137091E-05  -0.373465264E-04   0.397316580E-05
   0.182353378E-04   0.187273345E-04  -0.710288077E-04   0.723800667E-05
   0.331961128E-04   0.335097720E-04  -0.124759303E-03   0.120968216E-04
   0.557351559E-04   0.552907368E-04  -0.201375689E-03   0.185106273E-04
   0.881224114E-04   0.860405780E-04  -0.304980495E-03   0.264683931E-04
   0.132191621E-03   0.127191932E-03  -0.435757509E-03   0.356480559E-04
   0.191267012E-03   0.181937576E-03  -0.597182661E-03   0.457498281E-04
   0.267767609E-03   0.252725265E-03  -0.785771932E-03   0.560752051E-04
   0.366990571E-03   0.345168810E-03  -0.100380904E-02   0.663260362E-04
   0.494577223E-03   0.465653458E-03  -0.124798727E-02   0.757863745E-04
   0.658915727E-03   0.623675878E-03  -0.151500176E-02   0.839554632E-04
   0.874830177E-03   0.835125684E-03  -0.181010237E-02   0.906855421E-04
   0.116295542E-02   0.112178188E-02  -0.213469379E-02   0.958640449E-04
   0.155106885E-02   0.151227636E-02  -0.248613348E-02   0.987870008E-04
   0.207729940E-02   0.204474665E-02  -0.285617705E-02   0.980085533E-04
   0.277781254E-02   0.275528687E-02  -0.320061320E-02   0.926654247E-04
   0.366917090E-02   0.365963066E-02  -0.341771101E-02   0.797229222E-04
   0.470362883E-02   0.470997114E-02  -0.333141722E-02   0.586789356E-04
   0.574510777E-02   0.576821854E-02  -0.274946727E-02   0.324395114E-04
   0.654680934E-02   0.658314815E-02  -0.158207060E-02   0.933911542E-05
   0.684745423E-02   0.688860333E-02  -0.392636634E-08   0.000000000E+00
