   0.600969106E-04   0.388861261E-02  -0.207526791E-11   0.000000000E+00
   0.606214744E-04   0.373992347E-02   0.556378684E-03   0.295761629E-05
   0.618599151E-04   0.334231718E-02   0.991255045E-03   0.104915480E-04
   0.629744100E-04   0.280026812E-02   0.124213810E-02   0.196355304E-04
   0.629949718E-04   0.223384146E-02   0.131728034E-02   0.276637202E-04
   0.614527380E-04   0.171652914E-02   0.126377249E-02   0.329448048E-04
   0.580296364E-04   0.128421024E-02   0.113275717E-02   0.351009985E-04
   0.526401564E-04   0.941377250E-03   0.962724036E-03   0.346384950E-04
   0.459725306E-04   0.678376877E-03   0.785599987E-03   0.320617255E-04
   0.383158658E-04   0.479223469E-03   0.614151242E-03   0.280264176E-04
   0.304115238E-04   0.330898736E-03   0.460127863E-03   0.230773494E-04
   0.229177931E-04   0.221297101E-03   0.328862952E-03   0.180459720E-04
   0.163676850E-04   0.142684643E-03   0.223792740E-03   0.133122403E-04
   0.108912673E-04   0.867883718E-04   0.141980810E-03   0.908370748E-05
   0.672574970E-05   0.492123327E-04   0.833125596E-04   0.567953975E-05
   0.379939047E-05   0.254395727E-04   0.443124954E-04   0.321703624E-05
   0.187781677E-05   0.113401129E-04   0.200441755E-04   0.152755536E-05
   0.781783626E-06   0.412009058E-05   0.713141435E-05   0.559741352E-06
   0.263738031E-06   0.116639751E-05   0.169580198E-05   0.130836725E-06
   0.651813963E-07   0.364816799E-06   0.110922016E-06   0.286997803E-08
   0.205118624E-07   0.477998640E-06   0.201736839E-06   0.215967599E-07
   0.388346528E-07   0.773723627E-06   0.770022609E-06   0.825358768E-07
   0.575068313E-07   0.889366561E-06   0.110497388E-05   0.122053379E-06
   0.688090154E-07   0.910374240E-06   0.123883285E-05   0.137421864E-06
   0.552550077E-07   0.678719573E-06   0.975070293E-06   0.113220537E-06
   0.480163962E-07   0.553344989E-06   0.826421910E-06   0.977990808E-07
   0.256615547E-07   0.289745202E-06   0.432221128E-06   0.534521476E-07
   0.151114374E-07   0.170254580E-06   0.258452502E-06   0.338229817E-07
   0.711056547E-08   0.796142885E-07   0.121495631E-06   0.163802270E-07
   0.194249550E-08   0.227664358E-07   0.344090623E-07   0.555354118E-08
   0.589503391E-09   0.713900095E-08   0.958421875E-08   0.159771674E-08
   0.180440538E-09   0.583619653E-09  -0.147310986E-08   0.411402606E-09
   0.283325668E-09   0.199060879E-08   0.327759975E-08   0.376253056E-09
   0.169296827E-09   0.780070564E-09   0.140800760E-08   0.428481382E-10
   0.101993614E-08   0.783126008E-08   0.128249225E-07   0.148771961E-08
   0.147471135E-08   0.934967570E-08   0.112735821E-07   0.181781856E-08
   0.854394611E-09   0.639819975E-08   0.101436326E-07   0.123155108E-08
   0.939592848E-09   0.650564980E-08   0.100437436E-07   0.119124277E-08
   0.568121161E-09   0.328912675E-08   0.452827509E-08   0.537264233E-09
   0.114449050E-08   0.327707617E-08  -0.358743213E-08   0.910049591E-09
   0.720499993E-09   0.304458636E-08  -0.911380582E-09   0.954331725E-09
   0.781629761E-10   0.186080096E-09   0.671803802E-11   0.525599703E-11
   0.285899915E-09   0.674511114E-09  -0.164901404E-08   0.277682932E-09
   0.187704352E-09   0.831524238E-09   0.225153188E-09   0.211864318E-09
   0.763818314E-10   0.225202426E-09   0.114979470E-09   0.542622718E-10
   0.282894680E-10   0.908334935E-10  -0.304948566E-09   0.714638210E-10
   0.451454985E-09   0.109289355E-08  -0.350320684E-08   0.616718454E-09
   0.517907557E-10   0.259303939E-09   0.375826287E-09   0.550459296E-10
   0.490582575E-09   0.803096423E-09  -0.341661877E-08   0.396358640E-09
   0.447763521E-09   0.103437126E-08  -0.284930901E-08   0.464404959E-09
   0.885529539E-09   0.194833927E-08  -0.526638777E-08   0.790457588E-09
   0.488080576E-09   0.739196981E-09  -0.307921511E-08   0.288114060E-09
   0.356353458E-08   0.601015993E-08  -0.282959238E-07   0.375547593E-08
   0.439459180E-08   0.785168286E-08  -0.347597648E-07   0.470685446E-08
   0.234502995E-08   0.380576770E-08  -0.177921020E-07   0.218097362E-08
   0.659553079E-08   0.110837899E-07  -0.520283727E-07   0.693796132E-08
   0.584134874E-08   0.102130322E-07  -0.465234322E-07   0.636637010E-08
   0.126510502E-08   0.232309461E-08  -0.953873336E-08   0.124954336E-08
   0.298339908E-08   0.472330397E-08  -0.229474590E-07   0.293806179E-08
   0.938931988E-10   0.836707370E-09  -0.120110269E-09   0.424191016E-09
   0.183289917E-08   0.331650973E-08  -0.140415306E-07   0.217948215E-08
   0.111423768E-07   0.180331163E-07  -0.806484692E-07   0.110133165E-07
   0.418760422E-07   0.654961951E-07  -0.296952891E-06   0.378998521E-07
   0.117381369E-06   0.178334290E-06  -0.812570590E-06   0.996623299E-07
   0.195791344E-06   0.286762173E-06  -0.131186096E-05   0.157694174E-06
   0.288407279E-06   0.411161011E-06  -0.186159116E-05   0.213487212E-06
   0.396503651E-06   0.547896150E-06  -0.244699527E-05   0.274104735E-06
   0.521192078E-06   0.698557812E-06  -0.302918170E-05   0.327010298E-06
   0.502030218E-06   0.642609450E-06  -0.261930700E-05   0.270745517E-06
   0.395947552E-06   0.475694748E-06  -0.163959908E-05   0.166254807E-06
   0.264299217E-06   0.269492432E-06  -0.485961777E-06   0.545479679E-07
   0.284271181E-06   0.230011025E-06  -0.335866531E-06   0.594799197E-07
   0.100166778E-05   0.945030479E-06  -0.432872412E-05   0.446166752E-06
   0.328829015E-05   0.328322994E-05  -0.167699309E-04   0.152967584E-05
   0.804699175E-05   0.803801777E-05  -0.409910135E-04   0.344383602E-05
   0.174782945E-04   0.172527052E-04  -0.868535426E-04   0.677673142E-05
   0.327854505E-04   0.317371014E-04  -0.155429283E-03   0.112851449E-04
   0.561809175E-04   0.533473540E-04  -0.251668884E-03   0.168993938E-04
   0.900790765E-04   0.841346700E-04  -0.378078228E-03   0.234016206E-04
   0.136371513E-03   0.125776234E-03  -0.530522608E-03   0.301111304E-04
   0.197837580E-03   0.181205774E-03  -0.705138606E-03   0.363555700E-04
   0.277830171E-03   0.253985461E-03  -0.895387144E-03   0.417489246E-04
   0.380769663E-03   0.349270849E-03  -0.109139492E-02   0.455031441E-04
   0.512961764E-03   0.473675609E-03  -0.128496846E-02   0.473001528E-04
   0.679791381E-03   0.632993644E-03  -0.145211769E-02   0.464770201E-04
   0.887069968E-03   0.832518796E-03  -0.157033373E-02   0.424092832E-04
   0.113286357E-02   0.106972782E-02  -0.159823080E-02   0.351093768E-04
   0.140051940E-02   0.132791791E-02  -0.147966284E-02   0.247279477E-04
   0.165450259E-02   0.157233130E-02  -0.116567628E-02   0.131101115E-04
   0.184240472E-02   0.175262592E-02  -0.649652677E-03   0.366724953E-05
   0.191119057E-02   0.181884179E-02  -0.170665859E-08   0.000000000E+00
