   0.309838559E-01   0.311717838E+00  -0.187185857E-10   0.000000000E+00
   0.270911846E-01   0.272486836E+00   0.248983260E-01   0.142926379E-03
   0.187383946E-01   0.188318521E+00   0.338720530E-01   0.386694737E-03
   0.110905664E-01   0.111423202E+00   0.292215589E-01   0.496230263E-03
   0.608838210E-02   0.612756200E-01   0.205124263E-01   0.459904346E-03
   0.330850761E-02   0.334847830E-01   0.131752556E-01   0.366061227E-03
   0.186394097E-02   0.190588441E-01   0.831016246E-02   0.275366154E-03
   0.112207199E-02   0.116298469E-01   0.539752515E-02   0.208952057E-03
   0.729462190E-03   0.765870931E-02   0.370384241E-02   0.164414072E-03
   0.508233905E-03   0.538305566E-02   0.269843917E-02   0.136425238E-03
   0.372616341E-03   0.395659776E-02   0.206246763E-02   0.117606236E-03
   0.281504937E-03   0.297871698E-02   0.162169244E-02   0.103472747E-03
   0.215405700E-03   0.226094970E-02   0.128849118E-02   0.900263694E-04
   0.165219550E-03   0.171446963E-02   0.102336425E-02   0.777378591E-04
   0.125748687E-03   0.128729339E-02   0.803073926E-03   0.658700519E-04
   0.945058637E-04   0.953728973E-03   0.619932078E-03   0.542039998E-04
   0.700941964E-04   0.696480798E-03   0.470539409E-03   0.438741627E-04
   0.509187303E-04   0.498071080E-03   0.348150614E-03   0.343945576E-04
   0.361279745E-04   0.348546251E-03   0.250802317E-03   0.261216683E-04
   0.247607368E-04   0.236784705E-03   0.173936322E-03   0.188305530E-04
   0.165674865E-04   0.156612135E-03   0.117115276E-03   0.132982714E-04
   0.106849648E-04   0.100642232E-03   0.759608374E-04   0.896225902E-05
   0.664107529E-05   0.622008229E-04   0.471172316E-04   0.578852632E-05
   0.384711984E-05   0.361476741E-04   0.269874472E-04   0.344649811E-05
   0.209355608E-05   0.200603590E-04   0.144558880E-04   0.190143237E-05
   0.106597338E-05   0.104918472E-04   0.712038081E-05   0.970735869E-06
   0.480054211E-06   0.491017545E-05   0.293274866E-05   0.408338991E-06
   0.196511863E-06   0.220841252E-05   0.103477680E-05   0.145354846E-06
   0.856500293E-07   0.101653711E-05   0.351327571E-06   0.406915959E-07
   0.483437148E-07   0.553010182E-06   0.180291082E-06   0.103634061E-07
   0.499408337E-07   0.477178560E-06   0.286337894E-06   0.287156627E-07
   0.601275119E-07   0.487734894E-06   0.394872217E-06   0.404374489E-07
   0.694377178E-07   0.533611910E-06   0.514166913E-06   0.661950779E-07
   0.763280568E-07   0.558150873E-06   0.554785174E-06   0.661039010E-07
   0.637982893E-07   0.457455457E-06   0.461281957E-06   0.560219249E-07
   0.524910675E-07   0.363336625E-06   0.373621361E-06   0.442855033E-07
   0.448681341E-07   0.305210278E-06   0.320447555E-06   0.382626304E-07
   0.328879324E-07   0.210240344E-06   0.216534247E-06   0.235060273E-07
   0.225838761E-07   0.131414552E-06   0.130247869E-06   0.123356996E-07
   0.150446251E-07   0.858231530E-07   0.868702799E-07   0.790317234E-08
   0.116846817E-07   0.480837805E-07   0.335938992E-07   0.250151921E-08
   0.761618058E-08   0.291743358E-07   0.181268796E-07   0.141559231E-08
   0.436802194E-08   0.149451989E-07   0.958488666E-08   0.251764443E-09
   0.288644864E-08   0.470251971E-08  -0.235046005E-08  -0.160542954E-09
   0.741932737E-09   0.113096943E-08  -0.393525379E-09  -0.768662772E-10
   0.291167229E-09   0.332803340E-09  -0.413357459E-09   0.904222808E-10
   0.971158598E-09   0.139703227E-08  -0.231977482E-08   0.282019047E-09
   0.467570693E-08   0.880530937E-08  -0.924059940E-08   0.150094048E-08
   0.103577973E-07   0.128219906E-07  -0.244988172E-07   0.212063012E-08
   0.207628794E-07   0.227279600E-07  -0.566146738E-07   0.625185326E-08
   0.401142692E-07   0.425439239E-07  -0.112222864E-06   0.133094957E-07
   0.618874054E-07   0.656855548E-07  -0.171424389E-06   0.197445349E-07
   0.936583504E-07   0.104071802E-06  -0.267712636E-06   0.343495579E-07
   0.150380842E-06   0.158400994E-06  -0.431154717E-06   0.583480819E-07
   0.204571208E-06   0.217957577E-06  -0.586133979E-06   0.805145248E-07
   0.227889572E-06   0.241187166E-06  -0.644107160E-06   0.891138257E-07
   0.317250425E-06   0.330952247E-06  -0.882625045E-06   0.124566455E-06
   0.356744550E-06   0.376350840E-06  -0.968870950E-06   0.134984319E-06
   0.354623296E-06   0.367079224E-06  -0.906851710E-06   0.129046668E-06
   0.306321454E-06   0.315709855E-06  -0.684342183E-06   0.976861401E-07
   0.280150346E-06   0.285202447E-06  -0.460911536E-06   0.650501377E-07
   0.308769899E-06   0.302870347E-06  -0.283921736E-06   0.433670273E-07
   0.563805941E-06   0.535197046E-06  -0.530661225E-06   0.789096433E-07
   0.131974082E-05   0.122786673E-05  -0.176144647E-05   0.241186910E-06
   0.302146350E-05   0.280150471E-05  -0.489900094E-05   0.643645421E-06
   0.638476058E-05   0.588728517E-05  -0.113095821E-04   0.142677027E-05
   0.124569406E-04   0.114145805E-04  -0.229072994E-04   0.278962398E-05
   0.227239598E-04   0.206315744E-04  -0.421481382E-04   0.496316989E-05
   0.381611717E-04   0.343832762E-04  -0.697990108E-04   0.791209914E-05
   0.621398431E-04   0.555917395E-04  -0.111459260E-03   0.121299990E-04
   0.964989013E-04   0.857041159E-04  -0.167907157E-03   0.175382647E-04
   0.144903723E-03   0.127851148E-03  -0.242995753E-03   0.243578743E-04
   0.210827915E-03   0.185033219E-03  -0.338636630E-03   0.324139437E-04
   0.298129162E-03   0.260708912E-03  -0.456053589E-03   0.415732356E-04
   0.411850691E-03   0.359619677E-03  -0.597338134E-03   0.516151304E-04
   0.559465843E-03   0.488289748E-03  -0.766831450E-03   0.628164198E-04
   0.745095080E-03   0.651338371E-03  -0.960965815E-03   0.743126875E-04
   0.978566008E-03   0.858134939E-03  -0.118433323E-02   0.864501417E-04
   0.127628853E-02   0.112423277E-02  -0.144930964E-02   0.100033154E-03
   0.165982347E-02   0.147093507E-02  -0.176984922E-02   0.114659662E-03
   0.217799633E-02   0.194275368E-02  -0.218910468E-02   0.133413123E-03
   0.293044746E-02   0.263072853E-02  -0.279285829E-02   0.158157476E-03
   0.412571756E-02   0.372277014E-02  -0.374547578E-02   0.194388165E-03
   0.620550103E-02   0.561774429E-02  -0.534475502E-02   0.247643038E-03
   0.100751948E-01   0.913599133E-02  -0.806676038E-02   0.322113774E-03
   0.175245348E-01   0.159065574E-01  -0.125410296E-01   0.413956906E-03
   0.317448266E-01   0.288549550E-01  -0.191774573E-01   0.500046590E-03
   0.571299084E-01   0.520287827E-01  -0.268750191E-01   0.517213659E-03
   0.956866592E-01   0.873254091E-01  -0.307443943E-01   0.389433029E-03
   0.137503922E+00   0.125696063E+00  -0.223908518E-01   0.140841235E-03
   0.156969503E+00   0.143569782E+00  -0.684928949E-07   0.000000000E+00
