   0.421419233E+00   0.376494598E+01   0.000000000E+00   0.000000000E+00
   0.310710847E+00   0.277091861E+01   0.216369614E+00   0.128801132E-02
   0.147253737E+00   0.130593646E+01   0.203999862E+00   0.242578145E-02
   0.586457998E-01   0.515131772E+00   0.120612085E+00   0.215117750E-02
   0.228842273E-01   0.198269054E+00   0.615399890E-01   0.146465865E-02
   0.936510414E-02   0.798775926E-01   0.303342957E-01   0.903902459E-03
   0.419384707E-02   0.354159325E-01   0.152401961E-01   0.548769312E-03
   0.213819835E-02   0.181894731E-01   0.814224314E-02   0.346498331E-03
   0.126829883E-02   0.111204274E-01   0.480539072E-02   0.236901367E-03
   0.863063440E-03   0.790648069E-02   0.320405490E-02   0.179073962E-03
   0.644813350E-03   0.616920320E-02   0.238500931E-02   0.147731815E-03
   0.505534757E-03   0.501160137E-02   0.191019673E-02   0.129275359E-03
   0.402646692E-03   0.410150457E-02   0.158166909E-02   0.115644347E-03
   0.320705643E-03   0.333475345E-02   0.132148492E-02   0.103337945E-03
   0.252447964E-03   0.266639283E-02   0.109270460E-02   0.909257433E-04
   0.195918357E-03   0.209643552E-02   0.890433381E-03   0.780852351E-04
   0.149646658E-03   0.161771383E-02   0.711863395E-03   0.658124845E-04
   0.112278904E-03   0.122390874E-02   0.556684041E-03   0.540509282E-04
   0.827362746E-04   0.908967457E-03   0.426209386E-03   0.432163433E-04
   0.595586171E-04   0.659619691E-03   0.317044090E-03   0.335215045E-04
   0.418957679E-04   0.467376260E-03   0.228998368E-03   0.251884703E-04
   0.288399297E-04   0.324657594E-03   0.161395394E-03   0.184115961E-04
   0.193447668E-04   0.219434354E-03   0.109894136E-03   0.129958244E-04
   0.125988627E-04   0.144317164E-03   0.721676115E-04   0.883501252E-05
   0.796967470E-05   0.924667838E-04   0.457721289E-04   0.576350249E-05
   0.477413641E-05   0.568521573E-04   0.272381185E-04   0.351300173E-05
   0.278225502E-05   0.336628909E-04   0.153554047E-04   0.203332843E-05
   0.152731820E-05   0.189504917E-04   0.791074217E-05   0.105319998E-05
   0.827688950E-06   0.104789024E-04   0.390159812E-05   0.522212417E-06
   0.423469913E-06   0.539652046E-05   0.161572552E-05   0.205761964E-06
   0.231192459E-06   0.272687817E-05   0.611675659E-06   0.596040621E-07
   0.142239301E-06   0.144111766E-05   0.273010670E-06   0.111249081E-07
   0.102669205E-06   0.786514534E-06   0.179057395E-06   0.389179994E-09
   0.857586429E-07   0.550588709E-06   0.230870555E-06   0.116417693E-07
   0.811378413E-07   0.443700600E-06   0.288808792E-06   0.229106618E-07
   0.837268388E-07   0.432681759E-06   0.353988440E-06   0.347087088E-07
   0.676568845E-07   0.360150608E-06   0.317852056E-06   0.351650513E-07
   0.581672666E-07   0.314059179E-06   0.291113054E-06   0.337262804E-07
   0.470617323E-07   0.252638699E-06   0.231933186E-06   0.268473457E-07
   0.352656073E-07   0.201426516E-06   0.193576767E-06   0.249506211E-07
   0.258644857E-07   0.158079203E-06   0.153345184E-06   0.224704699E-07
   0.179750632E-07   0.118980182E-06   0.109525246E-06   0.185280964E-07
   0.926833721E-08   0.699898735E-07   0.603562071E-07   0.131326425E-07
   0.617504936E-08   0.532624611E-07   0.442918839E-07   0.146880081E-07
   0.324299876E-08   0.365391877E-07   0.187479809E-07   0.142198848E-07
   0.464531880E-08   0.198391295E-07  -0.873270256E-08   0.118513901E-07
   0.149225432E-07   0.257649972E-07  -0.385007262E-07   0.161117963E-07
   0.264590270E-07   0.333111778E-07  -0.726503657E-07   0.186825364E-07
   0.556587381E-07   0.614539175E-07  -0.146991439E-06   0.292887634E-07
   0.737614130E-07   0.783471492E-07  -0.189176092E-06   0.330308332E-07
   0.103253015E-06   0.105746686E-06  -0.257297103E-06   0.420270432E-07
   0.152280577E-06   0.150945766E-06  -0.369386925E-06   0.570341818E-07
   0.181960729E-06   0.187946782E-06  -0.439333974E-06   0.672272620E-07
   0.213975724E-06   0.215166921E-06  -0.493887683E-06   0.728065501E-07
   0.246627962E-06   0.248269600E-06  -0.539229575E-06   0.781594665E-07
   0.284111962E-06   0.277463528E-06  -0.569057249E-06   0.843557117E-07
   0.289252426E-06   0.280999188E-06  -0.463722245E-06   0.697577605E-07
   0.331992339E-06   0.320025151E-06  -0.367308473E-06   0.584414295E-07
   0.435895060E-06   0.416480162E-06  -0.227771423E-06   0.376167044E-07
   0.736844754E-06   0.707571701E-06  -0.285177663E-06   0.505139894E-07
   0.148130050E-05   0.140309305E-05  -0.845012721E-06   0.123236049E-06
   0.300404690E-05   0.280631548E-05  -0.236282517E-05   0.319900579E-06
   0.582111397E-05   0.542475664E-05  -0.558034299E-05   0.722662321E-06
   0.109405319E-04   0.101167398E-04  -0.118146054E-04   0.148889490E-05
   0.195006560E-04   0.178816408E-04  -0.224235737E-04   0.274979448E-05
   0.325728251E-04   0.296953458E-04  -0.383281003E-04   0.454325391E-05
   0.532845370E-04   0.482348951E-04  -0.634360404E-04   0.729176736E-05
   0.838325213E-04   0.753656932E-04  -0.993177382E-04   0.110531200E-04
   0.127236970E-03   0.113743590E-03  -0.148211038E-03   0.158885141E-04
   0.187462560E-03   0.166623897E-03  -0.212651576E-03   0.219436588E-04
   0.269973680E-03   0.238887369E-03  -0.296826503E-03   0.292755140E-04
   0.378974539E-03   0.333997450E-03  -0.401129771E-03   0.377461147E-04
   0.520058500E-03   0.456550595E-03  -0.526809716E-03   0.473648288E-04
   0.698071031E-03   0.610920717E-03  -0.673860719E-03   0.574107871E-04
   0.917904952E-03   0.801189977E-03  -0.841061934E-03   0.679013901E-04
   0.118484779E-02   0.103229959E-02  -0.102873251E-02   0.783991345E-04
   0.150081934E-02   0.130603404E-02  -0.123353105E-02   0.884206383E-04
   0.186647114E-02   0.162256323E-02  -0.145366881E-02   0.986275918E-04
   0.228975667E-02   0.199048687E-02  -0.170199596E-02   0.108480082E-03
   0.278777559E-02   0.242416328E-02  -0.200589909E-02   0.121019235E-03
   0.342343259E-02   0.297983643E-02  -0.244576600E-02   0.139117561E-03
   0.437843613E-02   0.381771266E-02  -0.320829032E-02   0.171993699E-03
   0.613249093E-02   0.536323339E-02  -0.469961530E-02   0.234496503E-03
   0.995167904E-02   0.874363352E-02  -0.779371383E-02   0.347547670E-03
   0.191557333E-01   0.169288050E-01  -0.143216327E-01   0.549716293E-03
   0.426007211E-01   0.378747657E-01  -0.280208681E-01   0.890349504E-03
   0.104305342E+00   0.932247341E-01  -0.559765808E-01   0.140375528E-02
   0.267474622E+00   0.240094125E+00  -0.108119056E+00   0.200715428E-02
   0.669326484E+00   0.602734685E+00  -0.180273727E+00   0.220772740E-02
   0.140343189E+01   0.126633787E+01  -0.188792855E+00   0.114869804E-02
   0.189653170E+01   0.171243858E+01  -0.617262572E-06   0.000000000E+00
