   0.519550696E-03   0.133535871E-01   0.000000000E+00   0.000000000E+00
   0.506433251E-03   0.128757562E-01   0.153110141E-02   0.877125876E-05
   0.470781495E-03   0.115782833E-01   0.273491512E-02   0.313914061E-04
   0.421614910E-03   0.980055146E-02   0.344166718E-02   0.591572643E-04
   0.368843699E-03   0.792063214E-02   0.367699051E-02   0.842880181E-04
   0.319138984E-03   0.619876990E-02   0.357434759E-02   0.102542588E-03
   0.275203260E-03   0.475879619E-02   0.327986269E-02   0.112992093E-03
   0.236951833E-03   0.361142121E-02   0.289841252E-02   0.116346710E-03
   0.203046555E-03   0.272647804E-02   0.249343039E-02   0.114310460E-03
   0.172442873E-03   0.205235137E-02   0.209926302E-02   0.108136017E-03
   0.144285310E-03   0.153917982E-02   0.173057802E-02   0.985764636E-04
   0.118027470E-03   0.114585902E-02   0.139224401E-02   0.869308788E-04
   0.940157188E-04   0.843427668E-03   0.109100644E-02   0.739035677E-04
   0.731390173E-04   0.613607815E-03   0.835701881E-03   0.612125223E-04
   0.546859483E-04   0.434901362E-03   0.616188976E-03   0.483883996E-04
   0.393840492E-04   0.299920153E-03   0.438168849E-03   0.365320484E-04
   0.273085825E-04   0.200168302E-03   0.300062937E-03   0.266011957E-04
   0.178077971E-04   0.126396306E-03   0.193134358E-03   0.180207753E-04
   0.110691371E-04   0.760458643E-04   0.118265605E-03   0.115635303E-04
   0.638692336E-05   0.423798228E-04   0.670049412E-04   0.686609974E-05
   0.337476263E-05   0.214312895E-04   0.344965847E-04   0.368646283E-05
   0.152963253E-05   0.907367030E-05   0.149437619E-04   0.166048073E-05
   0.586594354E-06   0.311698568E-05   0.528600458E-05   0.614970304E-06
   0.192690109E-06   0.874764794E-06   0.153128917E-05   0.188754015E-06
   0.545812568E-07   0.334623024E-06   0.436809614E-06   0.673684681E-07
   0.547883161E-07   0.599489681E-06   0.696186987E-06   0.877709780E-07
   0.904478981E-07   0.976989099E-06   0.123872383E-05   0.177675886E-06
   0.126822357E-06   0.127965188E-05   0.168936208E-05   0.238604571E-06
   0.136843823E-06   0.130750561E-05   0.176821027E-05   0.247910577E-06
   0.125367251E-06   0.118252910E-05   0.162072820E-05   0.240672762E-06
   0.100001444E-06   0.927355188E-06   0.126109887E-05   0.188686357E-06
   0.749713394E-07   0.671032410E-06   0.935389551E-06   0.138767035E-06
   0.502571247E-07   0.452154069E-06   0.627972838E-06   0.969983702E-07
   0.259238657E-07   0.237830605E-06   0.331055020E-06   0.544555938E-07
   0.135117171E-07   0.125400263E-06   0.175878526E-06   0.309559347E-07
   0.718364657E-08   0.596730274E-07   0.809559637E-07   0.121401582E-07
   0.277228396E-08   0.260211603E-07   0.350628895E-07   0.627663876E-08
   0.783595855E-09   0.558200286E-08   0.772371145E-08   0.946047796E-09
   0.264339328E-09   0.785538912E-09   0.621176610E-09  -0.269276563E-10
   0.183519297E-09   0.187557214E-08   0.154986945E-08   0.821301860E-09
   0.103859821E-08   0.522607690E-08   0.133938871E-08   0.263455924E-08
   0.765105646E-09   0.917824305E-08   0.894456154E-08   0.383160925E-08
   0.364034136E-08   0.207381774E-07   0.185511304E-07   0.812697021E-08
   0.368680575E-08   0.192052578E-07   0.970436620E-08   0.879634321E-08
   0.294223934E-08   0.176829840E-07   0.627862384E-08   0.889542751E-08
   0.235488029E-08   0.990079574E-08  -0.104309041E-07   0.669694300E-08
   0.188630311E-08   0.760018182E-08  -0.142402357E-07   0.571550807E-08
   0.833711589E-08   0.193410372E-07  -0.403644407E-07   0.127521904E-07
   0.739098072E-08   0.161897518E-07  -0.334004291E-07   0.103133910E-07
   0.816931678E-08   0.154110751E-07  -0.463193608E-07   0.101934639E-07
   0.161300262E-08   0.478149831E-08  -0.552861090E-08   0.296978886E-08
   0.177637194E-08   0.306561820E-08  -0.706804970E-08   0.173672876E-08
   0.304411674E-08   0.385940924E-08  -0.137945140E-07   0.188708515E-08
   0.174979542E-08   0.220419660E-08  -0.852474447E-08   0.798585198E-09
   0.822514057E-08   0.125145290E-07  -0.449888304E-07   0.602815131E-08
   0.270244982E-07   0.431660183E-07  -0.153992872E-06   0.246927563E-07
   0.666730529E-07   0.106391219E-06  -0.377013208E-06   0.620832665E-07
   0.138305168E-06   0.219937050E-06  -0.775843091E-06   0.117677509E-06
   0.224849387E-06   0.349065999E-06  -0.124093685E-05   0.188480016E-06
   0.320841536E-06   0.486202794E-06  -0.173479202E-05   0.258410097E-06
   0.501170973E-06   0.744871102E-06  -0.265702238E-05   0.386124896E-06
   0.562504965E-06   0.831136390E-06  -0.292886079E-05   0.408259865E-06
   0.699064799E-06   0.101256421E-05  -0.354810027E-05   0.488570720E-06
   0.643185160E-06   0.920982075E-06  -0.316719661E-05   0.428324284E-06
   0.488620344E-06   0.689129706E-06  -0.229545208E-05   0.304161915E-06
   0.291290974E-06   0.399586185E-06  -0.126493228E-05   0.175984752E-06
   0.192646041E-06   0.234646322E-06  -0.806523531E-06   0.112215588E-06
   0.508532082E-06   0.577987805E-06  -0.241600196E-05   0.305029602E-06
   0.203679451E-05   0.240481859E-05  -0.986068881E-05   0.116668343E-05
   0.544596014E-05   0.643354315E-05  -0.256807343E-04   0.289573086E-05
   0.122240544E-04   0.142122472E-04  -0.557695312E-04   0.601308329E-05
   0.241529160E-04   0.276749397E-04  -0.106633262E-03   0.109673920E-04
   0.427014311E-04   0.480859126E-04  -0.181936994E-03   0.177867314E-04
   0.706901556E-04   0.781835697E-04  -0.289912947E-03   0.269496904E-04
   0.109956200E-03   0.119788616E-03  -0.432884059E-03   0.378951736E-04
   0.162652970E-03   0.174767745E-03  -0.611664203E-03   0.503371048E-04
   0.231460333E-03   0.245745934E-03  -0.826733944E-03   0.638590864E-04
   0.319753832E-03   0.337108650E-03  -0.107807189E-02   0.773817883E-04
   0.431193475E-03   0.453168264E-03  -0.136099232E-02   0.904239641E-04
   0.569978089E-03   0.600263011E-03  -0.166775810E-02   0.101613907E-03
   0.743099139E-03   0.787889527E-03  -0.199176301E-02   0.110278903E-03
   0.962250750E-03   0.103105581E-02  -0.233105267E-02   0.116516334E-03
   0.124146068E-02   0.134772330E-02  -0.267715263E-02   0.119584758E-03
   0.159968017E-02   0.176080002E-02  -0.301956921E-02   0.118866759E-03
   0.205563731E-02   0.229258230E-02  -0.332741509E-02   0.112797403E-03
   0.262354547E-02   0.295881485E-02  -0.354633201E-02   0.100668381E-03
   0.329935318E-02   0.375403208E-02  -0.358512928E-02   0.819108973E-04
   0.402753847E-02   0.461281883E-02  -0.330667128E-02   0.571122728E-04
   0.471656863E-02   0.542619685E-02  -0.260126358E-02   0.300552001E-04
   0.521876989E-02   0.602034666E-02  -0.144758099E-02   0.839937729E-05
   0.540330680E-02   0.623837346E-02  -0.243873477E-08   0.000000000E+00
