   0.106085064E-01   0.113546818E+00   0.000000000E+00   0.000000000E+00
   0.985748693E-02   0.105634794E+00   0.961297005E-02   0.556309969E-04
   0.800014473E-02   0.860284790E-01   0.153430421E-01   0.176942543E-03
   0.584291108E-02   0.631958991E-01   0.163534489E-01   0.281745946E-03
   0.399510888E-02   0.435289368E-01   0.143629294E-01   0.328849215E-03
   0.265657157E-02   0.291409157E-01   0.113989767E-01   0.324556371E-03
   0.177119765E-02   0.194942933E-01   0.864452776E-02   0.294436672E-03
   0.121203996E-02   0.132937264E-01   0.650862511E-02   0.259906636E-03
   0.860250206E-03   0.931211375E-02   0.496265711E-02   0.228599441E-03
   0.633806107E-03   0.670608459E-02   0.386108528E-02   0.201939794E-03
   0.480717688E-03   0.493084872E-02   0.305317063E-02   0.179597133E-03
   0.371706323E-03   0.367759028E-02   0.243813545E-02   0.159608564E-03
   0.290499447E-03   0.276368018E-02   0.195369171E-02   0.140550881E-03
   0.226929304E-03   0.207730313E-02   0.155623513E-02   0.121331606E-03
   0.176442103E-03   0.155484769E-02   0.122834044E-02   0.104097031E-03
   0.135669630E-03   0.115366408E-02   0.955466588E-03   0.866426562E-04
   0.102580678E-03   0.845041825E-03   0.728967309E-03   0.701275058E-04
   0.759823015E-04   0.607992057E-03   0.543235859E-03   0.553716491E-04
   0.553398168E-04   0.430888846E-03   0.397340686E-03   0.427046834E-04
   0.389718662E-04   0.296601735E-03   0.280172157E-03   0.315324323E-04
   0.267077103E-04   0.199054935E-03   0.191826097E-03   0.226544744E-04
   0.175908499E-04   0.128967004E-03   0.125892693E-03   0.155037360E-04
   0.110242490E-04   0.796252862E-04   0.781334456E-04   0.100037787E-04
   0.651176697E-05   0.465353769E-04   0.454107503E-04   0.604342677E-05
   0.369166332E-05   0.261457535E-04   0.251852689E-04   0.348563003E-05
   0.186959460E-05   0.132171490E-04   0.121926687E-04   0.176282663E-05
   0.906492573E-06   0.639048039E-05   0.552533402E-05   0.829724399E-06
   0.371031518E-06   0.273552178E-05   0.196826113E-05   0.308051966E-06
   0.133263526E-06   0.111768509E-05   0.511597364E-06   0.697916036E-07
   0.666005917E-07   0.683211226E-06   0.273261321E-06   0.243871696E-07
   0.692169735E-07   0.682428947E-06   0.445789453E-06   0.390106614E-07
   0.942500762E-07   0.848032869E-06   0.744648446E-06   0.828661300E-07
   0.116181994E-06   0.956531494E-06   0.940770519E-06   0.109770440E-06
   0.123938875E-06   0.964970695E-06   0.101338003E-05   0.124748894E-06
   0.121206142E-06   0.890533215E-06   0.958892201E-06   0.114163178E-06
   0.110227155E-06   0.790129207E-06   0.868040615E-06   0.106539702E-06
   0.910874078E-07   0.630873444E-06   0.709062249E-06   0.861994991E-07
   0.668640254E-07   0.440500713E-06   0.493878304E-06   0.557361446E-07
   0.498974977E-07   0.309879738E-06   0.330975126E-06   0.350450691E-07
   0.307434043E-07   0.190031571E-06   0.216920910E-06   0.226324079E-07
   0.263464806E-07   0.148312864E-06   0.145468505E-06   0.150461048E-07
   0.170991452E-07   0.802382587E-07   0.703119483E-07   0.547685763E-08
   0.932623578E-08   0.349913272E-07   0.185201383E-07   0.220079532E-08
   0.391656041E-08   0.262273900E-07   0.256491539E-07   0.397079258E-08
   0.107094655E-08   0.406653777E-08   0.686475154E-09   0.799396827E-09
   0.129462135E-09   0.125642707E-08  -0.611688589E-09   0.785237875E-09
   0.415643342E-08   0.740229389E-08  -0.151571520E-07   0.309187920E-08
   0.125068063E-07   0.176198665E-07  -0.408041672E-07   0.564997027E-08
   0.319211928E-07   0.379034901E-07  -0.103903453E-06   0.133837927E-07
   0.507608959E-07   0.642467342E-07  -0.164412540E-06   0.208254409E-07
   0.844657180E-07   0.109632936E-06  -0.265997585E-06   0.315791091E-07
   0.114964422E-06   0.140932528E-06  -0.366772269E-06   0.443929373E-07
   0.214987523E-06   0.267998274E-06  -0.709987660E-06   0.970557679E-07
   0.260996757E-06   0.309747918E-06  -0.848767115E-06   0.116992908E-06
   0.344620986E-06   0.421933095E-06  -0.112190628E-05   0.154806870E-06
   0.445610141E-06   0.535395429E-06  -0.143017371E-05   0.199351135E-06
   0.485145506E-06   0.585504949E-06  -0.151959352E-05   0.202148158E-06
   0.588819375E-06   0.699416546E-06  -0.180764653E-05   0.259426798E-06
   0.507771858E-06   0.604753382E-06  -0.145527031E-05   0.185472231E-06
   0.453618071E-06   0.533947230E-06  -0.116663944E-05   0.153429696E-06
   0.349211717E-06   0.393755585E-06  -0.660050546E-06   0.787465240E-07
   0.347476515E-06   0.368615531E-06  -0.402279710E-06   0.515896659E-07
   0.593929485E-06   0.612767110E-06  -0.792685967E-06   0.124938197E-06
   0.152481050E-05   0.155312341E-05  -0.300257670E-05   0.442651185E-06
   0.360453646E-05   0.372122622E-05  -0.826974701E-05   0.116061597E-05
   0.789451133E-05   0.809160792E-05  -0.191842555E-04   0.260006959E-05
   0.153017900E-04   0.156524820E-04  -0.377995530E-04   0.491715900E-05
   0.275096481E-04   0.279984888E-04  -0.677390926E-04   0.847672527E-05
   0.460944320E-04   0.466078454E-04  -0.111633984E-03   0.134645579E-04
   0.730879910E-04   0.734074783E-04  -0.172577260E-03   0.200056020E-04
   0.112410533E-03   0.112154215E-03  -0.257778971E-03   0.287103485E-04
   0.164248864E-03   0.163193690E-03  -0.362792955E-03   0.384751074E-04
   0.235474916E-03   0.233266241E-03  -0.499639893E-03   0.503527990E-04
   0.329550850E-03   0.325607747E-03  -0.668245368E-03   0.644338070E-04
   0.449357554E-03   0.444292556E-03  -0.865885115E-03   0.791222774E-04
   0.603463326E-03   0.598456536E-03  -0.110072282E-02   0.950465910E-04
   0.798463880E-03   0.796311535E-03  -0.137165899E-02   0.111539121E-03
   0.104612240E-02   0.105130300E-02  -0.168429862E-02   0.128732849E-03
   0.136399246E-02   0.138363091E-02  -0.204958813E-02   0.146983584E-03
   0.177909946E-02   0.182435906E-02  -0.248482497E-02   0.166181853E-03
   0.233923877E-02   0.242534955E-02  -0.302766194E-02   0.188131657E-03
   0.312360772E-02   0.327251852E-02  -0.373351458E-02   0.213242864E-03
   0.427144673E-02   0.451439805E-02  -0.469574425E-02   0.242502501E-03
   0.601622183E-02   0.640038354E-02  -0.603875145E-02   0.277009880E-03
   0.871832762E-02   0.931691006E-02  -0.787314959E-02   0.311444950E-03
   0.128878364E-01   0.138194552E-01  -0.101972101E-01   0.337488018E-03
   0.190664157E-01   0.205030572E-01  -0.126439538E-01   0.334178796E-03
   0.274474788E-01   0.295933839E-01  -0.141961658E-01   0.279329077E-03
   0.370627604E-01   0.400625020E-01  -0.131584844E-01   0.172076601E-03
   0.452774577E-01   0.490251817E-01  -0.818205532E-02   0.532291488E-04
   0.485857688E-01   0.526437797E-01  -0.223936869E-07   0.000000000E+00
