   0.275595236E+01   0.198153496E+02   0.000000000E+00   0.000000000E+00
   0.189747787E+01   0.136274605E+02   0.881204903E+00   0.555522973E-02
   0.796561599E+00   0.570039654E+01   0.740552545E+00   0.935603399E-02
   0.289421141E+00   0.205723548E+01   0.404026985E+00   0.768069737E-02
   0.106296949E+00   0.747611582E+00   0.197720200E+00   0.504887011E-02
   0.413340442E-01   0.286372572E+00   0.953241140E-01   0.307561201E-02
   0.173704047E-01   0.118331395E+00   0.467617512E-01   0.184833957E-02
   0.812563207E-02   0.547337160E-01   0.238506924E-01   0.112635351E-02
   0.439858437E-02   0.298841298E-01   0.130289700E-01   0.729956257E-03
   0.281024328E-02   0.197286420E-01   0.788360089E-02   0.506517885E-03
   0.206674053E-02   0.151960896E-01   0.540456595E-02   0.390869856E-03
   0.165986305E-02   0.127605721E-01   0.415622583E-02   0.326430338E-03
   0.138741871E-02   0.110655595E-01   0.345609104E-02   0.287790172E-03
   0.117340533E-02   0.963645615E-02   0.299199088E-02   0.261954643E-03
   0.988109154E-03   0.830434822E-02   0.261767651E-02   0.240846231E-03
   0.821067835E-03   0.704051927E-02   0.227454281E-02   0.217171822E-03
   0.674339884E-03   0.588136259E-02   0.195688359E-02   0.194639317E-03
   0.544928596E-03   0.482721021E-02   0.165377336E-02   0.170795887E-03
   0.433769164E-03   0.389496493E-02   0.137153105E-02   0.147346276E-03
   0.340284518E-03   0.309744896E-02   0.111922307E-02   0.124230166E-03
   0.262747664E-03   0.241903425E-02   0.892940268E-03   0.102916893E-03
   0.200072551E-03   0.186279125E-02   0.700503646E-03   0.835089813E-04
   0.150216525E-03   0.141576619E-02   0.540882698E-03   0.663411192E-04
   0.110690831E-03   0.105481187E-02   0.406475068E-03   0.513727864E-04
   0.800864145E-04   0.772625150E-03   0.298443163E-03   0.387392101E-04
   0.571234268E-04   0.557890802E-03   0.215136199E-03   0.285392380E-04
   0.398880402E-04   0.393271243E-03   0.149664105E-03   0.203638483E-04
   0.273737078E-04   0.273647660E-03   0.102212492E-03   0.140789853E-04
   0.184072705E-04   0.186059333E-03   0.672383758E-04   0.943288615E-05
   0.122679812E-04   0.125110455E-03   0.435181792E-04   0.617357091E-05
   0.793271465E-05   0.815055027E-04   0.265556464E-04   0.376746107E-05
   0.502734156E-05   0.516905602E-04   0.153178680E-04   0.213763565E-05
   0.316013302E-05   0.321658699E-04   0.840575922E-05   0.112560326E-05
   0.197244140E-05   0.197918580E-04   0.442370356E-05   0.539453367E-06
   0.118690900E-05   0.116564843E-04   0.195190637E-05   0.201567701E-06
   0.749687274E-06   0.696232382E-05   0.866968719E-06   0.650885283E-07
   0.481754739E-06   0.421284312E-05   0.400379719E-06   0.347601912E-07
   0.326491232E-06   0.251000029E-05   0.203522873E-06   0.438139693E-07
   0.237507649E-06   0.162061292E-05   0.204769051E-06   0.809385625E-07
   0.181926197E-06   0.116598005E-05   0.257746365E-06   0.126308166E-06
   0.145117653E-06   0.923216987E-06   0.265483692E-06   0.199358567E-06
   0.126198472E-06   0.775395392E-06   0.248841474E-06   0.234991703E-06
   0.108756680E-06   0.671539453E-06   0.159110442E-06   0.259359240E-06
   0.114861898E-06   0.621986317E-06   0.894937600E-07   0.287857688E-06
   0.141993112E-06   0.600598298E-06  -0.955548352E-08   0.315827918E-06
   0.154100320E-06   0.533939954E-06  -0.210889212E-06   0.312461623E-06
   0.181145239E-06   0.535827780E-06  -0.272886410E-06   0.322139414E-06
   0.249206607E-06   0.549089805E-06  -0.414367747E-06   0.331703205E-06
   0.270024429E-06   0.524127245E-06  -0.486086606E-06   0.302535369E-06
   0.342250758E-06   0.552952088E-06  -0.552810036E-06   0.289580214E-06
   0.409458693E-06   0.591054970E-06  -0.514496776E-06   0.252145014E-06
   0.525603070E-06   0.694188941E-06  -0.432092207E-06   0.208926579E-06
   0.729907640E-06   0.900273449E-06  -0.318625411E-06   0.156188648E-06
   0.108605764E-05   0.127125270E-05  -0.245751636E-06   0.115972874E-06
   0.175134471E-05   0.200317572E-05  -0.320707301E-06   0.985892541E-07
   0.299247154E-05   0.339593180E-05  -0.861311946E-06   0.154882400E-06
   0.515645706E-05   0.578971776E-05  -0.220712900E-05   0.330610931E-06
   0.872053624E-05   0.977252512E-05  -0.493376183E-05   0.709106814E-06
   0.143065099E-04   0.159567862E-04  -0.957597058E-05   0.134500351E-05
   0.238081357E-04   0.264671598E-04  -0.186570469E-04   0.262419462E-05
   0.372018803E-04   0.410579560E-04  -0.311463227E-04   0.429763986E-05
   0.578031177E-04   0.632912270E-04  -0.511759645E-04   0.694984874E-05
   0.867273848E-04   0.944452622E-04  -0.790706181E-04   0.105141844E-04
   0.127971522E-03   0.138856398E-03  -0.119101067E-03   0.154607842E-04
   0.184970675E-03   0.199756905E-03  -0.173451757E-03   0.219218109E-04
   0.261254812E-03   0.280891167E-03  -0.243939066E-03   0.299445219E-04
   0.361668092E-03   0.387610868E-03  -0.333904551E-03   0.395941715E-04
   0.493739906E-03   0.526292832E-03  -0.447458180E-03   0.515269094E-04
   0.659996935E-03   0.702095742E-03  -0.584732043E-03   0.644925458E-04
   0.869237410E-03   0.921008817E-03  -0.747740560E-03   0.795937231E-04
   0.112746540E-02   0.119212817E-02  -0.940046797E-03   0.954533170E-04
   0.143905205E-02   0.151712669E-02  -0.115671661E-02   0.112436072E-03
   0.180871820E-02   0.190260354E-02  -0.139817398E-02   0.129393549E-03
   0.223115599E-02   0.234250538E-02  -0.165187998E-02   0.144492602E-03
   0.271773036E-02   0.284741120E-02  -0.192727393E-02   0.159641146E-03
   0.325037260E-02   0.339748338E-02  -0.220456952E-02   0.172945831E-03
   0.382486149E-02   0.398977427E-02  -0.249021780E-02   0.183468117E-03
   0.443518767E-02   0.461464748E-02  -0.279629044E-02   0.193582600E-03
   0.510379160E-02   0.529401377E-02  -0.317740045E-02   0.208539961E-03
   0.590010220E-02   0.610046601E-02  -0.374924671E-02   0.232783117E-03
   0.704752840E-02   0.726540666E-02  -0.477639586E-02   0.282674388E-03
   0.915945601E-02   0.944383722E-02  -0.682019722E-02   0.381329999E-03
   0.137892431E-01   0.143032447E-01  -0.110389888E-01   0.563201495E-03
   0.249111596E-01   0.261474699E-01  -0.198576599E-01   0.903388893E-03
   0.528526977E-01   0.562201366E-01  -0.383033007E-01   0.149517308E-02
   0.125756726E+00   0.135308877E+00  -0.770470351E-01   0.249514845E-02
   0.323337257E+00   0.350956291E+00  -0.157819763E+00   0.406739116E-02
   0.877699971E+00   0.958610594E+00  -0.318574816E+00   0.611280929E-02
   0.239880514E+01   0.263110590E+01  -0.576356173E+00   0.733601861E-02
   0.565550804E+01   0.621851826E+01  -0.676533699E+00   0.429010298E-02
   0.816488266E+01   0.898509216E+01  -0.251834308E-05   0.000000000E+00
