   0.108483284E-03   0.548800267E-02   0.000000000E+00   0.000000000E+00
   0.108125263E-03   0.528744468E-02   0.737331284E-03   0.401291754E-05
   0.106951593E-03   0.475040590E-02   0.131919689E-02   0.142977369E-04
   0.104686857E-03   0.401414605E-02   0.166331825E-02   0.270582968E-04
   0.101132369E-03   0.323349913E-02   0.177865149E-02   0.384364503E-04
   0.959145691E-04   0.251443358E-02   0.172177993E-02   0.462345160E-04
   0.892958269E-04   0.190545653E-02   0.156303006E-02   0.502199473E-04
   0.807456527E-04   0.141906983E-02   0.135052204E-02   0.502918774E-04
   0.709841988E-04   0.104012282E-02   0.112346886E-02   0.475669258E-04
   0.600838830E-04   0.751085579E-03   0.900129206E-03   0.425680519E-04
   0.489211161E-04   0.532226753E-03   0.695346680E-03   0.364012158E-04
   0.382086473E-04   0.368754554E-03   0.517367851E-03   0.296406361E-04
   0.284546386E-04   0.247999473E-03   0.368547539E-03   0.228593108E-04
   0.200671348E-04   0.160057913E-03   0.249125122E-03   0.166333994E-04
   0.133106714E-04   0.979648757E-04   0.158288531E-03   0.112930920E-04
   0.827743770E-05   0.562997520E-04   0.939407328E-04   0.713747158E-05
   0.466052279E-05   0.291644665E-04   0.497940164E-04   0.399766395E-05
   0.237906056E-05   0.134422153E-04   0.233518440E-04   0.196784777E-05
   0.104161256E-05   0.513805799E-05   0.881686901E-05   0.767948279E-06
   0.358312604E-06   0.148187451E-05   0.213471776E-05   0.187403529E-06
   0.986321993E-07   0.467955829E-06   0.185960957E-06   0.141391894E-07
   0.274603114E-07   0.540966255E-06   0.161909554E-06   0.209112816E-07
   0.444620625E-07   0.925830250E-06   0.833396200E-06   0.963477902E-07
   0.738962456E-07   0.116778767E-05   0.136370784E-05   0.160139422E-06
   0.873568453E-07   0.116449735E-05   0.150919868E-05   0.178877755E-06
   0.801860764E-07   0.975199669E-06   0.133307719E-05   0.162758198E-06
   0.623251424E-07   0.723104961E-06   0.102766353E-05   0.132311854E-06
   0.456405438E-07   0.507242987E-06   0.739080292E-06   0.969103127E-07
   0.259841695E-07   0.285115306E-06   0.415583941E-06   0.567270781E-07
   0.124724542E-07   0.140481717E-06   0.203844820E-06   0.302039886E-07
   0.560609736E-08   0.627554684E-07   0.916026082E-07   0.139286911E-07
   0.240660958E-08   0.275863954E-07   0.396020639E-07   0.631905861E-08
   0.367510439E-09   0.549639223E-08   0.702647984E-08   0.155882451E-08
   0.142747481E-09   0.612100537E-09  -0.911055509E-09   0.381161103E-09
   0.839985748E-09   0.408570422E-08   0.306983527E-08   0.803592803E-09
   0.829275038E-09   0.389583166E-08   0.435357039E-08   0.494766117E-09
   0.151348911E-08   0.911422582E-08   0.117586829E-07   0.157299584E-08
   0.244332132E-08   0.151007349E-07   0.156905262E-07   0.318272697E-08
   0.230076425E-08   0.146114063E-07   0.137236880E-07   0.338790951E-08
   0.179933324E-08   0.111467724E-07   0.104597522E-07   0.253742516E-08
   0.379027226E-09   0.210007123E-08   0.404611145E-08   0.235609698E-09
   0.556401258E-09   0.328777361E-08   0.378556120E-08   0.636060316E-09
   0.378884174E-09   0.256536237E-08   0.404838740E-08   0.463300343E-09
   0.267259048E-09   0.803034195E-09   0.548088137E-10   0.261117988E-09
   0.164751907E-09   0.726231852E-09   0.886999016E-10   0.188889390E-09
   0.149248336E-09   0.159139990E-08   0.156472535E-08   0.545966383E-09
   0.135072439E-09   0.361910141E-09  -0.119480470E-08   0.253856158E-09
   0.286039775E-09   0.581521664E-09  -0.227951702E-08   0.409259987E-09
   0.173823944E-08   0.291742874E-08  -0.129042741E-07   0.180162341E-08
   0.189096094E-08   0.363173580E-08  -0.132516460E-07   0.189929139E-08
   0.228934938E-08   0.396853039E-08  -0.149526205E-07   0.184357540E-08
   0.616229201E-08   0.100773327E-07  -0.449520172E-07   0.611927931E-08
   0.747109219E-08   0.133655336E-07  -0.551767450E-07   0.781853071E-08
   0.747262696E-08   0.118725012E-07  -0.536568514E-07   0.722323090E-08
   0.646449028E-08   0.123545840E-07  -0.457995881E-07   0.653270993E-08
   0.332008976E-08   0.550390578E-08  -0.228357067E-07   0.285432300E-08
   0.154977087E-08   0.244761456E-08  -0.108787521E-07   0.136110767E-08
   0.263662508E-09   0.709888592E-09  -0.215794516E-08   0.461582689E-09
   0.107449127E-08   0.238383513E-08  -0.829995450E-08   0.166835812E-08
   0.799265987E-08   0.142242307E-07  -0.567170595E-07   0.896796060E-08
   0.265177764E-07   0.429815401E-07  -0.179384259E-06   0.254482266E-07
   0.758328369E-07   0.119734295E-06  -0.503070737E-06   0.683008636E-07
   0.139831144E-06   0.215975490E-06  -0.905260549E-06   0.118908190E-06
   0.296994614E-06   0.445508306E-06  -0.186783552E-05   0.235289718E-06
   0.406706619E-06   0.595421966E-06  -0.246843524E-05   0.302851163E-06
   0.530766954E-06   0.754100938E-06  -0.307311393E-05   0.366446415E-06
   0.603952344E-06   0.833030299E-06  -0.327001794E-05   0.369894764E-06
   0.588745934E-06   0.781824838E-06  -0.285058627E-05   0.317191194E-06
   0.451078591E-06   0.559522618E-06  -0.166513632E-05   0.179118359E-06
   0.294365776E-06   0.304948429E-06  -0.405159170E-06   0.552759225E-07
   0.371639572E-06   0.309341402E-06  -0.596109544E-06   0.958032018E-07
   0.120771756E-05   0.115406544E-05  -0.489628610E-05   0.541455677E-06
   0.381775862E-05   0.389913930E-05  -0.184678265E-04   0.181391192E-05
   0.955461837E-05   0.988041393E-05  -0.471441381E-04   0.427486520E-05
   0.196057408E-04   0.200351315E-04  -0.940524333E-04   0.797787106E-05
   0.361728162E-04   0.364232255E-04  -0.166552738E-03   0.132017713E-04
   0.612169897E-04   0.606485737E-04  -0.267962372E-03   0.197817117E-04
   0.975175280E-04   0.952461487E-04  -0.403089827E-03   0.275825678E-04
   0.146564620E-03   0.141583543E-03  -0.566422998E-03   0.357677709E-04
   0.212124287E-03   0.203653966E-03  -0.759938732E-03   0.440269687E-04
   0.296905549E-03   0.284833339E-03  -0.975026342E-03   0.512223014E-04
   0.405602972E-03   0.390619622E-03  -0.120497588E-02   0.572612298E-04
   0.543445349E-03   0.527611468E-03  -0.143792003E-02   0.611129362E-04
   0.718502037E-03   0.705009792E-03  -0.166204909E-02   0.621964937E-04
   0.939209829E-03   0.931694056E-03  -0.185942999E-02   0.602619875E-04
   0.121037697E-02   0.121254078E-02  -0.199359586E-02   0.545751536E-04
   0.152791350E-02   0.154235528E-02  -0.201284792E-02   0.445587466E-04
   0.187111099E-02   0.189894065E-02  -0.185198814E-02   0.311105905E-04
   0.219199783E-02   0.223185401E-02  -0.145087542E-02   0.163476634E-04
   0.242828508E-02   0.247677695E-02  -0.805745192E-03   0.456065663E-05
   0.251511508E-02   0.256690104E-02  -0.228956321E-08   0.000000000E+00
