   0.108819753E+00   0.908374548E+00   0.247386417E-10   0.000000000E+00
   0.974775180E-01   0.813642681E+00   0.311351195E-01   0.185440629E-03
   0.716440082E-01   0.597897947E+00   0.457640663E-01   0.543713337E-03
   0.455826856E-01   0.379956812E+00   0.436190218E-01   0.771317107E-03
   0.266230963E-01   0.221139118E+00   0.338096842E-01   0.787472934E-03
   0.150015317E-01   0.123573907E+00   0.235208329E-01   0.672472524E-03
   0.849249959E-02   0.688104406E-01   0.155538665E-01   0.520577130E-03
   0.500063784E-02   0.393682010E-01   0.101579772E-01   0.381261809E-03
   0.314954692E-02   0.237832647E-01   0.674443692E-02   0.274678459E-03
   0.215571630E-02   0.154838553E-01   0.465358980E-02   0.201274321E-03
   0.160194095E-02   0.109496163E-01   0.338787423E-02   0.152551700E-03
   0.127029896E-02   0.833538361E-02   0.260910997E-02   0.121666053E-03
   0.105101720E-02   0.670021772E-02   0.210758136E-02   0.103089340E-03
   0.889865565E-03   0.556950876E-02   0.176304800E-02   0.913643016E-04
   0.760438794E-03   0.471065985E-02   0.150516955E-02   0.829146011E-04
   0.649519963E-03   0.400198763E-02   0.129458180E-02   0.756420195E-04
   0.553415855E-03   0.340293953E-02   0.111649279E-02   0.699449520E-04
   0.467509439E-03   0.287606171E-02   0.957301236E-03   0.633234886E-04
   0.391807378E-03   0.241043046E-02   0.813569175E-03   0.572789140E-04
   0.324951776E-03   0.200301223E-02   0.684115977E-03   0.506407741E-04
   0.267511408E-03   0.165308313E-02   0.570936303E-03   0.440632102E-04
   0.217910798E-03   0.134705694E-02   0.469037564E-03   0.379267149E-04
   0.175684327E-03   0.108788093E-02   0.380681420E-03   0.320225954E-04
   0.140391232E-03   0.869864947E-03   0.305122667E-03   0.265667841E-04
   0.111009962E-03   0.688227010E-03   0.241052447E-03   0.216209173E-04
   0.867627823E-04   0.538084947E-03   0.187262718E-03   0.171533575E-04
   0.674420589E-04   0.417694217E-03   0.144073361E-03   0.135421715E-04
   0.516054788E-04   0.318047125E-03   0.107778178E-03   0.102170661E-04
   0.392517759E-04   0.241914619E-03   0.802615323E-04   0.765984623E-05
   0.294110796E-04   0.180627787E-03   0.579767366E-04   0.548992011E-05
   0.218852001E-04   0.133255788E-03   0.410010762E-04   0.381848031E-05
   0.162249980E-04   0.973577553E-04   0.284448251E-04   0.258471050E-05
   0.119761853E-04   0.703576588E-04   0.192503412E-04   0.168617123E-05
   0.871153406E-05   0.500620808E-04   0.124133285E-04   0.101313810E-05
   0.639187374E-05   0.355032207E-04   0.782739153E-05   0.601084082E-06
   0.465321727E-05   0.247967582E-04   0.454786095E-05   0.321474658E-06
   0.347610444E-05   0.174950146E-04   0.257933129E-05   0.185230505E-06
   0.260948423E-05   0.121801704E-04   0.120157279E-05   0.122066140E-06
   0.203281161E-05   0.862088382E-05   0.418042674E-06   0.118731442E-06
   0.166124244E-05   0.615252156E-05  -0.438482861E-09   0.134918835E-06
   0.139860845E-05   0.455422514E-05  -0.268271094E-06   0.185464174E-06
   0.124004555E-05   0.337888969E-05  -0.398461736E-06   0.220134794E-06
   0.115233161E-05   0.264038658E-05  -0.478580205E-06   0.267217615E-06
   0.112591226E-05   0.215687214E-05  -0.509514848E-06   0.297045176E-06
   0.114802981E-05   0.182977192E-05  -0.511449628E-06   0.312322413E-06
   0.120968514E-05   0.161331764E-05  -0.499752332E-06   0.297907064E-06
   0.131928402E-05   0.153012536E-05  -0.482166286E-06   0.288054224E-06
   0.149102777E-05   0.156405349E-05  -0.441509940E-06   0.263946646E-06
   0.173266130E-05   0.164120752E-05  -0.426529198E-06   0.215361197E-06
   0.208873394E-05   0.186642546E-05  -0.418111796E-06   0.163700832E-06
   0.269303086E-05   0.237329846E-05  -0.518945114E-06   0.117043058E-06
   0.347343894E-05   0.308262906E-05  -0.660988235E-06   0.841440055E-07
   0.476314108E-05   0.429786451E-05  -0.113102271E-05   0.936550535E-07
   0.637197445E-05   0.589312685E-05  -0.169036991E-05   0.138094364E-06
   0.900931445E-05   0.858186104E-05  -0.304405444E-05   0.310595709E-06
   0.126545674E-04   0.124006719E-04  -0.510919972E-05   0.619002208E-06
   0.178433165E-04   0.176256726E-04  -0.823135088E-05   0.110556414E-05
   0.251224465E-04   0.253219605E-04  -0.131123743E-04   0.188668798E-05
   0.348920657E-04   0.354057411E-04  -0.197223981E-04   0.297491647E-05
   0.484903831E-04   0.497152650E-04  -0.295497193E-04   0.455143663E-05
   0.662178500E-04   0.681150414E-04  -0.423077581E-04   0.659483612E-05
   0.895330304E-04   0.922321633E-04  -0.592383112E-04   0.925030326E-05
   0.119800017E-03   0.123556980E-03  -0.813295046E-04   0.126606783E-04
   0.157653252E-03   0.162967990E-03  -0.108713728E-03   0.167044382E-04
   0.206223980E-03   0.212973464E-03  -0.143550104E-03   0.218938294E-04
   0.266213843E-03   0.274640159E-03  -0.185718774E-03   0.279271953E-04
   0.339567574E-03   0.350602117E-03  -0.236587774E-03   0.348206740E-04
   0.428713975E-03   0.442286459E-03  -0.296654587E-03   0.428165913E-04
   0.536854554E-03   0.552769983E-03  -0.367585832E-03   0.521670117E-04
   0.662607665E-03   0.682536920E-03  -0.447558123E-03   0.618389895E-04
   0.810191559E-03   0.834034989E-03  -0.538022316E-03   0.724979036E-04
   0.981808873E-03   0.100982212E-02  -0.639330887E-03   0.838564010E-04
   0.117686775E-02   0.120978442E-02  -0.749961240E-03   0.957089578E-04
   0.139898411E-02   0.143806252E-02  -0.871758850E-03   0.107442123E-03
   0.165367441E-02   0.169814576E-02  -0.100693607E-02   0.120164477E-03
   0.194212922E-02   0.199246313E-02  -0.115666399E-02   0.133241556E-03
   0.228009606E-02   0.233592372E-02  -0.133148406E-02   0.147083614E-03
   0.269692019E-02   0.275657559E-02  -0.154999807E-02   0.162794924E-03
   0.324647035E-02   0.330719049E-02  -0.184462254E-02   0.180801740E-03
   0.404530624E-02   0.410184218E-02  -0.227760430E-02   0.204679163E-03
   0.532578630E-02   0.537024438E-02  -0.295732613E-02   0.238467532E-03
   0.754572917E-02   0.756781362E-02  -0.406539161E-02   0.286988739E-03
   0.115907341E-01   0.115768025E-01  -0.589099200E-02   0.354900520E-03
   0.191665683E-01   0.191093069E-01  -0.887111761E-02   0.448691484E-03
   0.334452428E-01   0.333530046E-01  -0.135756461E-01   0.566450006E-03
   0.599072836E-01   0.598390885E-01  -0.204927009E-01   0.690608285E-03
   0.107081376E+00   0.107189052E+00  -0.294394922E-01   0.774359505E-03
   0.183894277E+00   0.184454873E+00  -0.379752181E-01   0.735774345E-03
   0.289553195E+00   0.290914685E+00  -0.398732573E-01   0.508785190E-03
   0.394433796E+00   0.396737486E+00  -0.271573961E-01   0.172287691E-03
   0.440673620E+00   0.443391889E+00  -0.551286909E-07   0.000000000E+00
