   0.170682430E+02   0.119345093E+03   0.000000000E+00   0.000000000E+00
   0.884903145E+01   0.618827248E+02   0.306023455E+01   0.195286032E-01
   0.245234847E+01   0.171549149E+02   0.171422720E+01   0.220437441E-01
   0.679064631E+00   0.475094557E+01   0.725819349E+00   0.141881062E-01
   0.209898010E+00   0.146744323E+01   0.308034301E+00   0.820751674E-02
   0.712374523E-01   0.496397048E+00   0.135840639E+00   0.468228804E-02
   0.260931831E-01   0.180160284E+00   0.621002652E-01   0.270457729E-02
   0.105013000E-01   0.710530579E-01   0.294233188E-01   0.160211942E-02
   0.499851909E-02   0.327839218E-01   0.146877300E-01   0.991007546E-03
   0.307807792E-02   0.197154488E-01   0.805586763E-02   0.660178193E-03
   0.242009875E-02   0.155238640E-01   0.511780661E-02   0.480374729E-03
   0.217392528E-02   0.142099643E-01   0.385567918E-02   0.383174076E-03
   0.202861801E-02   0.135619752E-01   0.330894487E-02   0.331285788E-03
   0.188504707E-02   0.128721064E-01   0.303868018E-02   0.299649953E-03
   0.171634834E-02   0.119363535E-01   0.283839344E-02   0.278214167E-03
   0.153028185E-02   0.108327689E-01   0.264524645E-02   0.257542561E-03
   0.133581564E-02   0.960277300E-02   0.242321077E-02   0.237954970E-03
   0.114183361E-02   0.833133887E-02   0.217288942E-02   0.216314642E-03
   0.960432168E-03   0.710583711E-02   0.191386312E-02   0.193907763E-03
   0.794618391E-03   0.595545257E-02   0.165065180E-02   0.171134496E-03
   0.648526300E-03   0.491649890E-02   0.139831915E-02   0.148603111E-03
   0.521543319E-03   0.400615949E-02   0.116508326E-02   0.126438099E-03
   0.413499743E-03   0.321343495E-02   0.951058813E-03   0.105476000E-03
   0.324077002E-03   0.254645408E-02   0.764594239E-03   0.866022892E-04
   0.250862358E-03   0.198979490E-02   0.603272289E-03   0.697700016E-04
   0.191776970E-03   0.154141535E-02   0.470522966E-03   0.553149839E-04
   0.145284750E-03   0.117540930E-02   0.359620753E-03   0.429582542E-04
   0.108437984E-03   0.885610760E-03   0.270104560E-03   0.326005174E-04
   0.798496330E-04   0.655045093E-03   0.197342932E-03   0.240340833E-04
   0.584208028E-04   0.481002091E-03   0.142926510E-03   0.174591751E-04
   0.421191253E-04   0.349025882E-03   0.101563215E-03   0.123290311E-04
   0.299985695E-04   0.246426760E-03   0.690732486E-04   0.823738992E-05
   0.210724829E-04   0.174114975E-03   0.468841317E-04   0.544671866E-05
   0.145885460E-04   0.119166914E-03   0.300283446E-04   0.328955730E-05
   0.100857860E-04   0.816909451E-04   0.192239913E-04   0.194291420E-05
   0.690979505E-05   0.546514857E-04   0.116533056E-04   0.100846421E-05
   0.455177269E-05   0.355504199E-04   0.641561837E-05   0.412666367E-06
   0.315800821E-05   0.232644761E-04   0.359410205E-05   0.944176648E-07
   0.218987975E-05   0.150269743E-04   0.184807459E-05  -0.533504192E-07
   0.145129502E-05   0.943583564E-05   0.695685117E-06  -0.934163538E-07
   0.105998413E-05   0.592034712E-05   0.164221120E-06  -0.895506531E-07
   0.777956984E-06   0.358259331E-05  -0.169443567E-06  -0.476266955E-07
   0.640918302E-06   0.242153260E-05  -0.199108229E-06   0.257658117E-08
   0.552019458E-06   0.151299537E-05  -0.272655797E-06   0.536190576E-07
   0.549748620E-06   0.111107863E-05  -0.231887697E-06   0.765923005E-07
   0.641720874E-06   0.842933616E-06  -0.213769539E-06   0.796624064E-07
   0.712707276E-06   0.789103183E-06  -0.162429671E-06   0.904023736E-07
   0.937133620E-06   0.908628465E-06  -0.123475090E-06   0.665302622E-07
   0.130311400E-05   0.119829440E-05  -0.851847162E-07   0.189559604E-07
   0.194496602E-05   0.189649268E-05  -0.208109384E-06   0.453570337E-08
   0.287598141E-05   0.285675833E-05  -0.370249325E-06  -0.275356875E-07
   0.434489812E-05   0.451177220E-05  -0.828523753E-06  -0.113881082E-07
   0.670069676E-05   0.710935001E-05  -0.177557058E-05   0.655794636E-07
   0.103619659E-04   0.113502610E-04  -0.370520752E-05   0.286264140E-06
   0.158501898E-04   0.174453526E-04  -0.673054319E-05   0.667434051E-06
   0.240016670E-04   0.269274678E-04  -0.119718752E-04   0.139582312E-05
   0.359328296E-04   0.404339335E-04  -0.199013230E-04   0.249311915E-05
   0.526444092E-04   0.594438970E-04  -0.314194767E-04   0.408295909E-05
   0.768253085E-04   0.867786512E-04  -0.488609039E-04   0.646113176E-05
   0.108843691E-03   0.122692683E-03  -0.714343623E-04   0.956450094E-05
   0.154077352E-03   0.173242777E-03  -0.104420229E-03   0.139515123E-04
   0.213095496E-03   0.239133602E-03  -0.146746926E-03   0.194140521E-04
   0.291470264E-03   0.326437003E-03  -0.202755109E-03   0.264786686E-04
   0.391561945E-03   0.437176670E-03  -0.272118370E-03   0.348701069E-04
   0.522956660E-03   0.582177716E-03  -0.362754479E-03   0.455749796E-04
   0.685028790E-03   0.760016555E-03  -0.469539460E-03   0.574608894E-04
   0.886789116E-03   0.981723424E-03  -0.599203049E-03   0.711027023E-04
   0.113178475E-02   0.124983338E-02  -0.749609666E-03   0.859482243E-04
   0.142871542E-02   0.157124794E-02  -0.923019543E-03   0.102468824E-03
   0.177903043E-02   0.195185223E-02  -0.111902645E-02   0.118868847E-03
   0.219084835E-02   0.239562080E-02  -0.133703637E-02   0.136395363E-03
   0.265252497E-02   0.289061037E-02  -0.156316522E-02   0.151783912E-03
   0.316414540E-02   0.343420519E-02  -0.179414579E-02   0.165854100E-03
   0.370997027E-02   0.401144242E-02  -0.201976649E-02   0.175266527E-03
   0.428244052E-02   0.460755639E-02  -0.223614159E-02   0.182559073E-03
   0.484129228E-02   0.517734280E-02  -0.242645643E-02   0.184605888E-03
   0.535760168E-02   0.568949059E-02  -0.259644352E-02   0.181843498E-03
   0.580708031E-02   0.610793708E-02  -0.277002784E-02   0.178305942E-03
   0.618142774E-02   0.641800370E-02  -0.301357685E-02   0.178243397E-03
   0.657062465E-02   0.670971628E-02  -0.349582452E-02   0.190556952E-03
   0.731116999E-02   0.733609125E-02  -0.458017178E-02   0.233938685E-03
   0.937844161E-02   0.935194269E-02  -0.704512745E-02   0.347762048E-03
   0.154050132E-01   0.156375617E-01  -0.125150718E-01   0.575796235E-03
   0.324526206E-01   0.339750610E-01  -0.245000571E-01   0.102649210E-02
   0.801788121E-01   0.861373469E-01  -0.508201830E-01   0.186980690E-02
   0.217067763E+00   0.237151116E+00  -0.109811127E+00   0.341825886E-02
   0.634694517E+00   0.700525761E+00  -0.246880576E+00   0.619196752E-02
   0.204339838E+01   0.226954079E+01  -0.578977823E+00   0.109434063E-01
   0.737668753E+01   0.822414112E+01  -0.136735499E+01   0.172699559E-01
   0.267734108E+02   0.299109707E+02  -0.245595121E+01   0.155340061E-01
   0.519688187E+02   0.580968628E+02  -0.126045170E-04   0.000000000E+00
