   0.344739179E-03   0.100128725E-01   0.000000000E+00   0.000000000E+00
   0.335764315E-03   0.962461066E-02   0.119735440E-02   0.672194983E-05
   0.311491167E-03   0.856879260E-02   0.211810018E-02   0.237233471E-04
   0.278537540E-03   0.715659419E-02   0.263116416E-02   0.441584307E-04
   0.243593488E-03   0.569336256E-02   0.277009467E-02   0.621140571E-04
   0.211009698E-03   0.438378379E-02   0.265399646E-02   0.742482371E-04
   0.182238931E-03   0.331101730E-02   0.240164343E-02   0.806304233E-04
   0.156855982E-03   0.247781421E-02   0.209431141E-02   0.820959394E-04
   0.133968206E-03   0.184469589E-02   0.177665276E-02   0.796096501E-04
   0.112871996E-03   0.136976386E-02   0.147260400E-02   0.740219111E-04
   0.931659961E-04   0.101175671E-02   0.119123771E-02   0.662312596E-04
   0.750388135E-04   0.741404714E-03   0.939960650E-03   0.573219586E-04
   0.584732843E-04   0.534775783E-03   0.718562456E-03   0.476473906E-04
   0.440607037E-04   0.378660392E-03   0.532374543E-03   0.380682905E-04
   0.319009050E-04   0.260710629E-03   0.379534147E-03   0.289671043E-04
   0.221175214E-04   0.173361783E-03   0.259371416E-03   0.210862854E-04
   0.144628611E-04   0.109430628E-03   0.167192731E-03   0.144088872E-04
   0.890512729E-05   0.650875809E-04   0.101316924E-03   0.922548497E-05
   0.508977519E-05   0.358590623E-04   0.568018841E-04   0.543462693E-05
   0.260847014E-05   0.176061694E-04   0.283426052E-04   0.283032000E-05
   0.117075274E-05   0.738531980E-05   0.121934572E-04   0.127272585E-05
   0.460195707E-06   0.264694108E-05   0.448656465E-05   0.490744242E-06
   0.116271906E-06   0.543503120E-06   0.952155801E-06   0.110897368E-06
   0.377403637E-07   0.254105089E-06   0.338641257E-06   0.461991085E-07
   0.429615667E-07   0.488673436E-06   0.594993026E-06   0.781479201E-07
   0.710961388E-07   0.774582702E-06   0.100857039E-05   0.137118079E-06
   0.980529506E-07   0.995749360E-06   0.135095127E-05   0.182338056E-06
   0.979383046E-07   0.956715326E-06   0.132128616E-05   0.181418031E-06
   0.782698208E-07   0.751778373E-06   0.105608513E-05   0.153612632E-06
   0.631777866E-07   0.601660417E-06   0.842310044E-06   0.124114237E-06
   0.416148538E-07   0.382925265E-06   0.536286962E-06   0.770099717E-07
   0.253337937E-07   0.241010753E-06   0.335636287E-06   0.526876427E-07
   0.144101335E-07   0.138987033E-06   0.195492817E-06   0.326628609E-07
   0.648254339E-08   0.621663077E-07   0.826510913E-07   0.140426515E-07
   0.336522787E-08   0.315626885E-07   0.450485480E-07   0.821650836E-08
   0.100965558E-08   0.104634745E-07   0.142067069E-07   0.297553182E-08
   0.133829378E-09   0.601996841E-09   0.397684968E-09   0.133162564E-09
   0.116320975E-08   0.238170328E-08   0.367195829E-09   0.630412611E-09
   0.121139276E-08   0.103030375E-07   0.117864625E-07   0.248905785E-08
   0.537121403E-09   0.517841592E-08   0.733564676E-08   0.143633361E-08
   0.102066477E-08   0.847646042E-08   0.126496822E-07   0.221827556E-08
   0.108741893E-08   0.818402057E-08   0.104928120E-07   0.262609046E-08
   0.198142214E-08   0.797401167E-08   0.671705969E-09   0.375709241E-08
   0.150440538E-08   0.942004252E-08   0.728058058E-08   0.389651511E-08
   0.971423830E-09   0.639305364E-08   0.151182866E-08   0.331188788E-08
   0.202765982E-08   0.606245587E-08  -0.864047855E-08   0.385541599E-08
   0.137883571E-08   0.719425097E-08   0.314376247E-09   0.375392695E-08
   0.629738661E-08   0.113646648E-07  -0.397823676E-07   0.756615481E-08
   0.511553422E-08   0.911158970E-08  -0.318152225E-07   0.608765305E-08
   0.527052313E-08   0.947700762E-08  -0.330089520E-07   0.633516706E-08
   0.468626471E-08   0.762281438E-08  -0.285136394E-07   0.483886531E-08
   0.496111641E-08   0.792827048E-08  -0.300639655E-07   0.461413885E-08
   0.362388208E-08   0.549404122E-08  -0.208395754E-07   0.341989725E-08
   0.181567250E-08   0.243157361E-08  -0.996959049E-08   0.127173805E-08
   0.435657371E-09   0.971271175E-09  -0.198879446E-08   0.338066491E-09
   0.257874566E-08   0.469145656E-08  -0.155923612E-07   0.315774318E-08
   0.105317506E-07   0.175308035E-07  -0.633443307E-07   0.110803304E-07
   0.274429084E-07   0.437453487E-07  -0.161927161E-06   0.262248321E-07
   0.845835118E-07   0.129244711E-06  -0.485640157E-06   0.721440188E-07
   0.136941537E-06   0.205946094E-06  -0.775007663E-06   0.116573297E-06
   0.225265623E-06   0.330651005E-06  -0.124895269E-05   0.181855441E-06
   0.325746925E-06   0.467357410E-06  -0.176751269E-05   0.251138516E-06
   0.479489358E-06   0.674325179E-06  -0.254301153E-05   0.348391467E-06
   0.516396028E-06   0.710078154E-06  -0.266409870E-05   0.353857502E-06
   0.491738888E-06   0.667159270E-06  -0.246457466E-05   0.325407655E-06
   0.401059765E-06   0.532628860E-06  -0.192114862E-05   0.242614078E-06
   0.259093071E-06   0.333921832E-06  -0.114550005E-05   0.144193038E-06
   0.166348784E-06   0.197777126E-06  -0.753311667E-06   0.986058026E-07
   0.414623514E-06   0.459946364E-06  -0.203158675E-05   0.242398585E-06
   0.169921589E-05   0.193501910E-05  -0.833598642E-05   0.929169687E-06
   0.475047636E-05   0.533068669E-05  -0.224854684E-04   0.238680400E-05
   0.107793758E-04   0.118801254E-04  -0.491894898E-04   0.497064002E-05
   0.217172856E-04   0.235076350E-04  -0.955610885E-04   0.916068075E-05
   0.390610840E-04   0.413909620E-04  -0.165254402E-03   0.150695751E-04
   0.652771414E-04   0.679074365E-04  -0.265071169E-03   0.227874716E-04
   0.101626298E-03   0.103684819E-03  -0.394049013E-03   0.319463979E-04
   0.150620239E-03   0.151304135E-03  -0.555049686E-03   0.421126460E-04
   0.214640721E-03   0.212966275E-03  -0.746681064E-03   0.526613076E-04
   0.297819963E-03   0.293201883E-03  -0.970540801E-03   0.632015217E-04
   0.402989914E-03   0.395318493E-03  -0.121782639E-02   0.729652311E-04
   0.535638130E-03   0.526301796E-03  -0.148255599E-02   0.810273486E-04
   0.704201346E-03   0.696400239E-03  -0.175975333E-02   0.866299088E-04
   0.921658066E-03   0.920245540E-03  -0.204654830E-02   0.899906081E-04
   0.120397843E-02   0.121580251E-02  -0.233180169E-02   0.902816537E-04
   0.157004513E-02   0.160315097E-02  -0.259809848E-02   0.868907664E-04
   0.203636126E-02   0.209932728E-02  -0.280350540E-02   0.786129021E-04
   0.260116742E-02   0.270202942E-02  -0.287002325E-02   0.650136426E-04
   0.322920037E-02   0.337278121E-02  -0.268512638E-02   0.459689509E-04
   0.383303454E-02   0.401806785E-02  -0.213795830E-02   0.245031042E-04
   0.428465242E-02   0.450071273E-02  -0.120079180E-02   0.689969374E-05
   0.444914866E-02   0.467694039E-02  -0.295615865E-08   0.000000000E+00
