   0.171508605E-02   0.288696885E-01  -0.421227419E-11   0.000000000E+00
   0.164140272E-02   0.275733359E-01   0.281182188E-02   0.161639273E-04
   0.144628342E-02   0.241380893E-01   0.485015661E-02   0.557662534E-04
   0.119343784E-02   0.196597110E-01   0.579615356E-02   0.100035446E-03
   0.944865693E-03   0.152139366E-01   0.582971564E-02   0.134076850E-03
   0.732862507E-03   0.113816475E-01   0.531755714E-02   0.153575325E-03
   0.569493335E-03   0.839585904E-02   0.460961275E-02   0.160108335E-03
   0.447542669E-03   0.616393425E-02   0.388820819E-02   0.158459079E-03
   0.357049837E-03   0.453804340E-02   0.323700160E-02   0.150676802E-03
   0.287917181E-03   0.335594756E-02   0.267093908E-02   0.140787728E-03
   0.233323110E-03   0.249135820E-02   0.218566018E-02   0.128417494E-03
   0.188337421E-03   0.184988021E-02   0.176706852E-02   0.114422779E-03
   0.150868698E-03   0.137238379E-02   0.141162146E-02   0.994027432E-04
   0.118538403E-03   0.100880128E-02   0.110356230E-02   0.840763896E-04
   0.913727708E-04   0.733915833E-03   0.845564238E-03   0.692344329E-04
   0.685859122E-04   0.524679141E-03   0.630594965E-03   0.549545512E-04
   0.502769726E-04   0.368552661E-03   0.459121569E-03   0.424845639E-04
   0.352514508E-04   0.249771430E-03   0.319603860E-03   0.311526019E-04
   0.240377485E-04   0.164902071E-03   0.216111352E-03   0.221552800E-04
   0.155326761E-04   0.103608712E-03   0.138201984E-03   0.148008139E-04
   0.948446541E-05   0.613724551E-04   0.831961006E-04   0.935000844E-05
   0.546499632E-05   0.342417152E-04   0.470303166E-04   0.550114555E-05
   0.287708190E-05   0.173433946E-04   0.240552963E-04   0.293047378E-05
   0.137441123E-05   0.784925214E-05   0.109571483E-04   0.138612529E-05
   0.560869410E-06   0.296881535E-05   0.411956944E-05   0.550501682E-06
   0.175381814E-06   0.843358748E-06   0.106126845E-05   0.147943680E-06
   0.572738692E-07   0.376100758E-06   0.330144303E-06   0.453327154E-07
   0.532282307E-07   0.550726668E-06   0.517143690E-06   0.606473307E-07
   0.845443466E-07   0.888923068E-06   0.968925974E-06   0.140688712E-06
   0.112142331E-06   0.106729772E-05   0.125628173E-05   0.179023814E-06
   0.130896410E-06   0.117983359E-05   0.141551527E-05   0.197422864E-06
   0.113282638E-06   0.984231406E-06   0.121980395E-05   0.176848374E-06
   0.107376735E-06   0.907836124E-06   0.112499322E-05   0.162401818E-06
   0.815359655E-07   0.669281405E-06   0.852823860E-06   0.124922678E-06
   0.630063681E-07   0.511690189E-06   0.651871574E-06   0.967010152E-07
   0.444297115E-07   0.337236912E-06   0.431954788E-06   0.583847992E-07
   0.243673615E-07   0.163779617E-06   0.193280982E-06   0.233056578E-07
   0.139381422E-07   0.806542246E-07   0.943198373E-07   0.884737261E-08
   0.794335620E-08   0.456336302E-07   0.652515055E-07   0.524266097E-08
   0.818918000E-08   0.326227578E-07   0.160536544E-07   0.325773453E-08
   0.288830582E-08   0.362299413E-08  -0.453646898E-08  -0.633079866E-09
   0.451776305E-08   0.462225103E-08  -0.161158678E-07   0.130290656E-08
   0.448296777E-08   0.693414481E-08  -0.177597901E-07   0.420888213E-08
   0.538464562E-08   0.100348387E-07  -0.266893423E-07   0.663033095E-08
   0.639265307E-08   0.137015554E-07  -0.204522976E-07   0.845510062E-08
   0.799692490E-08   0.184039592E-07  -0.122788704E-07   0.949563983E-08
   0.172352654E-08   0.856904769E-08  -0.243979004E-09   0.477756323E-08
   0.235381914E-08   0.117842038E-07   0.104890656E-07   0.432781588E-08
   0.189648675E-08   0.676592649E-08   0.481580287E-08   0.231979969E-08
   0.271822675E-08   0.144227776E-07   0.161919189E-07   0.167868586E-08
   0.431544933E-08   0.777086928E-08   0.621531138E-08  -0.151421142E-08
   0.135220102E-07   0.251852974E-07  -0.409747649E-07   0.483142326E-08
   0.282616099E-07   0.401335285E-07  -0.115610739E-06   0.136481768E-07
   0.576012518E-07   0.805381219E-07  -0.244373268E-06   0.310008765E-07
   0.989885507E-07   0.138366531E-06  -0.430131081E-06   0.585380882E-07
   0.157631675E-06   0.216317105E-06  -0.687980787E-06   0.977233441E-07
   0.265667666E-06   0.364301798E-06  -0.116206104E-05   0.174550365E-06
   0.393356459E-06   0.536935090E-06  -0.169833538E-05   0.247675018E-06
   0.481163681E-06   0.651309449E-06  -0.204883600E-05   0.298739536E-06
   0.575140916E-06   0.766049595E-06  -0.239670408E-05   0.346098346E-06
   0.601249553E-06   0.792775438E-06  -0.244432022E-05   0.353220059E-06
   0.582768223E-06   0.767297649E-06  -0.228894214E-05   0.323030719E-06
   0.436294272E-06   0.561302215E-06  -0.159575416E-05   0.228105591E-06
   0.283296885E-06   0.352110618E-06  -0.886841178E-06   0.122276077E-06
   0.228898628E-06   0.247481921E-06  -0.620061371E-06   0.895084469E-07
   0.607478455E-06   0.646444278E-06  -0.210024541E-05   0.293156035E-06
   0.182546648E-05   0.198323346E-05  -0.674177227E-05   0.883168298E-06
   0.475790375E-05   0.518365368E-05  -0.176370104E-04   0.220644142E-05
   0.104260798E-04   0.113149299E-04  -0.380783422E-04   0.456097405E-05
   0.201277289E-04   0.216181343E-04  -0.717049988E-04   0.821696722E-05
   0.361745151E-04   0.384644409E-04  -0.125393170E-03   0.137612396E-04
   0.600326021E-04   0.629931528E-04  -0.201344825E-03   0.211783936E-04
   0.937072909E-04   0.972792695E-04  -0.302973989E-03   0.302712069E-04
   0.141523822E-03   0.145440601E-03  -0.439686060E-03   0.416330367E-04
   0.204283948E-03   0.208172016E-03  -0.606228539E-03   0.543105853E-04
   0.286175142E-03   0.290042779E-03  -0.806833385E-03   0.681128731E-04
   0.391143811E-03   0.395599782E-03  -0.104103819E-02   0.823961382E-04
   0.525746786E-03   0.532631122E-03  -0.131199241E-02   0.969152461E-04
   0.696070143E-03   0.709389220E-03  -0.161480601E-02   0.110304092E-03
   0.915342011E-03   0.941190287E-03  -0.195727474E-02   0.123583319E-03
   0.119810330E-02   0.124668248E-02  -0.233729486E-02   0.135023685E-03
   0.157223176E-02   0.165767549E-02  -0.277096988E-02   0.144945909E-03
   0.207433640E-02   0.221618917E-02  -0.326487795E-02   0.153136498E-03
   0.275604613E-02   0.297997543E-02  -0.382618164E-02   0.159097719E-03
   0.368540199E-02   0.402484182E-02  -0.444165105E-02   0.160308584E-03
   0.492026657E-02   0.541432295E-02  -0.503036287E-02   0.152131935E-03
   0.648582727E-02   0.717792474E-02  -0.542005850E-02   0.131629102E-03
   0.830816850E-02   0.923442747E-02  -0.532351620E-02   0.974583600E-04
   0.101233050E-01   0.112868054E-01  -0.440808712E-02   0.539151151E-04
   0.115120588E-01   0.128615117E-01  -0.253931270E-02   0.155765665E-04
   0.120319910E-01   0.134492498E-01  -0.605760908E-08   0.000000000E+00
