   0.111636698E+01   0.920979214E+01   0.786948192E-06   0.000000000E+00
   0.774430692E+00   0.637898445E+01   0.457498461E+00   0.278687500E-02
   0.328190893E+00   0.269001031E+01   0.387223661E+00   0.472138822E-02
   0.119367294E+00   0.969611704E+00   0.210556895E+00   0.385922403E-02
   0.436513200E-01   0.349712521E+00   0.101798795E+00   0.249991869E-02
   0.169564914E-01   0.133434728E+00   0.483729504E-01   0.149930012E-02
   0.721496344E-02   0.558340885E-01   0.234936737E-01   0.888684415E-03
   0.349818519E-02   0.269840788E-01   0.120549509E-01   0.543370727E-03
   0.199914537E-02   0.157742221E-01   0.678954227E-02   0.357345358E-03
   0.134124898E-02   0.110622523E-01   0.433264300E-02   0.260267436E-03
   0.101102423E-02   0.875292625E-02   0.314601813E-02   0.209835343E-03
   0.809877645E-03   0.730891014E-02   0.251205591E-02   0.181541647E-03
   0.663108891E-03   0.618473813E-02   0.211085938E-02   0.162398850E-03
   0.543271482E-03   0.519706402E-02   0.180387287E-02   0.147381186E-03
   0.441045500E-03   0.430684909E-02   0.153892487E-02   0.132236906E-03
   0.352208212E-03   0.349845877E-02   0.129133079E-02   0.116580362E-03
   0.277288374E-03   0.279689906E-02   0.106852583E-02   0.100713631E-03
   0.214329848E-03   0.218999921E-02   0.863906229E-03   0.850813594E-04
   0.163343910E-03   0.168718328E-02   0.686326704E-03   0.707146901E-04
   0.121799567E-03   0.127215125E-02   0.530763646E-03   0.568673167E-04
   0.893862525E-04   0.943498744E-03   0.402625796E-03   0.447681341E-04
   0.641259612E-04   0.684036931E-03   0.296536018E-03   0.341912928E-04
   0.449920044E-04   0.486225850E-03   0.212831772E-03   0.253185062E-04
   0.310433716E-04   0.339239486E-03   0.149336251E-03   0.183001575E-04
   0.209089903E-04   0.230980295E-03   0.101358150E-03   0.128073425E-04
   0.137025254E-04   0.153408051E-03   0.664200707E-04   0.860539421E-05
   0.871233533E-05   0.988315078E-04   0.415874310E-04   0.551968560E-05
   0.540155224E-05   0.622371517E-04   0.251127949E-04   0.339862231E-05
   0.324258531E-05   0.379055564E-04   0.143234429E-04   0.195587586E-05
   0.186086811E-05   0.221775081E-04   0.750852450E-05   0.102607214E-05
   0.105437948E-05   0.125271445E-04   0.360707327E-05   0.482773146E-06
   0.603904141E-06   0.691855485E-05   0.159354897E-05   0.195910403E-06
   0.352340976E-06   0.371101737E-05   0.618192644E-06   0.551808661E-07
   0.236433181E-06   0.201888815E-05   0.262046228E-06   0.101105346E-08
   0.170430056E-06   0.115179193E-05   0.184821872E-06  -0.306547765E-08
   0.138336162E-06   0.753146708E-06   0.229501268E-06   0.999401806E-08
   0.120584218E-06   0.583308406E-06   0.313190185E-06   0.323757448E-07
   0.102462060E-06   0.494177471E-06   0.351902202E-06   0.470769983E-07
   0.803880482E-07   0.408649072E-06   0.325846344E-06   0.522079517E-07
   0.649485443E-07   0.367325157E-06   0.317149045E-06   0.645254161E-07
   0.465263668E-07   0.291645279E-06   0.249441939E-06   0.587577560E-07
   0.378917093E-07   0.262406417E-06   0.219541121E-06   0.690917972E-07
   0.300115737E-07   0.210472223E-06   0.152066207E-06   0.697017910E-07
   0.187990530E-07   0.154874442E-06   0.832965696E-07   0.616739726E-07
   0.202080450E-07   0.122413070E-06   0.110527383E-07   0.632843538E-07
   0.355708494E-07   0.120687602E-06  -0.455329676E-07   0.701934439E-07
   0.501755046E-07   0.114428396E-06  -0.121229363E-06   0.728034166E-07
   0.633579944E-07   0.109831781E-06  -0.174750639E-06   0.688458712E-07
   0.101882655E-06   0.141681625E-06  -0.262891120E-06   0.828288904E-07
   0.146062021E-06   0.179381558E-06  -0.370345902E-06   0.928445303E-07
   0.189235607E-06   0.216346436E-06  -0.455152161E-06   0.103161341E-06
   0.226419445E-06   0.241999402E-06  -0.502383500E-06   0.101981271E-06
   0.253209578E-06   0.268938066E-06  -0.513336033E-06   0.100763316E-06
   0.315756239E-06   0.324538632E-06  -0.571036878E-06   0.108743961E-06
   0.345090427E-06   0.346391971E-06  -0.449393212E-06   0.820036519E-07
   0.418450099E-06   0.417391902E-06  -0.308781580E-06   0.585087072E-07
   0.593870368E-06   0.596947530E-06  -0.217094197E-06   0.475521134E-07
   0.998183623E-06   0.994220613E-06  -0.246108669E-06   0.463597232E-07
   0.187648743E-05   0.187712374E-05  -0.766045162E-06   0.120955221E-06
   0.349216248E-05   0.348030994E-05  -0.203608215E-05   0.293754624E-06
   0.638549272E-05   0.634674097E-05  -0.472809643E-05   0.651170467E-06
   0.116469691E-04   0.114943969E-04  -0.102406566E-04   0.137340612E-05
   0.198461476E-04   0.194331824E-04  -0.189060829E-04   0.246541435E-05
   0.328888746E-04   0.319325045E-04  -0.329481045E-04   0.419894513E-05
   0.526886288E-04   0.510776408E-04  -0.546501033E-04   0.670869395E-05
   0.820202622E-04   0.788812395E-04  -0.859081774E-04   0.102672066E-04
   0.123810474E-03   0.118618962E-03  -0.129681910E-03   0.149463622E-04
   0.181669762E-03   0.172858767E-03  -0.187366721E-03   0.209504942E-04
   0.260829634E-03   0.247144431E-03  -0.263805734E-03   0.284065827E-04
   0.365979329E-03   0.345103414E-03  -0.359988539E-03   0.372856266E-04
   0.502813549E-03   0.472256012E-03  -0.478408736E-03   0.474335538E-04
   0.677225704E-03   0.634224503E-03  -0.620723120E-03   0.586841161E-04
   0.894154538E-03   0.834575039E-03  -0.784953765E-03   0.706942446E-04
   0.115692627E-02   0.107696920E-02  -0.968943699E-03   0.825675234E-04
   0.147309049E-02   0.136773917E-02  -0.117467088E-02   0.950024187E-04
   0.183938653E-02   0.170496828E-02  -0.139445532E-02   0.105748077E-03
   0.225552893E-02   0.208674767E-02  -0.162542891E-02   0.116010189E-03
   0.271878508E-02   0.251106895E-02  -0.186980597E-02   0.125436840E-03
   0.322998920E-02   0.297782896E-02  -0.214263098E-02   0.136103859E-03
   0.381631590E-02   0.351325702E-02  -0.249708910E-02   0.149008905E-03
   0.457207765E-02   0.420335727E-02  -0.305932667E-02   0.173479944E-03
   0.578190899E-02   0.531586027E-02  -0.411981018E-02   0.220890870E-03
   0.821856502E-02   0.758006936E-02  -0.630942453E-02   0.313079508E-03
   0.139276991E-01   0.129398583E-01  -0.109808054E-01   0.488385966E-03
   0.283860434E-01   0.266272556E-01  -0.210184213E-01   0.805221149E-03
   0.667646602E-01   0.631937459E-01  -0.426062681E-01   0.135175022E-02
   0.172431797E+00   0.164387614E+00  -0.884084851E-01   0.222410355E-02
   0.471610516E+00   0.452003509E+00  -0.180386215E+00   0.337186735E-02
   0.129082000E+01   0.124171424E+01  -0.327174455E+00   0.404672418E-02
   0.301955056E+01   0.291106510E+01  -0.381192297E+00   0.234648096E-02
   0.432973242E+01   0.417721272E+01  -0.112763053E-05   0.000000000E+00
