   0.537091873E-04   0.410192925E-02  -0.522340591E-11   0.000000000E+00
   0.550299919E-04   0.395901501E-02   0.598048500E-03   0.320456297E-05
   0.583467518E-04   0.357270986E-02   0.107746525E-02   0.114878949E-04
   0.622362422E-04   0.303806318E-02   0.137203408E-02   0.218641908E-04
   0.651512819E-04   0.246316451E-02   0.148223550E-02   0.312398552E-04
   0.658200297E-04   0.192480523E-02   0.144612882E-02   0.376084463E-04
   0.638189013E-04   0.146243919E-02   0.131513609E-02   0.406961335E-04
   0.592601027E-04   0.108719536E-02   0.113486685E-02   0.405673964E-04
   0.523452472E-04   0.791231403E-03   0.932942843E-03   0.377784891E-04
   0.441735247E-04   0.564035727E-03   0.736331043E-03   0.332855816E-04
   0.353050564E-04   0.391467678E-03   0.554461789E-03   0.276383671E-04
   0.267788073E-04   0.263444730E-03   0.398752163E-03   0.216855242E-04
   0.191183080E-04   0.169778184E-03   0.271014200E-03   0.159205247E-04
   0.127512121E-04   0.103407932E-03   0.172300628E-03   0.109325783E-04
   0.782738607E-05   0.583743713E-04   0.100420519E-03   0.676880154E-05
   0.443096042E-05   0.302675744E-04   0.535058607E-04   0.381511472E-05
   0.220007200E-05   0.136145036E-04   0.243107988E-04   0.180142388E-05
   0.941190990E-06   0.510411837E-05   0.897058362E-05   0.685046643E-06
   0.306112213E-06   0.145157185E-05   0.202104252E-05   0.146247714E-06
   0.716646724E-07   0.513108716E-06   0.108572898E-06   0.633368746E-09
   0.282092305E-07   0.686353985E-06   0.349273023E-06   0.356728940E-07
   0.509108418E-07   0.991223260E-06   0.103176910E-05   0.114050167E-06
   0.746243529E-07   0.113732142E-05   0.146373498E-05   0.162077029E-06
   0.905201532E-07   0.119850540E-05   0.169377881E-05   0.191903112E-06
   0.838005150E-07   0.101088301E-05   0.150637868E-05   0.173024347E-06
   0.540909504E-07   0.631969556E-06   0.965563800E-06   0.116958027E-06
   0.367224864E-07   0.416985131E-06   0.649026106E-06   0.816282508E-07
   0.219447625E-07   0.244803374E-06   0.383668578E-06   0.501080208E-07
   0.104367679E-07   0.116363481E-06   0.187350139E-06   0.253310848E-07
   0.335246364E-08   0.391748678E-07   0.624241139E-07   0.946564782E-08
   0.419153739E-09   0.528290434E-08   0.771588660E-08   0.125769406E-08
   0.187591914E-09   0.107281761E-08   0.232315145E-08   0.212891052E-09
   0.886666685E-09   0.551915846E-08   0.640727116E-08   0.119833776E-08
   0.103972198E-08   0.723220062E-08   0.904320352E-08   0.161241098E-08
   0.816423873E-09   0.594636340E-08   0.102676196E-07   0.108763298E-08
   0.942515510E-09   0.732800132E-08   0.141567771E-07   0.146923251E-08
   0.187880511E-08   0.134457485E-07   0.179006534E-07   0.299515546E-08
   0.715853044E-09   0.261348165E-08   0.185583526E-08   0.262545291E-09
   0.124301236E-08   0.279722112E-08  -0.497066122E-08   0.636407593E-09
   0.122261146E-08   0.662869448E-08   0.525472643E-08   0.153878887E-08
   0.103804312E-09   0.242958653E-09   0.148757950E-09  -0.218577708E-10
   0.413603526E-10   0.670264330E-10   0.539369834E-10  -0.246258586E-10
   0.329105354E-10   0.753635557E-10  -0.887567381E-10   0.204982142E-10
   0.166158254E-09   0.364853980E-09  -0.145479284E-08   0.220014340E-09
   0.154687083E-09   0.386715437E-09  -0.142762158E-08   0.280746065E-09
   0.567875851E-10   0.714499848E-09   0.109223719E-08   0.241608678E-09
   0.230130970E-09   0.116170051E-08   0.472542672E-09   0.316778659E-09
   0.192768010E-09   0.160502134E-08   0.150041435E-08   0.518157184E-09
   0.388752003E-09   0.970341252E-09  -0.222467356E-08   0.377452541E-09
   0.933501748E-10   0.276803497E-09  -0.179349272E-09   0.738873268E-10
   0.130297262E-08   0.285606672E-08  -0.107049996E-07   0.157940072E-08
   0.857839355E-09   0.164650804E-08  -0.639991127E-08   0.789868226E-09
   0.209862372E-08   0.438816272E-08  -0.153955941E-07   0.206277018E-08
   0.180019177E-08   0.304384362E-08  -0.148960666E-07   0.183063775E-08
   0.444417747E-08   0.834799074E-08  -0.376783973E-07   0.496484542E-08
   0.471954920E-08   0.861564509E-08  -0.392336617E-07   0.499280439E-08
   0.707598291E-08   0.128199593E-07  -0.604160562E-07   0.803576850E-08
   0.170904035E-08   0.295874525E-08  -0.136871368E-07   0.160250258E-08
   0.122180388E-08   0.216833995E-08  -0.101469739E-07   0.126666744E-08
   0.187037955E-09   0.851213322E-09  -0.160407077E-08   0.579792769E-09
   0.173583359E-08   0.381830478E-08  -0.143830992E-07   0.267302847E-08
   0.189050429E-07   0.331444383E-07  -0.149594413E-06   0.201378025E-07
   0.552533592E-07   0.933803506E-07  -0.425780200E-06   0.538199423E-07
   0.103189493E-06   0.169021931E-06  -0.775365777E-06   0.968484173E-07
   0.214974591E-06   0.342799041E-06  -0.157114971E-05   0.190286897E-06
   0.341803201E-06   0.529397653E-06  -0.241105454E-05   0.283658522E-06
   0.537225731E-06   0.811163488E-06  -0.363539675E-05   0.406469695E-06
   0.581251754E-06   0.848311572E-06  -0.368593442E-05   0.399526755E-06
   0.608193318E-06   0.851363211E-06  -0.348820890E-05   0.364809836E-06
   0.534540277E-06   0.704228171E-06  -0.248643596E-05   0.250230016E-06
   0.348296993E-06   0.395735867E-06  -0.783158043E-06   0.852443662E-07
   0.352190625E-06   0.312363824E-06  -0.403814141E-06   0.689824944E-07
   0.110948918E-05   0.111288750E-05  -0.476654350E-05   0.496070243E-06
   0.348383742E-05   0.370013959E-05  -0.183471166E-04   0.168444637E-05
   0.892984917E-05   0.959398221E-05  -0.484235243E-04   0.408243295E-05
   0.192135176E-04   0.204078842E-04  -0.101985534E-03   0.798347264E-05
   0.363185936E-04   0.379116937E-04  -0.184895296E-03   0.134860920E-04
   0.620266728E-04   0.635937977E-04  -0.298738130E-03   0.201649946E-04
   0.996114468E-04   0.100531550E-03  -0.450516498E-03   0.280597251E-04
   0.150079504E-03   0.149678934E-03  -0.629992515E-03   0.359715596E-04
   0.216933578E-03   0.214936052E-03  -0.836007704E-03   0.435260918E-04
   0.302493718E-03   0.299427571E-03  -0.105586241E-02   0.496117900E-04
   0.411093468E-03   0.408502267E-03  -0.127967575E-02   0.538867353E-04
   0.546754105E-03   0.547394506E-03  -0.148834847E-02   0.555447295E-04
   0.714222610E-03   0.721573248E-03  -0.166158809E-02   0.539767098E-04
   0.916782825E-03   0.934236508E-03  -0.177146390E-02   0.487175821E-04
   0.115013681E-02   0.118018908E-02  -0.177143398E-02   0.396338364E-04
   0.139784126E-02   0.144104229E-02  -0.161172636E-02   0.274292779E-04
   0.162697118E-02   0.168197369E-02  -0.125008356E-02   0.143563693E-04
   0.179338316E-02   0.185643160E-02  -0.688960135E-03   0.398225575E-05
   0.185308000E-02   0.191902637E-02  -0.178097026E-08   0.000000000E+00
