   0.852482990E-04   0.505247479E-02   0.000000000E+00   0.000000000E+00
   0.858765270E-04   0.487965532E-02   0.702605816E-03   0.380814504E-05
   0.873803219E-04   0.440349523E-02   0.126449589E-02   0.136681747E-04
   0.887458518E-04   0.374747999E-02   0.160865393E-02   0.260653069E-04
   0.888946670E-04   0.304006715E-02   0.173597666E-02   0.372464237E-04
   0.869695650E-04   0.238138833E-02   0.169558497E-02   0.452349777E-04
   0.826871910E-04   0.181679439E-02   0.154824706E-02   0.492866311E-04
   0.759557297E-04   0.135831232E-02   0.134348136E-02   0.494132764E-04
   0.672654642E-04   0.998212025E-03   0.111837266E-02   0.466847705E-04
   0.571488235E-04   0.720106764E-03   0.894686033E-03   0.417103438E-04
   0.466112324E-04   0.509798352E-03   0.690250774E-03   0.355614611E-04
   0.361392886E-04   0.350868009E-03   0.508935656E-03   0.286588875E-04
   0.266386705E-04   0.233524930E-03   0.358234684E-03   0.218444056E-04
   0.185363951E-04   0.148526829E-03   0.238472261E-03   0.156521728E-04
   0.121068197E-04   0.894061450E-04   0.148939260E-03   0.104321962E-04
   0.733159914E-05   0.498901645E-04   0.857350387E-04   0.638239953E-05
   0.403570402E-05   0.251181118E-04   0.442037926E-04   0.346431057E-05
   0.192670177E-05   0.107705255E-04   0.190359024E-04   0.155087207E-05
   0.800226417E-06   0.384572877E-05   0.660830938E-05   0.554623057E-06
   0.260897139E-06   0.108327868E-05   0.138082646E-05   0.110841363E-06
   0.586527982E-07   0.468277335E-06   0.267610112E-07  -0.245470066E-08
   0.307973487E-07   0.796570646E-06   0.479087873E-06   0.546188694E-07
   0.620482865E-07   0.115614091E-05   0.121334904E-05   0.137756331E-06
   0.819981167E-07   0.119897004E-05   0.150510243E-05   0.173844512E-06
   0.900225459E-07   0.117630589E-05   0.161443700E-05   0.195904377E-06
   0.815717840E-07   0.984421263E-06   0.141134944E-05   0.175069900E-06
   0.564886484E-07   0.644103977E-06   0.941432347E-06   0.118183578E-06
   0.419055759E-07   0.469272095E-06   0.709245853E-06   0.942304794E-07
   0.265965561E-07   0.287823354E-06   0.434241542E-06   0.580499062E-07
   0.889586005E-08   0.100449839E-06   0.153869280E-06   0.232324702E-07
   0.481663998E-08   0.531078896E-07   0.802107607E-07   0.117369243E-07
   0.934171296E-09   0.113926495E-07   0.153216870E-07   0.353716190E-08
   0.686797771E-10   0.883397189E-09   0.490785246E-09   0.431393005E-09
   0.175549755E-09   0.530475885E-09  -0.203603773E-09   0.140285797E-09
   0.100678521E-08   0.645754339E-08   0.876756356E-08   0.125402744E-08
   0.107415332E-08   0.590470961E-08   0.585285287E-08   0.114583731E-08
   0.976214776E-09   0.569280001E-08   0.998034100E-08   0.739514117E-09
   0.814951939E-09   0.456764271E-08   0.778795517E-08   0.545616219E-09
   0.213504547E-08   0.149864672E-07   0.226196430E-07   0.295313729E-08
   0.172714643E-08   0.114238237E-07   0.170237655E-07   0.214528595E-08
   0.719281357E-09   0.393945809E-08   0.378541953E-08   0.805976008E-09
   0.636202591E-09   0.264540412E-08   0.203856554E-08   0.388292037E-09
   0.218722540E-09   0.562633051E-09   0.270174605E-09  -0.916241128E-11
   0.818516296E-10   0.256347416E-09   0.428234503E-09   0.808332394E-11
   0.283913726E-10   0.606828823E-10  -0.100872625E-12   0.859465624E-11
   0.149840612E-09   0.618681995E-09  -0.561069191E-09   0.248152998E-09
   0.147443044E-09   0.370781017E-09  -0.347029766E-09   0.153425023E-09
   0.110711496E-08   0.239693199E-08  -0.870365024E-08   0.136465839E-08
   0.542334067E-09   0.840656600E-09  -0.394234556E-08   0.444634135E-09
   0.105266229E-08   0.208248552E-08  -0.678198164E-08   0.883500162E-09
   0.260559041E-08   0.418188772E-08  -0.193380512E-07   0.255010058E-08
   0.276886580E-08   0.461427740E-08  -0.204548467E-07   0.247451171E-08
   0.299648195E-08   0.519527132E-08  -0.226553318E-07   0.288035795E-08
   0.820332602E-08   0.143558250E-07  -0.647357368E-07   0.894600660E-08
   0.299033154E-08   0.515877874E-08  -0.198552357E-07   0.219112062E-08
   0.524475618E-08   0.971329595E-08  -0.400797582E-07   0.540023137E-08
   0.414635482E-08   0.815539192E-08  -0.310048840E-07   0.428674829E-08
   0.321077764E-08   0.541826051E-08  -0.249580676E-07   0.334585293E-08
   0.530087862E-09   0.189807214E-08  -0.484208051E-08   0.130102884E-08
   0.552344259E-08   0.103185451E-07  -0.419258974E-07   0.639089981E-08
   0.263708024E-07   0.452875000E-07  -0.192887285E-06   0.265034732E-07
   0.692213789E-07   0.115063784E-06  -0.495802055E-06   0.667450948E-07
   0.143544625E-06   0.232836157E-06  -0.100328987E-05   0.129102958E-06
   0.227996125E-06   0.359729057E-06  -0.154971565E-05   0.197685836E-06
   0.384672461E-06   0.591266939E-06  -0.252806876E-05   0.306625395E-06
   0.468923616E-06   0.702929185E-06  -0.295410655E-05   0.349882981E-06
   0.604367131E-06   0.876381876E-06  -0.359432511E-05   0.412538498E-06
   0.636717402E-06   0.888839736E-06  -0.345410763E-05   0.379134264E-06
   0.563097956E-06   0.751234211E-06  -0.255851319E-05   0.272967952E-06
   0.375067088E-06   0.442268600E-06  -0.954884058E-06   0.104404734E-06
   0.307255107E-06   0.269962555E-06  -0.145658291E-06   0.397628241E-07
   0.857965574E-06   0.817750788E-06  -0.317779813E-05   0.365474392E-06
   0.278421021E-05   0.289100512E-05  -0.137174984E-04   0.136458630E-05
   0.734990817E-05   0.782642201E-05  -0.379972334E-04   0.345635158E-05
   0.163985860E-04   0.173944245E-04  -0.838627311E-04   0.710168388E-05
   0.311967706E-04   0.325690125E-04  -0.153438930E-03   0.121461617E-04
   0.545139046E-04   0.560239750E-04  -0.255690858E-03   0.187951173E-04
   0.886295238E-04   0.897131176E-04  -0.393173716E-03   0.268099666E-04
   0.135458686E-03   0.135455397E-03  -0.562890840E-03   0.353920004E-04
   0.197367452E-03   0.195822184E-03  -0.760510273E-03   0.438325442E-04
   0.277405023E-03   0.274563034E-03  -0.979855191E-03   0.514816202E-04
   0.380042096E-03   0.377158256E-03  -0.121645199E-02   0.577071878E-04
   0.508967729E-03   0.508830184E-03  -0.145141559E-02   0.615981480E-04
   0.671253831E-03   0.677825825E-03  -0.167573988E-02   0.628649505E-04
   0.872697041E-03   0.890963187E-03  -0.186364690E-02   0.605456917E-04
   0.111582142E-02   0.115048653E-02  -0.198268006E-02   0.544806244E-04
   0.139816082E-02   0.145301525E-02  -0.198485865E-02   0.442386954E-04
   0.169810641E-02   0.177462096E-02  -0.180826441E-02   0.306177863E-04
   0.197391864E-02   0.206999271E-02  -0.140412955E-02   0.160100863E-04
   0.217657187E-02   0.228667120E-02  -0.775288732E-03   0.444098259E-05
   0.225003576E-02   0.236516283E-02  -0.170526360E-08   0.000000000E+00
