   0.115163520E-02   0.218955539E-01   0.000000000E+00   0.000000000E+00
   0.110460166E-02   0.209242217E-01   0.222764979E-02   0.127005524E-04
   0.980227953E-03   0.183570422E-01   0.385629642E-02   0.440137992E-04
   0.818108325E-03   0.149963321E-01   0.463375216E-02   0.794987063E-04
   0.657806057E-03   0.116418889E-01   0.469383737E-02   0.107165666E-03
   0.520021247E-03   0.874125492E-02   0.431853533E-02   0.123753503E-03
   0.412221591E-03   0.646706671E-02   0.377429440E-02   0.130324537E-03
   0.330235081E-03   0.475848932E-02   0.320621300E-02   0.129667576E-03
   0.267535914E-03   0.350247137E-02   0.267928955E-02   0.123947510E-03
   0.218120578E-03   0.258690235E-02   0.221279589E-02   0.115339935E-03
   0.177643640E-03   0.191407616E-02   0.180516357E-02   0.104427396E-03
   0.143595971E-03   0.141548424E-02   0.145242049E-02   0.927417423E-04
   0.114381350E-03   0.104199466E-02   0.114817370E-02   0.795963424E-04
   0.891279997E-04   0.758929469E-03   0.886862748E-03   0.665332118E-04
   0.676575510E-04   0.544223934E-03   0.667196407E-03   0.536629195E-04
   0.498783447E-04   0.382908591E-03   0.487755431E-03   0.417209521E-04
   0.357735880E-04   0.263716152E-03   0.346824381E-03   0.314008357E-04
   0.245209958E-04   0.174657602E-03   0.235531625E-03   0.225156746E-04
   0.160898016E-04   0.111240253E-03   0.153017623E-03   0.153693054E-04
   0.986325904E-05   0.660076475E-04   0.924320193E-04   0.975467174E-05
   0.569952226E-05   0.369654954E-04   0.524695461E-04   0.576565253E-05
   0.311205099E-05   0.194147251E-04   0.279877422E-04   0.320881736E-05
   0.148053084E-05   0.875955720E-05   0.127823860E-04   0.152622840E-05
   0.567752807E-06   0.306622132E-05   0.449689514E-05   0.562399805E-06
   0.197099368E-06   0.970029191E-06   0.136418464E-05   0.184922683E-06
   0.509273832E-07   0.311321571E-06   0.307052602E-06   0.468436667E-07
   0.428682512E-07   0.473895255E-06   0.463587440E-06   0.624335854E-07
   0.739330801E-07   0.789772230E-06   0.890925094E-06   0.123967880E-06
   0.953584234E-07   0.934070727E-06   0.111587121E-05   0.152471856E-06
   0.112646823E-06   0.104978164E-05   0.131091940E-05   0.189563764E-06
   0.101749769E-06   0.921869287E-06   0.115574221E-05   0.167765521E-06
   0.910899658E-07   0.792495541E-06   0.102976685E-05   0.153475739E-06
   0.732275680E-07   0.627736597E-06   0.806715263E-06   0.118828559E-06
   0.502258928E-07   0.417083299E-06   0.546555839E-06   0.796109916E-07
   0.335704087E-07   0.277277650E-06   0.353061239E-06   0.523259551E-07
   0.169564345E-07   0.133156576E-06   0.167023899E-06   0.237762023E-07
   0.120266792E-07   0.944420009E-07   0.124136491E-06   0.177469222E-07
   0.661740396E-08   0.344111371E-07   0.343215554E-07   0.364118269E-08
   0.433902692E-08   0.127922100E-07   0.132949918E-08   0.801754385E-09
   0.229195818E-08   0.245425458E-08  -0.588102145E-08  -0.949387721E-10
   0.145853540E-08   0.147457080E-08  -0.381699206E-08   0.309546555E-09
   0.171542880E-08   0.318325477E-08  -0.888918006E-08   0.214862617E-08
   0.257706700E-08   0.991040139E-08   0.122199334E-09   0.495058750E-08
   0.634870245E-08   0.143911256E-07  -0.174411401E-07   0.835165359E-08
   0.303230863E-08   0.895464236E-08  -0.129177895E-07   0.607000583E-08
   0.274544942E-08   0.103634585E-07  -0.711124937E-08   0.642201892E-08
   0.485288476E-08   0.179134663E-07   0.139421785E-08   0.868620909E-08
   0.180629156E-08   0.594468963E-08  -0.479956386E-08   0.363740615E-08
   0.299806535E-08   0.886969964E-08  -0.192425764E-08   0.437035919E-08
   0.396958688E-09   0.419026946E-08   0.480276929E-08   0.121593602E-08
   0.407560624E-09   0.654676480E-09   0.775344788E-09  -0.180075080E-09
   0.288716251E-08   0.431144320E-08  -0.100210498E-07   0.849514792E-09
   0.725385618E-08   0.886933194E-08  -0.301941014E-07   0.302044523E-08
   0.259961030E-07   0.378022840E-07  -0.120863362E-06   0.168048224E-07
   0.427915410E-07   0.602772730E-07  -0.201482777E-06   0.296095823E-07
   0.887203768E-07   0.126383782E-06  -0.419320372E-06   0.633279029E-07
   0.145332024E-06   0.201761665E-06  -0.677042294E-06   0.103505855E-06
   0.247550531E-06   0.348195528E-06  -0.114781096E-05   0.170136900E-06
   0.318799749E-06   0.435308323E-06  -0.144968021E-05   0.219789769E-06
   0.443963870E-06   0.602363855E-06  -0.199019973E-05   0.295943437E-06
   0.569176279E-06   0.766523954E-06  -0.250461017E-05   0.363031035E-06
   0.539360826E-06   0.713813108E-06  -0.230130422E-05   0.319185830E-06
   0.517239528E-06   0.678024605E-06  -0.213317981E-05   0.299077385E-06
   0.409682116E-06   0.526060319E-06  -0.157730312E-05   0.212907253E-06
   0.237870609E-06   0.291503994E-06  -0.792079277E-06   0.108528234E-06
   0.214179522E-06   0.228799635E-06  -0.682167695E-06   0.960505488E-07
   0.617769729E-06   0.658137594E-06  -0.235089760E-05   0.311978852E-06
   0.205510196E-05   0.221975029E-05  -0.811446807E-05   0.100766647E-05
   0.550322193E-05   0.597216786E-05  -0.215679174E-04   0.255686132E-05
   0.115232633E-04   0.123902373E-04  -0.440278200E-04   0.500731085E-05
   0.223839634E-04   0.237708700E-04  -0.831038997E-04   0.901831845E-05
   0.399732016E-04   0.418322124E-04  -0.143762649E-03   0.149474208E-04
   0.652431991E-04   0.673267641E-04  -0.226267352E-03   0.223577281E-04
   0.101703103E-03   0.103649916E-03  -0.339059101E-03   0.318029051E-04
   0.150908279E-03   0.151952743E-03  -0.480985414E-03   0.427218620E-04
   0.215997658E-03   0.215731488E-03  -0.654978852E-03   0.545911498E-04
   0.301460474E-03   0.299412670E-03  -0.864607922E-03   0.674236217E-04
   0.410918641E-03   0.407293002E-03  -0.110624661E-02   0.805711461E-04
   0.549256394E-03   0.545823190E-03  -0.137549441E-02   0.925641289E-04
   0.726541621E-03   0.726552738E-03  -0.167658145E-02   0.103876722E-03
   0.956948614E-03   0.966175867E-03  -0.201458600E-02   0.114113674E-03
   0.125848898E-02   0.128559058E-02  -0.238942797E-02   0.123061065E-03
   0.166013534E-02   0.171780749E-02  -0.280421018E-02   0.129354827E-03
   0.220222236E-02   0.230604247E-02  -0.326706655E-02   0.132839341E-03
   0.293442677E-02   0.310444040E-02  -0.375919905E-02   0.132705230E-03
   0.390631752E-02   0.416586176E-02  -0.422140630E-02   0.125157923E-03
   0.513199205E-02   0.550549338E-02  -0.451070163E-02   0.107638261E-03
   0.654374994E-02   0.705043878E-02  -0.439332193E-02   0.790261111E-04
   0.794656947E-02   0.858826842E-02  -0.361633301E-02   0.435052971E-04
   0.901530404E-02   0.976305455E-02  -0.207530521E-02   0.125467959E-04
   0.942317769E-02   0.102089876E-01  -0.501262543E-08   0.000000000E+00
