   0.475203706E-03   0.592531031E-02   0.337403189E-09   0.000000000E+00
   0.471239066E-03   0.585838314E-02   0.155877919E-03  -0.467282320E-06
   0.461142918E-03   0.565462606E-02   0.301906228E-03  -0.186490047E-05
   0.444745499E-03   0.534332730E-02   0.429997919E-03  -0.410851362E-05
   0.425110484E-03   0.495661981E-02   0.534710067E-03  -0.701651788E-05
   0.403075566E-03   0.451402646E-02   0.613141514E-03  -0.105447461E-04
   0.381154037E-03   0.406049239E-02   0.666266424E-03  -0.142670287E-04
   0.360512146E-03   0.361608574E-02   0.696518167E-03  -0.180721254E-04
   0.341466482E-03   0.319681573E-02   0.706942228E-03  -0.215234140E-04
   0.324380409E-03   0.281097088E-02   0.701495213E-03  -0.247770058E-04
   0.309024792E-03   0.246609235E-02   0.683941005E-03  -0.271950557E-04
   0.295124075E-03   0.216020411E-02   0.657452329E-03  -0.290429234E-04
   0.282101042E-03   0.188819680E-02   0.624096370E-03  -0.304344921E-04
   0.269832934E-03   0.165003142E-02   0.586362847E-03  -0.309663228E-04
   0.257991254E-03   0.144011842E-02   0.545504910E-03  -0.309973329E-04
   0.246446463E-03   0.125424354E-02   0.502950104E-03  -0.307054870E-04
   0.235051848E-03   0.109019724E-02   0.459555042E-03  -0.298520335E-04
   0.224049785E-03   0.945717795E-03   0.416787196E-03  -0.288397059E-04
   0.213142484E-03   0.817069958E-03   0.374398718E-03  -0.275457824E-04
   0.202762778E-03   0.705213053E-03   0.333978911E-03  -0.264992723E-04
   0.192679319E-03   0.605600886E-03   0.295107195E-03  -0.250096182E-04
   0.183011522E-03   0.517256442E-03   0.257997366E-03  -0.237684071E-04
   0.174124434E-03   0.443324505E-03   0.224476520E-03  -0.224038413E-04
   0.165716454E-03   0.377629651E-03   0.193051907E-03  -0.209949467E-04
   0.158000708E-03   0.321619824E-03   0.164466430E-03  -0.196724177E-04
   0.150918349E-03   0.273478538E-03   0.138497053E-03  -0.184272139E-04
   0.144578924E-03   0.234150561E-03   0.115779600E-03  -0.170812946E-04
   0.138827905E-03   0.199587012E-03   0.952954797E-04  -0.157924369E-04
   0.133705864E-03   0.172513042E-03   0.778799877E-04  -0.143974830E-04
   0.129229578E-03   0.149971893E-03   0.622751468E-04  -0.131802053E-04
   0.125320672E-03   0.132231187E-03   0.489705453E-04  -0.119431243E-04
   0.121876590E-03   0.117534139E-03   0.377626566E-04  -0.106983116E-04
   0.118824821E-03   0.106238615E-03   0.285245987E-04  -0.944394014E-05
   0.116374365E-03   0.978636235E-04   0.209173813E-04  -0.829214696E-05
   0.114264592E-03   0.914401389E-04   0.144137239E-04  -0.718113643E-05
   0.112111935E-03   0.861629378E-04   0.978572734E-05  -0.606961930E-05
   0.110673282E-03   0.830338104E-04   0.574529759E-05  -0.509820666E-05
   0.109258603E-03   0.805758027E-04   0.277204936E-05  -0.418572927E-05
   0.107963722E-03   0.788564212E-04   0.718288334E-06  -0.336092626E-05
   0.107018110E-03   0.778538742E-04  -0.841850749E-06  -0.262346703E-05
   0.105727042E-03   0.765784353E-04  -0.146109346E-05  -0.202124124E-05
   0.104765437E-03   0.760297844E-04  -0.174308525E-05  -0.152188318E-05
   0.103754355E-03   0.753993081E-04  -0.161040805E-05  -0.111911572E-05
   0.102591555E-03   0.742151096E-04  -0.107431663E-05  -0.849258186E-06
   0.101457357E-03   0.735946014E-04  -0.105260611E-06  -0.697278324E-06
   0.100208199E-03   0.723095509E-04   0.979708261E-06  -0.656851455E-06
   0.988017928E-04   0.711729299E-04   0.248819515E-05  -0.738387996E-06
   0.973903952E-04   0.702238685E-04   0.415674822E-05  -0.904801539E-06
   0.957361044E-04   0.686013809E-04   0.597219559E-05  -0.117581908E-05
   0.940546015E-04   0.673085669E-04   0.795359665E-05  -0.152722794E-05
   0.921780666E-04   0.656895281E-04   0.999189797E-05  -0.194193649E-05
   0.903702894E-04   0.644621177E-04   0.120465393E-04  -0.240641430E-05
   0.885441477E-04   0.631853181E-04   0.140008624E-04  -0.290000935E-05
   0.868379575E-04   0.623729356E-04   0.159075353E-04  -0.341311647E-05
   0.852868980E-04   0.627040426E-04   0.176360882E-04  -0.392928496E-05
   0.840308494E-04   0.627338668E-04   0.189407983E-04  -0.439611222E-05
   0.832629958E-04   0.637266348E-04   0.197329136E-04  -0.480704375E-05
   0.829811615E-04   0.660933802E-04   0.201186576E-04  -0.516312548E-05
   0.835720348E-04   0.693272086E-04   0.197003883E-04  -0.539371240E-05
   0.851873410E-04   0.746898586E-04   0.184179717E-04  -0.554114058E-05
   0.879845757E-04   0.811262071E-04   0.162086581E-04  -0.552003667E-05
   0.923307525E-04   0.903544278E-04   0.127860421E-04  -0.539290841E-05
   0.982341808E-04   0.101738740E-03   0.830848330E-05  -0.513037412E-05
   0.106259598E-03   0.115717092E-03   0.236069809E-05  -0.462964317E-05
   0.116824296E-03   0.133180365E-03  -0.518843990E-05  -0.398657585E-05
   0.129930835E-03   0.154039342E-03  -0.141120145E-04  -0.322680876E-05
   0.145908300E-03   0.178720395E-03  -0.245427909E-04  -0.227419832E-05
   0.164886937E-03   0.207573059E-03  -0.362450010E-04  -0.127185547E-05
   0.188007951E-03   0.241696369E-03  -0.498500085E-04  -0.180700411E-06
   0.215111169E-03   0.280974666E-03  -0.647096313E-04   0.907708852E-06
   0.247076066E-03   0.326262147E-03  -0.812944199E-04   0.214486749E-05
   0.282914174E-03   0.376605749E-03  -0.982496713E-04   0.337970641E-05
   0.325393543E-03   0.435189082E-03  -0.117002499E-03   0.450198286E-05
   0.373264949E-03   0.500631926E-03  -0.136110524E-03   0.539723987E-05
   0.428038795E-03   0.574166828E-03  -0.155861038E-03   0.646521767E-05
   0.491074752E-03   0.657587661E-03  -0.176246933E-03   0.728672057E-05
   0.562031171E-03   0.750350882E-03  -0.196199966E-03   0.792265564E-05
   0.644043088E-03   0.855883816E-03  -0.216290457E-03   0.865776201E-05
   0.738137343E-03   0.974923547E-03  -0.235860061E-03   0.885710233E-05
   0.845925184E-03   0.110894523E-02  -0.254446029E-03   0.891143100E-05
   0.969820598E-03   0.126077316E-02  -0.271463738E-03   0.885228656E-05
   0.111039437E-02   0.143134827E-02  -0.285494549E-03   0.873123736E-05
   0.126842724E-02   0.162002363E-02  -0.295358332E-03   0.826043106E-05
   0.144161284E-02   0.182417571E-02  -0.298375176E-03   0.737167829E-05
   0.162677944E-02   0.204210682E-02  -0.292790151E-03   0.645620185E-05
   0.181653537E-02   0.226336904E-02  -0.275646773E-03   0.515608099E-05
   0.200120313E-02   0.247608568E-02  -0.245234958E-03   0.367423922E-05
   0.216668518E-02   0.266831322E-02  -0.200718714E-03   0.231597232E-05
   0.229579466E-02   0.281707244E-02  -0.142618068E-03   0.111299653E-05
   0.238234573E-02   0.291477446E-02  -0.741998447E-04   0.285913814E-06
   0.241181091E-02   0.294997962E-02  -0.265386491E-09   0.000000000E+00
