   0.288375211E+01   0.250937710E+02  -0.982526213E-10   0.000000000E+00
   0.159296167E+01   0.138396473E+02   0.955727100E+00   0.575733278E-02
   0.473319024E+00   0.409100008E+01   0.570277750E+00   0.689562177E-02
   0.133961558E+00   0.114621055E+01   0.243708134E+00   0.445283065E-02
   0.414054841E-01   0.348306507E+00   0.101081364E+00   0.249913475E-02
   0.141678983E-01   0.116175018E+00   0.430552773E-01   0.136397453E-02
   0.546366815E-02   0.434771404E-01   0.191385224E-01   0.755480083E-03
   0.250780466E-02   0.196502395E-01   0.912478194E-02   0.439896830E-03
   0.144530833E-02   0.115951709E-01   0.489751762E-02   0.282665598E-03
   0.102658744E-02   0.868758466E-02   0.310727418E-02   0.204882308E-03
   0.824835908E-03   0.737359794E-02   0.232662540E-02   0.166397964E-03
   0.694312737E-03   0.648477627E-02   0.194268650E-02   0.146756196E-03
   0.586998300E-03   0.566847250E-02   0.169972249E-02   0.133305162E-03
   0.489932485E-03   0.485615106E-02   0.149647426E-02   0.121687044E-03
   0.401018682E-03   0.406240160E-02   0.130003982E-02   0.109664834E-03
   0.321294647E-03   0.331651745E-02   0.110457593E-02   0.967560118E-04
   0.252449536E-03   0.264939386E-02   0.917723810E-03   0.835636747E-04
   0.194585518E-03   0.207447563E-02   0.745515921E-03   0.705472630E-04
   0.147027764E-03   0.158876064E-02   0.589817821E-03   0.580570013E-04
   0.108681241E-03   0.119263667E-02   0.455111440E-03   0.463173674E-04
   0.791049533E-04   0.879076426E-03   0.343660387E-03   0.362526735E-04
   0.563099238E-04   0.634709431E-03   0.252646685E-03   0.275402836E-04
   0.392197508E-04   0.447199855E-03   0.179937415E-03   0.202566753E-04
   0.266819461E-04   0.308384333E-03   0.124528742E-03   0.144168735E-04
   0.177950387E-04   0.208904705E-03   0.842099616E-04   0.998424548E-05
   0.115542962E-04   0.137273310E-03   0.545313014E-04   0.662280627E-05
   0.732329818E-05   0.876621925E-04   0.338705468E-04   0.420215338E-05
   0.452403219E-05   0.545788134E-04   0.202123174E-04   0.253963594E-05
   0.263668835E-05   0.325420151E-04   0.110921210E-04   0.140480699E-05
   0.157700822E-05   0.190633673E-04   0.593621917E-05   0.739434995E-06
   0.883195753E-06   0.103634820E-04   0.263618472E-05   0.314749087E-06
   0.520933952E-06   0.594355924E-05   0.131109357E-05   0.143794395E-06
   0.322061339E-06   0.299172393E-05   0.437464990E-06   0.244659084E-07
   0.202807911E-06   0.154244776E-05   0.148889029E-06  -0.519782173E-08
   0.144980419E-06   0.863528157E-06   0.117912592E-06  -0.289899704E-08
   0.119631608E-06   0.535957042E-06   0.139630941E-06  -0.179128573E-09
   0.973677245E-07   0.375901209E-06   0.193029635E-06   0.183892226E-07
   0.836959728E-07   0.315519685E-06   0.229834200E-06   0.281244166E-07
   0.697543285E-07   0.273122538E-06   0.222079848E-06   0.312067208E-07
   0.467181067E-07   0.218575821E-06   0.193517479E-06   0.360614685E-07
   0.361113663E-07   0.187116711E-06   0.169560607E-06   0.352687906E-07
   0.232401511E-07   0.142426330E-06   0.124027750E-06   0.330653016E-07
   0.139783110E-07   0.105635976E-06   0.796974362E-07   0.325221770E-07
   0.897651464E-08   0.848232347E-07   0.489204517E-07   0.322048095E-07
   0.103990230E-07   0.773185818E-07   0.235340103E-07   0.360301300E-07
   0.227633041E-07   0.698466707E-07  -0.390418791E-07   0.418943387E-07
   0.254606771E-07   0.624328251E-07  -0.614443181E-07   0.398611313E-07
   0.454978597E-07   0.717767676E-07  -0.114724024E-06   0.450652351E-07
   0.588512954E-07   0.760087673E-07  -0.152506672E-06   0.442816059E-07
   0.937780769E-07   0.105435682E-06  -0.232641540E-06   0.546485808E-07
   0.130293685E-06   0.138336759E-06  -0.310383399E-06   0.639317150E-07
   0.150116861E-06   0.151964215E-06  -0.330740818E-06   0.659176820E-07
   0.184454223E-06   0.179115460E-06  -0.366258547E-06   0.673922074E-07
   0.214915900E-06   0.202860448E-06  -0.352115734E-06   0.613948643E-07
   0.252344819E-06   0.236412291E-06  -0.316063051E-06   0.632279793E-07
   0.319730418E-06   0.294968402E-06  -0.236519639E-06   0.512280103E-07
   0.496255609E-06   0.457299990E-06  -0.142233233E-06   0.326359419E-07
   0.868387417E-06   0.815631040E-06  -0.203599512E-06   0.439574173E-07
   0.159419301E-05   0.150609594E-05  -0.515782574E-06   0.860781029E-07
   0.306678044E-05   0.290360617E-05  -0.153810811E-05   0.219924473E-06
   0.569676604E-05   0.534544370E-05  -0.363730146E-05   0.486557838E-06
   0.102493650E-04   0.958039891E-05  -0.770020779E-05   0.991387310E-06
   0.179490908E-04   0.166824357E-04  -0.150038259E-04   0.188388185E-05
   0.298835457E-04   0.276091796E-04  -0.263955008E-04   0.322375740E-05
   0.490474122E-04   0.451824162E-04  -0.453601715E-04   0.537805727E-05
   0.766044541E-04   0.702111647E-04  -0.716570576E-04   0.824598010E-05
   0.116292642E-03   0.105935920E-03  -0.108447945E-03   0.120836266E-04
   0.172644126E-03   0.156491398E-03  -0.159319621E-03   0.171497559E-04
   0.250980258E-03   0.226200762E-03  -0.227259225E-03   0.236665874E-04
   0.354743795E-03   0.318457343E-03  -0.312678429E-03   0.311540280E-04
   0.490490464E-03   0.438412651E-03  -0.417775067E-03   0.397908334E-04
   0.665369735E-03   0.592355616E-03  -0.545152812E-03   0.494726337E-04
   0.884360517E-03   0.783644035E-03  -0.692713249E-03   0.599121086E-04
   0.115161133E-02   0.101680926E-02  -0.859465799E-03   0.700735472E-04
   0.147079304E-02   0.129384198E-02  -0.104201923E-02   0.801087808E-04
   0.183723308E-02   0.160995487E-02  -0.123111077E-02   0.886904309E-04
   0.224495470E-02   0.196003285E-02  -0.142140826E-02   0.953468261E-04
   0.268656830E-02   0.233633351E-02  -0.161210308E-02   0.100549201E-03
   0.313931517E-02   0.271766470E-02  -0.180176366E-02   0.104293176E-03
   0.360152661E-02   0.310160615E-02  -0.202538492E-02   0.108511827E-03
   0.411384739E-02   0.352087058E-02  -0.237929286E-02   0.120352553E-03
   0.487682549E-02   0.415138109E-02  -0.310767605E-02   0.149330313E-03
   0.652766554E-02   0.555476826E-02  -0.477874093E-02   0.216362445E-03
   0.109682307E-01   0.942196883E-02  -0.869358052E-02   0.360029633E-03
   0.238167010E-01   0.207779035E-01  -0.178703312E-01   0.651150302E-03
   0.624102652E-01   0.551832989E-01  -0.395389982E-01   0.120833470E-02
   0.184197798E+00   0.164348081E+00  -0.915430114E-01   0.223239278E-02
   0.598136783E+00   0.536759019E+00  -0.217858315E+00   0.396798132E-02
   0.210586643E+01   0.189647281E+01  -0.502669036E+00   0.607515452E-02
   0.700491714E+01   0.632088518E+01  -0.827952445E+00   0.498896372E-02
   0.125600452E+02   0.113408489E+02  -0.404669299E-05   0.000000000E+00
