   0.670291409E-01   0.648833632E+00   0.000000000E+00   0.000000000E+00
   0.561906137E-01   0.543283582E+00   0.479018837E-01   0.277501647E-03
   0.350928679E-01   0.338206649E+00   0.590115264E-01   0.680818397E-03
   0.184102170E-01   0.176621348E+00   0.453120731E-01   0.779209891E-03
   0.901820976E-02   0.861412957E-01   0.284896083E-01   0.647182926E-03
   0.444418006E-02   0.424176045E-01   0.166118760E-01   0.467916369E-03
   0.231374567E-02   0.222302508E-01   0.963452179E-02   0.323104934E-03
   0.131539744E-02   0.128483335E-01   0.583903771E-02   0.228632431E-03
   0.826829928E-03   0.826608483E-02   0.381445908E-02   0.172044252E-03
   0.567556301E-03   0.581028452E-02   0.270106900E-02   0.138121861E-03
   0.414865324E-03   0.432947557E-02   0.204403955E-02   0.117722069E-03
   0.314347795E-03   0.332181342E-02   0.161118747E-02   0.103518083E-03
   0.241714195E-03   0.257172622E-02   0.129215093E-02   0.904022745E-04
   0.186113946E-03   0.198343233E-02   0.103676657E-02   0.788294856E-04
   0.142168486E-03   0.151334668E-02   0.823451730E-03   0.672328242E-04
   0.107410597E-03   0.113853649E-02   0.644499727E-03   0.561433772E-04
   0.797628236E-04   0.840735680E-03   0.493575935E-03   0.458115974E-04
   0.582473258E-04   0.609934679E-03   0.370406080E-03   0.362731298E-04
   0.414298738E-04   0.431322813E-03   0.269318291E-03   0.277037088E-04
   0.288710289E-04   0.299101608E-03   0.191354222E-03   0.205671804E-04
   0.194882177E-04   0.201189818E-03   0.130936547E-03   0.147073151E-04
   0.126918230E-04   0.131157707E-03   0.861064400E-04   0.100464240E-04
   0.799396275E-05   0.827129770E-04   0.544013128E-04   0.660839441E-05
   0.481559346E-05   0.501572540E-04   0.326712216E-04   0.410289704E-05
   0.275567413E-05   0.290932730E-04   0.184758755E-04   0.239129781E-05
   0.147207732E-05   0.160465479E-04   0.966415519E-05   0.128706802E-05
   0.724391668E-06   0.821746016E-05   0.448880519E-05   0.612567248E-06
   0.317515855E-06   0.384474697E-05   0.171457293E-05   0.234509642E-06
   0.143156214E-06   0.183045108E-05   0.631669707E-06   0.799755355E-07
   0.694667008E-07   0.858584258E-06   0.208978960E-06   0.153355622E-07
   0.555174822E-07   0.539927839E-06   0.199572611E-06   0.103364828E-07
   0.574451171E-07   0.460197867E-06   0.291514453E-06   0.260811657E-07
   0.634062118E-07   0.451222377E-06   0.377585621E-06   0.387263306E-07
   0.627462597E-07   0.427043659E-06   0.402433841E-06   0.446671216E-07
   0.640806235E-07   0.433217338E-06   0.419507387E-06   0.488695662E-07
   0.594928231E-07   0.390847930E-06   0.386854538E-06   0.442961436E-07
   0.443858958E-07   0.284378984E-06   0.295443755E-06   0.333281882E-07
   0.334060850E-07   0.206337234E-06   0.214912419E-06   0.226289636E-07
   0.257518753E-07   0.151586875E-06   0.146987944E-06   0.148474957E-07
   0.186633518E-07   0.102422156E-06   0.969999547E-07   0.881467077E-08
   0.129890827E-07   0.698514810E-07   0.623581613E-07   0.615519191E-08
   0.770926700E-08   0.408773211E-07   0.349062503E-07   0.374398423E-08
   0.552514834E-08   0.168416623E-07   0.512578024E-08   0.878050910E-09
   0.135442824E-08   0.428055058E-08   0.333888317E-08  -0.390928435E-10
   0.286646457E-09   0.174228887E-08   0.160946323E-08   0.248214366E-09
   0.194367314E-09   0.992787963E-09  -0.789324439E-09   0.585870574E-09
   0.219300755E-08   0.282366686E-08  -0.642969233E-08   0.109648624E-08
   0.432315295E-08   0.556845325E-08  -0.102907878E-07   0.124133015E-08
   0.971565850E-08   0.112466552E-07  -0.215644320E-07   0.180316917E-08
   0.256141384E-07   0.312521493E-07  -0.648350635E-07   0.773495668E-08
   0.465429864E-07   0.517455909E-07  -0.122529499E-06   0.149196016E-07
   0.688111186E-07   0.719598461E-07  -0.181157418E-06   0.219391545E-07
   0.999129099E-07   0.100475710E-06  -0.265514359E-06   0.344594788E-07
   0.167119438E-06   0.171263068E-06  -0.450792413E-06   0.624791738E-07
   0.197851605E-06   0.204958084E-06  -0.527038310E-06   0.714011463E-07
   0.261631811E-06   0.270497850E-06  -0.692399681E-06   0.970057386E-07
   0.299638231E-06   0.303531095E-06  -0.767624044E-06   0.107594218E-06
   0.288821354E-06   0.288528952E-06  -0.694589460E-06   0.100413736E-06
   0.291079658E-06   0.292681136E-06  -0.629655403E-06   0.912058837E-07
   0.287571225E-06   0.286485289E-06  -0.488797070E-06   0.734173540E-07
   0.304443660E-06   0.297430319E-06  -0.291602731E-06   0.461503014E-07
   0.482224436E-06   0.450320414E-06  -0.304864272E-06   0.440035386E-07
   0.980003847E-06   0.911240647E-06  -0.844846170E-06   0.119337869E-06
   0.235628545E-05   0.215347586E-05  -0.294638130E-05   0.390353534E-06
   0.502109151E-05   0.457445503E-05  -0.730025704E-05   0.927691417E-06
   0.966752850E-05   0.874998113E-05  -0.148899899E-04   0.182528640E-05
   0.179760791E-04   0.161424850E-04  -0.286207614E-04   0.340477982E-05
   0.309997449E-04   0.275555158E-04  -0.493724838E-04   0.568048881E-05
   0.512269980E-04   0.451783744E-04  -0.807251272E-04   0.896800339E-05
   0.812633152E-04   0.712391702E-04  -0.125519407E-03   0.133956382E-04
   0.123056932E-03   0.107231783E-03  -0.183992510E-03   0.187942023E-04
   0.181484123E-03   0.157300281E-03  -0.261268200E-03   0.254614788E-04
   0.261179463E-03   0.225144337E-03  -0.360060483E-03   0.336303383E-04
   0.365138927E-03   0.313714729E-03  -0.479272625E-03   0.426445768E-04
   0.499262533E-03   0.428011321E-03  -0.621143728E-03   0.524731149E-04
   0.670114532E-03   0.574054255E-03  -0.788048259E-03   0.630331997E-04
   0.883661385E-03   0.757348316E-03  -0.979748438E-03   0.740844844E-04
   0.114704971E-02   0.985068036E-03  -0.119745790E-02   0.852284356E-04
   0.147196604E-02   0.126776053E-02  -0.144785224E-02   0.976519877E-04
   0.188464019E-02   0.163025968E-02  -0.175600837E-02   0.111684451E-03
   0.243467232E-02   0.211647316E-02  -0.216867030E-02   0.130264452E-03
   0.323976390E-02   0.283056032E-02  -0.279420544E-02   0.156836511E-03
   0.457138848E-02   0.401116582E-02  -0.385522959E-02   0.199002592E-03
   0.704592839E-02   0.620078528E-02  -0.577658042E-02   0.265939598E-03
   0.120811053E-01   0.106515270E-01  -0.934513938E-02   0.369657384E-03
   0.228145253E-01   0.201487411E-01  -0.158147272E-01   0.516612432E-03
   0.457986183E-01   0.405313000E-01  -0.266380552E-01   0.684446422E-03
   0.928179622E-01   0.823503584E-01  -0.416812077E-01   0.790020858E-03
   0.175949216E+00   0.156484976E+00  -0.535636321E-01   0.667906948E-03
   0.280463547E+00   0.249872565E+00  -0.430636071E-01   0.266255985E-03
   0.333794922E+00   0.297579229E+00  -0.151734895E-06   0.000000000E+00
