   0.366999507E+00   0.293676853E+01   0.217064084E-06   0.000000000E+00
   0.309833378E+00   0.248012400E+01   0.103157803E+00   0.637247227E-03
   0.196678817E+00   0.157574785E+01   0.131339163E+00   0.162357895E-02
   0.104946524E+00   0.841688812E+00   0.105561495E+00   0.196061493E-02
   0.517622307E-01   0.415168732E+00   0.696771070E-01   0.172711734E-02
   0.250898097E-01   0.200685725E+00   0.421798490E-01   0.130947796E-02
   0.124562792E-01   0.986721143E-01   0.247679185E-01   0.920047169E-03
   0.656573614E-02   0.509351306E-01   0.146101527E-01   0.629609684E-03
   0.380136073E-02   0.284755491E-01   0.889104325E-02   0.431908935E-03
   0.247773342E-02   0.177517217E-01   0.573225226E-02   0.306260074E-03
   0.181231881E-02   0.124391736E-01   0.399028882E-02   0.228114121E-03
   0.144408352E-02   0.960206799E-02   0.300418935E-02   0.181758049E-03
   0.121099188E-02   0.790666696E-02   0.241770479E-02   0.151892673E-03
   0.103963190E-02   0.673273904E-02   0.203613960E-02   0.134638874E-03
   0.897177437E-03   0.580312544E-02   0.175668509E-02   0.120868695E-03
   0.772009953E-03   0.500653218E-02   0.153006299E-02   0.109997789E-03
   0.658674166E-03   0.428885641E-02   0.132945157E-02   0.100349025E-03
   0.557001797E-03   0.364886620E-02   0.114996464E-02   0.905754059E-04
   0.466193480E-03   0.307123899E-02   0.984717160E-03   0.812692233E-04
   0.384596322E-03   0.254825642E-02   0.829392986E-03   0.711182511E-04
   0.314310455E-03   0.209604204E-02   0.691645313E-03   0.616290417E-04
   0.253889768E-03   0.170396641E-02   0.568613119E-03   0.524826246E-04
   0.203020856E-03   0.136910542E-02   0.461002986E-03   0.439605428E-04
   0.160495751E-03   0.108800805E-02   0.368327164E-03   0.362940373E-04
   0.125491395E-03   0.854261045E-03   0.289948686E-03   0.291684901E-04
   0.966532825E-04   0.661687751E-03   0.223700859E-03   0.229784000E-04
   0.742290213E-04   0.508948870E-03   0.171379186E-03   0.179603321E-04
   0.558587017E-04   0.384517451E-03   0.127598309E-03   0.135611517E-04
   0.420045762E-04   0.287887669E-03   0.941332037E-04   0.100786465E-04
   0.311535114E-04   0.213377250E-03   0.682107930E-04   0.732087437E-05
   0.226080247E-04   0.155394911E-03   0.477992471E-04   0.509820620E-05
   0.163300574E-04   0.111394453E-03   0.326992849E-04   0.338709765E-05
   0.117464315E-04   0.793165455E-04   0.220087568E-04   0.221266487E-05
   0.836145864E-05   0.553383579E-04   0.141563496E-04   0.136527842E-05
   0.587518798E-05   0.381570790E-04   0.873825047E-05   0.768089706E-06
   0.416663306E-05   0.262704489E-04   0.526069607E-05   0.431115808E-06
   0.295194445E-05   0.178426817E-04   0.293126595E-05   0.223411973E-06
   0.210814846E-05   0.121136827E-04   0.147939545E-05   0.128490470E-06
   0.154360703E-05   0.802173054E-05   0.534150104E-06   0.877095303E-07
   0.118072592E-05   0.534657011E-05   0.318669962E-07   0.936280387E-07
   0.970509973E-06   0.383063161E-05  -0.135214250E-06   0.127362995E-06
   0.808439211E-06   0.274346894E-05  -0.325121363E-06   0.188930059E-06
   0.739185054E-06   0.203520472E-05  -0.361676399E-06   0.219225541E-06
   0.715318151E-06   0.161701735E-05  -0.377326842E-06   0.247857827E-06
   0.729801059E-06   0.134287939E-05  -0.386666443E-06   0.260969472E-06
   0.781430799E-06   0.119678441E-05  -0.389825260E-06   0.274110647E-06
   0.873529359E-06   0.112190105E-05  -0.374250988E-06   0.256623565E-06
   0.102501576E-05   0.114265890E-05  -0.355211739E-06   0.226707627E-06
   0.125655697E-05   0.125730026E-05  -0.347974577E-06   0.183258294E-06
   0.156386545E-05   0.148210461E-05  -0.329112339E-06   0.141196338E-06
   0.212886198E-05   0.196786868E-05  -0.422838752E-06   0.969212337E-07
   0.293393532E-05   0.275465959E-05  -0.618069407E-06   0.770143060E-07
   0.411313522E-05   0.394414701E-05  -0.100093166E-05   0.836882492E-07
   0.593972663E-05   0.575907870E-05  -0.176250137E-05   0.145219317E-06
   0.876439844E-05   0.868934148E-05  -0.327098633E-05   0.330912712E-06
   0.128198599E-04   0.129014988E-04  -0.563565345E-05   0.662650791E-06
   0.185069784E-04   0.188420399E-04  -0.916390763E-05   0.118969956E-05
   0.268208296E-04   0.275272523E-04  -0.147753808E-04   0.203115997E-05
   0.384111408E-04   0.396878168E-04  -0.229550133E-04   0.326293502E-05
   0.540717338E-04   0.559624496E-04  -0.341075029E-04   0.493028392E-05
   0.754392822E-04   0.782961943E-04  -0.497587098E-04   0.725903465E-05
   0.103943661E-03   0.107808497E-03  -0.706671563E-04   0.103097400E-04
   0.140482705E-03   0.145587590E-03  -0.971496702E-04   0.140727634E-04
   0.187635844E-03   0.194391119E-03  -0.131161432E-03   0.187696096E-04
   0.247801741E-03   0.256340718E-03  -0.173951150E-03   0.244956427E-04
   0.323836808E-03   0.334546639E-03  -0.227271390E-03   0.315125108E-04
   0.417345465E-03   0.430181797E-03  -0.290907745E-03   0.395409552E-04
   0.530718709E-03   0.546141586E-03  -0.365796936E-03   0.486251774E-04
   0.666887441E-03   0.685875246E-03  -0.453333021E-03   0.584818372E-04
   0.829606433E-03   0.851346471E-03  -0.553891587E-03   0.696715433E-04
   0.101901195E-02   0.104441657E-02  -0.666592969E-03   0.810754500E-04
   0.123748253E-02   0.126547157E-02  -0.790609512E-03   0.934434720E-04
   0.148525287E-02   0.151700864E-02  -0.925948785E-03   0.105565079E-03
   0.176429423E-02   0.179869565E-02  -0.107226183E-02   0.118149364E-03
   0.207426026E-02   0.211167592E-02  -0.122988224E-02   0.129889639E-03
   0.241929269E-02   0.245769625E-02  -0.140274176E-02   0.142635297E-03
   0.280570216E-02   0.284364494E-02  -0.159898214E-02   0.154209440E-03
   0.325480825E-02   0.328868628E-02  -0.183964334E-02   0.168553466E-03
   0.382959936E-02   0.385529012E-02  -0.217371900E-02   0.186532634E-03
   0.466320245E-02   0.467516901E-02  -0.269023678E-02   0.213058127E-03
   0.605371920E-02   0.604493404E-02  -0.355776749E-02   0.253013859E-03
   0.864914618E-02   0.861686748E-02  -0.509109721E-02   0.321150001E-03
   0.138402376E-01   0.137953805E-01  -0.784536358E-02   0.428975007E-03
   0.246352963E-01   0.246303119E-01  -0.127991149E-01   0.595277525E-03
   0.474876985E-01   0.476917773E-01  -0.215652604E-01   0.840402441E-03
   0.960772038E-01   0.969422162E-01  -0.365073532E-01   0.116604462E-02
   0.198239192E+00   0.200845823E+00  -0.601040758E-01   0.151721621E-02
   0.401691318E+00   0.408303827E+00  -0.909548253E-01   0.170834747E-02
   0.753363788E+00   0.767561316E+00  -0.113310568E+00   0.141214044E-02
   0.118888092E+01   0.121298671E+01  -0.892038345E-01   0.554302125E-03
   0.140992975E+01   0.143918943E+01  -0.230453495E-06   0.000000000E+00
