   0.605848094E-03   0.141166840E-01   0.000000000E+00   0.000000000E+00
   0.583458808E-03   0.134944869E-01   0.154812029E-02   0.866070241E-05
   0.523242867E-03   0.118386950E-01   0.268598576E-02   0.301208493E-04
   0.445054087E-03   0.968517549E-02   0.324531784E-02   0.548180506E-04
   0.366693916E-03   0.752262259E-02   0.330811390E-02   0.745902435E-04
   0.298870640E-03   0.565776182E-02   0.307061686E-02   0.863288515E-04
   0.244224502E-03   0.418369332E-02   0.270309928E-02   0.916467761E-04
   0.200983268E-03   0.307623460E-02   0.230783317E-02   0.913018812E-04
   0.166233833E-03   0.225988007E-02   0.193163136E-02   0.876384365E-04
   0.137219467E-03   0.166168797E-02   0.159015250E-02   0.810386555E-04
   0.111937130E-03   0.122045516E-02   0.128435495E-02   0.727515871E-04
   0.898441940E-04   0.892748649E-03   0.101733697E-02   0.632553347E-04
   0.706746650E-04   0.648206740E-03   0.789001526E-03   0.534134197E-04
   0.538404456E-04   0.462949916E-03   0.593261386E-03   0.431544649E-04
   0.396082796E-04   0.323025975E-03   0.431078777E-03   0.335430886E-04
   0.282667461E-04   0.220430593E-03   0.304078916E-03   0.252801074E-04
   0.192078460E-04   0.144421545E-03   0.204271826E-03   0.179785657E-04
   0.124026110E-04   0.901981330E-04   0.130216038E-03   0.120681234E-04
   0.749545325E-05   0.528268174E-04   0.775418084E-04   0.755415431E-05
   0.421174445E-05   0.286944887E-04   0.427385094E-04   0.435141055E-05
   0.214193483E-05   0.139444055E-04   0.211357637E-04   0.225346730E-05
   0.945668660E-06   0.576698130E-05   0.890299452E-05   0.990192575E-06
   0.355177434E-06   0.194662925E-05   0.307890855E-05   0.357463250E-06
   0.929874417E-07   0.450442911E-06   0.672492604E-06   0.874880186E-07
   0.325135900E-07   0.251772946E-06   0.278157927E-06   0.419682884E-07
   0.414645811E-07   0.458641694E-06   0.522529547E-06   0.694208353E-07
   0.682645336E-07   0.726169731E-06   0.895017024E-06   0.125327205E-06
   0.843272900E-07   0.832510295E-06   0.107629967E-05   0.151724464E-06
   0.843044887E-07   0.808634695E-06   0.105824688E-05   0.151693953E-06
   0.780271989E-07   0.735265246E-06   0.966563675E-06   0.141944483E-06
   0.624058103E-07   0.579212269E-06   0.765343088E-06   0.114810042E-06
   0.443999113E-07   0.409615893E-06   0.540172266E-06   0.831554203E-07
   0.250787497E-07   0.229845753E-06   0.308691995E-06   0.491595635E-07
   0.147351411E-07   0.134364143E-06   0.182131501E-06   0.299968939E-07
   0.597474381E-08   0.568495651E-07   0.757695631E-07   0.141031213E-07
   0.156438618E-08   0.145258188E-07   0.194254461E-07   0.347609230E-08
   0.558910085E-09   0.515753440E-08   0.613044326E-08   0.157907354E-08
   0.781875259E-10   0.701628478E-09   0.635383357E-09   0.225736735E-09
   0.428850622E-09   0.157594815E-08   0.164915026E-08   0.435329689E-09
   0.206109574E-09   0.240189646E-08   0.268349232E-08   0.785477017E-09
   0.547700885E-09   0.529171063E-08   0.694853597E-08   0.147579982E-08
   0.126444499E-08   0.886252671E-08   0.868176553E-08   0.328576322E-08
   0.271482725E-08   0.149221897E-07   0.121700054E-07   0.572977621E-08
   0.253895283E-08   0.101128936E-07  -0.253981614E-09   0.504377029E-08
   0.107168818E-08   0.113844356E-07   0.103570494E-07   0.452954207E-08
   0.243979703E-08   0.780269005E-08  -0.713226411E-08   0.468157380E-08
   0.350521012E-08   0.922933374E-08  -0.134751401E-07   0.582491388E-08
   0.231008523E-08   0.556887247E-08  -0.130918361E-07   0.394243171E-08
   0.248567766E-08   0.525314992E-08  -0.143632191E-07   0.369655040E-08
   0.626184571E-08   0.100306936E-07  -0.342643922E-07   0.642823705E-08
   0.445869208E-08   0.661145716E-08  -0.211002984E-07   0.407635437E-08
   0.223998664E-08   0.354351593E-08  -0.119987327E-07   0.225929875E-08
   0.151373003E-08   0.200467509E-08  -0.530321742E-08   0.983792603E-09
   0.639813202E-09   0.117541488E-08  -0.363043018E-08   0.726965321E-09
   0.319421423E-08   0.531820588E-08  -0.170057763E-07   0.346225182E-08
   0.140620262E-07   0.199302530E-07  -0.722242248E-07   0.114694210E-07
   0.473268500E-07   0.696268074E-07  -0.246723914E-06   0.377119207E-07
   0.807064993E-07   0.115642806E-06  -0.414241697E-06   0.648994387E-07
   0.153798240E-06   0.213802380E-06  -0.771684824E-06   0.118371254E-06
   0.220004864E-06   0.303359030E-06  -0.109080520E-05   0.160870997E-06
   0.284438926E-06   0.389200750E-06  -0.138879204E-05   0.198416288E-06
   0.399221989E-06   0.532259435E-06  -0.190220373E-05   0.266891618E-06
   0.506692629E-06   0.666007338E-06  -0.235742368E-05   0.320736149E-06
   0.485716271E-06   0.626765768E-06  -0.218865603E-05   0.293101181E-06
   0.375845161E-06   0.477777746E-06  -0.162157937E-05   0.216691461E-06
   0.268988003E-06   0.333391171E-06  -0.106679556E-05   0.142342685E-06
   0.146783080E-06   0.162976718E-06  -0.503874958E-06   0.634607886E-07
   0.349943463E-06   0.368390459E-06  -0.146984939E-05   0.185072167E-06
   0.130788669E-05   0.140555107E-05  -0.567393545E-05   0.668577229E-06
   0.383625547E-05   0.411859128E-05  -0.163078766E-04   0.182019767E-05
   0.888864724E-05   0.941830058E-05  -0.366602399E-04   0.390720834E-05
   0.178192076E-04   0.185356894E-04  -0.709831147E-04   0.724766642E-05
   0.329613140E-04   0.337549718E-04  -0.126824205E-03   0.122768215E-04
   0.551905941E-04   0.554957987E-04  -0.204101962E-03   0.187709193E-04
   0.870420336E-04   0.861000444E-04  -0.308248797E-03   0.268054700E-04
   0.131419307E-03   0.128163985E-03  -0.443843834E-03   0.362622814E-04
   0.190181643E-03   0.183318829E-03  -0.608550385E-03   0.464849145E-04
   0.266814139E-03   0.255048159E-03  -0.803270785E-03   0.571984965E-04
   0.365161046E-03   0.347702560E-03  -0.102517800E-02   0.676114796E-04
   0.491124694E-03   0.467943551E-03  -0.127290946E-02   0.771569030E-04
   0.653551193E-03   0.625931891E-03  -0.154477893E-02   0.854766695E-04
   0.865531969E-03   0.835929881E-03  -0.184239016E-02   0.923905827E-04
   0.114595005E-02   0.111872330E-02  -0.216378598E-02   0.968942550E-04
   0.152147398E-02   0.150185497E-02  -0.250824564E-02   0.995747978E-04
   0.202450948E-02   0.201836159E-02  -0.286235521E-02   0.979801116E-04
   0.268986542E-02   0.270352652E-02  -0.318220281E-02   0.915582932E-04
   0.352683035E-02   0.356648350E-02  -0.336831575E-02   0.784431468E-04
   0.448848214E-02   0.455840118E-02  -0.325449649E-02   0.572444915E-04
   0.544394040E-02   0.554407435E-02  -0.266396999E-02   0.312630618E-04
   0.617778627E-02   0.630148081E-02  -0.152507785E-02   0.895375069E-05
   0.645174040E-02   0.658446737E-02  -0.376892828E-08   0.000000000E+00
