   0.481239380E-02   0.620779581E-01   0.717486559E-08   0.000000000E+00
   0.447226595E-02   0.577381626E-01   0.562747428E-02   0.316786718E-04
   0.362953334E-02   0.469658636E-01   0.895675085E-02   0.100313147E-03
   0.265731686E-02   0.345056020E-01   0.953123160E-02   0.159548654E-03
   0.182656781E-02   0.237830952E-01   0.837185234E-02   0.186082965E-03
   0.122771424E-02   0.159654822E-01   0.667795120E-02   0.185362631E-03
   0.832684105E-03   0.107224388E-01   0.511832582E-02   0.170418498E-03
   0.581760833E-03   0.733199855E-02   0.390550517E-02   0.153682966E-03
   0.422229787E-03   0.513740256E-02   0.301797478E-02   0.135786177E-03
   0.316474790E-03   0.367901009E-02   0.236513256E-02   0.121734549E-03
   0.242853232E-03   0.267845904E-02   0.187217456E-02   0.108041459E-03
   0.188483376E-03   0.196781545E-02   0.148481678E-02   0.948654633E-04
   0.146522754E-03   0.144949043E-02   0.117168494E-02   0.819855995E-04
   0.113131893E-03   0.106347515E-02   0.913776632E-03   0.695709314E-04
   0.862728339E-04   0.773474865E-03   0.701345620E-03   0.575897757E-04
   0.645320906E-04   0.555095612E-03   0.526888238E-03   0.460833689E-04
   0.470760060E-04   0.390481931E-03   0.385146297E-03   0.357546160E-04
   0.332926029E-04   0.267713709E-03   0.272404286E-03   0.266923653E-04
   0.228845292E-04   0.178641843E-03   0.186747289E-03   0.193107535E-04
   0.151942713E-04   0.115647163E-03   0.123478283E-03   0.133262729E-04
   0.952574192E-05   0.709863234E-04   0.768273821E-04   0.869852192E-05
   0.562422792E-05   0.412025765E-04   0.448011633E-04   0.526109716E-05
   0.319343121E-05   0.228035260E-04   0.249693057E-04   0.307303822E-05
   0.159848639E-05   0.112138841E-04   0.120717677E-04   0.153692019E-05
   0.729494275E-06   0.506334118E-05   0.523462904E-05   0.699703435E-06
   0.277749621E-06   0.192096172E-05   0.177628851E-05   0.247529641E-06
   0.892409844E-07   0.670423560E-06   0.453258139E-06   0.622110932E-07
   0.364320734E-07   0.379537710E-06   0.203015688E-06   0.298606651E-07
   0.409388718E-07   0.454223368E-06   0.363457019E-06   0.512305860E-07
   0.572218930E-07   0.559592195E-06   0.550795278E-06   0.757486021E-07
   0.812223107E-07   0.740416908E-06   0.797589507E-06   0.114293833E-06
   0.832752178E-07   0.724857216E-06   0.802434158E-06   0.113737734E-06
   0.806459255E-07   0.670443001E-06   0.755406916E-06   0.104953230E-06
   0.648987992E-07   0.520019285E-06   0.602484988E-06   0.842051193E-07
   0.510957783E-07   0.397413686E-06   0.464706915E-06   0.639626236E-07
   0.400924698E-07   0.303808491E-06   0.349171017E-06   0.471377142E-07
   0.250277967E-07   0.176124786E-06   0.210037371E-06   0.254027448E-07
   0.147788022E-07   0.982883250E-07   0.118197704E-06   0.130567628E-07
   0.105125393E-07   0.601848953E-07   0.654172752E-07   0.606006889E-08
   0.678323531E-08   0.304050474E-07   0.237909514E-07   0.234485809E-08
   0.560398483E-08   0.124971633E-07   0.397366612E-09  -0.368410580E-09
   0.344315509E-08   0.447162796E-08  -0.722913107E-08   0.883270748E-10
   0.682618939E-08   0.682021239E-08  -0.225892283E-07   0.291585178E-08
   0.402201517E-08   0.479535744E-08  -0.120421637E-07   0.253631272E-08
   0.401179578E-08   0.625933527E-08  -0.103886872E-07   0.352091267E-08
   0.152194624E-08   0.419728341E-08  -0.341092399E-08   0.250713805E-08
   0.122263732E-08   0.331159633E-08  -0.251178256E-08   0.190717597E-08
   0.162111558E-08   0.744509876E-08   0.673567069E-08   0.237202591E-08
   0.119102517E-08   0.501972464E-08   0.718021687E-08   0.454230292E-09
   0.260512922E-08   0.327327787E-08  -0.197119238E-09  -0.103440112E-08
   0.763825181E-08   0.102002380E-07  -0.186706881E-07   0.101563580E-08
   0.228241195E-07   0.282518187E-07  -0.747559739E-07   0.796143240E-08
   0.430803517E-07   0.540760574E-07  -0.154160219E-06   0.204011368E-07
   0.736152970E-07   0.895069121E-07  -0.265836235E-06   0.363492241E-07
   0.115513615E-06   0.136868650E-06  -0.416135236E-06   0.585236393E-07
   0.177794306E-06   0.209872880E-06  -0.638323627E-06   0.916901328E-07
   0.254518199E-06   0.303686420E-06  -0.910623953E-06   0.130897334E-06
   0.338748379E-06   0.403852169E-06  -0.120128129E-05   0.174577622E-06
   0.388851987E-06   0.452548306E-06  -0.134475147E-05   0.194455936E-06
   0.428088754E-06   0.498839768E-06  -0.144875162E-05   0.206841662E-06
   0.427786944E-06   0.492352683E-06  -0.138622329E-05   0.192558304E-06
   0.345012978E-06   0.391975362E-06  -0.103138575E-05   0.145723959E-06
   0.254101849E-06   0.281444642E-06  -0.622337780E-06   0.892742520E-07
   0.212675559E-06   0.221448033E-06  -0.358686606E-06   0.585107323E-07
   0.426159460E-06   0.412760613E-06  -0.845084628E-06   0.122533848E-06
   0.128997749E-05   0.126031262E-05  -0.330119656E-05   0.441725547E-06
   0.335580989E-05   0.328558644E-05  -0.921645915E-05   0.117554737E-05
   0.726680037E-05   0.704458535E-05  -0.200753329E-04   0.246946342E-05
   0.144561964E-04   0.139230888E-04  -0.396656797E-04   0.467921382E-05
   0.262822141E-04   0.251228848E-04  -0.707747822E-04   0.799848476E-05
   0.443264616E-04   0.419203971E-04  -0.115965791E-03   0.125477582E-04
   0.717765142E-04   0.672339811E-04  -0.181751166E-03   0.188276481E-04
   0.110015608E-03   0.102155085E-03  -0.267771480E-03   0.263691782E-04
   0.162697092E-03   0.149998537E-03  -0.378653494E-03   0.354674594E-04
   0.232180028E-03   0.212944753E-03  -0.513186445E-03   0.455942027E-04
   0.324823777E-03   0.297115737E-03  -0.678886950E-03   0.569670447E-04
   0.444207253E-03   0.406602630E-03  -0.872088305E-03   0.687646752E-04
   0.599426508E-03   0.550422817E-03  -0.109925598E-02   0.812451181E-04
   0.800010515E-03   0.738763541E-03  -0.136097590E-02   0.942523911E-04
   0.106327143E-02   0.990001834E-03  -0.166805252E-02   0.107202482E-03
   0.141722430E-02   0.133226905E-02  -0.203818060E-02   0.121178382E-03
   0.190787693E-02   0.181099365E-02  -0.250151940E-02   0.136738177E-03
   0.261773239E-02   0.250663143E-02  -0.311189867E-02   0.154083755E-03
   0.367846503E-02   0.354628568E-02  -0.393830147E-02   0.174069079E-03
   0.531067699E-02   0.514306361E-02  -0.505695725E-02   0.193726184E-03
   0.781822857E-02   0.759290578E-02  -0.647330191E-02   0.207772129E-03
   0.115377242E-01   0.112273451E-01  -0.797801744E-02   0.204940356E-03
   0.165920239E-01   0.161754154E-01  -0.894189067E-02   0.171969645E-03
   0.224368665E-01   0.219093990E-01  -0.830451678E-02   0.106005442E-03
   0.274336245E-01   0.268225819E-01  -0.517252786E-02   0.329013492E-04
   0.294534154E-01   0.288093630E-01  -0.146246348E-07   0.000000000E+00
