   0.856330395E-01   0.751432300E+00  -0.147438978E-09   0.000000000E+00
   0.735987648E-01   0.645439148E+00   0.542978793E-01   0.322362379E-03
   0.487907343E-01   0.427045375E+00   0.710843354E-01   0.840147201E-03
   0.274164770E-01   0.239393845E+00   0.585994348E-01   0.103318435E-02
   0.142909372E-01   0.124565460E+00   0.393637717E-01   0.917302445E-03
   0.738505134E-02   0.644684881E-01   0.242252275E-01   0.700468372E-03
   0.396330655E-02   0.348534174E-01   0.146158803E-01   0.502994400E-03
   0.227915961E-02   0.203526802E-01   0.904870871E-02   0.362639286E-03
   0.142872240E-02   0.130344043E-01   0.593608711E-02   0.272701378E-03
   0.972655253E-03   0.908024516E-02   0.417733798E-02   0.218739457E-03
   0.706100487E-03   0.672391290E-02   0.313124503E-02   0.184164892E-03
   0.534786028E-03   0.516610779E-02   0.245748321E-02   0.161029398E-03
   0.413693895E-03   0.403203815E-02   0.197501248E-02   0.142293444E-03
   0.322648004E-03   0.315832836E-02   0.160186971E-02   0.125202641E-03
   0.250462239E-03   0.245506852E-02   0.129049760E-02   0.108302389E-03
   0.193363012E-03   0.189246272E-02   0.103195757E-02   0.927350193E-04
   0.147182829E-03   0.143561687E-02   0.810056052E-03   0.775217923E-04
   0.110563567E-03   0.107443798E-02   0.626169203E-03   0.631444418E-04
   0.817314431E-04   0.789875630E-03   0.474108121E-03   0.504259042E-04
   0.590972704E-04   0.568989664E-03   0.349951180E-03   0.389747111E-04
   0.416591356E-04   0.399705459E-03   0.250422891E-03   0.291703709E-04
   0.287464591E-04   0.275445200E-03   0.175061796E-03   0.212408977E-04
   0.191435374E-04   0.183892917E-03   0.117450792E-03   0.147583460E-04
   0.124708613E-04   0.120057848E-03   0.767555903E-04   0.100181087E-04
   0.779570291E-05   0.755348883E-04   0.477595859E-04   0.645785212E-05
   0.464883942E-05   0.455548543E-04   0.280274944E-04   0.392946640E-05
   0.256503699E-05   0.260067081E-04   0.150236356E-04   0.216329909E-05
   0.139843314E-05   0.144837113E-04   0.776998513E-05   0.114562999E-05
   0.680977223E-06   0.740732230E-05   0.336028893E-05   0.499134728E-06
   0.329372995E-06   0.369147119E-05   0.129936836E-05   0.180435762E-06
   0.160735226E-06   0.181052485E-05   0.414157512E-06   0.357479095E-07
   0.945155563E-07   0.103423724E-05   0.232447036E-06   0.131217499E-07
   0.894528753E-07   0.749677895E-06   0.306716544E-06   0.128517401E-07
   0.968608802E-07   0.684304268E-06   0.445568617E-06   0.321907692E-07
   0.104014212E-06   0.690403567E-06   0.563209312E-06   0.543975069E-07
   0.981353452E-07   0.626473195E-06   0.563605624E-06   0.581581290E-07
   0.945446175E-07   0.602888576E-06   0.575369484E-06   0.660687078E-07
   0.772913538E-07   0.496508392E-06   0.481824543E-06   0.589945657E-07
   0.625193053E-07   0.395186134E-06   0.376141230E-06   0.460482710E-07
   0.474636579E-07   0.302988866E-06   0.307180187E-06   0.397241671E-07
   0.318784465E-07   0.217704425E-06   0.215739377E-06   0.324078151E-07
   0.194538927E-07   0.140455015E-06   0.134716231E-06   0.227529799E-07
   0.134738256E-07   0.105280314E-06   0.103153148E-06   0.214426326E-07
   0.622489083E-08   0.666193714E-07   0.544317977E-07   0.197480876E-07
   0.401201694E-08   0.373807723E-07   0.140051295E-07   0.173269186E-07
   0.451434667E-08   0.290896711E-07  -0.617700024E-08   0.170446146E-07
   0.186977029E-07   0.359122971E-07  -0.577430441E-07   0.231963799E-07
   0.314898649E-07   0.441363674E-07  -0.981422872E-07   0.241780498E-07
   0.592201950E-07   0.715988833E-07  -0.171763006E-06   0.341478206E-07
   0.890975826E-07   0.103387514E-06  -0.250702755E-06   0.435776180E-07
   0.154662587E-06   0.177670174E-06  -0.427246164E-06   0.685369059E-07
   0.197579155E-06   0.220224720E-06  -0.532506817E-06   0.817799588E-07
   0.259118565E-06   0.278208120E-06  -0.678421429E-06   0.100544973E-06
   0.321026306E-06   0.345314362E-06  -0.827092663E-06   0.121667966E-06
   0.367023745E-06   0.399226991E-06  -0.918176170E-06   0.130008985E-06
   0.382636046E-06   0.408429486E-06  -0.897476752E-06   0.123808192E-06
   0.395764260E-06   0.424661692E-06  -0.838197650E-06   0.110994407E-06
   0.411040219E-06   0.434837460E-06  -0.725031555E-06   0.972911849E-07
   0.395940475E-06   0.415752197E-06  -0.427080977E-06   0.619824760E-07
   0.527595546E-06   0.542547923E-06  -0.311626906E-06   0.431464429E-07
   0.958629698E-06   0.978681669E-06  -0.678412505E-06   0.105030239E-06
   0.195617190E-05   0.196312521E-05  -0.194159702E-05   0.285020150E-06
   0.412515510E-05   0.409115773E-05  -0.526383428E-05   0.744693580E-06
   0.779948277E-05   0.767851634E-05  -0.109843450E-04   0.149699781E-05
   0.145540271E-04   0.142243880E-04  -0.220218808E-04   0.290222829E-05
   0.254284587E-04   0.246902528E-04  -0.396537362E-04   0.505405023E-05
   0.422030353E-04   0.407413972E-04  -0.663281608E-04   0.815815929E-05
   0.671816451E-04   0.643462990E-04  -0.104675513E-03   0.124688067E-04
   0.103317645E-03   0.983563150E-04  -0.158248280E-03   0.181781124E-04
   0.153763569E-03   0.145658501E-03  -0.229665995E-03   0.253525177E-04
   0.221877344E-03   0.209344769E-03  -0.320770632E-03   0.339470644E-04
   0.312653865E-03   0.294158846E-03  -0.435375056E-03   0.440047006E-04
   0.431384047E-03   0.405054830E-03  -0.576093968E-03   0.554955441E-04
   0.582120090E-03   0.545774586E-03  -0.741541153E-03   0.682791579E-04
   0.772116182E-03   0.724282523E-03  -0.936032797E-03   0.816478714E-04
   0.100719777E-02   0.946080778E-03  -0.115847541E-02   0.959750832E-04
   0.129574747E-02   0.122035109E-02  -0.141206116E-02   0.110840221E-03
   0.164793688E-02   0.155804306E-02  -0.170111819E-02   0.126657949E-03
   0.208330806E-02   0.197954243E-02  -0.204183976E-02   0.143622543E-03
   0.264251675E-02   0.252515194E-02  -0.247377460E-02   0.164888508E-03
   0.340820476E-02   0.327671319E-02  -0.307600573E-02   0.191822764E-03
   0.456090784E-02   0.440954650E-02  -0.401013717E-02   0.234928462E-03
   0.649062265E-02   0.630428083E-02  -0.557893422E-02   0.297385239E-03
   0.100473594E-01   0.979202986E-02  -0.834243651E-02   0.394800445E-03
   0.170301832E-01   0.166393723E-01  -0.132185640E-01   0.533240207E-03
   0.311675593E-01   0.305354893E-01  -0.215340424E-01   0.716907321E-03
   0.595377237E-01   0.585178994E-01  -0.344216749E-01   0.904407934E-03
   0.113097012E+00   0.111533269E+00  -0.504685827E-01   0.979653210E-03
   0.199769780E+00   0.197605312E+00  -0.604772754E-01   0.773695589E-03
   0.299671292E+00   0.297034651E+00  -0.457876734E-01   0.290661963E-03
   0.348034233E+00   0.345236272E+00  -0.124569979E-06   0.000000000E+00
