   0.103584304E-02   0.115594873E-01   0.000000000E+00   0.000000000E+00
   0.101373845E-02   0.112748742E-01   0.330816343E-03   0.557341821E-06
   0.953491603E-03   0.104987016E-01   0.617694343E-03   0.196308702E-05
   0.867273775E-03   0.937295333E-02   0.830324891E-03   0.357485942E-05
   0.768337806E-03   0.807385705E-02   0.958284421E-03   0.466597612E-05
   0.669648929E-03   0.677588768E-02   0.100987602E-02   0.497696010E-05
   0.578897831E-03   0.558259524E-02   0.100233895E-02   0.437831568E-05
   0.501463423E-03   0.456695585E-02   0.957626791E-03   0.335231130E-05
   0.437177630E-03   0.373488571E-02   0.892481243E-03   0.223179677E-05
   0.384628394E-03   0.307079731E-02   0.819114910E-03   0.119255105E-05
   0.341004168E-03   0.254492252E-02   0.744800433E-03   0.456029028E-06
   0.304106972E-03   0.212760642E-02   0.672434806E-03   0.302966527E-06
   0.272081699E-03   0.179231388E-02   0.604003086E-03   0.516889600E-06
   0.243579620E-03   0.151845743E-02   0.539723027E-03   0.937507707E-06
   0.217580178E-03   0.128933217E-02   0.478958624E-03   0.134306254E-05
   0.193745480E-03   0.109606655E-02   0.422226411E-03   0.190975811E-05
   0.171689622E-03   0.929841422E-03   0.369143236E-03   0.219474600E-05
   0.151546876E-03   0.788685400E-03   0.320686901E-03   0.263656193E-05
   0.132820613E-03   0.664064835E-03   0.275291066E-03   0.258526779E-05
   0.115690083E-03   0.556383689E-03   0.233889732E-03   0.239263386E-05
   0.100260302E-03   0.463762146E-03   0.196799723E-03   0.221395476E-05
   0.864200920E-04   0.384457235E-03   0.163855017E-03   0.193833580E-05
   0.740321630E-04   0.316052377E-03   0.134547663E-03   0.144215835E-05
   0.632072479E-04   0.258613669E-03   0.109413122E-03   0.108921870E-05
   0.537791566E-04   0.210397717E-03   0.879527506E-04   0.740462553E-06
   0.454577785E-04   0.169964231E-03   0.694002738E-04   0.311325749E-06
   0.383777115E-04   0.136268427E-03   0.540223555E-04   0.321081970E-07
   0.323409986E-04   0.108869142E-03   0.412665904E-04  -0.284604340E-06
   0.272172674E-04   0.862358647E-04   0.308970157E-04  -0.446056418E-06
   0.229592551E-04   0.684278202E-04   0.226131633E-04  -0.601275133E-06
   0.194149106E-04   0.542068192E-04   0.161502921E-04  -0.652738208E-06
   0.165253423E-04   0.430018736E-04   0.111655800E-04  -0.661830086E-06
   0.141583441E-04   0.343895881E-04   0.738456447E-05  -0.623260803E-06
   0.122709489E-04   0.277192285E-04   0.460755973E-05  -0.543300644E-06
   0.107149144E-04   0.222937160E-04   0.245774572E-05  -0.451738373E-06
   0.951927359E-05   0.184240416E-04   0.107239794E-05  -0.321118989E-06
   0.856875795E-05   0.153595156E-04   0.100533612E-06  -0.191779847E-06
   0.787532554E-05   0.130735580E-04  -0.554344979E-06  -0.609730222E-07
   0.731680257E-05   0.112848384E-04  -0.987153498E-06   0.654003287E-07
   0.689445551E-05   0.990499029E-05  -0.118230309E-05   0.175851980E-06
   0.661390732E-05   0.882593486E-05  -0.130637034E-05   0.273181598E-06
   0.645894579E-05   0.800382622E-05  -0.139232839E-05   0.357400125E-06
   0.633067521E-05   0.726699091E-05  -0.132984565E-05   0.404738415E-06
   0.630791283E-05   0.669624797E-05  -0.133190485E-05   0.445107361E-06
   0.630201157E-05   0.620418450E-05  -0.120632922E-05   0.447504675E-06
   0.637527364E-05   0.584071449E-05  -0.109875998E-05   0.438601887E-06
   0.649636922E-05   0.555875476E-05  -0.954055167E-06   0.406717675E-06
   0.664951858E-05   0.527948896E-05  -0.806943035E-06   0.349399670E-06
   0.688068940E-05   0.523376411E-05  -0.600499391E-06   0.288992993E-06
   0.714033104E-05   0.513682971E-05  -0.403769889E-06   0.204798653E-06
   0.749352057E-05   0.532416288E-05  -0.172840458E-06   0.132151627E-06
   0.796558652E-05   0.552311622E-05  -0.276785137E-07   0.596025949E-07
   0.856096176E-05   0.603990975E-05   0.112685889E-06   0.836562197E-08
   0.932838520E-05   0.674407784E-05   0.162388858E-06  -0.176836146E-07
   0.104313867E-04   0.785550401E-05  -0.823810637E-07   0.223427286E-07
   0.118868256E-04   0.928632016E-05  -0.583315682E-06   0.135682086E-06
   0.137192410E-04   0.114833956E-04  -0.134917582E-05   0.324937957E-06
   0.162848519E-04   0.141785613E-04  -0.275920797E-05   0.663410731E-06
   0.196351430E-04   0.178606915E-04  -0.483713256E-05   0.115353384E-05
   0.239159126E-04   0.226839402E-04  -0.771605573E-05   0.183248767E-05
   0.295365098E-04   0.289575983E-04  -0.117410927E-04   0.272828652E-05
   0.366030254E-04   0.368574001E-04  -0.169886243E-04   0.389066827E-05
   0.456154303E-04   0.467622485E-04  -0.237990753E-04   0.532251261E-05
   0.568264877E-04   0.589599258E-04  -0.323632594E-04   0.714528642E-05
   0.705145794E-04   0.738513918E-04  -0.427884297E-04   0.926839311E-05
   0.873653626E-04   0.921387546E-04  -0.555567640E-04   0.117264126E-04
   0.107607353E-03   0.114024777E-03  -0.706467836E-04   0.145340000E-04
   0.131914290E-03   0.140186108E-03  -0.884312321E-04   0.177573165E-04
   0.160776239E-03   0.170982908E-03  -0.108910557E-03   0.213589356E-04
   0.194963184E-03   0.207378180E-03  -0.132454908E-03   0.253205890E-04
   0.234014355E-03   0.249037577E-03  -0.158193943E-03   0.294019446E-04
   0.279671745E-03   0.297192542E-03  -0.186728852E-03   0.336802295E-04
   0.332983298E-03   0.353146606E-03  -0.218474728E-03   0.382038488E-04
   0.393698370E-03   0.416456984E-03  -0.252245867E-03   0.428113635E-04
   0.464443845E-03   0.489515252E-03  -0.288840558E-03   0.472638421E-04
   0.546424999E-03   0.573182420E-03  -0.327692222E-03   0.515397223E-04
   0.641889172E-03   0.669434317E-03  -0.368691515E-03   0.554602484E-04
   0.755669549E-03   0.782343268E-03  -0.412588211E-03   0.587454415E-04
   0.892997195E-03   0.916514313E-03  -0.459711679E-03   0.615972021E-04
   0.106250867E-02   0.107943139E-02  -0.510702084E-03   0.634347089E-04
   0.127484836E-02   0.128074840E-02  -0.566019909E-03   0.643570020E-04
   0.154412584E-02   0.153277547E-02  -0.625012966E-03   0.636943369E-04
   0.188670005E-02   0.185108639E-02  -0.685622683E-03   0.614164455E-04
   0.231469446E-02   0.224666926E-02  -0.741964090E-03   0.571961682E-04
   0.284020999E-02   0.273127062E-02  -0.784636883E-03   0.506285760E-04
   0.345348427E-02   0.329685234E-02  -0.798472611E-03   0.419274584E-04
   0.412763096E-02   0.391810620E-02  -0.765342556E-03   0.312632546E-04
   0.480073644E-02   0.453884015E-02  -0.668896653E-03   0.200200866E-04
   0.538754603E-02   0.508064218E-02  -0.501054572E-03   0.981713583E-05
   0.578658096E-02   0.545045268E-02  -0.269341253E-03   0.261542482E-05
   0.592955155E-02   0.558199221E-02  -0.565845926E-09   0.000000000E+00
