   0.256847660E-02   0.383194126E-01  -0.329431426E-11   0.000000000E+00
   0.243116310E-02   0.362597592E-01   0.360181835E-02   0.204624121E-04
   0.207506074E-02   0.309142321E-01   0.602797000E-02   0.683577600E-04
   0.163571758E-02   0.242863726E-01   0.690346910E-02   0.117500022E-03
   0.122332782E-02   0.180023555E-01   0.659087813E-02   0.149633750E-03
   0.896101934E-03   0.129431114E-01   0.571557041E-02   0.162072945E-03
   0.658822362E-03   0.921588764E-02   0.472883554E-02   0.161490825E-03
   0.493149506E-03   0.657878676E-02   0.383840734E-02   0.154225243E-03
   0.378082215E-03   0.474455254E-02   0.310370605E-02   0.142851466E-03
   0.295572419E-03   0.345622259E-02   0.250804494E-02   0.130898916E-03
   0.234069681E-03   0.253925147E-02   0.202425639E-02   0.118678952E-03
   0.185591940E-03   0.187174953E-02   0.162086356E-02   0.104516745E-03
   0.146780076E-03   0.138096139E-02   0.128704810E-02   0.907350986E-04
   0.114628689E-03   0.101353833E-02   0.100572594E-02   0.764867436E-04
   0.879603613E-04   0.735759444E-03   0.770386658E-03   0.632537049E-04
   0.659336147E-04   0.526152202E-03   0.575863814E-03   0.502245530E-04
   0.482510586E-04   0.369615620E-03   0.419888966E-03   0.388167937E-04
   0.340061051E-04   0.251683115E-03   0.294480007E-03   0.288042429E-04
   0.232005932E-04   0.166470883E-03   0.199604940E-03   0.205089946E-04
   0.151623026E-04   0.105841442E-03   0.129387219E-03   0.139383947E-04
   0.939459369E-05   0.638222627E-04   0.791906132E-04   0.889499097E-05
   0.544622935E-05   0.360433369E-04   0.451446358E-04   0.529273802E-05
   0.300375268E-05   0.192647767E-04   0.243297764E-04   0.296913981E-05
   0.145230410E-05   0.898819235E-05   0.112828784E-04   0.143424757E-05
   0.618076513E-06   0.364149332E-05   0.446426293E-05   0.595621145E-06
   0.201784374E-06   0.115240380E-05   0.123352584E-05   0.178355108E-06
   0.611963671E-07   0.411433518E-06   0.302768427E-06   0.413495371E-07
   0.393247248E-07   0.412136586E-06   0.319190775E-06   0.476513691E-07
   0.597147434E-07   0.641960810E-06   0.632715683E-06   0.912388955E-07
   0.897399843E-07   0.870259896E-06   0.964467517E-06   0.141075120E-06
   0.102839131E-06   0.935228115E-06   0.106851655E-05   0.149038158E-06
   0.101650656E-06   0.873439603E-06   0.104172170E-05   0.148375364E-06
   0.929564905E-07   0.785344582E-06   0.932081946E-06   0.133995300E-06
   0.691589435E-07   0.562082164E-06   0.676553100E-06   0.955350998E-07
   0.548837420E-07   0.429388393E-06   0.522321102E-06   0.719021145E-07
   0.368321516E-07   0.284050429E-06   0.350860233E-06   0.489347940E-07
   0.281095662E-07   0.199255297E-06   0.226193833E-06   0.299163361E-07
   0.148017252E-07   0.825443252E-07   0.936114901E-07   0.786183207E-08
   0.108857536E-07   0.615280555E-07   0.655680239E-07   0.676209400E-08
   0.755264740E-08   0.324831397E-07   0.208505639E-07   0.309472759E-08
   0.401233802E-08   0.688772150E-08  -0.447188153E-08  -0.380780907E-09
   0.493785990E-08   0.737067696E-08  -0.152157558E-07   0.139024048E-08
   0.231058039E-08   0.254161647E-08  -0.858961258E-08   0.935542643E-09
   0.200640748E-08   0.652031540E-08   0.373283376E-09   0.297793412E-08
   0.223182806E-08   0.592324678E-08  -0.552807000E-08   0.357953955E-08
   0.237571918E-08   0.737268069E-08  -0.861700267E-09   0.367145803E-08
   0.277988388E-08   0.706945569E-08  -0.105190932E-07   0.455248106E-08
   0.215633156E-08   0.929007449E-08   0.857913118E-08   0.299777647E-08
   0.971176028E-09   0.316743831E-08   0.220233964E-08   0.926640598E-09
   0.167308789E-08   0.473976458E-08   0.687075907E-08  -0.360702718E-09
   0.521995158E-08   0.714162951E-08  -0.100246416E-07  -0.262877470E-09
   0.199962038E-07   0.307336308E-07  -0.687408743E-07   0.796166422E-08
   0.352487639E-07   0.484483884E-07  -0.134041997E-06   0.163171361E-07
   0.519033065E-07   0.665371473E-07  -0.201826040E-06   0.251521737E-07
   0.990131426E-07   0.124772271E-06  -0.395928026E-06   0.560427402E-07
   0.175970840E-06   0.221909104E-06  -0.703091700E-06   0.102688851E-06
   0.244644241E-06   0.309704063E-06  -0.973690703E-06   0.145342042E-06
   0.360641423E-06   0.463334146E-06  -0.143088778E-05   0.211604686E-06
   0.411867717E-06   0.517618787E-06  -0.159718093E-05   0.232614056E-06
   0.513006057E-06   0.639793370E-06  -0.195194184E-05   0.288936292E-06
   0.528204737E-06   0.654184419E-06  -0.195292546E-05   0.288083186E-06
   0.479621349E-06   0.588700459E-06  -0.168744828E-05   0.234728702E-06
   0.342162963E-06   0.413341098E-06  -0.109138000E-05   0.157109142E-06
   0.230394662E-06   0.262427534E-06  -0.565561891E-06   0.767671366E-07
   0.272575051E-06   0.271148650E-06  -0.628689577E-06   0.895225014E-07
   0.743036026E-06   0.748561547E-06  -0.217694537E-05   0.299700702E-06
   0.238257826E-05   0.247137859E-05  -0.779706716E-05   0.100802856E-05
   0.558706370E-05   0.576106140E-05  -0.183077427E-04   0.227241594E-05
   0.116253950E-04   0.119510887E-04  -0.376796852E-04   0.448982382E-05
   0.225170897E-04   0.228800691E-04  -0.714924245E-04   0.817864930E-05
   0.389719025E-04   0.392805232E-04  -0.120386569E-03   0.131500583E-04
   0.635546094E-04   0.633179734E-04  -0.189856248E-03   0.198081416E-04
   0.988530155E-04   0.973968490E-04  -0.284294743E-03   0.283259578E-04
   0.147533385E-03   0.144032907E-03  -0.406631007E-03   0.384265149E-04
   0.212055253E-03   0.205712451E-03  -0.557032239E-03   0.498747577E-04
   0.296962302E-03   0.286914583E-03  -0.739406911E-03   0.622616644E-04
   0.407414656E-03   0.393298775E-03  -0.955709547E-03   0.755174406E-04
   0.547853822E-03   0.530290767E-03  -0.120146514E-02   0.888853901E-04
   0.730347820E-03   0.711178000E-03  -0.148740155E-02   0.102016580E-03
   0.965346291E-03   0.948428933E-03  -0.180932833E-02   0.115032533E-03
   0.127648260E-02   0.126791047E-02  -0.218422804E-02   0.127573614E-03
   0.169619755E-02   0.170463626E-02  -0.262657413E-02   0.140001910E-03
   0.227845670E-02   0.231583719E-02  -0.316323433E-02   0.152174995E-03
   0.309942430E-02   0.318051246E-02  -0.382062537E-02   0.162984346E-03
   0.427368982E-02   0.441803411E-02  -0.461115828E-02   0.170191284E-03
   0.592371309E-02   0.615735771E-02  -0.547376042E-02   0.170432788E-03
   0.815426558E-02   0.850908831E-02  -0.621374277E-02   0.155508504E-03
   0.108914310E-01   0.113991397E-01  -0.641075429E-02   0.120519187E-03
   0.137765212E-01   0.144500928E-01  -0.553920912E-02   0.692272079E-04
   0.160824340E-01   0.168969408E-01  -0.328599615E-02   0.205749529E-04
   0.169658512E-01   0.178343635E-01  -0.694701452E-08   0.000000000E+00
