   0.476880923E-04   0.384225440E-02  -0.528194415E-11   0.000000000E+00
   0.490541788E-04   0.370773510E-02   0.566296396E-03   0.302633521E-05
   0.524819006E-04   0.334071601E-02   0.101937330E-02   0.107981241E-04
   0.565436385E-04   0.283587351E-02   0.129647530E-02   0.205668512E-04
   0.595541860E-04   0.229421142E-02   0.139714265E-02   0.292202785E-04
   0.604943016E-04   0.178772828E-02   0.136007345E-02   0.352804600E-04
   0.587825925E-04   0.135406421E-02   0.123360311E-02   0.378657969E-04
   0.544947688E-04   0.100293418E-02   0.105972169E-02   0.375789496E-04
   0.480912786E-04   0.727131206E-03   0.868256087E-03   0.349127149E-04
   0.402785226E-04   0.515544321E-03   0.679836841E-03   0.304135247E-04
   0.320760373E-04   0.355899014E-03   0.509451085E-03   0.251697638E-04
   0.240643785E-04   0.237052882E-03   0.362066843E-03   0.195297998E-04
   0.169929535E-04   0.151212225E-03   0.243256465E-03   0.141512137E-04
   0.111741301E-04   0.908437651E-04   0.152299632E-03   0.953026938E-05
   0.675419005E-05   0.503672054E-04   0.872344026E-04   0.583219389E-05
   0.366117320E-05   0.249813820E-04   0.441732445E-04   0.311975873E-05
   0.175613138E-05   0.107921269E-04   0.191877753E-04   0.140815473E-05
   0.723455514E-06   0.387198634E-05   0.666166716E-05   0.496770895E-06
   0.223081855E-06   0.108271195E-05   0.131469858E-05   0.889506708E-07
   0.501213684E-07   0.477532751E-06   0.597893148E-07  -0.224979124E-08
   0.295518543E-07   0.714531495E-06   0.478731863E-06   0.532433688E-07
   0.582531854E-07   0.105513652E-05   0.118835180E-05   0.125282270E-06
   0.767369528E-07   0.111577128E-05   0.149036384E-05   0.160850590E-06
   0.859449969E-07   0.111570375E-05   0.161625280E-05   0.182572109E-06
   0.700043685E-07   0.842840109E-06   0.127567421E-05   0.147423791E-06
   0.505475732E-07   0.584350687E-06   0.898314283E-06   0.108257069E-06
   0.276546697E-07   0.313912693E-06   0.493277696E-06   0.617119653E-07
   0.138764564E-07   0.154887104E-06   0.247795782E-06   0.315682982E-07
   0.440680870E-08   0.507638980E-07   0.802527751E-07   0.111472716E-07
   0.871548445E-09   0.116371384E-07   0.169276682E-07   0.329602434E-08
   0.179772239E-09   0.226094721E-08   0.162167857E-08   0.101763764E-08
   0.511249876E-09   0.349831986E-08   0.277621881E-08   0.107723086E-08
   0.556141633E-09   0.397825684E-08   0.531364597E-08   0.892550700E-09
   0.889976648E-09   0.622881391E-08   0.102674047E-07   0.111738097E-08
   0.169999625E-08   0.127777264E-07   0.194741006E-07   0.265548072E-08
   0.882485973E-09   0.628597796E-08   0.116784804E-07   0.107510745E-08
   0.146286039E-08   0.106171205E-07   0.139537653E-07   0.243862885E-08
   0.722681970E-09   0.535917088E-08   0.852582183E-08   0.111004073E-08
   0.121089039E-08   0.931682553E-08   0.157793103E-07   0.195124428E-08
   0.720596305E-09   0.369944453E-08   0.268888556E-08   0.846358594E-09
   0.484195517E-09   0.294433788E-08   0.392927957E-08   0.587045190E-09
   0.209980242E-09   0.409556944E-09  -0.854259330E-09   0.771271033E-10
   0.821147456E-10   0.157476129E-09  -0.750893125E-09   0.106899829E-09
   0.878696976E-10   0.373573006E-09  -0.101269415E-08   0.292675661E-09
   0.575074745E-10   0.718504312E-09   0.608436412E-09   0.305372228E-09
   0.600476543E-10   0.119286719E-09  -0.552130730E-09   0.804295103E-10
   0.801500186E-10   0.306700054E-09  -0.885807649E-09   0.223375166E-09
   0.194705866E-10   0.185823468E-09   0.320441979E-09   0.490416804E-10
   0.457284738E-09   0.188720128E-08  -0.154549740E-08   0.726987692E-09
   0.449866727E-09   0.718168802E-09  -0.334915895E-08   0.343306550E-09
   0.239942288E-09   0.483729001E-09  -0.134056266E-08   0.153546023E-09
   0.369806713E-09   0.595641259E-09  -0.203477768E-08   0.142914389E-09
   0.199118988E-08   0.511612974E-08  -0.114130634E-07   0.193411753E-08
   0.119418386E-08   0.190028882E-08  -0.939378708E-08   0.987237736E-09
   0.319321081E-08   0.722231164E-08  -0.236183038E-07   0.340274120E-08
   0.399150268E-08   0.741690975E-08  -0.330125971E-07   0.412719325E-08
   0.296236680E-08   0.570010528E-08  -0.236895676E-07   0.295658764E-08
   0.588755622E-08   0.119135590E-07  -0.503117121E-07   0.690816870E-08
   0.362458374E-08   0.719058102E-08  -0.309043990E-07   0.418062873E-08
   0.724891924E-09   0.168137770E-08  -0.634453068E-08   0.978326975E-09
   0.187794647E-08   0.371999564E-08  -0.158933329E-07   0.238937514E-08
   0.765134978E-08   0.133541418E-07  -0.609691710E-07   0.780987541E-08
   0.477780091E-07   0.809004277E-07  -0.376281207E-06   0.480484310E-07
   0.915038072E-07   0.151034300E-06  -0.702553280E-06   0.874287736E-07
   0.153503876E-06   0.245306040E-06  -0.114131910E-05   0.137459452E-06
   0.307281454E-06   0.479865776E-06  -0.221745154E-05   0.257084309E-06
   0.472401865E-06   0.713725058E-06  -0.326662826E-05   0.364530422E-06
   0.521902109E-06   0.760472346E-06  -0.339535200E-05   0.364121604E-06
   0.620390438E-06   0.868946302E-06  -0.370615567E-05   0.383254218E-06
   0.517465935E-06   0.686272813E-06  -0.259174226E-05   0.262240491E-06
   0.369914034E-06   0.435419622E-06  -0.109223356E-05   0.112751664E-06
   0.306129095E-06   0.278004421E-06  -0.268800477E-06   0.504561015E-07
   0.767281563E-06   0.729043393E-06  -0.263710717E-05   0.289343149E-06
   0.270909231E-05   0.284489010E-05  -0.140400380E-04   0.129319108E-05
   0.737855908E-05   0.788894067E-05  -0.403525446E-04   0.339639769E-05
   0.163211644E-04   0.172604996E-04  -0.876455597E-04   0.684744555E-05
   0.314315985E-04   0.326475274E-04  -0.161858901E-03   0.117596092E-04
   0.555288061E-04   0.566565432E-04  -0.271778379E-03   0.182673248E-04
   0.897486680E-04   0.900358573E-04  -0.411817222E-03   0.255044652E-04
   0.137200754E-03   0.135837603E-03  -0.584822556E-03   0.332180607E-04
   0.199605347E-03   0.196035166E-03  -0.780338829E-03   0.404632883E-04
   0.280177221E-03   0.274538441E-03  -0.991855748E-03   0.464827972E-04
   0.382427796E-03   0.375871168E-03  -0.120559777E-02   0.505875250E-04
   0.511843478E-03   0.506279524E-03  -0.141300890E-02   0.525768992E-04
   0.671329151E-03   0.669595145E-03  -0.158369762E-02   0.512319821E-04
   0.864254311E-03   0.869088399E-03  -0.169117097E-02   0.464114637E-04
   0.108700735E-02   0.110017136E-02  -0.169535470E-02   0.378981094E-04
   0.132407190E-02   0.134601211E-02  -0.154443609E-02   0.263279380E-04
   0.154450187E-02   0.157390034E-02  -0.119969645E-02   0.137740444E-04
   0.170370063E-02   0.173815445E-02  -0.661674945E-03   0.382725557E-05
   0.176169921E-02   0.179812498E-02  -0.149220614E-08   0.000000000E+00
