   0.843678564E-01   0.774286330E+00   0.000000000E+00   0.000000000E+00
   0.743529499E-01   0.682307303E+00   0.282583609E-01   0.165621386E-03
   0.524075478E-01   0.480733097E+00   0.398309492E-01   0.465363963E-03
   0.316054747E-01   0.289441526E+00   0.359739624E-01   0.626163906E-03
   0.175092015E-01   0.159607425E+00   0.264143925E-01   0.606421265E-03
   0.943302363E-02   0.850746855E-01   0.175079629E-01   0.494017790E-03
   0.516723841E-02   0.456373245E-01   0.111158248E-01   0.367376226E-03
   0.299501047E-02   0.255442671E-01   0.704993494E-02   0.262647984E-03
   0.189131161E-02   0.153718200E-01   0.460875034E-02   0.186865946E-03
   0.131357380E-02   0.101210987E-01   0.317297480E-02   0.136665665E-03
   0.993282767E-03   0.730041461E-02   0.233090832E-02   0.106291525E-03
   0.797172135E-03   0.565812644E-02   0.181891909E-02   0.873289609E-04
   0.661537691E-03   0.459353579E-02   0.148621085E-02   0.752774286E-04
   0.557313964E-03   0.382320117E-02   0.125014107E-02   0.674836556E-04
   0.470649422E-03   0.321004656E-02   0.106546062E-02   0.617601545E-04
   0.395741750E-03   0.269474369E-02   0.910541567E-03   0.561486013E-04
   0.330269715E-03   0.225011003E-02   0.774820568E-03   0.510633363E-04
   0.272806181E-03   0.186246459E-02   0.653447409E-03   0.456781163E-04
   0.222607749E-03   0.152452593E-02   0.544024224E-03   0.400898862E-04
   0.179762821E-03   0.123512850E-02   0.447441038E-03   0.348308204E-04
   0.143738915E-03   0.988899032E-03   0.363199302E-03   0.297427796E-04
   0.113315662E-03   0.782164105E-03   0.290136668E-03   0.247291482E-04
   0.883145403E-04   0.611741154E-03   0.228431789E-03   0.202990686E-04
   0.679667646E-04   0.471739739E-03   0.176682559E-03   0.162742781E-04
   0.515217762E-04   0.358780875E-03   0.134069996E-03   0.127097283E-04
   0.387456748E-04   0.269592099E-03   0.100243742E-03   0.976980937E-05
   0.285861624E-04   0.199229893E-03   0.730812681E-04   0.726220060E-05
   0.209176687E-04   0.145069716E-03   0.522399132E-04   0.530628267E-05
   0.149543221E-04   0.104549581E-03   0.365029446E-04   0.373386865E-05
   0.106694733E-04   0.740165779E-04   0.249317363E-04   0.255392092E-05
   0.744643830E-05   0.511971157E-04   0.162826091E-04   0.167038718E-05
   0.511376629E-05   0.348902395E-04   0.102515351E-04   0.102851084E-05
   0.350150867E-05   0.234987201E-04   0.624353652E-05   0.613789723E-06
   0.233575724E-05   0.156792084E-04   0.357527711E-05   0.350742368E-06
   0.158392004E-05   0.103586253E-04   0.194843142E-05   0.193312630E-06
   0.108134611E-05   0.677105754E-05   0.958019086E-06   0.104974589E-06
   0.729513658E-06   0.443653471E-05   0.363871919E-06   0.757008394E-07
   0.527347595E-06   0.296215535E-05   0.104632491E-06   0.703698788E-07
   0.383068141E-06   0.210206167E-05  -0.341678614E-07   0.968126841E-07
   0.305722381E-06   0.149785672E-05  -0.763639179E-07   0.114601633E-06
   0.259116746E-06   0.115565126E-05  -0.114246816E-06   0.152068196E-06
   0.231327064E-06   0.921793401E-06  -0.115198304E-06   0.160844607E-06
   0.232831724E-06   0.805865341E-06  -0.150281963E-06   0.195319373E-06
   0.242797256E-06   0.702836701E-06  -0.179405404E-06   0.206764412E-06
   0.257418890E-06   0.633395473E-06  -0.188075745E-06   0.210497390E-06
   0.290905120E-06   0.596830034E-06  -0.232815751E-06   0.215218364E-06
   0.332480397E-06   0.562053060E-06  -0.285945617E-06   0.210473942E-06
   0.376526600E-06   0.533303933E-06  -0.305507371E-06   0.192434030E-06
   0.447654088E-06   0.548646085E-06  -0.320920719E-06   0.179465886E-06
   0.530043792E-06   0.569128872E-06  -0.303339903E-06   0.149786715E-06
   0.654999553E-06   0.620256571E-06  -0.282833781E-06   0.114518798E-06
   0.853983863E-06   0.788337900E-06  -0.258705683E-06   0.884579805E-07
   0.116568560E-05   0.100670297E-05  -0.278810262E-06   0.566689877E-07
   0.161089986E-05   0.142208353E-05  -0.335017802E-06   0.467899071E-07
   0.238450411E-05   0.211496717E-05  -0.593495827E-06   0.638399271E-07
   0.371429064E-05   0.339492453E-05  -0.130628769E-05   0.159263180E-06
   0.557214662E-05   0.510341260E-05  -0.231315539E-05   0.308521152E-06
   0.857030227E-05   0.795118012E-05  -0.429854754E-05   0.617543094E-06
   0.128561687E-04   0.120086906E-04  -0.727122097E-05   0.108662107E-05
   0.189159709E-04   0.178863629E-04  -0.117184391E-04   0.178031212E-05
   0.277922300E-04   0.262551348E-04  -0.184072251E-04   0.281445455E-05
   0.402685764E-04   0.381975478E-04  -0.281618668E-04   0.428450721E-05
   0.567777424E-04   0.538241511E-04  -0.408358756E-04   0.617619889E-05
   0.796090462E-04   0.752850319E-04  -0.585123125E-04   0.874022680E-05
   0.108612177E-03   0.102945960E-03  -0.807148172E-04   0.118058533E-04
   0.146979903E-03   0.139043463E-03  -0.109591259E-03   0.157527338E-04
   0.195602930E-03   0.184556819E-03  -0.145189915E-03   0.204540920E-04
   0.256556174E-03   0.241731643E-03  -0.188767764E-03   0.260161669E-04
   0.332061376E-03   0.312445569E-03  -0.241151050E-03   0.324087414E-04
   0.424830971E-03   0.399059383E-03  -0.303370151E-03   0.397293843E-04
   0.535070198E-03   0.502042996E-03  -0.374173047E-03   0.475572670E-04
   0.666580338E-03   0.624777866E-03  -0.455350149E-03   0.560705885E-04
   0.820834015E-03   0.768483267E-03  -0.546457653E-03   0.653494208E-04
   0.999356154E-03   0.934513577E-03  -0.647005450E-03   0.749207102E-04
   0.120488484E-02   0.112564920E-02  -0.758181501E-03   0.848419368E-04
   0.144088187E-02   0.134443934E-02  -0.881120097E-03   0.949920213E-04
   0.171350595E-02   0.159676198E-02  -0.102019904E-02   0.105385581E-03
   0.203745509E-02   0.189499930E-02  -0.118499622E-02   0.116371455E-03
   0.244747219E-02   0.227000401E-02  -0.139835745E-02   0.129434527E-03
   0.301702553E-02   0.278763077E-02  -0.170290587E-02   0.146421327E-03
   0.389852631E-02   0.358448131E-02  -0.217583356E-02   0.169338193E-03
   0.541510247E-02   0.495216204E-02  -0.295853242E-02   0.202551295E-03
   0.823050085E-02   0.749169476E-02  -0.429250859E-02   0.251331308E-03
   0.136750266E-01   0.124173695E-01  -0.656188419E-02   0.323897460E-03
   0.243981909E-01   0.221471265E-01  -0.103296675E-01   0.420935685E-03
   0.453503989E-01   0.412073359E-01  -0.162176136E-01   0.531513127E-03
   0.850101113E-01   0.773894638E-01  -0.244424157E-01   0.625559071E-03
   0.154166147E+00   0.140606970E+00  -0.332773514E-01   0.627060537E-03
   0.256227285E+00   0.234055772E+00  -0.368588343E-01   0.457658083E-03
   0.364206433E+00   0.333024353E+00  -0.261824112E-01   0.161493546E-03
   0.413645089E+00   0.378363699E+00  -0.674051535E-07   0.000000000E+00
