   0.798407495E-01   0.609902859E+00   0.362256181E-07   0.000000000E+00
   0.739786103E-01   0.564984143E+00   0.187576804E-01   0.109436158E-03
   0.595242344E-01   0.454265952E+00   0.301509164E-01   0.349098467E-03
   0.427588187E-01   0.325626850E+00   0.323917754E-01   0.554453698E-03
   0.284088347E-01   0.215380102E+00   0.285116881E-01   0.637631631E-03
   0.180786904E-01   0.135800421E+00   0.223848131E-01   0.605363864E-03
   0.113657219E-01   0.840044245E-01   0.164872464E-01   0.512377417E-03
   0.725513976E-02   0.522188768E-01   0.117874537E-01   0.401055382E-03
   0.481757987E-02   0.334083363E-01   0.841031317E-02   0.304517074E-03
   0.337734702E-02   0.223373212E-01   0.609671092E-02   0.225888041E-03
   0.251510949E-02   0.158081148E-01   0.455916952E-02   0.171969659E-03
   0.198165397E-02   0.118647991E-01   0.354565540E-02   0.133058929E-03
   0.162823661E-02   0.936125219E-02   0.285979710E-02   0.109432214E-03
   0.137697568E-02   0.767495530E-02   0.238026073E-02   0.935126227E-04
   0.118333020E-02   0.645098835E-02   0.202528667E-02   0.838175110E-04
   0.102403713E-02   0.549736293E-02   0.174566277E-02   0.764778015E-04
   0.888429233E-03   0.471937982E-02   0.151529047E-02   0.713507980E-04
   0.768674363E-03   0.405190326E-02   0.131486601E-02   0.666316846E-04
   0.662516919E-03   0.347291143E-02   0.113825838E-02   0.615733516E-04
   0.567062816E-03   0.296151103E-02   0.978341093E-03   0.557635285E-04
   0.482038275E-03   0.250631338E-02   0.832697493E-03   0.503297306E-04
   0.408175751E-03   0.211234763E-02   0.705154263E-03   0.451987835E-04
   0.342513376E-03   0.176952721E-02   0.591346063E-03   0.390573514E-04
   0.285639166E-03   0.146638171E-02   0.489387370E-03   0.335768163E-04
   0.236893466E-03   0.120895659E-02   0.401830854E-03   0.284692396E-04
   0.194947686E-03   0.989487162E-03   0.326139037E-03   0.235171028E-04
   0.159603660E-03   0.804425625E-03   0.262099958E-03   0.190531846E-04
   0.129303473E-03   0.644684013E-03   0.206000288E-03   0.148810814E-04
   0.104792773E-03   0.515752297E-03   0.161373609E-03   0.115552075E-04
   0.847502306E-04   0.410829554E-03   0.125410428E-03   0.894888126E-05
   0.678045762E-04   0.322756241E-03   0.948543311E-04   0.645097680E-05
   0.543455644E-04   0.252179801E-03   0.709778396E-04   0.461753780E-05
   0.434378526E-04   0.195604181E-03   0.520410285E-04   0.311950726E-05
   0.347978712E-04   0.150884312E-03   0.375099444E-04   0.203873992E-05
   0.280533332E-04   0.115713221E-03   0.265089693E-04   0.127326859E-05
   0.227216333E-04   0.882678723E-04   0.181523228E-04   0.703215107E-06
   0.185439440E-04   0.674305556E-04   0.120444138E-04   0.377102708E-06
   0.154028294E-04   0.508597841E-04   0.749526725E-05   0.157185241E-06
   0.130378276E-04   0.387744476E-04   0.446377408E-05   0.856058264E-07
   0.112605912E-04   0.298820451E-04   0.240384634E-05   0.103042460E-06
   0.100001880E-04   0.226969023E-04   0.902320778E-06   0.112692639E-06
   0.911142888E-05   0.176353606E-04   0.166747594E-07   0.161916148E-06
   0.854179507E-05   0.138740415E-04  -0.537317590E-06   0.212302297E-06
   0.825161715E-05   0.112008620E-04  -0.842294014E-06   0.245543703E-06
   0.822897164E-05   0.939748770E-05  -0.950008882E-06   0.252627956E-06
   0.847351112E-05   0.823421033E-05  -0.976463184E-06   0.222589961E-06
   0.886549151E-05   0.769879625E-05  -0.100150805E-05   0.201424498E-06
   0.959288718E-05   0.770487350E-05  -0.102469437E-05   0.148672356E-06
   0.107130036E-04   0.833443482E-05  -0.116557953E-05   0.933355508E-07
   0.121774065E-04   0.944216299E-05  -0.135836842E-05   0.312818464E-07
   0.144133446E-04   0.115119701E-04  -0.199316787E-05   0.236876048E-07
   0.173626267E-04   0.146276743E-04  -0.302406238E-05   0.973102914E-07
   0.214051088E-04   0.189264920E-04  -0.470112445E-05   0.273690148E-06
   0.267491887E-04   0.249017849E-04  -0.723788025E-05   0.613616351E-06
   0.338535647E-04   0.329167415E-04  -0.109641351E-04   0.117503737E-05
   0.430916189E-04   0.434530557E-04  -0.161534281E-04   0.202456613E-05
   0.549836914E-04   0.573693724E-04  -0.233149985E-04   0.324254620E-05
   0.706187275E-04   0.754502325E-04  -0.332042255E-04   0.493985863E-05
   0.904805202E-04   0.983277714E-04  -0.460994052E-04   0.721945798E-05
   0.115376119E-03   0.127165869E-03  -0.626351102E-04   0.100869174E-04
   0.146245395E-03   0.163196484E-03  -0.835066894E-04   0.137180105E-04
   0.185203142E-03   0.208091587E-03  -0.110081513E-03   0.182982640E-04
   0.232410137E-03   0.263193157E-03  -0.142534089E-03   0.237171171E-04
   0.289244752E-03   0.328805501E-03  -0.180991599E-03   0.301719010E-04
   0.358284073E-03   0.408946886E-03  -0.227843935E-03   0.377029937E-04
   0.440146192E-03   0.503909832E-03  -0.282648660E-03   0.463956385E-04
   0.536854728E-03   0.615235418E-03  -0.345922075E-03   0.562546193E-04
   0.649381080E-03   0.746695849E-03  -0.418956595E-03   0.668411667E-04
   0.779176131E-03   0.896766025E-03  -0.500280876E-03   0.785865996E-04
   0.928040652E-03   0.106947962E-02  -0.591443561E-03   0.914036427E-04
   0.109951943E-02   0.126862689E-02  -0.694024202E-03   0.104989267E-03
   0.129361264E-02   0.149391789E-02  -0.806491415E-03   0.119420867E-03
   0.151352212E-02   0.174886989E-02  -0.929963950E-03   0.134298956E-03
   0.176111958E-02   0.203641481E-02  -0.106505712E-02   0.149151383E-03
   0.204819907E-02   0.236746483E-02  -0.121822464E-02   0.165568737E-03
   0.238315365E-02   0.275219721E-02  -0.139395823E-02   0.182863761E-03
   0.279251696E-02   0.321944244E-02  -0.160753715E-02   0.200296316E-03
   0.332200713E-02   0.381730171E-02  -0.188248628E-02   0.221411290E-03
   0.405765604E-02   0.463971030E-02  -0.226112409E-02   0.246657146E-03
   0.515447697E-02   0.585620478E-02  -0.281037600E-02   0.278419058E-03
   0.688791880E-02   0.776963681E-02  -0.363173336E-02   0.319035200E-03
   0.975566916E-02   0.109311948E-01  -0.488231191E-02   0.371965521E-03
   0.145862093E-01   0.162617359E-01  -0.676024705E-02   0.438084156E-03
   0.228183456E-01   0.253646728E-01  -0.952112395E-02   0.514900603E-03
   0.366483703E-01   0.407110676E-01  -0.133499112E-01   0.594265060E-03
   0.591763444E-01   0.657809824E-01  -0.181620084E-01   0.649917056E-03
   0.937516764E-01   0.104371153E+00  -0.231689755E-01   0.645482040E-03
   0.141658530E+00   0.157978967E+00  -0.263571683E-01   0.540566631E-03
   0.197598353E+00   0.220651880E+00  -0.245601200E-01   0.330600422E-03
   0.245889768E+00   0.274854422E+00  -0.152986934E-01   0.102226441E-03
   0.265391976E+00   0.296764523E+00  -0.297973966E-07   0.000000000E+00
