   0.755737582E-02   0.890546143E-01   0.000000000E+00   0.000000000E+00
   0.696425512E-02   0.821469873E-01   0.784083549E-02   0.443794997E-04
   0.552127650E-02   0.653123781E-01   0.121994847E-01   0.137499839E-03
   0.391047262E-02   0.464815237E-01   0.125672230E-01   0.211390390E-03
   0.258946209E-02   0.309546329E-01   0.106402515E-01   0.236929278E-03
   0.167501718E-02   0.201153643E-01   0.817224197E-02   0.226452408E-03
   0.109556608E-02   0.131544573E-01   0.604638457E-02   0.201120201E-03
   0.741793076E-03   0.882642996E-02   0.447893422E-02   0.174841829E-03
   0.524556555E-03   0.611753995E-02   0.338479900E-02   0.152805573E-03
   0.385697320E-03   0.436195591E-02   0.261502760E-02   0.134394300E-03
   0.291985431E-03   0.317918230E-02   0.205513230E-02   0.118381715E-03
   0.224769930E-03   0.234595034E-02   0.162762194E-02   0.103866005E-03
   0.173903318E-03   0.173834793E-02   0.128681748E-02   0.904464250E-04
   0.134154718E-03   0.128533866E-02   0.100905506E-02   0.770195329E-04
   0.102506950E-03   0.943111954E-03   0.780472415E-03   0.643300154E-04
   0.771288105E-04   0.684288912E-03   0.592942582E-03   0.521098736E-04
   0.567346215E-04   0.486782286E-03   0.438740244E-03   0.409946442E-04
   0.408415581E-04   0.340248254E-03   0.317233382E-03   0.313139899E-04
   0.284698999E-04   0.231141370E-03   0.221470313E-03   0.230120913E-04
   0.192751104E-04   0.152764813E-03   0.149790998E-03   0.163724162E-04
   0.124447997E-04   0.967809610E-04   0.963064595E-04   0.109866742E-04
   0.768402879E-05   0.587306313E-04   0.589902265E-04   0.702946454E-05
   0.441400016E-05   0.331927768E-04   0.333093158E-04   0.412458166E-05
   0.240496934E-05   0.179378076E-04   0.177798574E-04   0.228708450E-05
   0.120929872E-05   0.892490880E-05   0.861407807E-05   0.115280329E-05
   0.503104445E-06   0.376255957E-05   0.330180592E-05   0.462332082E-06
   0.188307055E-06   0.150240203E-05   0.107364292E-05   0.160046653E-06
   0.658730954E-07   0.621235642E-06   0.302640274E-06   0.450025190E-07
   0.411261745E-07   0.430408164E-06   0.238830580E-06   0.241063631E-07
   0.499790183E-07   0.493347272E-06   0.403612319E-06   0.461099390E-07
   0.710428765E-07   0.651447010E-06   0.642251905E-06   0.857442615E-07
   0.843841477E-07   0.719624097E-06   0.745836871E-06   0.952748067E-07
   0.839547738E-07   0.688190426E-06   0.755413282E-06   0.104300803E-06
   0.725327567E-07   0.561411014E-06   0.607067705E-06   0.768623636E-07
   0.646688960E-07   0.487928730E-06   0.545000262E-06   0.703926730E-07
   0.465020449E-07   0.334786023E-06   0.388730939E-06   0.487019030E-07
   0.328980647E-07   0.225960775E-06   0.259983352E-06   0.301699856E-07
   0.253805492E-07   0.158233192E-06   0.165573027E-06   0.178698549E-07
   0.169144503E-07   0.101089292E-06   0.106238389E-06   0.108873506E-07
   0.124890098E-07   0.557675222E-07   0.439672370E-07   0.380775989E-08
   0.636278941E-08   0.244947600E-07   0.197347063E-07   0.700268898E-09
   0.723861060E-08   0.106783595E-07  -0.928826704E-08  -0.491975183E-09
   0.277099210E-08   0.406604617E-08  -0.291036173E-08  -0.368194197E-09
   0.561944891E-08   0.573663916E-08  -0.180154771E-07   0.213501217E-08
   0.323786797E-08   0.369924225E-08  -0.103723439E-07   0.201503081E-08
   0.276008461E-08   0.550260948E-08  -0.107039311E-08   0.227879426E-08
   0.802630740E-09   0.362385300E-08   0.384063314E-08   0.960772017E-09
   0.846459347E-09   0.316316284E-08   0.353949359E-08   0.287127631E-10
   0.221426366E-08   0.414583123E-08   0.224599561E-08  -0.745068618E-09
   0.666409772E-08   0.117893864E-07  -0.100154587E-07   0.621232343E-09
   0.167493113E-07   0.222802683E-07  -0.448574475E-07   0.375583387E-08
   0.343080302E-07   0.421721502E-07  -0.107927605E-06   0.119375656E-07
   0.636983302E-07   0.735637400E-07  -0.210966917E-06   0.263291042E-07
   0.110552506E-06   0.131911207E-06  -0.376062900E-06   0.514004412E-07
   0.161626303E-06   0.184162374E-06  -0.543751014E-06   0.758638308E-07
   0.216165006E-06   0.252476582E-06  -0.728352973E-06   0.102043970E-06
   0.308279482E-06   0.353261015E-06  -0.102810395E-05   0.149614237E-06
   0.397498837E-06   0.456587742E-06  -0.130719991E-05   0.185932564E-06
   0.428769624E-06   0.486991155E-06  -0.137677659E-05   0.198881665E-06
   0.415636379E-06   0.470571081E-06  -0.128511670E-05   0.181884985E-06
   0.374866403E-06   0.421153231E-06  -0.107691926E-05   0.147478687E-06
   0.290640799E-06   0.318633596E-06  -0.701648673E-06   0.974058239E-07
   0.239176586E-06   0.247536889E-06  -0.385118710E-06   0.535145404E-07
   0.352936325E-06   0.339592333E-06  -0.495815414E-06   0.717283228E-07
   0.923022810E-06   0.894200184E-06  -0.188491731E-05   0.264406566E-06
   0.248614219E-05   0.243325167E-05  -0.599335772E-05   0.790536092E-06
   0.550066306E-05   0.530619400E-05  -0.136710269E-04   0.173774890E-05
   0.115091925E-04   0.110815845E-04  -0.291161123E-04   0.355952693E-05
   0.211701717E-04   0.201949078E-04  -0.528898636E-04   0.622905782E-05
   0.364869302E-04   0.345558910E-04  -0.892975295E-04   0.100594480E-04
   0.599241066E-04   0.562316018E-04  -0.142623583E-03   0.154220015E-04
   0.928799127E-04   0.864007598E-04  -0.213192150E-03   0.220713064E-04
   0.139367752E-03   0.128765110E-03  -0.307219481E-03   0.303263969E-04
   0.202584473E-03   0.186233709E-03  -0.426706596E-03   0.400823010E-04
   0.285438757E-03   0.261504378E-03  -0.570602424E-03   0.507214609E-04
   0.394577713E-03   0.361209037E-03  -0.745452242E-03   0.627334011E-04
   0.534907391E-03   0.490540522E-03  -0.949455134E-03   0.752610504E-04
   0.715421105E-03   0.658915436E-03  -0.118667795E-02   0.883008252E-04
   0.948902103E-03   0.879656698E-03  -0.146339985E-02   0.102047583E-03
   0.125558348E-02   0.117368507E-02  -0.179209828E-02   0.116918200E-03
   0.166804635E-02   0.157421862E-02  -0.219306396E-02   0.132389061E-03
   0.224860548E-02   0.214159559E-02  -0.271640788E-02   0.151137181E-03
   0.310258428E-02   0.297843269E-02  -0.343064358E-02   0.173506894E-03
   0.441650860E-02   0.426455215E-02  -0.444381917E-02   0.200171635E-03
   0.650839228E-02   0.630753161E-02  -0.588408904E-02   0.229712561E-03
   0.984576810E-02   0.956371240E-02  -0.780233182E-02   0.255047547E-03
   0.150129013E-01   0.146062570E-01  -0.998484157E-02   0.259813154E-03
   0.223434083E-01   0.217769351E-01  -0.116093419E-01   0.225354510E-03
   0.311666075E-01   0.304290727E-01  -0.111292712E-01   0.143094148E-03
   0.389785990E-01   0.381093733E-01  -0.709057739E-02   0.454158981E-04
   0.421910174E-01   0.412678160E-01  -0.180522974E-07   0.000000000E+00
