   0.465732142E-01   0.419547558E+00   0.000000000E+00   0.000000000E+00
   0.412944928E-01   0.371970892E+00   0.321324952E-01   0.189433529E-03
   0.295799430E-01   0.266473174E+00   0.453664437E-01   0.532500970E-03
   0.182848871E-01   0.164856970E+00   0.410192758E-01   0.716504233E-03
   0.104572624E-01   0.945548713E-01   0.301492978E-01   0.695321127E-03
   0.586408842E-02   0.533761643E-01   0.201173332E-01   0.575949322E-03
   0.336746778E-02   0.309824236E-01   0.130279930E-01   0.443714292E-03
   0.203797407E-02   0.190279987E-01   0.856099930E-02   0.340015074E-03
   0.131983880E-02   0.125161260E-01   0.587420072E-02   0.268149655E-03
   0.913342927E-03   0.877314340E-02   0.425262516E-02   0.220379225E-03
   0.666691049E-03   0.645385124E-02   0.323179900E-02   0.187830374E-03
   0.504370895E-03   0.489372388E-02   0.254176767E-02   0.165548583E-03
   0.389058521E-03   0.376557186E-02   0.203546300E-02   0.144984893E-03
   0.302342611E-03   0.290722609E-02   0.163822342E-02   0.128012296E-03
   0.234411491E-03   0.223470968E-02   0.131177099E-02   0.110445304E-03
   0.180483912E-03   0.170288293E-02   0.103971746E-02   0.937658915E-04
   0.137419396E-03   0.128244900E-02   0.812417711E-03   0.778189860E-04
   0.102768645E-03   0.948346627E-03   0.620534644E-03   0.631378571E-04
   0.754444409E-04   0.689420325E-03   0.464002427E-03   0.495855893E-04
   0.545349030E-04   0.493005791E-03   0.340522296E-03   0.382888284E-04
   0.384452687E-04   0.344523549E-03   0.242858994E-03   0.285214192E-04
   0.262892900E-04   0.234146326E-03   0.167287915E-03   0.204766257E-04
   0.174719553E-04   0.154931433E-03   0.111552756E-03   0.142183371E-04
   0.111170202E-04   0.987955573E-04   0.708656517E-04   0.934402306E-05
   0.673065597E-05   0.601119937E-04   0.423843812E-04   0.582516395E-05
   0.396959558E-05   0.358832622E-04   0.246709224E-04   0.348756862E-05
   0.212202508E-05   0.196619603E-04   0.126498899E-04   0.185742419E-05
   0.107000074E-05   0.103792881E-04   0.599736813E-05   0.911605071E-06
   0.501136981E-06   0.515423517E-05   0.247129310E-05   0.381062904E-06
   0.229111677E-06   0.245692081E-05   0.853236827E-06   0.117306413E-06
   0.115740853E-06   0.126625889E-05   0.311037724E-06   0.208960902E-07
   0.802814526E-07   0.828659495E-06   0.275963743E-06   0.162737361E-07
   0.925397856E-07   0.732992248E-06   0.423699248E-06   0.215185558E-07
   0.102210720E-06   0.763986520E-06   0.618264835E-06   0.644132143E-07
   0.108026725E-06   0.756972383E-06   0.684171425E-06   0.731628234E-07
   0.109723423E-06   0.736558206E-06   0.710697407E-06   0.783111815E-07
   0.982206885E-07   0.653098596E-06   0.643036799E-06   0.747911102E-07
   0.865109442E-07   0.569009728E-06   0.543918475E-06   0.658155770E-07
   0.641882352E-07   0.414465518E-06   0.419151576E-06   0.502054682E-07
   0.487323284E-07   0.327171534E-06   0.324253477E-06   0.437322782E-07
   0.347913520E-07   0.240278013E-06   0.236006301E-06   0.345851738E-07
   0.182254283E-07   0.128167571E-06   0.124851397E-06   0.194762109E-07
   0.107172591E-07   0.845440340E-07   0.820832113E-07   0.156604045E-07
   0.451889148E-08   0.526865307E-07   0.433864678E-07   0.159303433E-07
   0.434465841E-08   0.393537505E-07   0.258398618E-07   0.152800883E-07
   0.320994364E-08   0.204136352E-07  -0.116429373E-07   0.133805074E-07
   0.135967255E-07   0.274190999E-07  -0.446654091E-07   0.179720541E-07
   0.286931456E-07   0.397716597E-07  -0.923816543E-07   0.215710223E-07
   0.480188156E-07   0.593057159E-07  -0.145830214E-06   0.270873102E-07
   0.983936062E-07   0.115675626E-06  -0.288716109E-06   0.477048516E-07
   0.132046779E-06   0.154688706E-06  -0.373224140E-06   0.530711581E-07
   0.205927577E-06   0.231961323E-06  -0.576683476E-06   0.826185484E-07
   0.252647254E-06   0.287931357E-06  -0.703483295E-06   0.100874082E-06
   0.339514258E-06   0.386436028E-06  -0.938317328E-06   0.136621821E-06
   0.412348413E-06   0.452900906E-06  -0.110333428E-05   0.158254323E-06
   0.403116104E-06   0.440872100E-06  -0.103102718E-05   0.144212862E-06
   0.440978113E-06   0.488905471E-06  -0.106729829E-05   0.144860635E-06
   0.427615845E-06   0.470369798E-06  -0.909772382E-06   0.120706872E-06
   0.408137055E-06   0.441749506E-06  -0.661074523E-06   0.869640999E-07
   0.422458896E-06   0.445772400E-06  -0.379176299E-06   0.482434963E-07
   0.626548228E-06   0.649348578E-06  -0.409106406E-06   0.615539619E-07
   0.127077976E-05   0.129708701E-05  -0.125926124E-05   0.190886041E-06
   0.286156592E-05   0.288558022E-05  -0.398865996E-05   0.578410436E-06
   0.576650791E-05   0.576556931E-05  -0.913858003E-05   0.127563590E-05
   0.109527946E-04   0.109308421E-04  -0.186372599E-04   0.250300036E-05
   0.199052229E-04   0.196701239E-04  -0.350052724E-04   0.454882183E-05
   0.341157465E-04   0.335167169E-04  -0.606693175E-04   0.761925958E-05
   0.552459242E-04   0.537984779E-04  -0.972818889E-04   0.118630769E-04
   0.864451576E-04   0.838724081E-04  -0.150056541E-03   0.175115874E-04
   0.130637767E-03   0.126076833E-03  -0.221365946E-03   0.248801589E-04
   0.189686456E-03   0.182161864E-03  -0.310592353E-03   0.334557735E-04
   0.270913530E-03   0.259503693E-03  -0.428246887E-03   0.440643344E-04
   0.375542557E-03   0.358841848E-03  -0.568554213E-03   0.560685185E-04
   0.510520767E-03   0.487740530E-03  -0.737897411E-03   0.690717789E-04
   0.680547440E-03   0.650610484E-03  -0.934637268E-03   0.831916332E-04
   0.895077363E-03   0.857945066E-03  -0.116594508E-02   0.985382794E-04
   0.116129441E-02   0.111755286E-02  -0.143093523E-02   0.114323208E-03
   0.149078656E-02   0.144225534E-02  -0.173450948E-02   0.131736306E-03
   0.190758845E-02   0.185772905E-02  -0.209771236E-02   0.150202322E-03
   0.244733645E-02   0.240137638E-02  -0.254877587E-02   0.171907188E-03
   0.318970205E-02   0.315329479E-02  -0.316202664E-02   0.200211711E-03
   0.428730855E-02   0.426763203E-02  -0.406650780E-02   0.239396279E-03
   0.605072733E-02   0.605558464E-02  -0.549745234E-02   0.294107798E-03
   0.910837762E-02   0.914923195E-02  -0.785652641E-02   0.372566370E-03
   0.146896653E-01   0.147923129E-01  -0.117388265E-01   0.477676542E-03
   0.250508171E-01   0.252834857E-01  -0.178092103E-01   0.598870567E-03
   0.439239107E-01   0.444524325E-01  -0.262583811E-01   0.698216259E-03
   0.757769421E-01   0.769141614E-01  -0.351901911E-01   0.691474008E-03
   0.121369988E+00   0.123540953E+00  -0.384513624E-01   0.498353795E-03
   0.168276861E+00   0.171639875E+00  -0.270056184E-01   0.173940876E-03
   0.189419955E+00   0.193346694E+00  -0.788672168E-07   0.000000000E+00
