   0.209926441E-01   0.216303796E+00   0.000000000E+00   0.000000000E+00
   0.187144708E-01   0.192876264E+00   0.178217050E-01   0.101960490E-03
   0.136061972E-01   0.140334740E+00   0.254624188E-01   0.289955729E-03
   0.857603829E-02   0.886406004E-01   0.233684145E-01   0.395856914E-03
   0.501539884E-02   0.520734675E-01   0.174680296E-01   0.390701811E-03
   0.288059213E-02   0.301407948E-01   0.118739130E-01   0.329173025E-03
   0.169893855E-02   0.179563239E-01   0.787192862E-02   0.260545319E-03
   0.105893030E-02   0.112988083E-01   0.532680005E-02   0.205221964E-03
   0.703399244E-03   0.755007612E-02   0.376070314E-02   0.167489809E-03
   0.496027293E-03   0.532016950E-02   0.278565334E-02   0.141708573E-03
   0.365717220E-03   0.389251346E-02   0.214376440E-02   0.122845173E-03
   0.277000683E-03   0.290883682E-02   0.168714195E-02   0.107556829E-03
   0.212354164E-03   0.219170447E-02   0.133846875E-02   0.937853983E-04
   0.163046949E-03   0.164935004E-02   0.105890865E-02   0.809316480E-04
   0.124242579E-03   0.123109075E-02   0.827996817E-03   0.680823505E-04
   0.936420765E-04   0.908639980E-03   0.638074183E-03   0.561418128E-04
   0.694412374E-04   0.660107820E-03   0.481921132E-03   0.451296510E-04
   0.503766314E-04   0.469666091E-03   0.354625663E-03   0.351614290E-04
   0.358472898E-04   0.328225200E-03   0.255357241E-03   0.266216630E-04
   0.247284843E-04   0.222612172E-03   0.177377340E-03   0.194272961E-04
   0.163736604E-04   0.146003338E-03   0.118016127E-03   0.134857328E-04
   0.105058079E-04   0.927741348E-04   0.757312955E-04   0.898708367E-05
   0.644012107E-05   0.565969094E-04   0.462372300E-04   0.571232067E-05
   0.373365856E-05   0.326716035E-04   0.264401842E-04   0.341374789E-05
   0.198253520E-05   0.176327849E-04   0.137278685E-04   0.182024758E-05
   0.994350899E-06   0.898850067E-05   0.660789237E-05   0.910035737E-06
   0.430683400E-06   0.411403835E-05   0.262494382E-05   0.373413570E-06
   0.166347164E-06   0.175117100E-05   0.839969289E-06   0.119824335E-06
   0.708128525E-07   0.828901705E-06   0.290798937E-06   0.369801292E-07
   0.435244125E-07   0.513645148E-06   0.206140982E-06   0.209148059E-07
   0.532483639E-07   0.497484564E-06   0.341712479E-06   0.330673444E-07
   0.702586220E-07   0.583470182E-06   0.527470149E-06   0.630501518E-07
   0.737863957E-07   0.574443618E-06   0.557165436E-06   0.655927579E-07
   0.745606954E-07   0.562826642E-06   0.572907936E-06   0.709324510E-07
   0.700533533E-07   0.497477629E-06   0.510277800E-06   0.589919189E-07
   0.606956618E-07   0.429294232E-06   0.452796115E-06   0.553074031E-07
   0.495312804E-07   0.334331446E-06   0.327602777E-06   0.398564843E-07
   0.329087904E-07   0.215221348E-06   0.229223147E-06   0.255798547E-07
   0.261074380E-07   0.151186356E-06   0.136224301E-06   0.151966031E-07
   0.180282118E-07   0.991168605E-07   0.957580539E-07   0.873980355E-08
   0.108868194E-07   0.491149592E-07   0.389333294E-07   0.310974890E-08
   0.661721833E-08   0.264577995E-07   0.207000177E-07   0.969711755E-09
   0.552112001E-08   0.108505320E-07  -0.187516536E-08  -0.255800214E-09
   0.274620815E-08   0.452473925E-08  -0.220326091E-08  -0.144748033E-09
   0.639463704E-09   0.238323938E-08   0.291806773E-09   0.329380107E-09
   0.226788935E-09   0.847262982E-09   0.978514381E-09   0.617598056E-10
   0.101955322E-08   0.206246842E-08   0.230657782E-08  -0.652088175E-10
   0.289176660E-08   0.437934444E-08  -0.552920643E-08   0.430842056E-09
   0.895505270E-08   0.147735548E-07  -0.209732232E-07   0.280172596E-08
   0.228124897E-07   0.240220182E-07  -0.634697841E-07   0.651444454E-08
   0.297696836E-07   0.341034827E-07  -0.806205449E-07   0.797886379E-08
   0.574653249E-07   0.657989503E-07  -0.166026737E-06   0.196195078E-07
   0.101737953E-06   0.113417997E-06  -0.305417984E-06   0.408126297E-07
   0.136768492E-06   0.148474001E-06  -0.408806926E-06   0.560155229E-07
   0.221441809E-06   0.238595419E-06  -0.661642844E-06   0.949274224E-07
   0.271912882E-06   0.292476642E-06  -0.802765612E-06   0.114382992E-06
   0.298284306E-06   0.321841753E-06  -0.866859523E-06   0.123664861E-06
   0.382399008E-06   0.414847875E-06  -0.108946119E-05   0.152941638E-06
   0.363096632E-06   0.385336932E-06  -0.977728860E-06   0.138099480E-06
   0.362880229E-06   0.387438519E-06  -0.900420730E-06   0.125448636E-06
   0.291321072E-06   0.305071836E-06  -0.562834543E-06   0.783994167E-07
   0.278842663E-06   0.283057346E-06  -0.318388686E-06   0.496422494E-07
   0.463322380E-06   0.443902650E-06  -0.468669867E-06   0.685005901E-07
   0.107152437E-05   0.102831348E-05  -0.156577573E-05   0.221877897E-06
   0.257208421E-05   0.242588635E-05  -0.457219130E-05   0.610177835E-06
   0.554859162E-05   0.520861568E-05  -0.107313863E-04   0.138026223E-05
   0.109893854E-04   0.102434624E-04  -0.219637495E-04   0.272581997E-05
   0.202658903E-04   0.187832993E-04  -0.408536871E-04   0.488036085E-05
   0.349631046E-04   0.320922918E-04  -0.696725110E-04   0.804534193E-05
   0.571601522E-04   0.520535650E-04  -0.111472422E-03   0.123723430E-04
   0.892586977E-04   0.807598044E-04  -0.168980521E-03   0.179675280E-04
   0.134433532E-03   0.120847013E-03  -0.245296978E-03   0.249850636E-04
   0.195958477E-03   0.175350884E-03  -0.342643558E-03   0.332851196E-04
   0.278860505E-03   0.248745375E-03  -0.465216552E-03   0.428766143E-04
   0.387015170E-03   0.344531116E-03  -0.612521719E-03   0.536606967E-04
   0.525392068E-03   0.467676873E-03  -0.784798176E-03   0.652054805E-04
   0.702524616E-03   0.626770023E-03  -0.987236621E-03   0.773405409E-04
   0.927912362E-03   0.831142010E-03  -0.122304459E-02   0.903334221E-04
   0.121459295E-02   0.109399331E-02  -0.149756786E-02   0.104394436E-03
   0.158933736E-02   0.144156383E-02  -0.183285261E-02   0.119770528E-03
   0.209653913E-02   0.191599061E-02  -0.226351945E-02   0.138477102E-03
   0.282733981E-02   0.260245451E-02  -0.286578294E-02   0.163103919E-03
   0.396384718E-02   0.366980629E-02  -0.377912493E-02   0.196039357E-03
   0.586729497E-02   0.545262545E-02  -0.523877516E-02   0.242439637E-03
   0.924012624E-02   0.860372558E-02  -0.759668602E-02   0.302754779E-03
   0.153629547E-01   0.143220834E-01  -0.112444470E-01   0.372878101E-03
   0.262744166E-01   0.245265700E-01  -0.162405688E-01   0.425893872E-03
   0.442905612E-01   0.414209440E-01  -0.213778261E-01   0.415374874E-03
   0.695310980E-01   0.651535019E-01  -0.229928698E-01   0.294240774E-03
   0.949950740E-01   0.891546011E-01  -0.159555040E-01   0.101402191E-03
   0.106320009E+00   0.998405591E-01  -0.367741677E-07   0.000000000E+00
