   0.518081884E-03   0.132493442E-01   0.000000000E+00   0.000000000E+00
   0.504101452E-03   0.127532138E-01   0.151318882E-02   0.862854995E-05
   0.466940983E-03   0.114391930E-01   0.269481330E-02   0.308116141E-04
   0.416336203E-03   0.965459459E-02   0.337926601E-02   0.579586558E-04
   0.362165127E-03   0.776658859E-02   0.359238824E-02   0.820310306E-04
   0.311612966E-03   0.605448335E-02   0.347615080E-02   0.994040238E-04
   0.267386349E-03   0.462886505E-02   0.317594921E-02   0.108852873E-03
   0.229261030E-03   0.349886343E-02   0.279603922E-02   0.111826252E-03
   0.195695757E-03   0.263396115E-02   0.239741593E-02   0.109426197E-03
   0.165646503E-03   0.197600457E-02   0.201193173E-02   0.103235310E-03
   0.137840238E-03   0.147576805E-02   0.165020220E-02   0.937272343E-04
   0.112526322E-03   0.109615200E-02   0.132500869E-02   0.825797251E-04
   0.898853395E-04   0.807448116E-03   0.104085042E-02   0.706032879E-04
   0.695027848E-04   0.584625232E-03   0.792660343E-03   0.580006381E-04
   0.518488159E-04   0.413425820E-03   0.583157991E-03   0.456836860E-04
   0.372809191E-04   0.284627662E-03   0.414041802E-03   0.344636865E-04
   0.256660351E-04   0.188803606E-03   0.281539717E-03   0.248653032E-04
   0.167278158E-04   0.118839416E-03   0.180965682E-03   0.168763945E-04
   0.103905613E-04   0.716351205E-04   0.110850044E-03   0.108160266E-04
   0.581228687E-05   0.386749307E-04   0.607239781E-04   0.618521926E-05
   0.305376034E-05   0.193949636E-04   0.310625474E-04   0.330989201E-05
   0.141829742E-05   0.840738721E-05   0.138375190E-04   0.154224085E-05
   0.540431870E-06   0.286465911E-05   0.486807949E-05   0.565914547E-06
   0.142262479E-06   0.627212671E-06   0.105793868E-05   0.135369618E-06
   0.468991885E-07   0.300691994E-06   0.374566497E-06   0.454034073E-07
   0.544696768E-07   0.586074293E-06   0.692430092E-06   0.902291575E-07
   0.962330517E-07   0.104317974E-05   0.131619754E-05   0.185234924E-06
   0.116809240E-06   0.118019557E-05   0.155350585E-05   0.221143779E-06
   0.125107775E-06   0.121350399E-05   0.163492609E-05   0.238079494E-06
   0.118299667E-06   0.110887436E-05   0.152419614E-05   0.225720527E-06
   0.928302981E-07   0.845596958E-06   0.117905938E-05   0.175419075E-06
   0.674562841E-07   0.619308821E-06   0.859987267E-06   0.134076728E-06
   0.405304768E-07   0.373527001E-06   0.516405862E-06   0.832111695E-07
   0.245612313E-07   0.227711809E-06   0.317017111E-06   0.536306466E-07
   0.129099629E-07   0.114875661E-06   0.160580214E-06   0.256033648E-07
   0.574099612E-08   0.475540141E-07   0.685808104E-07   0.993435201E-08
   0.169633374E-08   0.145243870E-07   0.208951683E-07   0.331852279E-08
   0.585804794E-09   0.348173135E-08   0.498234698E-08   0.403342137E-09
   0.872503958E-09   0.122012422E-08  -0.135171174E-08   0.256616728E-09
   0.989629934E-09   0.307766501E-08  -0.352810586E-09   0.145288159E-08
   0.254666155E-08   0.133669982E-07   0.127309701E-07   0.495701968E-08
   0.246476262E-08   0.119588206E-07   0.385095067E-08   0.577431170E-08
   0.342273321E-08   0.123278738E-07  -0.993288118E-08   0.753110374E-08
   0.295093061E-08   0.108533023E-07  -0.119300152E-07   0.709475545E-08
   0.474982587E-08   0.186978824E-07  -0.246959364E-08   0.977319115E-08
   0.358817576E-08   0.128051179E-07  -0.113746017E-07   0.795127164E-08
   0.654524168E-08   0.181195823E-07  -0.247607836E-07   0.113317364E-07
   0.644416076E-08   0.142485916E-07  -0.403206499E-07   0.996298333E-08
   0.282198398E-08   0.749046691E-08  -0.169272578E-07   0.537365930E-08
   0.669384281E-08   0.128752422E-07  -0.321759401E-07   0.823786550E-08
   0.339670447E-08   0.676890188E-08  -0.172904144E-07   0.444002035E-08
   0.997794958E-09   0.241240694E-08  -0.451295579E-08   0.156931068E-08
   0.143932666E-08   0.220006613E-08  -0.767987540E-08   0.121302612E-08
   0.156523494E-08   0.288893531E-08  -0.920636278E-08   0.183139248E-08
   0.980327552E-08   0.163370668E-07  -0.562234881E-07   0.866375416E-08
   0.281189010E-07   0.449373019E-07  -0.159894725E-06   0.260880189E-07
   0.575765533E-07   0.904692214E-07  -0.322905180E-06   0.496536607E-07
   0.130925216E-06   0.199450199E-06  -0.719190439E-06   0.111507653E-06
   0.217405713E-06   0.334069256E-06  -0.119130084E-05   0.181764662E-06
   0.295187078E-06   0.446163369E-06  -0.159037882E-05   0.236903645E-06
   0.460027195E-06   0.679980644E-06  -0.242577312E-05   0.350135196E-06
   0.538288134E-06   0.786716498E-06  -0.278456741E-05   0.392604989E-06
   0.596820314E-06   0.853228983E-06  -0.300360011E-05   0.413017801E-06
   0.618590946E-06   0.879563970E-06  -0.303165325E-05   0.412193629E-06
   0.491479284E-06   0.682755285E-06  -0.229184025E-05   0.301760991E-06
   0.280478702E-06   0.379728107E-06  -0.122642814E-05   0.165356241E-06
   0.192559384E-06   0.231642758E-06  -0.806166554E-06   0.109002926E-06
   0.555946315E-06   0.649662866E-06  -0.268958502E-05   0.341276802E-06
   0.181601195E-05   0.211281508E-05  -0.869576888E-05   0.103215746E-05
   0.503763658E-05   0.584895770E-05  -0.234892887E-04   0.264757273E-05
   0.113509723E-04   0.130362405E-04  -0.512908155E-04   0.552990787E-05
   0.226740249E-04   0.257006141E-04  -0.992163914E-04   0.101812602E-04
   0.406186082E-04   0.452190106E-04  -0.171537060E-03   0.167623093E-04
   0.671255548E-04   0.733925481E-04  -0.272784149E-03   0.253267062E-04
   0.105997984E-03   0.113978058E-03  -0.413455331E-03   0.363102554E-04
   0.157023038E-03   0.166668964E-03  -0.585164409E-03   0.481128736E-04
   0.224175048E-03   0.235091429E-03  -0.793357845E-03   0.612277654E-04
   0.309721596E-03   0.322431937E-03  -0.103417155E-02   0.741419281E-04
   0.417597883E-03   0.433408597E-03  -0.130417873E-02   0.864413960E-04
   0.553371618E-03   0.575235172E-03  -0.160134421E-02   0.974686482E-04
   0.723800506E-03   0.757155474E-03  -0.191760110E-02   0.106372245E-03
   0.939997204E-03   0.993376365E-03  -0.225044461E-02   0.112562528E-03
   0.121712335E-02   0.130264787E-02  -0.259396271E-02   0.115516901E-03
   0.157297112E-02   0.170639181E-02  -0.293185445E-02   0.115078816E-03
   0.203009718E-02   0.223056856E-02  -0.324250455E-02   0.109662273E-03
   0.260205194E-02   0.289002131E-02  -0.347202364E-02   0.985333099E-04
   0.328497775E-02   0.367966690E-02  -0.352479471E-02   0.806325334E-04
   0.403020065E-02   0.454312610E-02  -0.326735107E-02   0.564951442E-04
   0.473854179E-02   0.536489580E-02  -0.258146808E-02   0.299171443E-04
   0.525605772E-02   0.596548431E-02  -0.144037372E-02   0.835225819E-05
   0.544524612E-02   0.618452346E-02  -0.344715390E-08   0.000000000E+00
