   0.836840249E-03   0.176388938E-01   0.000000000E+00   0.000000000E+00
   0.804700190E-03   0.168718006E-01   0.186355785E-02   0.105797299E-04
   0.720511831E-03   0.148530221E-01   0.324210874E-02   0.367766661E-04
   0.609830255E-03   0.121902861E-01   0.392505992E-02   0.667139393E-04
   0.498973706E-03   0.951850973E-02   0.401251530E-02   0.913843396E-04
   0.402634148E-03   0.719050877E-02   0.372937485E-02   0.106491374E-03
   0.325602305E-03   0.533939106E-02   0.328697055E-02   0.112611357E-03
   0.265433511E-03   0.394127006E-02   0.281050988E-02   0.112656628E-03
   0.218242101E-03   0.290816533E-02   0.236033951E-02   0.108528431E-03
   0.179644616E-03   0.214844546E-02   0.195212697E-02   0.100798876E-03
   0.147126848E-03   0.158817915E-02   0.159103214E-02   0.914238044E-04
   0.118573560E-03   0.116942322E-02   0.127067824E-02   0.803517833E-04
   0.942326806E-04   0.857718464E-03   0.998607837E-03   0.684027982E-04
   0.729982203E-04   0.621038605E-03   0.764810829E-03   0.567311436E-04
   0.548229327E-04   0.441278185E-03   0.568224699E-03   0.450892549E-04
   0.398004959E-04   0.306011847E-03   0.408274966E-03   0.345518347E-04
   0.280174445E-04   0.207189121E-03   0.284531212E-03   0.254519928E-04
   0.186805992E-04   0.133673908E-03   0.187660495E-03   0.176882459E-04
   0.119319247E-04   0.827927288E-04   0.118437012E-03   0.117260061E-04
   0.706343963E-05   0.474228873E-04   0.689573717E-04   0.714794123E-05
   0.393528717E-05   0.254600836E-04   0.376479366E-04   0.408812366E-05
   0.189797652E-05   0.116925339E-04   0.175049681E-04   0.197133522E-05
   0.848536331E-06   0.486679846E-05   0.744032877E-05   0.876469414E-06
   0.280774515E-06   0.143943043E-05   0.218477385E-05   0.275881547E-06
   0.773144038E-07   0.369239928E-06   0.495306551E-06   0.659208368E-07
   0.329826939E-07   0.331026257E-06   0.320307180E-06   0.448936603E-07
   0.560010385E-07   0.623973335E-06   0.699055931E-06   0.955284207E-07
   0.880190782E-07   0.894033008E-06   0.109347661E-05   0.150547422E-06
   0.989219728E-07   0.955806968E-06   0.121209075E-05   0.174659590E-06
   0.112758514E-06   0.104142157E-05   0.134422214E-05   0.191673593E-06
   0.885681928E-07   0.801694284E-06   0.104331048E-05   0.152437039E-06
   0.695076068E-07   0.609490598E-06   0.813123620E-06   0.120858672E-06
   0.469834873E-07   0.417997626E-06   0.557315616E-06   0.888948719E-07
   0.346737146E-07   0.302464088E-06   0.396251778E-06   0.610443465E-07
   0.191839646E-07   0.162951522E-06   0.207966224E-06   0.319056888E-07
   0.759421503E-08   0.624284127E-07   0.802921889E-07   0.119754482E-07
   0.606146422E-08   0.486509393E-07   0.652272476E-07   0.942813649E-08
   0.184552174E-08   0.101123216E-07   0.113387708E-07   0.112015819E-08
   0.100752451E-08   0.206529793E-08  -0.631054764E-09  -0.182905618E-10
   0.138577072E-08   0.301342173E-08   0.607389694E-09   0.884705975E-09
   0.174764381E-08   0.460355620E-08   0.118248175E-09   0.183759064E-08
   0.178256632E-08   0.481231233E-08  -0.671438283E-08   0.310887605E-08
   0.983559678E-09   0.629494012E-08   0.476457818E-09   0.348616136E-08
   0.232354047E-08   0.885808138E-08  -0.312652593E-08   0.496087660E-08
   0.506743492E-08   0.153731055E-07  -0.730639460E-08   0.817553136E-08
   0.210913331E-08   0.111309646E-07  -0.168593994E-08   0.635858388E-08
   0.259744715E-08   0.127080781E-07   0.116020915E-09   0.676787204E-08
   0.814927126E-09   0.715775483E-08  -0.199644572E-10   0.411164347E-08
   0.409916190E-08   0.878687878E-08  -0.212866116E-07   0.604827433E-08
   0.524287769E-08   0.104655928E-07  -0.154586743E-07   0.586986015E-08
   0.151674950E-08   0.454735538E-08   0.155136359E-08   0.173713932E-08
   0.173043038E-09   0.301507430E-09   0.347302936E-09  -0.597779673E-10
   0.204109751E-08   0.291530311E-08  -0.820815149E-08   0.778516696E-09
   0.551093793E-08   0.804856093E-08  -0.248333158E-07   0.295463587E-08
   0.157473927E-07   0.226899211E-07  -0.785592675E-07   0.117541079E-07
   0.509669569E-07   0.744661293E-07  -0.254088093E-06   0.379362177E-07
   0.924127903E-07   0.134417959E-06  -0.455461986E-06   0.664510154E-07
   0.152588001E-06   0.218440874E-06  -0.749007597E-06   0.113703948E-06
   0.245157992E-06   0.339303256E-06  -0.117552668E-05   0.178684772E-06
   0.340413152E-06   0.473541462E-06  -0.161886919E-05   0.237266349E-06
   0.442411590E-06   0.601413433E-06  -0.205766332E-05   0.299509026E-06
   0.542782971E-06   0.731596685E-06  -0.247286107E-05   0.348624269E-06
   0.537984079E-06   0.710499194E-06  -0.237326753E-05   0.325899919E-06
   0.457038681E-06   0.597403982E-06  -0.193582969E-05   0.259763453E-06
   0.318886862E-06   0.403730184E-06  -0.124938492E-05   0.169808828E-06
   0.181285159E-06   0.217630912E-06  -0.613114992E-06   0.863978542E-07
   0.283686518E-06   0.302981874E-06  -0.109151097E-05   0.147580934E-06
   0.958054557E-06   0.103555283E-05  -0.398281873E-05   0.497068186E-06
   0.311319582E-05   0.339208395E-05  -0.129434293E-04   0.153215808E-05
   0.742196016E-05   0.803634975E-05  -0.301144355E-04   0.340349970E-05
   0.152409348E-04   0.163197001E-04  -0.600792737E-04   0.647687011E-05
   0.287384482E-04   0.302638764E-04  -0.109645189E-03   0.113113610E-04
   0.493717198E-04   0.512042898E-04  -0.181794952E-03   0.178425053E-04
   0.793805011E-04   0.811350474E-04  -0.281144836E-03   0.261175137E-04
   0.120491386E-03   0.121378136E-03  -0.408377382E-03   0.359696896E-04
   0.175546942E-03   0.174837158E-03  -0.566633244E-03   0.469088991E-04
   0.249184901E-03   0.246254232E-03  -0.761906616E-03   0.588171642E-04
   0.342986197E-03   0.337170059E-03  -0.985582592E-03   0.711767934E-04
   0.462500670E-03   0.454433582E-03  -0.123827998E-02   0.827796175E-04
   0.615662779E-03   0.607370399E-03  -0.152137596E-02   0.935495045E-04
   0.811637728E-03   0.807360455E-03  -0.182831811E-02   0.102210535E-03
   0.106768857E-02   0.107336172E-02  -0.216691568E-02   0.109949942E-03
   0.140666543E-02   0.143150624E-02  -0.253653363E-02   0.115304960E-03
   0.186008518E-02   0.191570423E-02  -0.293689757E-02   0.117659911E-03
   0.246725930E-02   0.256780395E-02  -0.335092307E-02   0.115923503E-03
   0.326484279E-02   0.342692668E-02  -0.372516830E-02   0.108909364E-03
   0.426461827E-02   0.450428156E-02  -0.394084817E-02   0.925639542E-04
   0.540450076E-02   0.573465787E-02  -0.380166410E-02   0.675041811E-04
   0.653070305E-02   0.695144245E-02  -0.310587091E-02   0.368920701E-04
   0.738837291E-02   0.787871797E-02  -0.177444378E-02   0.105487679E-04
   0.771008758E-02   0.822742470E-02  -0.528255040E-08   0.000000000E+00
