   0.548448190E-01   0.527195752E+00  -0.946215051E-10   0.000000000E+00
   0.468463637E-01   0.449954182E+00   0.398346558E-01   0.231035039E-03
   0.305839647E-01   0.293108970E+00   0.512616597E-01   0.592208933E-03
   0.168913864E-01   0.161396265E+00   0.413903184E-01   0.711338711E-03
   0.867379270E-02   0.827335194E-01   0.272648912E-01   0.620281731E-03
   0.444050925E-02   0.424293168E-01   0.165205598E-01   0.465177436E-03
   0.238349917E-02   0.229629520E-01   0.990771037E-02   0.332137512E-03
   0.138090609E-02   0.135189146E-01   0.615290226E-02   0.241024609E-03
   0.876113714E-03   0.875214115E-02   0.408306206E-02   0.183683253E-03
   0.602742599E-03   0.613932218E-02   0.291282334E-02   0.148914492E-03
   0.440040254E-03   0.454795966E-02   0.220664265E-02   0.127498177E-03
   0.332819647E-03   0.346872467E-02   0.173635862E-02   0.110674235E-03
   0.255574996E-03   0.267146085E-02   0.138824084E-02   0.974638024E-04
   0.196977591E-03   0.205562776E-02   0.111287297E-02   0.850778015E-04
   0.150801672E-03   0.156654720E-02   0.883576518E-03   0.725844293E-04
   0.114136776E-03   0.117760699E-02   0.690937508E-03   0.607865040E-04
   0.852195444E-04   0.872283999E-03   0.531304977E-03   0.494604719E-04
   0.622619991E-04   0.631927513E-03   0.397607393E-03   0.392354596E-04
   0.445984006E-04   0.449294079E-03   0.290946453E-03   0.300739121E-04
   0.312452721E-04   0.312545919E-03   0.207420511E-03   0.224542164E-04
   0.212070463E-04   0.211071660E-03   0.142544581E-03   0.161061052E-04
   0.138911928E-04   0.137871160E-03   0.940087994E-04   0.110696419E-04
   0.881814958E-05   0.876381164E-04   0.599364867E-04   0.733860406E-05
   0.532104559E-05   0.532231388E-04   0.360301565E-04   0.455443342E-05
   0.305423100E-05   0.309196694E-04   0.204183798E-04   0.268323697E-05
   0.166517430E-05   0.171825250E-04   0.108655104E-04   0.147224080E-05
   0.815796454E-06   0.875275236E-05   0.501743853E-05   0.695540052E-06
   0.369022871E-06   0.425865801E-05   0.205986953E-05   0.290615247E-06
   0.161935361E-06   0.196546534E-05   0.721979745E-06   0.937429121E-07
   0.766237989E-07   0.931281477E-06   0.239341091E-06   0.190645988E-07
   0.554818911E-07   0.584123029E-06   0.211850192E-06   0.163453251E-07
   0.615989535E-07   0.510548887E-06   0.325273845E-06   0.304584233E-07
   0.663310473E-07   0.495150744E-06   0.414976739E-06   0.475500386E-07
   0.741819406E-07   0.520172421E-06   0.488253249E-06   0.555110411E-07
   0.768471438E-07   0.525627570E-06   0.509756944E-06   0.591268190E-07
   0.592072489E-07   0.386877673E-06   0.388452804E-06   0.426281019E-07
   0.554910358E-07   0.360823350E-06   0.378770721E-06   0.440733103E-07
   0.425892104E-07   0.269487401E-06   0.262536474E-06   0.296893266E-07
   0.285105894E-07   0.178863559E-06   0.187483195E-06   0.207692636E-07
   0.213945182E-07   0.128905413E-06   0.131627701E-06   0.137037306E-07
   0.162920575E-07   0.936487012E-07   0.803989124E-07   0.987319115E-08
   0.810502510E-08   0.372970490E-07   0.337343522E-07   0.201295625E-08
   0.546326495E-08   0.268468021E-07   0.217157901E-07   0.220221508E-08
   0.254183918E-08   0.692163038E-08   0.225496732E-08   0.217259669E-09
   0.383399423E-09   0.466396033E-08   0.310428216E-08   0.133053624E-08
   0.390962540E-09   0.206800954E-08  -0.129139799E-08   0.100808650E-08
   0.218324825E-08   0.321898530E-08  -0.667284006E-08   0.132275291E-08
   0.503683761E-08   0.678304701E-08  -0.104366391E-07   0.103385212E-08
   0.167067302E-07   0.203367563E-07  -0.441817569E-07   0.556875257E-08
   0.262929678E-07   0.273147887E-07  -0.664818458E-07   0.667414701E-08
   0.483419278E-07   0.508415425E-07  -0.129231196E-06   0.156444795E-07
   0.905667008E-07   0.970182583E-07  -0.247839751E-06   0.324908456E-07
   0.126103842E-06   0.133933213E-06  -0.340029828E-06   0.429714788E-07
   0.180739306E-06   0.190398680E-06  -0.492687661E-06   0.668007800E-07
   0.229722176E-06   0.237545038E-06  -0.619337243E-06   0.858481712E-07
   0.285441757E-06   0.296185277E-06  -0.762508819E-06   0.109003430E-06
   0.305990852E-06   0.310864266E-06  -0.785131078E-06   0.111941027E-06
   0.313806254E-06   0.320794442E-06  -0.760312219E-06   0.105681231E-06
   0.334508570E-06   0.342954678E-06  -0.734732225E-06   0.998939171E-07
   0.302106002E-06   0.305607841E-06  -0.500536430E-06   0.670023965E-07
   0.318596932E-06   0.315259939E-06  -0.295706428E-06   0.436683329E-07
   0.504821742E-06   0.488253704E-06  -0.348843059E-06   0.555808022E-07
   0.115496903E-05   0.108816926E-05  -0.123873349E-05   0.174242345E-06
   0.243246109E-05   0.226200791E-05  -0.315790521E-05   0.423308563E-06
   0.520642743E-05   0.482293808E-05  -0.787384943E-05   0.101552564E-05
   0.103372149E-04   0.948931302E-05  -0.167437374E-04   0.209528821E-05
   0.186062916E-04   0.170053172E-04  -0.307927003E-04   0.369903228E-05
   0.322341075E-04   0.291684300E-04  -0.534721948E-04   0.623364758E-05
   0.530941943E-04   0.477136164E-04  -0.871583034E-04   0.979759625E-05
   0.834795210E-04   0.745366779E-04  -0.133978407E-03   0.144622782E-04
   0.126587576E-03   0.112346112E-03  -0.196963825E-03   0.203919590E-04
   0.186130230E-03   0.164264900E-03  -0.278849388E-03   0.276813371E-04
   0.266731367E-03   0.234447711E-03  -0.382961472E-03   0.362577666E-04
   0.371566857E-03   0.325583562E-03  -0.507896824E-03   0.458065042E-04
   0.507583027E-03   0.444157224E-03  -0.658492732E-03   0.562435416E-04
   0.680696277E-03   0.595666876E-03  -0.835441693E-03   0.675223855E-04
   0.895876321E-03   0.784730946E-03  -0.103631243E-02   0.793505023E-04
   0.116343633E-02   0.102180941E-02  -0.126728020E-02   0.918535225E-04
   0.149680348E-02   0.131986185E-02  -0.153622578E-02   0.105183732E-03
   0.192310580E-02   0.170436641E-02  -0.186713028E-02   0.120543278E-03
   0.249661179E-02   0.222525815E-02  -0.231021084E-02   0.140244694E-03
   0.333793368E-02   0.299168914E-02  -0.297372090E-02   0.168623606E-03
   0.471626455E-02   0.424648263E-02  -0.407488085E-02   0.212578670E-03
   0.722240144E-02   0.652273512E-02  -0.601452962E-02   0.279033586E-03
   0.121508203E-01   0.109935775E-01  -0.949211884E-02   0.378447439E-03
   0.222411230E-01   0.201542974E-01  -0.155488532E-01   0.511953782E-03
   0.428576283E-01   0.389146805E-01  -0.251889154E-01   0.653075054E-03
   0.827094093E-01   0.752857476E-01  -0.376414321E-01   0.720081909E-03
   0.148751378E+00   0.135728583E+00  -0.460120626E-01   0.579254178E-03
   0.226587504E+00   0.207116559E+00  -0.354091004E-01   0.221101407E-03
   0.264745384E+00   0.242145807E+00  -0.992067086E-07   0.000000000E+00
