   0.788801610E+00   0.620901728E+01  -0.199873465E-09   0.000000000E+00
   0.592525244E+00   0.465763235E+01   0.335656255E+00   0.206470862E-02
   0.292011976E+00   0.228571749E+01   0.329707414E+00   0.405643322E-02
   0.120890349E+00   0.939114988E+00   0.203331217E+00   0.375078642E-02
   0.486624725E-01   0.373918146E+00   0.107698709E+00   0.265444536E-02
   0.203032754E-01   0.153949767E+00   0.547211692E-01   0.169233978E-02
   0.911011733E-02   0.683270916E-01   0.280253142E-01   0.104857818E-02
   0.455436204E-02   0.341750011E-01   0.149865877E-01   0.660723308E-03
   0.260517932E-02   0.199658796E-01   0.864239316E-02   0.444398902E-03
   0.171497301E-02   0.136563862E-01   0.554517563E-02   0.324773922E-03
   0.125869073E-02   0.104715992E-01   0.397284748E-02   0.258521555E-03
   0.987001462E-03   0.854034815E-02   0.311022787E-02   0.222571703E-03
   0.797936344E-03   0.712612923E-02   0.256987521E-02   0.198267095E-03
   0.649754598E-03   0.594948232E-02   0.217078882E-02   0.178430346E-03
   0.527008553E-03   0.492248312E-02   0.183955289E-02   0.160396099E-03
   0.422761834E-03   0.401123706E-02   0.154332840E-02   0.142404577E-03
   0.334879413E-03   0.322116911E-02   0.127857516E-02   0.123848498E-03
   0.261051697E-03   0.254283752E-02   0.104015332E-02   0.105072140E-03
   0.200380731E-03   0.197398546E-02   0.830330013E-03   0.875772894E-04
   0.151558575E-03   0.150577351E-02   0.649836613E-03   0.715677961E-04
   0.112362781E-03   0.112716516E-02   0.496542023E-03   0.568142241E-04
   0.821639405E-04   0.830299221E-03   0.372482580E-03   0.443600984E-04
   0.585630260E-04   0.598081911E-03   0.270980090E-03   0.333931130E-04
   0.410196153E-04   0.424054248E-03   0.193332555E-03   0.245243355E-04
   0.278114658E-04   0.291587348E-03   0.132020476E-03   0.172257114E-04
   0.186724319E-04   0.197490430E-03   0.886511771E-04   0.118851622E-04
   0.121409112E-04   0.130524611E-03   0.572990975E-04   0.787686167E-05
   0.762483523E-05   0.830715508E-04   0.349091169E-04   0.492162144E-05
   0.479641631E-05   0.526909644E-04   0.212448613E-04   0.303850470E-05
   0.279321671E-05   0.313385353E-04   0.113752594E-04   0.164648020E-05
   0.159487854E-05   0.183317588E-04   0.579739481E-05   0.832061971E-06
   0.919963668E-06   0.104646233E-04   0.275863226E-05   0.374066104E-06
   0.538882318E-06   0.577225046E-05   0.114465149E-05   0.129515328E-06
   0.333433007E-06   0.322407368E-05   0.482882626E-06   0.290835427E-07
   0.222153290E-06   0.182068175E-05   0.242227770E-06   0.196281302E-08
   0.168978715E-06   0.114259160E-05   0.259940037E-06   0.194274214E-07
   0.138641298E-06   0.843097496E-06   0.317028565E-06   0.343114763E-07
   0.120460953E-06   0.678262438E-06   0.385374250E-06   0.578915902E-07
   0.109024214E-06   0.613650059E-06   0.446913447E-06   0.814796195E-07
   0.860169038E-07   0.524528787E-06   0.414268868E-06   0.926176114E-07
   0.658346622E-07   0.441976425E-06   0.354329330E-06   0.930053687E-07
   0.544698437E-07   0.385304133E-06   0.300553324E-06   0.107389383E-06
   0.446869173E-07   0.331760873E-06   0.223481777E-06   0.114445172E-06
   0.396986302E-07   0.275362027E-06   0.134590209E-06   0.114839686E-06
   0.453911504E-07   0.231048489E-06   0.340449340E-07   0.116488735E-06
   0.592912848E-07   0.206211766E-06  -0.752145510E-07   0.121027654E-06
   0.915539786E-07   0.210034642E-06  -0.186838903E-06   0.130383725E-06
   0.106966972E-06   0.207261778E-06  -0.270558957E-06   0.130980922E-06
   0.174924125E-06   0.255086150E-06  -0.443855129E-06   0.149039323E-06
   0.210103252E-06   0.274804535E-06  -0.523020333E-06   0.145928837E-06
   0.250659127E-06   0.303457824E-06  -0.583776227E-06   0.147218145E-06
   0.287561164E-06   0.337552905E-06  -0.625309838E-06   0.145316278E-06
   0.350338382E-06   0.389548717E-06  -0.674934370E-06   0.138605472E-06
   0.379043598E-06   0.415905646E-06  -0.577747642E-06   0.116255471E-06
   0.451194381E-06   0.485500721E-06  -0.479967184E-06   0.950120977E-07
   0.585935879E-06   0.625489747E-06  -0.323466026E-06   0.664947137E-07
   0.862061086E-06   0.919619424E-06  -0.260405329E-06   0.580141517E-07
   0.151404458E-05   0.160170168E-05  -0.519086996E-06   0.903809010E-07
   0.278065886E-05   0.291501851E-05  -0.142905606E-05   0.219227033E-06
   0.502399553E-05   0.527488555E-05  -0.348812091E-05   0.507758728E-06
   0.900856776E-05   0.929980069E-05  -0.748091270E-05   0.105971424E-05
   0.158867424E-04   0.163497170E-04  -0.152724697E-04   0.209182576E-05
   0.264672290E-04   0.270348792E-04  -0.272342186E-04   0.365075016E-05
   0.427076047E-04   0.433507194E-04  -0.458038921E-04   0.597836515E-05
   0.665622210E-04   0.670775844E-04  -0.726444341E-04   0.920092407E-05
   0.101088612E-03   0.101400408E-03  -0.111107227E-03   0.136070466E-04
   0.149754094E-03   0.149408879E-03  -0.163784076E-03   0.194397926E-04
   0.216903325E-03   0.215218563E-03  -0.234049425E-03   0.269042848E-04
   0.305932452E-03   0.302666391E-03  -0.323354558E-03   0.356294986E-04
   0.423421036E-03   0.416953961E-03  -0.435095455E-03   0.462891658E-04
   0.573601690E-03   0.563287060E-03  -0.570465752E-03   0.579321386E-04
   0.763480901E-03   0.747706159E-03  -0.731595617E-03   0.710507447E-04
   0.997890369E-03   0.975139556E-03  -0.917761354E-03   0.849907519E-04
   0.128308311E-02   0.125158101E-02  -0.112954923E-02   0.993197027E-04
   0.161790254E-02   0.157605694E-02  -0.135847449E-02   0.113201932E-03
   0.200959877E-02   0.195563282E-02  -0.160882098E-02   0.126806481E-03
   0.245719147E-02   0.238954253E-02  -0.187775516E-02   0.140064658E-03
   0.295844697E-02   0.287676533E-02  -0.216735504E-02   0.152209512E-03
   0.353378756E-02   0.343655469E-02  -0.251069991E-02   0.166537400E-03
   0.422880752E-02   0.411314704E-02  -0.297459657E-02   0.188090198E-03
   0.517676538E-02   0.503925793E-02  -0.371475192E-02   0.222421280E-03
   0.673946738E-02   0.657283701E-02  -0.507453922E-02   0.284725655E-03
   0.980424415E-02   0.960112456E-02  -0.774780009E-02   0.400585646E-03
   0.165972654E-01   0.163615774E-01  -0.131663587E-01   0.604926026E-03
   0.327488743E-01   0.325422324E-01  -0.242288001E-01   0.951334951E-03
   0.726999938E-01   0.728079677E-01  -0.465980768E-01   0.151044480E-02
   0.174016118E+00   0.175446898E+00  -0.903994739E-01   0.231774966E-02
   0.431291401E+00   0.437159598E+00  -0.168419197E+00   0.320628658E-02
   0.103620827E+01   0.105434322E+01  -0.269525945E+00   0.339191314E-02
   0.208698916E+01   0.212852716E+01  -0.271148533E+00   0.169798988E-02
   0.276752925E+01   0.282483220E+01  -0.728870191E-06   0.000000000E+00
