   0.506224148E-01   0.466210783E+00  -0.858429300E-10   0.000000000E+00
   0.442651771E-01   0.407513946E+00   0.355036035E-01   0.208137979E-03
   0.306185372E-01   0.281646967E+00   0.484054238E-01   0.564961694E-03
   0.181111880E-01   0.166492552E+00   0.418754183E-01   0.727718172E-03
   0.993070286E-02   0.913803726E-01   0.294868015E-01   0.676342228E-03
   0.536756124E-02   0.496267192E-01   0.189265218E-01   0.538028951E-03
   0.299377763E-02   0.279595777E-01   0.118647730E-01   0.402633246E-03
   0.177867978E-02   0.168615226E-01   0.761561934E-02   0.300257263E-03
   0.113990379E-02   0.109948702E-01   0.514422171E-02   0.232125545E-03
   0.785990618E-03   0.770158181E-02   0.369788893E-02   0.190791194E-03
   0.573150464E-03   0.567706814E-02   0.280281785E-02   0.162833225E-03
   0.433345063E-03   0.431404263E-02   0.220270362E-02   0.142921868E-03
   0.333749049E-03   0.332276337E-02   0.176290702E-02   0.125589693E-03
   0.258446147E-03   0.256319996E-02   0.141618762E-02   0.109581160E-03
   0.199642905E-03   0.196643337E-02   0.113181002E-02   0.946857181E-04
   0.152510373E-03   0.148996059E-02   0.891115284E-03   0.796252425E-04
   0.115354596E-03   0.111635542E-02   0.692866917E-03   0.656691263E-04
   0.855898033E-04   0.820098561E-03   0.525795622E-03   0.529508870E-04
   0.624079694E-04   0.592463533E-03   0.391065871E-03   0.414295391E-04
   0.446237536E-04   0.419588876E-03   0.284119451E-03   0.315401776E-04
   0.310131545E-04   0.289478659E-03   0.199786824E-03   0.231782160E-04
   0.210118815E-04   0.195206361E-03   0.136615941E-03   0.164806679E-04
   0.135889522E-04   0.126218947E-03   0.885166373E-04   0.111053041E-04
   0.859734155E-05   0.799102127E-04   0.559709588E-04   0.728915529E-05
   0.512735005E-05   0.480518356E-04   0.330332332E-04   0.447225148E-05
   0.287767739E-05   0.275282782E-04   0.181674859E-04   0.253413668E-05
   0.152015548E-05   0.149367861E-04   0.920281673E-05   0.133015192E-05
   0.765668744E-06   0.782069856E-05   0.434510048E-05   0.639443897E-06
   0.323574341E-06   0.362073433E-05   0.153020267E-05   0.228464572E-06
   0.151281824E-06   0.176887170E-05   0.549285232E-06   0.703997713E-07
   0.846182715E-07   0.937738093E-06   0.241016465E-06   0.125632242E-07
   0.734542454E-07   0.686963801E-06   0.299503284E-06   0.183581097E-07
   0.840903027E-07   0.648878995E-06   0.442005387E-06   0.349197435E-07
   0.889757672E-07   0.624311269E-06   0.520762455E-06   0.474183040E-07
   0.894112731E-07   0.606967717E-06   0.578681295E-06   0.632715853E-07
   0.931019599E-07   0.627634222E-06   0.625969619E-06   0.743465804E-07
   0.760194254E-07   0.499553892E-06   0.505771254E-06   0.589629572E-07
   0.642569304E-07   0.418240603E-06   0.424674255E-06   0.502734956E-07
   0.505880138E-07   0.320555017E-06   0.325150722E-06   0.374076343E-07
   0.359547165E-07   0.214822492E-06   0.217070564E-06   0.224660077E-07
   0.276091772E-07   0.180118946E-06   0.179812275E-06   0.233135129E-07
   0.159003797E-07   0.977831860E-07   0.102580778E-06   0.117892158E-07
   0.808761502E-08   0.564216478E-07   0.500919448E-07   0.858664695E-08
   0.358436236E-08   0.315316200E-07   0.232916673E-07   0.676674849E-08
   0.711794068E-09   0.137322038E-07   0.559735458E-08   0.624392849E-08
   0.281884849E-08   0.111457865E-07  -0.629398267E-08   0.692392543E-08
   0.925131083E-08   0.149891797E-07  -0.317074722E-07   0.894107011E-08
   0.194115781E-07   0.243985596E-07  -0.600755214E-07   0.123021886E-07
   0.398046396E-07   0.495242389E-07  -0.118899855E-06   0.198736032E-07
   0.571507677E-07   0.663002879E-07  -0.161599047E-06   0.231729818E-07
   0.881140778E-07   0.983911477E-07  -0.247382872E-06   0.354902632E-07
   0.143563682E-06   0.163345462E-06  -0.393910966E-06   0.518255341E-07
   0.187577228E-06   0.204092260E-06  -0.510015070E-06   0.678726551E-07
   0.269845998E-06   0.296798561E-06  -0.736255231E-06   0.101821186E-06
   0.332525502E-06   0.358452866E-06  -0.888913917E-06   0.122627398E-06
   0.351460329E-06   0.383684011E-06  -0.911017992E-06   0.121691969E-06
   0.411928056E-06   0.444058230E-06  -0.103140701E-05   0.143881053E-06
   0.359651693E-06   0.381947586E-06  -0.800557018E-06   0.113623742E-06
   0.362930393E-06   0.384532740E-06  -0.658895203E-06   0.860565024E-07
   0.358878111E-06   0.372047083E-06  -0.403323895E-06   0.527831041E-07
   0.474843773E-06   0.483402061E-06  -0.311030504E-06   0.471918185E-07
   0.934858917E-06   0.928356371E-06  -0.823409323E-06   0.122929080E-06
   0.201888975E-05   0.198312910E-05  -0.247730190E-05   0.353313965E-06
   0.430914815E-05   0.418703348E-05  -0.637987114E-05   0.878449782E-06
   0.859025931E-05   0.831215493E-05  -0.140152852E-04   0.185653687E-05
   0.159597530E-04   0.153320434E-04  -0.271614917E-04   0.348854815E-05
   0.278145180E-04   0.265386752E-04  -0.479657865E-04   0.593874893E-05
   0.464417135E-04   0.440088734E-04  -0.799845147E-04   0.956591248E-05
   0.732495537E-04   0.690044617E-04  -0.123992184E-03   0.142646813E-04
   0.111684458E-03   0.104612169E-03  -0.184343007E-03   0.204006610E-04
   0.165587844E-03   0.154256384E-03  -0.264914619E-03   0.281537232E-04
   0.237641187E-03   0.220459711E-03  -0.365862885E-03   0.372569484E-04
   0.333337026E-03   0.308451767E-03  -0.491850544E-03   0.477785179E-04
   0.456941052E-03   0.422086770E-03  -0.642791332E-03   0.594592166E-04
   0.615182391E-03   0.568430347E-03  -0.822723669E-03   0.722401383E-04
   0.812867482E-03   0.752074877E-03  -0.102911715E-02   0.858181957E-04
   0.106018421E-02   0.983832870E-03  -0.126861210E-02   0.999487602E-04
   0.136520667E-02   0.127252482E-02  -0.154097937E-02   0.114780945E-03
   0.175025593E-02   0.164037128E-02  -0.186616858E-02   0.131590306E-03
   0.224532513E-02   0.211810833E-02  -0.226745522E-02   0.151001208E-03
   0.292144157E-02   0.277478760E-02  -0.281130942E-02   0.175427631E-03
   0.392097794E-02   0.374781876E-02  -0.362143689E-02   0.210443395E-03
   0.554736797E-02   0.532895140E-02  -0.493439380E-02   0.260865490E-03
   0.842247345E-02   0.811821222E-02  -0.715513993E-02   0.336497236E-03
   0.138309542E-01   0.133613274E-01  -0.109375808E-01   0.442493940E-03
   0.243100375E-01   0.235302281E-01  -0.171409734E-01   0.572049117E-03
   0.442834012E-01   0.429667719E-01  -0.262519475E-01   0.691226509E-03
   0.798516795E-01   0.776948258E-01  -0.367274359E-01   0.714650087E-03
   0.133752435E+00   0.130489513E+00  -0.419073477E-01   0.537266373E-03
   0.192237407E+00   0.187911198E+00  -0.304782577E-01   0.194007778E-03
   0.219315961E+00   0.214534312E+00  -0.817168697E-07   0.000000000E+00
