   0.728372950E-03   0.157218464E-01   0.000000000E+00   0.000000000E+00
   0.695104769E-03   0.149326799E-01   0.167570671E-02   0.930020997E-05
   0.610027520E-03   0.129059469E-01   0.285520731E-02   0.316827318E-04
   0.501447998E-03   0.103128506E-01   0.335349655E-02   0.559449254E-04
   0.397338095E-03   0.781106390E-02   0.331397308E-02   0.738716481E-04
   0.311205222E-03   0.573075376E-02   0.298324996E-02   0.831381694E-04
   0.245145202E-03   0.414298708E-02   0.255489140E-02   0.855262406E-04
   0.195791232E-03   0.299045793E-02   0.213460880E-02   0.837799744E-04
   0.158150171E-03   0.216502673E-02   0.175736891E-02   0.790009290E-04
   0.128222513E-03   0.157338486E-02   0.142903184E-02   0.726915532E-04
   0.103260936E-03   0.114485016E-02   0.114435737E-02   0.645440523E-04
   0.822377260E-04   0.831777754E-03   0.902187079E-03   0.559404652E-04
   0.640260696E-04   0.599224295E-03   0.694526942E-03   0.468040234E-04
   0.484642042E-04   0.425081671E-03   0.519756635E-03   0.379070589E-04
   0.356573619E-04   0.296403043E-03   0.378303521E-03   0.295199006E-04
   0.251630790E-04   0.200321185E-03   0.264200382E-03   0.218933965E-04
   0.171522097E-04   0.131384717E-03   0.178160219E-03   0.157062132E-04
   0.109708053E-04   0.814320665E-04   0.112606278E-03   0.104333776E-04
   0.663105538E-05   0.476389432E-04   0.670875161E-04   0.655606709E-05
   0.369554323E-05   0.257415522E-04   0.366914028E-04   0.373687180E-05
   0.189331308E-05   0.126736695E-04   0.182979929E-04   0.194406607E-05
   0.844534384E-06   0.529173167E-05   0.779730181E-05   0.865714242E-06
   0.302675772E-06   0.174828085E-05   0.256394105E-05   0.302125926E-06
   0.866950316E-07   0.452611175E-06   0.623273252E-06   0.815312120E-07
   0.288439708E-07   0.221382848E-06   0.232217801E-06   0.323434577E-07
   0.357964183E-07   0.401816493E-06   0.440298606E-06   0.559704958E-07
   0.569168535E-07   0.598679719E-06   0.718552599E-06   0.964469677E-07
   0.750690603E-07   0.741224937E-06   0.929841860E-06   0.127607962E-06
   0.741156470E-07   0.702096372E-06   0.895360643E-06   0.123510489E-06
   0.697840292E-07   0.659973409E-06   0.846039541E-06   0.124525513E-06
   0.549103376E-07   0.497858252E-06   0.651088442E-06   0.943579650E-07
   0.334782619E-07   0.308167415E-06   0.402282325E-06   0.624027834E-07
   0.202605221E-07   0.183131149E-06   0.241142686E-06   0.374898441E-07
   0.132748799E-07   0.122648515E-06   0.159647954E-06   0.261601709E-07
   0.729972882E-08   0.648217764E-07   0.870601937E-07   0.146279495E-07
   0.231210606E-08   0.206605471E-07   0.267238551E-07   0.429576374E-08
   0.741910755E-09   0.587420956E-08   0.681406043E-08   0.178078818E-08
   0.309929998E-09   0.698802516E-09   0.765995878E-09  -0.204389925E-10
   0.526791555E-09   0.304471559E-08   0.460723815E-08   0.594951588E-09
   0.889242402E-09   0.561476110E-08   0.712043269E-08   0.155070146E-08
   0.786381404E-09   0.786386067E-08   0.979551995E-08   0.206060413E-08
   0.268520073E-08   0.136782061E-07   0.131180977E-07   0.455569715E-08
   0.204474038E-08   0.786297338E-08  -0.625360985E-09   0.392411303E-08
   0.174400994E-08   0.801747380E-08   0.256839772E-08   0.361911656E-08
   0.139888912E-08   0.758446905E-08   0.237686093E-08   0.356400420E-08
   0.498034680E-08   0.123501698E-07  -0.129159705E-07   0.689769530E-08
   0.261530109E-08   0.641220765E-08  -0.106289040E-07   0.413241619E-08
   0.708912040E-08   0.117773498E-07  -0.293241644E-07   0.724781302E-08
   0.280483348E-08   0.527459632E-08  -0.128945192E-07   0.347375551E-08
   0.205183048E-08   0.398490219E-08  -0.117112444E-07   0.277387557E-08
   0.386894028E-08   0.545220358E-08  -0.178354576E-07   0.336926109E-08
   0.132051503E-08   0.195552996E-08  -0.652802967E-08   0.124203681E-08
   0.566473868E-09   0.748757223E-09  -0.277002021E-08   0.440082915E-09
   0.439995818E-09   0.652662646E-09  -0.539477352E-09   0.108682776E-10
   0.175684911E-08   0.226320673E-08  -0.823668245E-08   0.106204323E-08
   0.114391279E-07   0.157663873E-07  -0.564976084E-07   0.887433771E-08
   0.351093270E-07   0.493779915E-07  -0.174069584E-06   0.270589187E-07
   0.618750988E-07   0.836547542E-07  -0.299467217E-06   0.460097240E-07
   0.110579840E-06   0.149727597E-06  -0.530241209E-06   0.778597808E-07
   0.182200139E-06   0.238599767E-06  -0.854344648E-06   0.124772157E-06
   0.272916395E-06   0.353119646E-06  -0.125912629E-05   0.180874764E-06
   0.351469367E-06   0.446933399E-06  -0.158722753E-05   0.225344266E-06
   0.430525375E-06   0.538054451E-06  -0.189533421E-05   0.262919656E-06
   0.415792300E-06   0.510164114E-06  -0.176833350E-05   0.232897278E-06
   0.345620180E-06   0.417071419E-06  -0.140317752E-05   0.183573619E-06
   0.213753623E-06   0.250533020E-06  -0.795774895E-06   0.101591766E-06
   0.141660024E-06   0.150767946E-06  -0.473979952E-06   0.625996464E-07
   0.326800205E-06   0.333063525E-06  -0.126362556E-05   0.160037061E-06
   0.129914440E-05   0.133596757E-05  -0.525052019E-05   0.616076932E-06
   0.363293520E-05   0.371627857E-05  -0.144103697E-04   0.160284094E-05
   0.834223465E-05   0.842356803E-05  -0.321482985E-04   0.341102213E-05
   0.171778629E-04   0.170767489E-04  -0.641144652E-04   0.650002448E-05
   0.310801624E-04   0.303556626E-04  -0.111842492E-03   0.107640280E-04
   0.524227107E-04   0.502993098E-04  -0.181265656E-03   0.165782003E-04
   0.830739300E-04   0.784007934E-04  -0.274806516E-03   0.237793483E-04
   0.125098552E-03   0.116425494E-03  -0.393810071E-03   0.320385843E-04
   0.182036369E-03   0.167428618E-03  -0.542113848E-03   0.414351889E-04
   0.256384985E-03   0.233968749E-03  -0.716948824E-03   0.510542777E-04
   0.352781906E-03   0.320849067E-03  -0.917802332E-03   0.604548659E-04
   0.477595779E-03   0.434741611E-03  -0.114386482E-02   0.693300099E-04
   0.641393533E-03   0.586537994E-03  -0.139873440E-02   0.775991211E-04
   0.857848558E-03   0.790737977E-03  -0.168102712E-02   0.845774266E-04
   0.115093845E-02   0.107107172E-02  -0.200005202E-02   0.904322224E-04
   0.155313057E-02   0.145949179E-02  -0.235741469E-02   0.943105260E-04
   0.210940815E-02   0.199896004E-02  -0.275098998E-02   0.954491843E-04
   0.287055504E-02   0.273810630E-02  -0.314394361E-02   0.920022576E-04
   0.386254955E-02   0.370069244E-02  -0.342995231E-02   0.807200922E-04
   0.505185546E-02   0.485500554E-02  -0.342147308E-02   0.606447793E-04
   0.626900140E-02   0.603760779E-02  -0.287650735E-02   0.341551277E-04
   0.723065110E-02   0.697231945E-02  -0.167814130E-02   0.996922790E-05
   0.759248296E-02   0.732466439E-02  -0.422328039E-08   0.000000000E+00
