   0.516208494E-02   0.648531020E-01  -0.281112980E-10   0.000000000E+00
   0.482487446E-02   0.606699064E-01   0.579526927E-02   0.330301955E-04
   0.398378400E-02   0.502226390E-01   0.939557888E-02   0.106804720E-03
   0.298805558E-02   0.377957001E-01   0.102595100E-01   0.174027547E-03
   0.210795715E-02   0.267330501E-01   0.927069876E-02   0.209008751E-03
   0.145064737E-02   0.183752496E-01   0.759310601E-02   0.214463391E-03
   0.100292289E-02   0.125802858E-01   0.594971981E-02   0.201871240E-03
   0.710795750E-03   0.872546248E-02   0.461638393E-02   0.183474083E-03
   0.520709844E-03   0.617686892E-02   0.360968383E-02   0.165708712E-03
   0.393048569E-03   0.445749797E-02   0.285316654E-02   0.148531180E-03
   0.303411070E-03   0.326482812E-02   0.227461639E-02   0.132823683E-03
   0.236769760E-03   0.241242372E-02   0.181470788E-02   0.117464631E-03
   0.185413897E-03   0.178864796E-02   0.144283951E-02   0.102402126E-03
   0.144534904E-03   0.132321636E-02   0.113608898E-02   0.873507306E-04
   0.111061541E-03   0.970194291E-03   0.878831604E-03   0.727812730E-04
   0.841683941E-04   0.704425503E-03   0.668845314E-03   0.590965974E-04
   0.624326349E-04   0.502974261E-03   0.497219560E-03   0.467972604E-04
   0.448493338E-04   0.349869602E-03   0.357137702E-03   0.354349249E-04
   0.315273755E-04   0.238447945E-03   0.250535290E-03   0.262213616E-04
   0.212285559E-04   0.156738068E-03   0.168095037E-03   0.184199380E-04
   0.138057003E-04   0.995834489E-04   0.108610453E-03   0.124288545E-04
   0.852617450E-05   0.601172396E-04   0.663330648E-04   0.792956598E-05
   0.496273697E-05   0.343251013E-04   0.380029051E-04   0.472366310E-05
   0.266013490E-05   0.180047318E-04   0.198194084E-04   0.256861313E-05
   0.129112550E-05   0.857318355E-05   0.919150079E-05   0.123889458E-05
   0.548249091E-06   0.358314060E-05   0.358763759E-05   0.505759317E-06
   0.211052026E-06   0.140731856E-05   0.120278833E-05   0.177906671E-06
   0.650642917E-07   0.544056718E-06   0.288293251E-06   0.407232541E-07
   0.423383284E-07   0.471855827E-06   0.294691517E-06   0.375298868E-07
   0.595435026E-07   0.602107548E-06   0.535072957E-06   0.666922304E-07
   0.852349515E-07   0.769757264E-06   0.789418834E-06   0.977371002E-07
   0.926616224E-07   0.792387254E-06   0.873910835E-06   0.120813965E-06
   0.101969718E-06   0.838633298E-06   0.944530257E-06   0.128621025E-06
   0.917236065E-07   0.733458819E-06   0.831586135E-06   0.113746168E-06
   0.794160258E-07   0.619021364E-06   0.700982866E-06   0.963333733E-07
   0.625392573E-07   0.467139103E-06   0.543337023E-06   0.725274276E-07
   0.446419968E-07   0.303186198E-06   0.340947651E-06   0.398909101E-07
   0.290398532E-07   0.190457087E-06   0.211273743E-06   0.244129517E-07
   0.237034321E-07   0.137491980E-06   0.138909726E-06   0.150355142E-07
   0.112735465E-07   0.501812316E-07   0.531747979E-07   0.198319006E-08
   0.662712463E-08   0.257360835E-07   0.288040294E-07  -0.628822272E-10
   0.550299406E-08   0.129608377E-07   0.251049359E-08  -0.575450188E-09
   0.509944620E-08   0.477055995E-08  -0.113194263E-07  -0.552200681E-10
   0.456411042E-08   0.528068966E-08  -0.142684620E-07   0.125339705E-08
   0.145665102E-08   0.221180452E-08  -0.610496631E-08   0.130726951E-08
   0.217411422E-08   0.429498836E-08  -0.342173756E-08   0.223193974E-08
   0.186789140E-08   0.363156194E-08   0.809293688E-09   0.110895315E-08
   0.115813481E-08   0.324319571E-08   0.480811257E-08  -0.151972934E-09
   0.415622825E-08   0.811549405E-08  -0.328845906E-08  -0.477313050E-10
   0.645178666E-08   0.704701852E-08  -0.104161311E-07  -0.110743237E-08
   0.164753615E-07   0.236473454E-07  -0.418536281E-07   0.295224711E-08
   0.304509662E-07   0.345221700E-07  -0.976371908E-07   0.891687879E-08
   0.726963023E-07   0.908968190E-07  -0.255457195E-06   0.319602016E-07
   0.115794549E-06   0.143690883E-06  -0.415444617E-06   0.559119044E-07
   0.196462963E-06   0.244408369E-06  -0.709266487E-06   0.991520395E-07
   0.274812180E-06   0.335543604E-06  -0.984351345E-06   0.139654460E-06
   0.389313783E-06   0.470824233E-06  -0.138309292E-05   0.201558933E-06
   0.408477348E-06   0.489488912E-06  -0.142375825E-05   0.205164497E-06
   0.504166167E-06   0.609043639E-06  -0.173119929E-05   0.246363214E-06
   0.514093813E-06   0.612679514E-06  -0.170525163E-05   0.244675135E-06
   0.432722743E-06   0.510058840E-06  -0.134878053E-05   0.195154144E-06
   0.338873548E-06   0.394702170E-06  -0.920385958E-06   0.121018189E-06
   0.246670027E-06   0.269090293E-06  -0.472032355E-06   0.641212736E-07
   0.330064694E-06   0.329072037E-06  -0.569267911E-06   0.839242347E-07
   0.834773402E-06   0.827184522E-06  -0.193150322E-05   0.274284304E-06
   0.233159653E-05   0.233876835E-05  -0.627985128E-05   0.844336796E-06
   0.538122322E-05   0.543750821E-05  -0.150755459E-04   0.194287759E-05
   0.113173028E-04   0.113573897E-04  -0.318709062E-04   0.394374956E-05
   0.211404749E-04   0.210934741E-04  -0.587917784E-04   0.698636995E-05
   0.365789310E-04   0.361751336E-04  -0.994242291E-04   0.113634997E-04
   0.595753663E-04   0.583568508E-04  -0.157165894E-03   0.172315740E-04
   0.932180628E-04   0.904944027E-04  -0.237689354E-03   0.249628465E-04
   0.139707132E-03   0.134575210E-03  -0.342345447E-03   0.343016400E-04
   0.201969640E-03   0.193513610E-03  -0.473082269E-03   0.450125845E-04
   0.284599839E-03   0.271978992E-03  -0.634215539E-03   0.569820222E-04
   0.392168993E-03   0.374298805E-03  -0.826475152E-03   0.703262194E-04
   0.531173428E-03   0.508057128E-03  -0.105315133E-02   0.842238223E-04
   0.707413128E-03   0.680179044E-03  -0.131008553E-02   0.981255289E-04
   0.937586650E-03   0.908390852E-03  -0.161427632E-02   0.112622525E-03
   0.123651023E-02   0.120969594E-02  -0.196527247E-02   0.127415973E-03
   0.163654960E-02   0.161843386E-02  -0.238712179E-02   0.143284546E-03
   0.218883017E-02   0.218803086E-02  -0.291364128E-02   0.160690106E-03
   0.297857076E-02   0.300627458E-02  -0.359680643E-02   0.179275841E-03
   0.414318452E-02   0.421358878E-02  -0.450360542E-02   0.199815142E-03
   0.589056825E-02   0.602259161E-02  -0.568799023E-02   0.218366666E-03
   0.850826781E-02   0.873116683E-02  -0.713134324E-02   0.229654412E-03
   0.122626014E-01   0.126174595E-01  -0.856702775E-02   0.220409871E-03
   0.171767585E-01   0.177176911E-01  -0.933803897E-02   0.180251343E-03
   0.226660129E-01   0.234270263E-01  -0.845328532E-02   0.108309345E-03
   0.272546876E-01   0.282137189E-01  -0.517516211E-02   0.331568590E-04
   0.290735401E-01   0.301122405E-01  -0.127852164E-07   0.000000000E+00
