   0.147632067E-02   0.146348840E-01   0.480487178E-10   0.000000000E+00
   0.145206018E-02   0.143425874E-01   0.380219717E-03   0.290872123E-06
   0.137968885E-02   0.135157676E-01   0.718466938E-03   0.976037654E-06
   0.127189083E-02   0.122827087E-01   0.983797712E-03   0.157021236E-05
   0.114625879E-02   0.108130667E-01   0.116187800E-02   0.133950346E-05
   0.101633102E-02   0.929087680E-02   0.125644752E-02   0.711020789E-07
   0.893741846E-03   0.784629770E-02   0.128139462E-02  -0.204977846E-05
   0.784741889E-03   0.655299844E-02   0.125531247E-02  -0.496471512E-05
   0.692696485E-03   0.545699755E-02   0.119777536E-02  -0.802260183E-05
   0.614995020E-03   0.454745861E-02   0.112171879E-02  -0.103291923E-04
   0.551444187E-03   0.380934193E-02   0.103878544E-02  -0.128380270E-04
   0.497816538E-03   0.321259559E-02   0.953781186E-03  -0.139321537E-04
   0.451904372E-03   0.272639864E-02   0.870190444E-03  -0.147730725E-04
   0.411749439E-03   0.232862611E-02   0.789686106E-03  -0.145920858E-04
   0.375841482E-03   0.199817494E-02   0.713138375E-03  -0.141242663E-04
   0.342982326E-03   0.171925710E-02   0.640161976E-03  -0.137733550E-04
   0.312704302E-03   0.148206553E-02   0.571384968E-03  -0.126064479E-04
   0.284570240E-03   0.127671042E-02   0.506548269E-03  -0.115301591E-04
   0.258110405E-03   0.109617971E-02   0.444986305E-03  -0.105948311E-04
   0.233679457E-03   0.940631551E-03   0.388409913E-03  -0.983172686E-05
   0.210993938E-03   0.804482319E-03   0.336046651E-03  -0.911868574E-05
   0.190122242E-03   0.686994579E-03   0.288461859E-03  -0.873290719E-05
   0.171127715E-03   0.582928536E-03   0.245165691E-03  -0.818736680E-05
   0.153615780E-03   0.492951251E-03   0.205995384E-03  -0.782812731E-05
   0.138087285E-03   0.417450006E-03   0.172084998E-03  -0.752574169E-05
   0.124097423E-03   0.351341354E-03   0.141862212E-03  -0.722658751E-05
   0.111423942E-03   0.294653146E-03   0.115211362E-03  -0.691985133E-05
   0.100477453E-03   0.247578864E-03   0.929627859E-04  -0.650734728E-05
   0.906643036E-04   0.208083977E-03   0.736457150E-04  -0.619633011E-05
   0.821855865E-04   0.174353801E-03   0.574048463E-04  -0.578248228E-05
   0.748321036E-04   0.147096682E-03   0.441249867E-04  -0.529311910E-05
   0.684704210E-04   0.124179729E-03   0.329796931E-04  -0.482625956E-05
   0.630265131E-04   0.105321094E-03   0.241433445E-04  -0.429009970E-05
   0.583937472E-04   0.905873603E-04   0.170086587E-04  -0.373759030E-05
   0.545282419E-04   0.785363081E-04   0.114319837E-04  -0.318662705E-05
   0.512509832E-04   0.686528438E-04   0.725725067E-05  -0.262918820E-05
   0.485179589E-04   0.606511785E-04   0.390309106E-05  -0.210742837E-05
   0.462300995E-04   0.541946065E-04   0.151607401E-05  -0.160199534E-05
   0.444004399E-04   0.489657978E-04  -0.172488370E-06  -0.115127955E-05
   0.429181200E-04   0.447058301E-04  -0.129578711E-05  -0.755857741E-06
   0.417360534E-04   0.412156005E-04  -0.197364488E-05  -0.408745649E-06
   0.407363186E-04   0.382916915E-04  -0.226800080E-05  -0.119920657E-06
   0.400848257E-04   0.360668309E-04  -0.235568541E-05   0.917307688E-07
   0.395527459E-04   0.339877261E-04  -0.214608076E-05   0.227797400E-06
   0.391682697E-04   0.320754552E-04  -0.179926553E-05   0.288427799E-06
   0.389734196E-04   0.308430936E-04  -0.126780776E-05   0.296777557E-06
   0.388471599E-04   0.296910639E-04  -0.586819397E-06   0.236827916E-06
   0.389259330E-04   0.288265619E-04   0.146881135E-06   0.123969286E-06
   0.390744462E-04   0.280337954E-04   0.937080586E-06  -0.434414495E-07
   0.394678500E-04   0.278816296E-04   0.175470598E-05  -0.220661548E-06
   0.399810160E-04   0.277414147E-04   0.252598238E-05  -0.428438170E-06
   0.407678526E-04   0.283184290E-04   0.323104223E-05  -0.616346540E-06
   0.419098542E-04   0.291731121E-04   0.369652798E-05  -0.766246842E-06
   0.434650210E-04   0.311815929E-04   0.391820322E-05  -0.851758500E-06
   0.453543871E-04   0.336279627E-04   0.392299853E-05  -0.874838349E-06
   0.481007264E-04   0.369442751E-04   0.316756427E-05  -0.747278818E-06
   0.518018569E-04   0.414603019E-04   0.159417061E-05  -0.424322536E-06
   0.561819688E-04   0.476670211E-04  -0.506026254E-06   0.280830683E-07
   0.620277060E-04   0.555888873E-04  -0.390566129E-05   0.761325168E-06
   0.693585316E-04   0.649332214E-04  -0.849095613E-05   0.177614572E-05
   0.784746444E-04   0.771327614E-04  -0.146296670E-04   0.306662673E-05
   0.898684157E-04   0.921348619E-04  -0.226615321E-04   0.473513637E-05
   0.103507038E-03   0.110018816E-03  -0.323743552E-04   0.668432949E-05
   0.120065357E-03   0.131219073E-03  -0.442829732E-04   0.911646384E-05
   0.139962096E-03   0.156680384E-03  -0.586477909E-04   0.119424840E-04
   0.163546254E-03   0.186740901E-03  -0.755019864E-04   0.151041413E-04
   0.191164610E-03   0.222163624E-03  -0.950211906E-04   0.185205845E-04
   0.223852883E-03   0.263029418E-03  -0.117424192E-03   0.224664145E-04
   0.261529931E-03   0.310166623E-03  -0.142507517E-03   0.266407642E-04
   0.305935711E-03   0.364858046E-03  -0.170936153E-03   0.312020347E-04
   0.355788390E-03   0.426477724E-03  -0.201373565E-03   0.357263852E-04
   0.413193658E-03   0.496740395E-03  -0.234602965E-03   0.403607301E-04
   0.479822367E-03   0.577236584E-03  -0.270723889E-03   0.450044136E-04
   0.556192303E-03   0.668714580E-03  -0.309420167E-03   0.496499451E-04
   0.643050880E-03   0.771679799E-03  -0.349753158E-03   0.540936089E-04
   0.745786470E-03   0.891486299E-03  -0.393405557E-03   0.583121546E-04
   0.866660150E-03   0.103046757E-02  -0.439764786E-03   0.616446923E-04
   0.101025729E-02   0.119301898E-02  -0.488853140E-03   0.645533510E-04
   0.118506746E-02   0.138791592E-02  -0.542214257E-03   0.670022127E-04
   0.139915035E-02   0.162298756E-02  -0.598735875E-03   0.680884405E-04
   0.166590000E-02   0.191205321E-02  -0.659299258E-03   0.679350487E-04
   0.199761009E-02   0.226672273E-02  -0.721585297E-03   0.659389698E-04
   0.240564533E-02   0.270174048E-02  -0.781639130E-03   0.627151385E-04
   0.290345680E-02   0.323062204E-02  -0.833359896E-03   0.575788836E-04
   0.348513899E-02   0.384562090E-02  -0.864225731E-03   0.501559261E-04
   0.413870066E-02   0.453679124E-02  -0.860291999E-03   0.407084262E-04
   0.482681300E-02   0.526446337E-02  -0.806423777E-03   0.299280073E-04
   0.549123436E-02   0.596669316E-02  -0.690273300E-03   0.188432932E-04
   0.604582299E-02   0.655723782E-02  -0.508034136E-03   0.916744466E-05
   0.642783660E-02   0.696096895E-02  -0.270474207E-03   0.242045394E-05
   0.656134868E-02   0.710135326E-02  -0.554907620E-09   0.000000000E+00
