   0.576989376E-03   0.136750070E-01  -0.288604665E-11   0.000000000E+00
   0.555841776E-03   0.130749494E-01   0.150903931E-02   0.847119645E-05
   0.500146067E-03   0.114944382E-01   0.262454920E-02   0.294833953E-04
   0.426575250E-03   0.940632075E-02   0.317430519E-02   0.534439314E-04
   0.352926872E-03   0.731794303E-02   0.324334390E-02   0.728667146E-04
   0.288850104E-03   0.551253697E-02   0.301719387E-02   0.848146301E-04
   0.236938082E-03   0.408430770E-02   0.266141794E-02   0.902438114E-04
   0.195650500E-03   0.300469296E-02   0.227521127E-02   0.898104554E-04
   0.162275843E-03   0.220872276E-02   0.190655619E-02   0.861255903E-04
   0.133989190E-03   0.162479468E-02   0.156860310E-02   0.796543682E-04
   0.109562192E-03   0.119368255E-02   0.126828381E-02   0.717703515E-04
   0.878579158E-04   0.872565492E-03   0.100311043E-02   0.621624713E-04
   0.689757653E-04   0.632921059E-03   0.776336063E-03   0.523941599E-04
   0.525550713E-04   0.451678701E-03   0.583419576E-03   0.424662867E-04
   0.388355256E-04   0.316343358E-03   0.425720995E-03   0.331639749E-04
   0.274228805E-04   0.213979365E-03   0.297068967E-03   0.246285199E-04
   0.185607369E-04   0.139654498E-03   0.198711161E-03   0.174421748E-04
   0.119825272E-04   0.871342927E-04   0.126645013E-03   0.117569152E-04
   0.712610654E-05   0.502213952E-04   0.741212425E-04   0.720375283E-05
   0.400655517E-05   0.272622383E-04   0.408704254E-04   0.415413706E-05
   0.202987167E-05   0.132070236E-04   0.201282073E-04   0.213812018E-05
   0.880384448E-06   0.532756894E-05   0.831361922E-05   0.924124947E-06
   0.305705129E-06   0.163944640E-05   0.261946252E-05   0.304266138E-06
   0.865385346E-07   0.422741863E-06   0.631732689E-06   0.833169835E-07
   0.350064120E-07   0.263537146E-06   0.309382699E-06   0.429632969E-07
   0.430436415E-07   0.478536947E-06   0.551109963E-06   0.741774357E-07
   0.708131296E-07   0.747343847E-06   0.931573936E-06   0.129996252E-06
   0.904220840E-07   0.898355552E-06   0.115463558E-05   0.159314794E-06
   0.856538804E-07   0.812768121E-06   0.107508049E-05   0.152120435E-06
   0.779143718E-07   0.727220993E-06   0.972963903E-06   0.142758253E-06
   0.538511600E-07   0.499225507E-06   0.672877093E-06   0.103436257E-06
   0.395633073E-07   0.360024245E-06   0.480009248E-06   0.720468947E-07
   0.281097954E-07   0.252721037E-06   0.347228990E-06   0.551281545E-07
   0.137299887E-07   0.128691440E-06   0.173514891E-06   0.298221892E-07
   0.640868736E-08   0.598508834E-07   0.781940912E-07   0.132168028E-07
   0.269383738E-08   0.201233092E-07   0.252619454E-07   0.342880879E-08
   0.463849431E-09   0.348713769E-08   0.473335016E-08   0.619662821E-09
   0.506537035E-10   0.570670955E-09   0.417482410E-09   0.217805260E-09
   0.527513422E-09   0.216658780E-08   0.270587508E-08   0.532855982E-09
   0.368633707E-09   0.343772300E-08   0.417683310E-08   0.849175896E-09
   0.902488861E-09   0.676464262E-08   0.871249917E-08   0.202284633E-08
   0.884291806E-09   0.621182261E-08   0.465120165E-08   0.263331645E-08
   0.153888235E-08   0.166899348E-07   0.199411083E-07   0.492872587E-08
   0.102821862E-08   0.570916514E-08   0.832774349E-09   0.294537927E-08
   0.177116277E-08   0.857565130E-08  -0.136707243E-09   0.451399362E-08
   0.336432304E-08   0.100066586E-07  -0.848455706E-08   0.571483127E-08
   0.232699326E-08   0.103297220E-07  -0.988005455E-09   0.542352208E-08
   0.580891646E-08   0.114063248E-07  -0.348182105E-07   0.774438913E-08
   0.400203515E-08   0.787562460E-08  -0.175713630E-07   0.500874986E-08
   0.159558311E-08   0.383491683E-08  -0.970897318E-08   0.277747580E-08
   0.694798441E-09   0.164821112E-08  -0.440943904E-08   0.120078159E-08
   0.111870768E-08   0.194688488E-08  -0.450993420E-08   0.117834154E-08
   0.282239676E-09   0.692715940E-09   0.195143721E-09   0.223829316E-09
   0.472804240E-09   0.988408466E-09  -0.247145504E-08   0.631662445E-09
   0.198721950E-08   0.370544950E-08  -0.111471579E-07   0.245898080E-08
   0.159081122E-07   0.232865673E-07  -0.839980387E-07   0.131176829E-07
   0.280224590E-07   0.406357721E-07  -0.146501080E-06   0.229407640E-07
   0.691685003E-07   0.994935760E-07  -0.358065250E-06   0.546036141E-07
   0.132930069E-06   0.189396374E-06  -0.680040273E-06   0.102440147E-06
   0.216933699E-06   0.300190123E-06  -0.108515201E-05   0.161567911E-06
   0.300420737E-06   0.406826388E-06  -0.147193066E-05   0.212040462E-06
   0.425314397E-06   0.567306245E-06  -0.204316802E-05   0.286111344E-06
   0.435166157E-06   0.572986551E-06  -0.204371327E-05   0.284688355E-06
   0.470313722E-06   0.611556857E-06  -0.214550732E-05   0.286737276E-06
   0.386517911E-06   0.494851406E-06  -0.169067312E-05   0.223588032E-06
   0.273166023E-06   0.338654331E-06  -0.109952850E-05   0.138365863E-06
   0.155501141E-06   0.183521777E-06  -0.590899788E-06   0.845996126E-07
   0.308058134E-06   0.325109795E-06  -0.129683178E-05   0.163981099E-06
   0.123404322E-05   0.133614253E-05  -0.542865564E-05   0.639452026E-06
   0.344943328E-05   0.370010935E-05  -0.147835826E-04   0.165383381E-05
   0.863470814E-05   0.918227306E-05  -0.360011727E-04   0.383694669E-05
   0.173285862E-04   0.181229734E-04  -0.698379954E-04   0.709682308E-05
   0.315165271E-04   0.323912791E-04  -0.122503989E-03   0.118444723E-04
   0.533191742E-04   0.537230262E-04  -0.199156624E-03   0.183371430E-04
   0.851859804E-04   0.844523820E-04  -0.304988760E-03   0.264635710E-04
   0.127779713E-03   0.124840473E-03  -0.436008762E-03   0.355650955E-04
   0.186200981E-03   0.179613533E-03  -0.602413493E-03   0.461204909E-04
   0.260961038E-03   0.249643257E-03  -0.794306572E-03   0.566258350E-04
   0.357665675E-03   0.340709143E-03  -0.101574161E-02   0.669816727E-04
   0.481445517E-03   0.458844443E-03  -0.126255059E-02   0.764627257E-04
   0.640230719E-03   0.613027718E-03  -0.153184077E-02   0.847467018E-04
   0.847334333E-03   0.818204600E-03  -0.182499923E-02   0.912414325E-04
   0.112087163E-02   0.109377073E-02  -0.214177207E-02   0.959647004E-04
   0.148746790E-02   0.146771595E-02  -0.248071062E-02   0.978345342E-04
   0.197652332E-02   0.196994864E-02  -0.282512163E-02   0.964213614E-04
   0.262168399E-02   0.263432879E-02  -0.313417776E-02   0.899035731E-04
   0.343210599E-02   0.346996891E-02  -0.331010902E-02   0.767090605E-04
   0.436113030E-02   0.442839088E-02  -0.319130369E-02   0.558288448E-04
   0.528325792E-02   0.538008381E-02  -0.260783476E-02   0.305048889E-04
   0.598813826E-02   0.610846421E-02  -0.149078714E-02   0.874414945E-05
   0.625278195E-02   0.638267724E-02  -0.260670130E-08   0.000000000E+00
