   0.447121492E-04   0.417858781E-02   0.809772083E-09   0.000000000E+00
   0.466173296E-04   0.404275721E-02   0.617467216E-03   0.331614842E-05
   0.515113461E-04   0.366970478E-02   0.112014252E-02   0.119484730E-04
   0.576270540E-04   0.314808427E-02   0.144112715E-02   0.229484467E-04
   0.627486152E-04   0.257766549E-02   0.157277228E-02   0.330347721E-04
   0.653209790E-04   0.203331793E-02   0.154859456E-02   0.401553698E-04
   0.648963978E-04   0.155826868E-02   0.142259640E-02   0.437748349E-04
   0.609281997E-04   0.116476300E-02   0.123181031E-02   0.435677430E-04
   0.544031936E-04   0.851732795E-03   0.101826061E-02   0.407594380E-04
   0.459253315E-04   0.607230351E-03   0.802055409E-03   0.356997043E-04
   0.366780005E-04   0.420720724E-03   0.602547312E-03   0.295213049E-04
   0.276265873E-04   0.281073822E-03   0.429725274E-03   0.229259986E-04
   0.196481960E-04   0.180288393E-03   0.290869619E-03   0.167658582E-04
   0.129004484E-04   0.108261876E-03   0.181786963E-03   0.112278667E-04
   0.777923015E-05   0.600211351E-04   0.103868580E-03   0.684728730E-05
   0.430318914E-05   0.304273672E-04   0.538344539E-04   0.372254772E-05
   0.200820114E-05   0.129246946E-04   0.226211050E-04   0.162212666E-05
   0.762063848E-06   0.442096962E-05   0.697056521E-05   0.496572397E-06
   0.222099061E-06   0.130628530E-05   0.115300338E-05   0.641603606E-07
   0.518125667E-07   0.703356079E-06   0.638820765E-07  -0.373133169E-08
   0.411548164E-07   0.985925112E-06   0.702848070E-06   0.699965170E-07
   0.801686681E-07   0.142272768E-05   0.167316261E-05   0.176007745E-06
   0.107185961E-06   0.156263536E-05   0.215900582E-05   0.237856440E-06
   0.112004678E-06   0.144371074E-05   0.216575563E-05   0.244087346E-06
   0.829378237E-07   0.100483339E-05   0.155435896E-05   0.182523124E-06
   0.545087104E-07   0.635022218E-06   0.101758042E-05   0.123194127E-06
   0.348130733E-07   0.393917787E-06   0.641650672E-06   0.796384967E-07
   0.211485371E-07   0.232658522E-06   0.386282323E-06   0.486637326E-07
   0.849947046E-08   0.959622000E-07   0.161433064E-06   0.218691394E-07
   0.182499016E-08   0.219857927E-07   0.357688883E-07   0.547191448E-08
   0.169337530E-09   0.315678172E-08   0.394489730E-08   0.105696152E-08
   0.522661671E-10   0.194700103E-09   0.161476874E-09   0.479985149E-10
   0.126826305E-08   0.555088375E-08   0.870424233E-09   0.130493660E-08
   0.256355448E-08   0.187563991E-07   0.253246650E-07   0.434593028E-08
   0.177920889E-08   0.128785382E-07   0.196286241E-07   0.271471046E-08
   0.153575874E-08   0.101247410E-07   0.155153881E-07   0.192194771E-08
   0.152338298E-08   0.122847608E-07   0.219216396E-07   0.267642108E-08
   0.147332535E-08   0.880519035E-08   0.113990986E-07   0.173749137E-08
   0.303312819E-09   0.150904000E-08   0.328394179E-08   0.874565628E-10
   0.834554259E-09   0.397710576E-08   0.327521321E-08   0.777458098E-09
   0.588741889E-09   0.213974261E-08   0.107083942E-08   0.320974192E-09
   0.196408265E-09   0.914824161E-09   0.164019409E-08   0.155960939E-09
   0.268623540E-09   0.485051665E-09  -0.222643437E-08   0.278101153E-09
   0.410408291E-09   0.100630804E-08  -0.400487954E-08   0.631109276E-09
   0.231337727E-09   0.564651770E-09  -0.376660703E-09   0.158998911E-09
   0.653362260E-11   0.165686145E-09   0.224435418E-10   0.100627721E-09
   0.762621022E-09   0.243754994E-08  -0.513663467E-08   0.149909052E-08
   0.787029830E-09   0.149429702E-08  -0.639908215E-08   0.908635389E-09
   0.773239694E-09   0.269128697E-08  -0.406532408E-08   0.111125997E-08
   0.274570450E-09   0.101247544E-08   0.715615733E-09   0.121367735E-09
   0.805417788E-09   0.300585756E-08  -0.242078868E-08   0.995163174E-09
   0.883183748E-09   0.164072933E-08  -0.702616365E-08   0.770661368E-09
   0.149564272E-08   0.305972248E-08  -0.124752590E-07   0.155046864E-08
   0.682410040E-08   0.150527182E-07  -0.621858973E-07   0.869052563E-08
   0.288316548E-08   0.560144908E-08  -0.264588635E-07   0.334954331E-08
   0.638793152E-08   0.128548949E-07  -0.610277056E-07   0.842599501E-08
   0.551059154E-08   0.105088214E-07  -0.511599261E-07   0.685230450E-08
   0.440076509E-08   0.846760440E-08  -0.394935462E-07   0.488955454E-08
   0.234415753E-08   0.498760144E-08  -0.203834158E-07   0.262733058E-08
   0.256859134E-08   0.478046180E-08  -0.237793891E-07   0.309031511E-08
   0.139299428E-08   0.307649239E-08  -0.127592488E-07   0.207375095E-08
   0.812225487E-08   0.157741251E-07  -0.707871379E-07   0.980395587E-08
   0.387010743E-07   0.709233348E-07  -0.327536583E-06   0.414350723E-07
   0.888239811E-07   0.158424967E-06  -0.735942706E-06   0.924909074E-07
   0.193580703E-06   0.332350425E-06  -0.155276905E-05   0.186088883E-06
   0.308715357E-06   0.514818112E-06  -0.239435940E-05   0.279370283E-06
   0.500343447E-06   0.812506812E-06  -0.373165562E-05   0.423386865E-06
   0.647317734E-06   0.101747037E-05  -0.455633062E-05   0.492719664E-06
   0.721542790E-06   0.109017606E-05  -0.465564381E-05   0.483952704E-06
   0.668434950E-06   0.957692691E-06  -0.365428241E-05   0.366555497E-06
   0.486447220E-06   0.626994733E-06  -0.163016568E-05   0.162922689E-06
   0.389218684E-06   0.389330211E-06  -0.271792061E-06   0.504098487E-07
   0.898404664E-06   0.912114388E-06  -0.291885431E-05   0.323029582E-06
   0.299052567E-05   0.334153833E-05  -0.156188034E-04   0.144147293E-05
   0.809007543E-05   0.920458024E-05  -0.457259375E-04   0.386424517E-05
   0.179344115E-04   0.202491228E-04  -0.100701873E-03   0.789957085E-05
   0.352639763E-04   0.392305046E-04  -0.191949468E-03   0.139900449E-04
   0.614162709E-04   0.671605885E-04  -0.317474594E-03   0.214291522E-04
   0.993363210E-04   0.106916836E-03  -0.482393254E-03   0.300136871E-04
   0.151164233E-03   0.160640207E-03  -0.681837380E-03   0.391209505E-04
   0.220004775E-03   0.232196020E-03  -0.912643853E-03   0.476977002E-04
   0.307658833E-03   0.324200693E-03  -0.115738413E-02   0.546417905E-04
   0.417012896E-03   0.440810720E-03  -0.139904127E-02   0.595867459E-04
   0.552734360E-03   0.588458439E-03  -0.162389479E-02   0.612285439E-04
   0.717600167E-03   0.770725019E-03  -0.180296728E-02   0.593598415E-04
   0.913117663E-03   0.989003922E-03  -0.190667482E-02   0.533149541E-04
   0.113430992E-02   0.123714702E-02  -0.188775850E-02   0.432090383E-04
   0.136461016E-02   0.149509346E-02  -0.170010456E-02   0.296255930E-04
   0.157450733E-02   0.172969990E-02  -0.130604336E-02   0.153811579E-04
   0.172422302E-02   0.189634482E-02  -0.715045957E-03   0.423673055E-05
   0.177895371E-02   0.195765705E-02  -0.183884175E-08   0.000000000E+00
