   0.523636164E-02   0.646546558E-01   0.966930624E-08   0.000000000E+00
   0.494426070E-02   0.610893779E-01   0.569201587E-02   0.329471368E-04
   0.420243805E-02   0.520450510E-01   0.951542985E-02   0.110165325E-03
   0.328147551E-02   0.407459363E-01   0.108446134E-01   0.188002537E-03
   0.242232741E-02   0.301125888E-01   0.102866627E-01   0.237618558E-03
   0.174119754E-02   0.215620045E-01   0.882936921E-02   0.254500890E-03
   0.125051022E-02   0.152949682E-01   0.721218856E-02   0.249359786E-03
   0.912997872E-03   0.109019326E-01   0.578347594E-02   0.234570383E-03
   0.683595659E-03   0.787005108E-02   0.463262619E-02   0.216827539E-03
   0.524562551E-03   0.576072233E-02   0.372742745E-02   0.198023554E-03
   0.410213834E-03   0.426562503E-02   0.301102852E-02   0.179499722E-03
   0.324263703E-03   0.318291062E-02   0.243256381E-02   0.160631433E-03
   0.256917352E-03   0.238173734E-02   0.195494690E-02   0.141353434E-03
   0.202933414E-03   0.178065198E-02   0.155816076E-02   0.121981255E-03
   0.158526294E-03   0.132260006E-02   0.122378429E-02   0.103337290E-03
   0.121833815E-03   0.972011941E-03   0.943351828E-03   0.848674608E-04
   0.921405153E-04   0.705656887E-03   0.714303635E-03   0.683920953E-04
   0.678370998E-04   0.501741015E-03   0.525653013E-03   0.532448612E-04
   0.488504993E-04   0.350594230E-03   0.378075143E-03   0.400237150E-04
   0.338280624E-04   0.236245003E-03   0.260712754E-03   0.290984262E-04
   0.228876543E-04   0.155873320E-03   0.175472567E-03   0.204467469E-04
   0.146471648E-04   0.974872892E-04   0.111206595E-03   0.135480905E-04
   0.891136369E-05   0.580642809E-04   0.666969790E-04   0.843732778E-05
   0.506490596E-05   0.322025408E-04   0.370329617E-04   0.489094191E-05
   0.275416778E-05   0.170136063E-04   0.194988334E-04   0.267133123E-05
   0.127249746E-05   0.774772070E-05   0.848144919E-05   0.122095969E-05
   0.524216887E-06   0.312952920E-05   0.310630548E-05   0.469710074E-06
   0.180946415E-06   0.115959313E-05   0.850032222E-06   0.139113155E-06
   0.640180815E-07   0.582253506E-06   0.261488225E-06   0.332081562E-07
   0.619127078E-07   0.654080623E-06   0.462162745E-06   0.525714547E-07
   0.932676585E-07   0.891594539E-06   0.841695908E-06   0.102138330E-06
   0.128367830E-06   0.111465886E-05   0.116410342E-05   0.139699793E-06
   0.137332719E-06   0.112706232E-05   0.124583096E-05   0.158505898E-06
   0.140875699E-06   0.110891961E-05   0.123718132E-05   0.157989717E-06
   0.127405826E-06   0.967385859E-06   0.112683620E-05   0.148773168E-06
   0.105358687E-06   0.756343240E-06   0.861139711E-06   0.105395465E-06
   0.840570920E-07   0.584465795E-06   0.672402166E-06   0.815428578E-07
   0.682010466E-07   0.457623969E-06   0.544521242E-06   0.642057358E-07
   0.455501841E-07   0.279531832E-06   0.309348735E-06   0.328216423E-07
   0.286998318E-07   0.153861876E-06   0.156381830E-06   0.141518726E-07
   0.173903238E-07   0.811279364E-07   0.813097003E-07   0.479462647E-08
   0.154832751E-07   0.577127963E-07   0.302433847E-07   0.346170115E-08
   0.684805546E-08   0.176942727E-07   0.181806958E-08   0.160473260E-09
   0.385935817E-08   0.707199943E-08  -0.284687141E-08  -0.402742228E-09
   0.162111702E-08   0.366946118E-08  -0.308208059E-08   0.590651583E-09
   0.253933208E-09   0.262088795E-09  -0.724446059E-09   0.113263787E-09
   0.941816403E-09   0.848542014E-09  -0.393467731E-09  -0.268385425E-09
   0.497106489E-08   0.111630349E-07  -0.179898818E-08   0.200529482E-09
   0.951128776E-08   0.139994238E-07  -0.203994563E-07   0.622193685E-09
   0.339370878E-07   0.524773931E-07  -0.107585258E-06   0.122500783E-07
   0.535660263E-07   0.665661872E-07  -0.182778706E-06   0.194412912E-07
   0.955639621E-07   0.123755896E-06  -0.339037769E-06   0.411703382E-07
   0.141965458E-06   0.185819800E-06  -0.511640906E-06   0.656770780E-07
   0.213467871E-06   0.267973519E-06  -0.775501292E-06   0.107505087E-06
   0.305194590E-06   0.398135683E-06  -0.110563553E-05   0.148851811E-06
   0.461003168E-06   0.596870734E-06  -0.167774374E-05   0.240526845E-06
   0.522022674E-06   0.670661677E-06  -0.186677426E-05   0.262381320E-06
   0.565906419E-06   0.719869945E-06  -0.198279963E-05   0.279834978E-06
   0.612852489E-06   0.777498428E-06  -0.208693291E-05   0.290541777E-06
   0.593122195E-06   0.743170972E-06  -0.191676327E-05   0.260802921E-06
   0.462598564E-06   0.567541008E-06  -0.132943978E-05   0.169908361E-06
   0.328420072E-06   0.390967898E-06  -0.721670290E-06   0.956395709E-07
   0.322476069E-06   0.349645831E-06  -0.536596986E-06   0.854131486E-07
   0.683824510E-06   0.692747847E-06  -0.144914861E-05   0.216357094E-06
   0.190399112E-05   0.200134446E-05  -0.515954980E-05   0.738561710E-06
   0.466555366E-05   0.492211893E-05  -0.135005430E-04   0.186192835E-05
   0.100823017E-04   0.107739124E-04  -0.299165222E-04   0.391985350E-05
   0.187973328E-04   0.199293791E-04  -0.551146186E-04   0.696487132E-05
   0.334297729E-04   0.351823910E-04  -0.964524515E-04   0.117219906E-04
   0.551990743E-04   0.576434286E-04  -0.155396076E-03   0.181350515E-04
   0.869921714E-04   0.900768500E-04  -0.237727203E-03   0.266648021E-04
   0.130989909E-03   0.134969567E-03  -0.346001674E-03   0.368677902E-04
   0.191498140E-03   0.196086272E-03  -0.486661214E-03   0.495711429E-04
   0.270144810E-03   0.275644416E-03  -0.656726654E-03   0.634942044E-04
   0.372060371E-03   0.379324600E-03  -0.861053064E-03   0.789241094E-04
   0.502877170E-03   0.513711362E-03  -0.110215112E-02   0.951515685E-04
   0.668411318E-03   0.686159707E-03  -0.137910002E-02   0.111729067E-03
   0.879744475E-03   0.910052157E-03  -0.169939816E-02   0.128908214E-03
   0.115169992E-02   0.120347366E-02  -0.207193010E-02   0.146650447E-03
   0.150098372E-02   0.158752559E-02  -0.249508023E-02   0.164094119E-03
   0.196480635E-02   0.210518297E-02  -0.300129270E-02   0.181243537E-03
   0.259570708E-02   0.281677605E-02  -0.361823314E-02   0.200072071E-03
   0.347804860E-02   0.381735456E-02  -0.439369259E-02   0.219085123E-03
   0.473760022E-02   0.524841389E-02  -0.537393615E-02   0.238281064E-03
   0.655306689E-02   0.731041003E-02  -0.657917419E-02   0.251480204E-03
   0.912581943E-02   0.102345934E-01  -0.791863631E-02   0.254001410E-03
   0.126074618E-01   0.141983312E-01  -0.908196811E-02   0.234010586E-03
   0.169052333E-01   0.191035960E-01  -0.944443047E-02   0.182605261E-03
   0.214386731E-01   0.242920928E-01  -0.819828920E-02   0.105506617E-03
   0.250593778E-01   0.284462087E-01  -0.487311045E-02   0.312672273E-04
   0.264550671E-01   0.300518144E-01  -0.142128505E-07   0.000000000E+00
