   0.942517363E-05   0.110389243E-03   0.000000000E+00   0.000000000E+00
   0.948479283E-05   0.110100373E-03   0.414216373E-06   0.107002363E-08
   0.944760995E-05   0.109418987E-03   0.822579182E-06   0.431285052E-08
   0.940021619E-05   0.108518441E-03   0.122190590E-05   0.961929469E-08
   0.929206362E-05   0.107955944E-03   0.161735875E-05   0.168583316E-07
   0.929036196E-05   0.106564468E-03   0.198965154E-05   0.262210396E-07
   0.919888498E-05   0.104952858E-03   0.234281674E-05   0.372433746E-07
   0.904643912E-05   0.103050392E-03   0.267482346E-05   0.495213506E-07
   0.903680575E-05   0.101279285E-03   0.298948294E-05   0.641413678E-07
   0.885709505E-05   0.986588493E-04   0.325671181E-05   0.792035877E-07
   0.873323734E-05   0.963762650E-04   0.351473545E-05   0.955869623E-07
   0.859845659E-05   0.939192178E-04   0.374388583E-05   0.112756474E-06
   0.842987265E-05   0.912193209E-04   0.393658274E-05   0.130482832E-06
   0.826723863E-05   0.883360844E-04   0.409464428E-05   0.148847931E-06
   0.816361080E-05   0.848601849E-04   0.419804383E-05   0.167911821E-06
   0.800575253E-05   0.820558198E-04   0.430788714E-05   0.186694564E-06
   0.780795199E-05   0.786725795E-04   0.435750417E-05   0.204748488E-06
   0.765846471E-05   0.754496286E-04   0.438900770E-05   0.223271897E-06
   0.742333305E-05   0.717406292E-04   0.436163191E-05   0.239524240E-06
   0.728297709E-05   0.687219290E-04   0.435312222E-05   0.257165993E-06
   0.718652564E-05   0.655050317E-04   0.429887132E-05   0.275940550E-06
   0.703819705E-05   0.622589723E-04   0.422192488E-05   0.292091897E-06
   0.689445687E-05   0.588686489E-04   0.410680786E-05   0.307454371E-06
   0.669033670E-05   0.554355101E-04   0.396310406E-05   0.320409299E-06
   0.663573155E-05   0.525208852E-04   0.383837960E-05   0.335788172E-06
   0.647952311E-05   0.494092565E-04   0.367376219E-05   0.347978784E-06
   0.635409970E-05   0.464472178E-04   0.350052846E-05   0.359735395E-06
   0.625437315E-05   0.435238326E-04   0.331147930E-05   0.370333282E-06
   0.610779443E-05   0.407473963E-04   0.311674216E-05   0.379218307E-06
   0.602257842E-05   0.381396603E-04   0.292167442E-05   0.387666574E-06
   0.602794898E-05   0.356646524E-04   0.271254044E-05   0.398243969E-06
   0.594723906E-05   0.332230629E-04   0.249684990E-05   0.405099485E-06
   0.599565146E-05   0.310599644E-04   0.228285194E-05   0.415064079E-06
   0.592095148E-05   0.288343890E-04   0.205901824E-05   0.419976089E-06
   0.599022906E-05   0.268936674E-04   0.184190378E-05   0.427181021E-06
   0.600603380E-05   0.251035381E-04   0.163419770E-05   0.432457426E-06
   0.600857629E-05   0.232700313E-04   0.141241321E-05   0.435014442E-06
   0.614450300E-05   0.217714933E-04   0.119991535E-05   0.441159557E-06
   0.625169878E-05   0.203265899E-04   0.986756277E-06   0.445062966E-06
   0.635173228E-05   0.190401715E-04   0.790244655E-06   0.446826334E-06
   0.645287400E-05   0.176011581E-04   0.552600170E-06   0.447233731E-06
   0.667066388E-05   0.167102462E-04   0.372570867E-06   0.449591454E-06
   0.691211244E-05   0.159027004E-04   0.181481681E-06   0.453206212E-06
   0.707269510E-05   0.149491543E-04  -0.224664820E-07   0.451309091E-06
   0.730777219E-05   0.143091556E-04  -0.198003278E-06   0.450843686E-06
   0.766428911E-05   0.138125069E-04  -0.394738464E-06   0.452525853E-06
   0.795776396E-05   0.133643553E-04  -0.571878445E-06   0.451019076E-06
   0.844142323E-05   0.131002762E-04  -0.773240458E-06   0.449841906E-06
   0.881944015E-05   0.129667369E-04  -0.930716283E-06   0.448848311E-06
   0.932055264E-05   0.129183682E-04  -0.112046837E-05   0.447856081E-06
   0.980747245E-05   0.129027085E-04  -0.129907528E-05   0.442714111E-06
   0.103541215E-04   0.129882847E-04  -0.150085509E-05   0.439979004E-06
   0.110126284E-04   0.133372387E-04  -0.166854954E-05   0.436603784E-06
   0.116173778E-04   0.136780091E-04  -0.183645795E-05   0.432992437E-06
   0.122053407E-04   0.139783724E-04  -0.201822013E-05   0.425590315E-06
   0.129381060E-04   0.145169925E-04  -0.218830587E-05   0.418331496E-06
   0.137551742E-04   0.151849399E-04  -0.237530821E-05   0.413740906E-06
   0.144436390E-04   0.157783579E-04  -0.251933329E-05   0.404634079E-06
   0.154804638E-04   0.167601829E-04  -0.270770875E-05   0.399835358E-06
   0.164299181E-04   0.176714493E-04  -0.288328556E-05   0.390989925E-06
   0.174724591E-04   0.187423339E-04  -0.303689444E-05   0.383309356E-06
   0.184100772E-04   0.197208974E-04  -0.317880244E-05   0.372764049E-06
   0.195389530E-04   0.209125592E-04  -0.335320783E-05   0.363123576E-06
   0.206058521E-04   0.220897982E-04  -0.346867614E-05   0.353018407E-06
   0.217088054E-04   0.233122119E-04  -0.359406454E-05   0.341105533E-06
   0.229609759E-04   0.247125536E-04  -0.372247359E-05   0.330528138E-06
   0.241880680E-04   0.261083205E-04  -0.383944780E-05   0.314835347E-06
   0.253553844E-04   0.274471367E-04  -0.391691219E-05   0.302283041E-06
   0.267176347E-04   0.290126718E-04  -0.400062072E-05   0.288922763E-06
   0.278954958E-04   0.303996076E-04  -0.404449383E-05   0.272129938E-06
   0.291944580E-04   0.319270112E-04  -0.409720224E-05   0.255816190E-06
   0.306926850E-04   0.336641460E-04  -0.413122098E-05   0.240955956E-06
   0.319428545E-04   0.351539347E-04  -0.412459030E-05   0.223321038E-06
   0.331834344E-04   0.366307249E-04  -0.408353117E-05   0.206402646E-06
   0.344749533E-04   0.381660466E-04  -0.402619344E-05   0.189153980E-06
   0.357927383E-04   0.397271142E-04  -0.395261486E-05   0.172313392E-06
   0.370282469E-04   0.412222616E-04  -0.386328793E-05   0.153612547E-06
   0.381671598E-04   0.426057704E-04  -0.372371619E-05   0.135935309E-06
   0.393601877E-04   0.440208132E-04  -0.356834767E-05   0.119483701E-06
   0.404062121E-04   0.452675886E-04  -0.336414837E-05   0.103583481E-06
   0.415373834E-04   0.466356250E-04  -0.317504964E-05   0.872533334E-07
   0.423885613E-04   0.476717032E-04  -0.293087510E-05   0.721037665E-07
   0.433064597E-04   0.487723664E-04  -0.266976099E-05   0.582180242E-07
   0.439999858E-04   0.496360699E-04  -0.238689586E-05   0.450529107E-07
   0.448391402E-04   0.506374090E-04  -0.209411678E-05   0.336293162E-07
   0.454452311E-04   0.513701088E-04  -0.177216987E-05   0.236578952E-07
   0.458361683E-04   0.518395827E-04  -0.143204261E-05   0.153488351E-07
   0.462788557E-04   0.523833623E-04  -0.108712891E-05   0.867756444E-08
   0.467078680E-04   0.528789496E-04  -0.732826834E-06   0.390613231E-08
   0.467306782E-04   0.529413119E-04  -0.367302562E-06   0.971756231E-09
   0.468810467E-04   0.530944126E-04   0.000000000E+00   0.000000000E+00
