   0.112926275E+00   0.941939533E+00  -0.108135480E-09   0.000000000E+00
   0.971748233E-01   0.810015023E+00   0.661413223E-01   0.397482654E-03
   0.646343604E-01   0.537851810E+00   0.869822949E-01   0.104209082E-02
   0.364582464E-01   0.302657098E+00   0.721105337E-01   0.128829281E-02
   0.190678276E-01   0.158000916E+00   0.487348214E-01   0.115209224E-02
   0.985769555E-02   0.817535073E-01   0.301010888E-01   0.881724758E-03
   0.527751911E-02   0.440645553E-01   0.181834083E-01   0.635995762E-03
   0.301630585E-02   0.255538058E-01   0.112147667E-01   0.456080161E-03
   0.187535945E-02   0.162385125E-01   0.729845092E-02   0.341075443E-03
   0.126721780E-02   0.112461438E-01   0.508453837E-02   0.268746051E-03
   0.916615070E-03   0.832197629E-02   0.378459319E-02   0.224851494E-03
   0.693745620E-03   0.641277386E-02   0.295856968E-02   0.194685708E-03
   0.538472494E-03   0.504039973E-02   0.238107680E-02   0.172828208E-03
   0.422325218E-03   0.398447597E-02   0.194016215E-02   0.153456713E-03
   0.331210409E-03   0.313757639E-02   0.157988444E-02   0.134743401E-03
   0.258030661E-03   0.244844449E-02   0.127575651E-02   0.116005525E-03
   0.198511378E-03   0.188320491E-02   0.101337186E-02   0.981096164E-04
   0.151117420E-03   0.143148901E-02   0.794911466E-03   0.812592480E-04
   0.113245835E-03   0.107017078E-02   0.611430441E-03   0.658491481E-04
   0.832739315E-04   0.785337586E-03   0.459745526E-03   0.518363267E-04
   0.600514431E-04   0.565332768E-03   0.337703415E-03   0.397992226E-04
   0.422759585E-04   0.398131669E-03   0.241271904E-03   0.295769878E-04
   0.291636297E-04   0.274672057E-03   0.168200451E-03   0.214339179E-04
   0.194508757E-04   0.183651195E-03   0.112558977E-03   0.149246589E-04
   0.124594035E-04   0.118886172E-03   0.719842647E-04   0.983532755E-05
   0.771420400E-05   0.746749865E-04   0.441572556E-04   0.624028235E-05
   0.465235780E-05   0.457000788E-04   0.261423938E-04   0.381159771E-05
   0.258129262E-05   0.262016147E-04   0.138572177E-04   0.208330493E-05
   0.137214579E-05   0.144460491E-04   0.678704737E-05   0.104131470E-05
   0.697568680E-06   0.757808266E-05   0.291895026E-05   0.445900866E-06
   0.349570456E-06   0.396682435E-05   0.114270654E-05   0.162034326E-06
   0.186535118E-06   0.209307541E-05   0.420176008E-06   0.363735495E-07
   0.133323439E-06   0.127774013E-05   0.305422276E-06   0.741672901E-08
   0.113641264E-06   0.912198118E-06   0.359423069E-06   0.151152957E-07
   0.118012643E-06   0.828118459E-06   0.521089532E-06   0.449067841E-07
   0.124401851E-06   0.815504450E-06   0.632765875E-06   0.653300276E-07
   0.110690564E-06   0.712424992E-06   0.612377960E-06   0.708503975E-07
   0.960199600E-07   0.622441121E-06   0.580604933E-06   0.774955353E-07
   0.901758881E-07   0.588448529E-06   0.545280955E-06   0.747431983E-07
   0.650728893E-07   0.448427386E-06   0.436543075E-06   0.729415461E-07
   0.466730903E-07   0.334481598E-06   0.320608137E-06   0.569882168E-07
   0.363883359E-07   0.298150297E-06   0.276416927E-06   0.637093578E-07
   0.256562540E-07   0.215448495E-06   0.191666174E-06   0.579156278E-07
   0.180774773E-07   0.143769981E-06   0.100978980E-06   0.518669907E-07
   0.157628719E-07   0.964573132E-07   0.213470788E-07   0.480143001E-07
   0.188786409E-07   0.752197380E-07  -0.346494993E-07   0.461118610E-07
   0.331624896E-07   0.791741428E-07  -0.958849213E-07   0.518489429E-07
   0.594395395E-07   0.974183152E-07  -0.188952683E-06   0.575561749E-07
   0.108480933E-06   0.141557877E-06  -0.309603962E-06   0.749606528E-07
   0.161867391E-06   0.198009658E-06  -0.451581400E-06   0.949504653E-07
   0.210577866E-06   0.244976064E-06  -0.568204541E-06   0.104276950E-06
   0.270217242E-06   0.305240860E-06  -0.707609900E-06   0.124632322E-06
   0.314175196E-06   0.352980891E-06  -0.792324840E-06   0.121798124E-06
   0.407785677E-06   0.463886266E-06  -0.100452564E-05   0.149799902E-06
   0.443180625E-06   0.485295061E-06  -0.102282513E-05   0.154588093E-06
   0.452114108E-06   0.496782150E-06  -0.935860271E-06   0.135613647E-06
   0.454347600E-06   0.494869596E-06  -0.752534561E-06   0.102115138E-06
   0.465666631E-06   0.503664353E-06  -0.475966118E-06   0.622878886E-07
   0.598069335E-06   0.640205997E-06  -0.321134081E-06   0.436764793E-07
   0.103380989E-05   0.108643246E-05  -0.592531819E-06   0.896998031E-07
   0.196028282E-05   0.203882905E-05  -0.158182979E-05   0.239933229E-06
   0.390521700E-05   0.400601812E-05  -0.420205242E-05   0.616299587E-06
   0.763892695E-05   0.781981998E-05  -0.991754314E-05   0.140099314E-05
   0.140697357E-04   0.142894596E-04  -0.199896404E-04   0.273779665E-05
   0.242136048E-04   0.243869581E-04  -0.357087774E-04   0.474599346E-05
   0.400207318E-04   0.400584941E-04  -0.600655221E-04   0.773579814E-05
   0.642234518E-04   0.639333884E-04  -0.969690154E-04   0.120151244E-04
   0.983504506E-04   0.972393391E-04  -0.146618782E-03   0.176204248E-04
   0.146063219E-03   0.143595971E-03  -0.213254127E-03   0.247511562E-04
   0.212235653E-03   0.207884950E-03  -0.302425731E-03   0.337021811E-04
   0.298919127E-03   0.292062090E-03  -0.412274472E-03   0.439719297E-04
   0.413327885E-03   0.403008948E-03  -0.549692137E-03   0.559696127E-04
   0.558406638E-03   0.543549133E-03  -0.711722823E-03   0.695318231E-04
   0.741816766E-03   0.722172204E-03  -0.904068118E-03   0.838277920E-04
   0.968879205E-03   0.944002590E-03  -0.112530089E-02   0.994200964E-04
   0.124481448E-02   0.121541729E-02  -0.137413782E-02   0.115279734E-03
   0.158174138E-02   0.154924905E-02  -0.165928632E-02   0.132151850E-03
   0.199057767E-02   0.195813295E-02  -0.198609405E-02   0.150004606E-03
   0.249408651E-02   0.246620388E-02  -0.237451005E-02   0.170469924E-03
   0.314370566E-02   0.312732277E-02  -0.287701702E-02   0.193944419E-03
   0.404290389E-02   0.404588832E-02  -0.359319290E-02   0.228189121E-03
   0.541775767E-02   0.545188598E-02  -0.472332956E-02   0.279699248E-03
   0.775537407E-02   0.784027483E-02  -0.664269924E-02   0.358466583E-03
   0.121005569E-01   0.122763310E-01  -0.100207394E-01   0.476077636E-03
   0.206292290E-01   0.209955871E-01  -0.159369949E-01   0.647416862E-03
   0.378831252E-01   0.386901759E-01  -0.259692371E-01   0.871438242E-03
   0.723324567E-01   0.741522983E-01  -0.413694568E-01   0.109313719E-02
   0.136993945E+00   0.140980378E+00  -0.603522472E-01   0.117898418E-02
   0.240905449E+00   0.248747602E+00  -0.719085559E-01   0.926743087E-03
   0.360217273E+00   0.372786134E+00  -0.542327166E-01   0.347197842E-03
   0.417673737E+00   0.432602018E+00  -0.145551908E-06   0.000000000E+00
