   0.209740818E+00   0.176793122E+01   0.000000000E+00   0.000000000E+00
   0.180278197E+00   0.151997805E+01   0.632145703E-01   0.383942883E-03
   0.119438581E+00   0.100750804E+01   0.839113742E-01   0.101803674E-02
   0.668651611E-01   0.564198494E+00   0.706169978E-01   0.128413283E-02
   0.344687812E-01   0.290439963E+00   0.485474914E-01   0.117373350E-02
   0.173738040E-01   0.145590857E+00   0.303877965E-01   0.912721967E-03
   0.893928949E-02   0.739188418E-01   0.183514711E-01   0.655852084E-03
   0.487860711E-02   0.393076874E-01   0.111045679E-01   0.455846835E-03
   0.291931746E-02   0.225980598E-01   0.693428284E-02   0.316975813E-03
   0.195169938E-02   0.143999485E-01   0.458430592E-02   0.227792698E-03
   0.144626398E-02   0.102037545E-01   0.325614586E-02   0.172417465E-03
   0.115586165E-02   0.789113715E-02   0.248804200E-02   0.137894152E-03
   0.964889303E-03   0.645834440E-02   0.201500999E-02   0.117737683E-03
   0.821723195E-03   0.544949435E-02   0.169705157E-02   0.103792270E-03
   0.703401631E-03   0.465124100E-02   0.145851402E-02   0.940158279E-04
   0.599259394E-03   0.396545790E-02   0.125970447E-02   0.857191990E-04
   0.506966549E-03   0.336495764E-02   0.108627195E-02   0.781405906E-04
   0.424161961E-03   0.282777427E-02   0.928788097E-03   0.699711309E-04
   0.351232826E-03   0.235407613E-02   0.786224788E-03   0.620490973E-04
   0.287506613E-03   0.193547842E-02   0.656337768E-03   0.543326569E-04
   0.233114348E-03   0.157801213E-02   0.542721071E-03   0.468332255E-04
   0.186561607E-03   0.126803399E-02   0.440820848E-03   0.395975694E-04
   0.147498897E-03   0.100877450E-02   0.353388052E-03   0.327556918E-04
   0.115394025E-03   0.791752478E-03   0.278625725E-03   0.267165196E-04
   0.893231845E-04   0.615171040E-03   0.216804096E-03   0.213667608E-04
   0.680569137E-04   0.470165454E-03   0.164840079E-03   0.166317914E-04
   0.514489038E-04   0.356320961E-03   0.123983627E-03   0.127340190E-04
   0.384309169E-04   0.265592564E-03   0.910857052E-04   0.955463383E-05
   0.282429046E-04   0.196010587E-03   0.657603232E-04   0.690966681E-05
   0.204979206E-04   0.142279197E-03   0.462240459E-04   0.487781290E-05
   0.146646535E-04   0.101817073E-03   0.316395417E-04   0.332297213E-05
   0.104925684E-04   0.716197610E-04   0.211230763E-04   0.216125159E-05
   0.734976993E-05   0.500111273E-04   0.136790377E-04   0.137231279E-05
   0.512591305E-05   0.342761996E-04   0.848655691E-05   0.810270365E-06
   0.355308202E-05   0.232448565E-04   0.502872035E-05   0.453539400E-06
   0.247485241E-05   0.158953026E-04   0.292006985E-05   0.263803059E-06
   0.170492240E-05   0.104803594E-04   0.141413250E-05   0.141600268E-06
   0.124293319E-05   0.697269979E-05   0.635522497E-06   0.874550423E-07
   0.904412332E-06   0.468553299E-05   0.160120607E-06   0.908081361E-07
   0.690793797E-06   0.322815345E-05  -0.759869465E-07   0.116209407E-06
   0.555585416E-06   0.230799697E-05  -0.211280678E-06   0.162674823E-06
   0.487444879E-06   0.172932846E-05  -0.262300262E-06   0.199005839E-06
   0.457415780E-06   0.133660183E-05  -0.266347769E-06   0.227210009E-06
   0.454620192E-06   0.113045041E-05  -0.294741881E-06   0.257964047E-06
   0.471731397E-06   0.993307367E-06  -0.336562124E-06   0.269748284E-06
   0.508177891E-06   0.896771326E-06  -0.323878851E-06   0.268782713E-06
   0.565585765E-06   0.843333055E-06  -0.331742910E-06   0.254393143E-06
   0.659359955E-06   0.847473871E-06  -0.336053205E-06   0.237553024E-06
   0.789221872E-06   0.880672530E-06  -0.327131659E-06   0.200109284E-06
   0.987014573E-06   0.997505822E-06  -0.311629577E-06   0.160291464E-06
   0.129416196E-05   0.121869698E-05  -0.319910413E-06   0.116408614E-06
   0.172441730E-05   0.159767364E-05  -0.343371539E-06   0.831862224E-07
   0.246104378E-05   0.228521503E-05  -0.529845295E-06   0.671676759E-07
   0.357277759E-05   0.332447803E-05  -0.913119209E-06   0.834358715E-07
   0.530377247E-05   0.505713479E-05  -0.173646629E-05   0.177110238E-06
   0.793710478E-05   0.761712272E-05  -0.316757200E-05   0.372436403E-06
   0.118194139E-04   0.116544288E-04  -0.566152448E-05   0.742502266E-06
   0.174475354E-04   0.172367490E-04  -0.937796540E-05   0.130958006E-05
   0.252161226E-04   0.251595266E-04  -0.148035806E-04   0.213913586E-05
   0.365148626E-04   0.364798470E-04  -0.230379846E-04   0.339201370E-05
   0.515272259E-04   0.516197288E-04  -0.340710794E-04   0.505768548E-05
   0.722924087E-04   0.725109130E-04  -0.496809298E-04   0.735295180E-05
   0.100145546E-03   0.100182406E-03  -0.705131170E-04   0.104008350E-04
   0.135951166E-03   0.136000017E-03  -0.971390473E-04   0.141023838E-04
   0.181729585E-03   0.181480471E-03  -0.130472370E-03   0.186847810E-04
   0.240506590E-03   0.239792775E-03  -0.172778251E-03   0.243509749E-04
   0.313125260E-03   0.311987242E-03  -0.223768235E-03   0.307145820E-04
   0.403530954E-03   0.400993624E-03  -0.285299611E-03   0.383620281E-04
   0.512719154E-03   0.508895551E-03  -0.357471086E-03   0.468565231E-04
   0.644025626E-03   0.638298981E-03  -0.441281765E-03   0.563471294E-04
   0.799196365E-03   0.790696475E-03  -0.536197447E-03   0.665413172E-04
   0.980930519E-03   0.968851207E-03  -0.643077365E-03   0.775557492E-04
   0.118778506E-02   0.117235573E-02  -0.759509683E-03   0.882331806E-04
   0.142358569E-02   0.140346924E-02  -0.886714843E-03   0.992599889E-04
   0.169417576E-02   0.166734552E-02  -0.102814275E-02   0.111022047E-03
   0.199297047E-02   0.195812923E-02  -0.117956672E-02   0.122866230E-03
   0.233554118E-02   0.229061441E-02  -0.135353010E-02   0.134198373E-03
   0.273530255E-02   0.267615542E-02  -0.156267732E-02   0.147188854E-03
   0.324580469E-02   0.316571025E-02  -0.184513337E-02   0.162530530E-03
   0.397183374E-02   0.385823124E-02  -0.226819725E-02   0.184657300E-03
   0.514653046E-02   0.497802580E-02  -0.295925909E-02   0.218268135E-03
   0.727242185E-02   0.700870156E-02  -0.415264303E-02   0.269403303E-03
   0.114089604E-01   0.109780943E-01  -0.625960715E-02   0.350912247E-03
   0.197833925E-01   0.190479178E-01  -0.997124426E-02   0.471275620E-03
   0.370422639E-01   0.357603952E-01  -0.163894016E-01   0.646029715E-03
   0.726928636E-01   0.704202503E-01  -0.270207766E-01   0.869509589E-03
   0.144698963E+00   0.140630275E+00  -0.430436619E-01   0.108891027E-02
   0.281007022E+00   0.273860246E+00  -0.625524297E-01   0.117300707E-02
   0.502465963E+00   0.490693122E+00  -0.743870437E-01   0.923311221E-03
   0.759628236E+00   0.742757857E+00  -0.561375655E-01   0.347046851E-03
   0.884715080E+00   0.865427732E+00  -0.144574571E-06   0.000000000E+00
