   0.122895823E+02   0.832898178E+02   0.777077275E-05   0.000000000E+00
   0.691998720E+01   0.468627014E+02   0.269245982E+01   0.172603354E-01
   0.213533831E+01   0.144242973E+02   0.167170680E+01   0.215209536E-01
   0.630592823E+00   0.423840904E+01   0.748413205E+00   0.145740844E-01
   0.203423068E+00   0.135523272E+01   0.326713443E+00   0.860610697E-02
   0.718929023E-01   0.472111553E+00   0.146580681E+00   0.494129164E-02
   0.276709590E-01   0.177926078E+00   0.679866076E-01   0.285300054E-02
   0.118458951E-01   0.743614435E-01   0.327835977E-01   0.168688991E-02
   0.596011337E-02   0.369898975E-01   0.167803634E-01   0.104617141E-02
   0.370475254E-02   0.234478787E-01   0.948322471E-02   0.702110876E-03
   0.279213558E-02   0.184602272E-01   0.617804192E-02   0.520483765E-03
   0.236098538E-02   0.163418613E-01   0.467735669E-02   0.425425707E-03
   0.208858494E-02   0.150235202E-01   0.396140153E-02   0.371664006E-03
   0.185777678E-02   0.137588484E-01   0.354798418E-02   0.341538980E-03
   0.163541676E-02   0.124125127E-01   0.323774619E-02   0.315083336E-03
   0.141563849E-02   0.109676300E-01   0.293744379E-02   0.290915399E-03
   0.120478566E-02   0.949853845E-02   0.262700533E-02   0.266674615E-03
   0.100795249E-02   0.807724521E-02   0.230856007E-02   0.240119232E-03
   0.831061741E-03   0.675517134E-02   0.199321983E-02   0.213689884E-03
   0.672994822E-03   0.554857915E-02   0.168304064E-02   0.185443976E-03
   0.538009393E-03   0.449704053E-02   0.139908935E-02   0.158523384E-03
   0.423360761E-03   0.358886807E-02   0.114057353E-02   0.132121990E-03
   0.329526054E-03   0.282315467E-02   0.913319411E-03   0.108998611E-03
   0.252586906E-03   0.219163368E-02   0.718445983E-03   0.877736020E-04
   0.190953418E-03   0.167383556E-02   0.553063932E-03   0.690921879E-04
   0.142365941E-03   0.126535608E-02   0.419748219E-03   0.534917526E-04
   0.104773695E-03   0.939770893E-03   0.310897391E-03   0.403643753E-04
   0.762826967E-04   0.691658235E-03   0.227594661E-03   0.299868007E-04
   0.542974012E-04   0.497786677E-03   0.160859228E-03   0.212903924E-04
   0.385667081E-04   0.354326621E-03   0.112031834E-03   0.149863545E-04
   0.267466694E-04   0.246626034E-03   0.750106701E-04   0.100196785E-04
   0.182512431E-04   0.169276318E-03   0.489140148E-04   0.644741522E-05
   0.124692351E-04   0.114917289E-03   0.314224126E-04   0.397791246E-05
   0.832687238E-05   0.759449904E-04   0.189644634E-04   0.227025976E-05
   0.541120426E-05   0.499107919E-04   0.111378695E-04   0.122157235E-05
   0.357323029E-05   0.316978767E-04   0.599397708E-05   0.542950545E-06
   0.230733690E-05   0.195504890E-04   0.283114400E-05   0.148804176E-06
   0.154113695E-05   0.127423464E-04   0.155969360E-05   0.424798969E-07
   0.974060413E-06   0.757281623E-05   0.454206514E-06  -0.743649009E-08
   0.672134831E-06   0.474984108E-05   0.116491876E-06   0.247119143E-07
   0.483314693E-06   0.303130082E-05  -0.216776286E-07   0.867407053E-07
   0.368685562E-06   0.191876256E-05  -0.108731250E-06   0.163326106E-06
   0.308347182E-06   0.142430224E-05  -0.105963679E-06   0.222406072E-06
   0.287354936E-06   0.107946323E-05  -0.133108898E-06   0.287099169E-06
   0.290591061E-06   0.906002413E-06  -0.168666730E-06   0.321692426E-06
   0.322336462E-06   0.802516183E-06  -0.185557781E-06   0.339014179E-06
   0.379633860E-06   0.769913356E-06  -0.196816003E-06   0.329363814E-06
   0.475180059E-06   0.798870758E-06  -0.204265916E-06   0.304853813E-06
   0.614389307E-06   0.895711594E-06  -0.187302689E-06   0.287017855E-06
   0.871084410E-06   0.114848717E-05  -0.129919570E-06   0.231054230E-06
   0.133308549E-05   0.162631477E-05  -0.147342746E-06   0.167325538E-06
   0.212066288E-05   0.247768412E-05  -0.304898862E-06   0.122286565E-06
   0.329687646E-05   0.376965181E-05  -0.572050226E-06   0.950329024E-07
   0.537032474E-05   0.621428217E-05  -0.155664998E-05   0.187978415E-06
   0.832501428E-05   0.975566581E-05  -0.306190532E-05   0.367263709E-06
   0.136121762E-04   0.159272877E-04  -0.665648258E-05   0.838805875E-06
   0.208611018E-04   0.243830491E-04  -0.115353887E-04   0.149948312E-05
   0.325314686E-04   0.379744888E-04  -0.205923407E-04   0.275267826E-05
   0.496996327E-04   0.576039820E-04  -0.342906824E-04   0.466565371E-05
   0.733368361E-04   0.850114011E-04  -0.535485742E-04   0.726255712E-05
   0.107427972E-03   0.124007725E-03  -0.818510744E-04   0.110035689E-04
   0.153561006E-03   0.176653019E-03  -0.119769880E-03   0.159490301E-04
   0.217143286E-03   0.248659111E-03  -0.172034721E-03   0.225655949E-04
   0.300466549E-03   0.343013526E-03  -0.239031069E-03   0.306137263E-04
   0.409999804E-03   0.465836201E-03  -0.324672437E-03   0.406824656E-04
   0.552697282E-03   0.626051100E-03  -0.434583693E-03   0.529521094E-04
   0.732252083E-03   0.827278825E-03  -0.567668583E-03   0.668313878E-04
   0.956143660E-03   0.107634545E-02  -0.725765305E-03   0.825921088E-04
   0.123305246E-02   0.138375571E-02  -0.913661614E-03   0.100229750E-03
   0.156525592E-02   0.175067910E-02  -0.112569751E-02   0.118657612E-03
   0.196373323E-02   0.218974287E-02  -0.136781915E-02   0.138161107E-03
   0.242014322E-02   0.269111898E-02  -0.162376219E-02   0.155956615E-03
   0.294280122E-02   0.326109212E-02  -0.189625856E-02   0.173432229E-03
   0.351895811E-02   0.388803193E-02  -0.217221444E-02   0.187351339E-03
   0.414429139E-02   0.456298701E-02  -0.244802353E-02   0.198613474E-03
   0.478160661E-02   0.524271186E-02  -0.269977236E-02   0.204983502E-03
   0.542197004E-02   0.591657311E-02  -0.294354581E-02   0.207148652E-03
   0.603866484E-02   0.654569035E-02  -0.319498056E-02   0.211275867E-03
   0.662931846E-02   0.712770084E-02  -0.352274021E-02   0.215924083E-03
   0.728358468E-02   0.774969580E-02  -0.410097186E-02   0.237360407E-03
   0.831987895E-02   0.875938963E-02  -0.531381462E-02   0.294908736E-03
   0.106362626E-01   0.111544132E-01  -0.797532778E-02   0.421936449E-03
   0.166367013E-01   0.176414233E-01  -0.137974592E-01   0.679664256E-03
   0.326901935E-01   0.354483500E-01  -0.264393240E-01   0.116921612E-02
   0.762815922E-01   0.845412388E-01  -0.539723076E-01   0.207054056E-02
   0.198375016E+00   0.223385558E+00  -0.114896610E+00   0.369116780E-02
   0.560972214E+00   0.638380587E+00  -0.253369689E+00   0.650742045E-02
   0.173216558E+01   0.198478758E+01  -0.574340761E+00   0.110461842E-01
   0.581959009E+01   0.669749832E+01  -0.126784348E+01   0.162298400E-01
   0.186158333E+02   0.214762535E+02  -0.201143503E+01   0.128561277E-01
   0.327521133E+02   0.378145561E+02  -0.909016308E-05   0.000000000E+00
