   0.775519511E-04   0.219355896E-02   0.240523556E-10   0.000000000E+00
   0.779434122E-04   0.217969343E-02   0.569426011E-04  -0.313356054E-06
   0.786610690E-04   0.213975133E-02   0.111827008E-03  -0.122290453E-05
   0.800678536E-04   0.207422138E-02   0.162780430E-03  -0.267555401E-05
   0.819697889E-04   0.198833994E-02   0.208329657E-03  -0.457391752E-05
   0.843978924E-04   0.188518502E-02   0.247245363E-03  -0.680524136E-05
   0.871077355E-04   0.177139370E-02   0.279038766E-03  -0.920304592E-05
   0.899661754E-04   0.164892373E-02   0.303227891E-03  -0.115762114E-04
   0.930986353E-04   0.152276549E-02   0.320179097E-03  -0.139896465E-04
   0.961668193E-04   0.139557186E-02   0.330118259E-03  -0.161608859E-04
   0.990864428E-04   0.127042981E-02   0.333703414E-03  -0.180488096E-04
   0.101762198E-03   0.114878046E-02   0.331523421E-03  -0.195892044E-04
   0.104109189E-03   0.103295292E-02   0.324703724E-03  -0.207886897E-04
   0.106125372E-03   0.924186723E-03   0.314023520E-03  -0.216446697E-04
   0.107675689E-03   0.820423535E-03   0.299736508E-03  -0.222198269E-04
   0.108852932E-03   0.725017511E-03   0.283182395E-03  -0.224453597E-04
   0.109643479E-03   0.637617311E-03   0.264926523E-03  -0.223124971E-04
   0.110084016E-03   0.557081541E-03   0.245331408E-03  -0.220129714E-04
   0.110262496E-03   0.484456919E-03   0.225237643E-03  -0.215145374E-04
   0.110139605E-03   0.417480798E-03   0.204380282E-03  -0.209621376E-04
   0.109921035E-03   0.357943209E-03   0.184071338E-03  -0.201786279E-04
   0.109607194E-03   0.306253496E-03   0.164540907E-03  -0.193223023E-04
   0.109123313E-03   0.258958258E-03   0.145264552E-03  -0.183801149E-04
   0.108777262E-03   0.219707479E-03   0.127528110E-03  -0.174073357E-04
   0.108400251E-03   0.184740566E-03   0.110576613E-03  -0.164197190E-04
   0.108116321E-03   0.156183887E-03   0.952204573E-04  -0.154041609E-04
   0.107763786E-03   0.131102148E-03   0.809254780E-04  -0.142980225E-04
   0.107672262E-03   0.110942769E-03   0.679992590E-04  -0.133129761E-04
   0.107553416E-03   0.948985107E-04   0.565656665E-04  -0.122464580E-04
   0.107459171E-03   0.811653226E-04   0.462904063E-04  -0.111819900E-04
   0.107530148E-03   0.715925416E-04   0.373380790E-04  -0.101393316E-04
   0.107640597E-03   0.639310820E-04   0.295683476E-04  -0.917547823E-05
   0.107826738E-03   0.589255542E-04   0.228877143E-04  -0.819563320E-05
   0.107915999E-03   0.554577273E-04   0.172815890E-04  -0.724821984E-05
   0.108295222E-03   0.540576839E-04   0.125009610E-04  -0.637477933E-05
   0.108236985E-03   0.532260674E-04   0.877809634E-05  -0.549446713E-05
   0.108277243E-03   0.535021245E-04   0.576745697E-05  -0.471071780E-05
   0.108105989E-03   0.542566559E-04   0.353355858E-05  -0.399705641E-05
   0.108090375E-03   0.559467007E-04   0.173091883E-05  -0.334171068E-05
   0.107642532E-03   0.574072692E-04   0.663770152E-06  -0.277079539E-05
   0.107123407E-03   0.592333272E-04   0.765862325E-07  -0.228440877E-05
   0.106196851E-03   0.606601134E-04  -0.493657870E-08  -0.189099171E-05
   0.105332605E-03   0.624746754E-04   0.139615807E-06  -0.156838632E-05
   0.103900791E-03   0.634008175E-04   0.721356002E-06  -0.134963261E-05
   0.102391263E-03   0.646456683E-04   0.164042365E-05  -0.122986228E-05
   0.100560414E-03   0.654528776E-04   0.280714767E-05  -0.118704338E-05
   0.984894577E-04   0.657709461E-04   0.417049841E-05  -0.124842370E-05
   0.961029073E-04   0.662078237E-04   0.585374983E-05  -0.140674763E-05
   0.934071795E-04   0.658058707E-04   0.760174316E-05  -0.163900279E-05
   0.903431937E-04   0.654581090E-04   0.964164155E-05  -0.196582369E-05
   0.869972573E-04   0.642961313E-04   0.116798801E-04  -0.237194740E-05
   0.835962419E-04   0.636353070E-04   0.138538335E-04  -0.284270664E-05
   0.800365451E-04   0.629164715E-04   0.160720738E-04  -0.337894608E-05
   0.762567870E-04   0.620491774E-04   0.182545300E-04  -0.397155873E-05
   0.724866550E-04   0.606698050E-04   0.202987158E-04  -0.460624506E-05
   0.688244327E-04   0.609537965E-04   0.224639571E-04  -0.530853777E-05
   0.652620001E-04   0.608539849E-04   0.242509523E-04  -0.602541604E-05
   0.619932835E-04   0.612675649E-04   0.258830969E-04  -0.675541514E-05
   0.591129174E-04   0.627044064E-04   0.272017624E-04  -0.751257767E-05
   0.568516225E-04   0.649312133E-04   0.280990371E-04  -0.826197720E-05
   0.551736521E-04   0.682461687E-04   0.286590966E-04  -0.902073225E-05
   0.544802569E-04   0.731180189E-04   0.286260747E-04  -0.976316187E-05
   0.547537711E-04   0.796147506E-04   0.281601733E-04  -0.105210265E-04
   0.561367924E-04   0.876741469E-04   0.271565568E-04  -0.112441685E-04
   0.590867094E-04   0.976294104E-04   0.253531143E-04  -0.118752150E-04
   0.632528827E-04   0.110105553E-03   0.232376115E-04  -0.125935394E-04
   0.694376431E-04   0.124980390E-03   0.202381325E-04  -0.131981105E-04
   0.770700935E-04   0.142160628E-03   0.170092553E-04  -0.138162059E-04
   0.872899982E-04   0.163130244E-03   0.127581116E-04  -0.143952575E-04
   0.994605143E-04   0.186696197E-03   0.828656357E-05  -0.149217203E-04
   0.113849594E-03   0.213605585E-03   0.325029214E-05  -0.153732835E-04
   0.131101697E-03   0.244777126E-03  -0.225203462E-05  -0.158627627E-04
   0.149933010E-03   0.278044026E-03  -0.755428528E-05  -0.161463668E-04
   0.172035754E-03   0.315876532E-03  -0.133465792E-04  -0.163436580E-04
   0.197651010E-03   0.358487217E-03  -0.194425738E-04  -0.164122612E-04
   0.224421368E-03   0.403223297E-03  -0.247557982E-04  -0.163875975E-04
   0.254923943E-03   0.452724256E-03  -0.302404460E-04  -0.160914078E-04
   0.288184761E-03   0.506073760E-03  -0.353177747E-04  -0.156292299E-04
   0.324246503E-03   0.563146779E-03  -0.398974480E-04  -0.149980397E-04
   0.362481602E-03   0.622945954E-03  -0.436758310E-04  -0.140950879E-04
   0.403450395E-03   0.685903884E-03  -0.468134713E-04  -0.129400050E-04
   0.445944141E-03   0.750702806E-03  -0.488102232E-04  -0.114796194E-04
   0.489788654E-03   0.816674146E-03  -0.496039647E-04  -0.990589797E-05
   0.533648941E-03   0.881521031E-03  -0.488471378E-04  -0.829921919E-05
   0.576757418E-03   0.944772677E-03  -0.466394231E-04  -0.652468316E-05
   0.617571466E-03   0.100430415E-02  -0.426247279E-04  -0.481828647E-05
   0.654128904E-03   0.105717324E-02  -0.368246110E-04  -0.324451207E-05
   0.685023551E-03   0.110134855E-02  -0.294229649E-04  -0.189370053E-05
   0.708463369E-03   0.113463809E-02  -0.205170854E-04  -0.865305651E-06
   0.723069184E-03   0.115567399E-02  -0.105213112E-04  -0.221161343E-06
   0.728158222E-03   0.116242212E-02  -0.478191826E-10   0.000000000E+00
