   0.550143304E-03   0.133817773E-01   0.000000000E+00   0.000000000E+00
   0.531643338E-03   0.128232921E-01   0.149292743E-02   0.841572182E-05
   0.482696196E-03   0.113391653E-01   0.261517172E-02   0.293977464E-04
   0.417408854E-03   0.937003363E-02   0.319932308E-02   0.541635600E-04
   0.350947172E-03   0.737007102E-02   0.331122708E-02   0.747486847E-04
   0.291889213E-03   0.560997613E-02   0.311901025E-02   0.878488645E-04
   0.242811482E-03   0.419361377E-02   0.278033409E-02   0.943317064E-04
   0.202927942E-03   0.311265769E-02   0.239932816E-02   0.955284122E-04
   0.169735256E-03   0.230381289E-02   0.202363683E-02   0.915641649E-04
   0.141385157E-03   0.170398492E-02   0.167577912E-02   0.857079140E-04
   0.116218362E-03   0.125830097E-02   0.136067346E-02   0.770469342E-04
   0.936975994E-04   0.924068212E-03   0.108092709E-02   0.670336522E-04
   0.737546870E-04   0.671884802E-03   0.837980944E-03   0.566054405E-04
   0.564145957E-04   0.481505180E-03   0.631958013E-03   0.459700750E-04
   0.417115480E-04   0.337359321E-03   0.461090880E-03   0.359945188E-04
   0.295295868E-04   0.228830148E-03   0.322476670E-03   0.267594842E-04
   0.201666717E-04   0.150581516E-03   0.217612091E-03   0.191216968E-04
   0.130422504E-04   0.942383194E-04   0.138943753E-03   0.128746278E-04
   0.783813357E-05   0.547626405E-04   0.821621361E-04   0.800287489E-05
   0.437799690E-05   0.294632919E-04   0.449669933E-04   0.459167404E-05
   0.224232940E-05   0.144593660E-04   0.224016658E-04   0.237927020E-05
   0.999611188E-06   0.599258874E-05   0.953118251E-05   0.105708693E-05
   0.361689700E-06   0.195383245E-05   0.316047726E-05   0.369346481E-06
   0.976440404E-07   0.457355981E-06   0.715447356E-06   0.918737513E-07
   0.292719271E-07   0.266627410E-06   0.274018390E-06   0.451880204E-07
   0.476853153E-07   0.511846110E-06   0.605918956E-06   0.791383030E-07
   0.756271845E-07   0.808925677E-06   0.100917873E-05   0.143416372E-06
   0.980463781E-07   0.974769250E-06   0.127001022E-05   0.177999098E-06
   0.956038804E-07   0.922155607E-06   0.122320580E-05   0.177465694E-06
   0.829765696E-07   0.774539103E-06   0.103149000E-05   0.148083629E-06
   0.688283350E-07   0.635183085E-06   0.862574268E-06   0.130218112E-06
   0.413337418E-07   0.381398280E-06   0.510290135E-06   0.785807615E-07
   0.291751245E-07   0.262113332E-06   0.359503531E-06   0.553573436E-07
   0.156992748E-07   0.142895814E-06   0.191749834E-06   0.305904635E-07
   0.845140313E-08   0.784239447E-07   0.106876001E-06   0.182535995E-07
   0.345553386E-08   0.324370930E-07   0.441068408E-07   0.829283664E-08
   0.131463407E-08   0.115045227E-07   0.152731552E-07   0.325462479E-08
   0.187356769E-09   0.884101292E-09   0.632334074E-09   0.117330937E-09
   0.646665985E-10   0.131087585E-09  -0.342796513E-09   0.621741061E-10
   0.747319928E-09   0.332077965E-08   0.251289012E-08   0.125320465E-08
   0.980636572E-09   0.451911131E-08   0.210848161E-08   0.198349337E-08
   0.704917236E-09   0.608568174E-08   0.664772593E-08   0.221822138E-08
   0.138848499E-08   0.118947936E-07   0.140994496E-07   0.402564293E-08
   0.251941401E-08   0.963581570E-08  -0.102426490E-08   0.488467666E-08
   0.329625971E-08   0.138410927E-07   0.927203203E-09   0.682372869E-08
   0.260654831E-08   0.919989063E-08  -0.817699064E-08   0.566903369E-08
   0.412607326E-08   0.103770166E-07  -0.171276895E-07   0.663652733E-08
   0.676865763E-08   0.122475479E-07  -0.366388342E-07   0.816646928E-08
   0.414569090E-08   0.835674463E-08  -0.233351081E-07   0.575759795E-08
   0.475636952E-08   0.845417869E-08  -0.282719999E-07   0.550403989E-08
   0.554047164E-08   0.865469385E-08  -0.279718879E-07   0.545645484E-08
   0.963759184E-09   0.165710146E-08  -0.526617860E-08   0.109827492E-08
   0.322322918E-09   0.426298080E-09  -0.600854866E-09   0.101602567E-09
   0.528996902E-09   0.627444041E-09  -0.202705941E-08   0.131546010E-09
   0.569980196E-08   0.979162351E-08  -0.312132791E-07   0.492847452E-08
   0.138272291E-07   0.213779501E-07  -0.752718705E-07   0.116477468E-07
   0.386240266E-07   0.589870126E-07  -0.208093610E-06   0.317469571E-07
   0.882641302E-07   0.129602242E-06  -0.466622083E-06   0.722655784E-07
   0.150475273E-06   0.218818357E-06  -0.785333953E-06   0.117578601E-06
   0.215670767E-06   0.306443155E-06  -0.110420615E-05   0.162882600E-06
   0.349305452E-06   0.487877685E-06  -0.175593186E-05   0.255079300E-06
   0.429358437E-06   0.587807278E-06  -0.210921030E-05   0.293956447E-06
   0.508299706E-06   0.684679321E-06  -0.243853333E-05   0.334061724E-06
   0.534709670E-06   0.708060497E-06  -0.248867764E-05   0.336956731E-06
   0.429140528E-06   0.564177412E-06  -0.191925028E-05   0.255689343E-06
   0.294863440E-06   0.377550606E-06  -0.121774326E-05   0.161220797E-06
   0.156624964E-06   0.181667474E-06  -0.569133704E-06   0.737211110E-07
   0.323934643E-06   0.343194870E-06  -0.139307531E-05   0.174998391E-06
   0.135120024E-05   0.149065329E-05  -0.610455936E-05   0.720091407E-06
   0.398747216E-05   0.441004067E-05  -0.176327558E-04   0.197489840E-05
   0.902302418E-05   0.981892845E-05  -0.385889216E-04   0.412357713E-05
   0.185099925E-04   0.197798618E-04  -0.765055374E-04   0.780740174E-05
   0.333765929E-04   0.350716327E-04  -0.133079870E-03   0.129258497E-04
   0.563015674E-04   0.580636770E-04  -0.215910070E-03   0.198968701E-04
   0.890134179E-04   0.903087785E-04  -0.327157206E-03   0.284618654E-04
   0.134215195E-03   0.134161251E-03  -0.470656465E-03   0.385330313E-04
   0.193589352E-03   0.191154686E-03  -0.643709034E-03   0.494249070E-04
   0.272052508E-03   0.266431394E-03  -0.852487516E-03   0.607961483E-04
   0.370877358E-03   0.361685787E-03  -0.108501443E-02   0.717500297E-04
   0.496824039E-03   0.484827062E-03  -0.134333828E-02   0.816860338E-04
   0.658749603E-03   0.646193279E-03  -0.162723358E-02   0.901294843E-04
   0.866834773E-03   0.857848674E-03  -0.192981388E-02   0.966332445E-04
   0.113902439E-02   0.114003976E-02  -0.224983273E-02   0.100569014E-03
   0.150025217E-02   0.151927618E-02  -0.258837640E-02   0.102005426E-03
   0.197721738E-02   0.202399772E-02  -0.292260549E-02   0.993755966E-04
   0.259503629E-02   0.268043322E-02  -0.320654153E-02   0.918577061E-04
   0.335978717E-02   0.349391508E-02  -0.334429974E-02   0.771812483E-04
   0.422276650E-02   0.441265246E-02  -0.318434392E-02   0.554230901E-04
   0.506901555E-02   0.531491311E-02  -0.257533533E-02   0.300541124E-04
   0.570631353E-02   0.599484518E-02  -0.146091077E-02   0.854568225E-05
   0.594516052E-02   0.624877401E-02  -0.357913854E-08   0.000000000E+00
