   0.198567612E-02   0.317717604E-01  -0.613117239E-11   0.000000000E+00
   0.187019189E-02   0.299229473E-01   0.306986249E-02   0.172027976E-04
   0.157932332E-02   0.252122432E-01   0.507283118E-02   0.566054259E-04
   0.122562912E-02   0.194619596E-01   0.570124295E-02   0.952127884E-04
   0.903832493E-03   0.141816912E-01   0.534545304E-02   0.118877098E-03
   0.653372845E-03   0.100190127E-01   0.455278298E-02   0.126897270E-03
   0.476023619E-03   0.702423556E-02   0.371146342E-02   0.124858940E-03
   0.354775344E-03   0.495453458E-02   0.298091024E-02   0.117821903E-03
   0.271259050E-03   0.353398151E-02   0.238904287E-02   0.108662345E-03
   0.211712118E-03   0.255244831E-02   0.191684638E-02   0.983969294E-04
   0.166879865E-03   0.185742741E-02   0.153286825E-02   0.882160675E-04
   0.131557652E-03   0.135668169E-02   0.121606002E-02   0.771420746E-04
   0.102944854E-03   0.989036285E-03   0.952692062E-03   0.659520229E-04
   0.791819621E-04   0.714879774E-03   0.731584150E-03   0.549192373E-04
   0.597696053E-04   0.511072692E-03   0.550490397E-03   0.442405726E-04
   0.441109260E-04   0.359959173E-03   0.404707738E-03   0.346074157E-04
   0.312942539E-04   0.245718518E-03   0.285662274E-03   0.259440421E-04
   0.214193715E-04   0.162434910E-03   0.194173219E-03   0.186540965E-04
   0.141510163E-04   0.104199738E-03   0.127329506E-03   0.128089296E-04
   0.882523091E-05   0.632374504E-04   0.785845914E-04   0.829289547E-05
   0.518174284E-05   0.361159764E-04   0.454758119E-04   0.502678631E-05
   0.282524707E-05   0.190739684E-04   0.242541319E-04   0.279401615E-05
   0.134821471E-05   0.879366416E-05   0.111416384E-04   0.133387971E-05
   0.587879413E-06   0.364793800E-05   0.458068689E-05   0.573152818E-06
   0.209822474E-06   0.123358393E-05   0.145647061E-05   0.192551653E-06
   0.595055312E-07   0.390016623E-06   0.341125286E-06   0.528957216E-07
   0.274249849E-07   0.306203617E-06   0.231871951E-06   0.373511178E-07
   0.431881979E-07   0.462587394E-06   0.465047719E-06   0.638076258E-07
   0.671625742E-07   0.674424427E-06   0.752253754E-06   0.109350118E-06
   0.852087325E-07   0.798272708E-06   0.927025837E-06   0.130188070E-06
   0.744488631E-07   0.669713017E-06   0.797252653E-06   0.114565104E-06
   0.629086188E-07   0.548726632E-06   0.664105187E-06   0.965479714E-07
   0.545478116E-07   0.469159488E-06   0.557894737E-06   0.815303451E-07
   0.369904285E-07   0.317001110E-06   0.380966156E-06   0.576986174E-07
   0.272322271E-07   0.219536958E-06   0.260251852E-06   0.372212945E-07
   0.136278198E-07   0.111081839E-06   0.136036050E-06   0.201141468E-07
   0.106771942E-07   0.791375072E-07   0.100998726E-06   0.130612721E-07
   0.444998394E-08   0.307072590E-07   0.397216731E-07   0.454223859E-08
   0.259619015E-08   0.121264696E-07   0.131949216E-07   0.733915761E-09
   0.280953971E-08   0.577339643E-08  -0.359875285E-08   0.320310389E-09
   0.112491128E-08   0.162922920E-08  -0.174056536E-08   0.551994672E-09
   0.244922105E-08   0.369936104E-08  -0.689766244E-08   0.200534522E-08
   0.228249220E-08   0.529434008E-08  -0.435799041E-08   0.283900814E-08
   0.311148063E-08   0.623194030E-08  -0.114508927E-07   0.401306899E-08
   0.286210033E-08   0.763226105E-08  -0.830801827E-08   0.470163553E-08
   0.289708080E-08   0.743093231E-08  -0.926926358E-08   0.468342209E-08
   0.205467932E-08   0.107427907E-07   0.376530274E-08   0.499629049E-08
   0.254852273E-08   0.665591804E-08  -0.495315389E-08   0.369694830E-08
   0.604957084E-09   0.551881207E-08   0.446979476E-08   0.217443619E-08
   0.523696808E-09   0.227254215E-08   0.730048189E-09   0.998341632E-09
   0.650229537E-09   0.128589006E-08   0.149981405E-08  -0.805315398E-10
   0.238508679E-08   0.531047872E-08  -0.264042455E-08   0.417706841E-09
   0.632855679E-08   0.831349567E-08  -0.221207834E-07   0.217039853E-08
   0.191534717E-07   0.237227482E-07  -0.788186938E-07   0.111054259E-07
   0.401465599E-07   0.515208995E-07  -0.166140950E-06   0.235140565E-07
   0.728701508E-07   0.950024557E-07  -0.302098726E-06   0.432794707E-07
   0.123496932E-06   0.155374181E-06  -0.507279537E-06   0.745283799E-07
   0.216590664E-06   0.269230583E-06  -0.880400705E-06   0.131549612E-06
   0.257847915E-06   0.316726215E-06  -0.103155310E-05   0.153538991E-06
   0.360839891E-06   0.441945673E-06  -0.142384442E-05   0.208306034E-06
   0.390529692E-06   0.477895810E-06  -0.150933965E-05   0.210286842E-06
   0.435053920E-06   0.516268187E-06  -0.162090544E-05   0.230495587E-06
   0.372466474E-06   0.438201454E-06  -0.132314574E-05   0.180743285E-06
   0.268982035E-06   0.312425982E-06  -0.867464962E-06   0.121097443E-06
   0.176437638E-06   0.192886176E-06  -0.453663773E-06   0.661305322E-07
   0.238144111E-06   0.231219545E-06  -0.588271973E-06   0.829962374E-07
   0.807626577E-06   0.797994232E-06  -0.254065549E-05   0.329245353E-06
   0.240018608E-05   0.239997826E-05  -0.794794050E-05   0.971757231E-06
   0.598717043E-05   0.596902373E-05  -0.198437447E-04   0.232359935E-05
   0.124149719E-04   0.122243900E-04  -0.402823862E-04   0.451693677E-05
   0.231896865E-04   0.225423446E-04  -0.731970649E-04   0.788145917E-05
   0.405681167E-04   0.388927583E-04  -0.124008104E-03   0.127960184E-04
   0.653221796E-04   0.618459162E-04  -0.192142892E-03   0.188253089E-04
   0.101677622E-03   0.951348557E-04  -0.286916737E-03   0.267179785E-04
   0.150363223E-03   0.139319454E-03  -0.404314778E-03   0.355544580E-04
   0.216068191E-03   0.198719834E-03  -0.550610479E-03   0.457087917E-04
   0.302279193E-03   0.276952691E-03  -0.725375488E-03   0.564113798E-04
   0.414923328E-03   0.379733508E-03  -0.931020360E-03   0.678711731E-04
   0.560118468E-03   0.514098501E-03  -0.116516813E-02   0.790541453E-04
   0.750273874E-03   0.693105685E-03  -0.143464445E-02   0.896879210E-04
   0.100215431E-02   0.933919451E-03  -0.174506032E-02   0.100248108E-03
   0.134497916E-02   0.126597274E-02  -0.211361772E-02   0.110852765E-03
   0.182172912E-02   0.173189549E-02  -0.255885953E-02   0.121452664E-03
   0.250592898E-02   0.240313378E-02  -0.311372732E-02   0.131079301E-03
   0.349601544E-02   0.337498868E-02  -0.379284075E-02   0.139295196E-03
   0.492243282E-02   0.477342913E-02  -0.456443336E-02   0.140646473E-03
   0.689050369E-02   0.670213904E-02  -0.526526803E-02   0.130337066E-03
   0.937958062E-02   0.914310850E-02  -0.553675927E-02   0.102893828E-03
   0.120664090E-01   0.117827533E-01  -0.486843660E-02   0.603111039E-04
   0.142563330E-01   0.139376847E-01  -0.292382156E-02   0.181003234E-04
   0.151072536E-01   0.147767011E-01  -0.733145944E-08   0.000000000E+00
