   0.447398161E-04   0.408420851E-02   0.000000000E+00   0.000000000E+00
   0.465385783E-04   0.394930644E-02   0.604180037E-03   0.323847507E-05
   0.511708568E-04   0.358037022E-02   0.109453569E-02   0.116719102E-04
   0.568917967E-04   0.306506827E-02   0.140501675E-02   0.223526458E-04
   0.616333054E-04   0.250256993E-02   0.152945786E-02   0.320735489E-04
   0.639497448E-04   0.197053072E-02   0.150410028E-02   0.388281114E-04
   0.631706644E-04   0.150611449E-02   0.137623306E-02   0.421202931E-04
   0.592367287E-04   0.112333603E-02   0.119002024E-02   0.421372679E-04
   0.527191005E-04   0.820072833E-03   0.981341931E-03   0.391667490E-04
   0.444485559E-04   0.583982270E-03   0.772097963E-03   0.343804168E-04
   0.355518241E-04   0.404661783E-03   0.580838241E-03   0.284797952E-04
   0.267264022E-04   0.269868586E-03   0.413420144E-03   0.221397986E-04
   0.187954392E-04   0.171456602E-03   0.276396488E-03   0.160047457E-04
   0.123697937E-04   0.103111131E-03   0.173162713E-03   0.107103506E-04
   0.747225749E-05   0.572395293E-04   0.991438210E-04   0.653704910E-05
   0.413365706E-05   0.289799664E-04   0.514343410E-04   0.358807324E-05
   0.193649362E-05   0.123342124E-04   0.216961580E-04   0.155602152E-05
   0.763025980E-06   0.432575462E-05   0.705950060E-05   0.506589004E-06
   0.228812340E-06   0.126044904E-05   0.128020031E-05   0.756952048E-07
   0.425811812E-07   0.671307134E-06   0.898273456E-08  -0.612828588E-08
   0.391077499E-07   0.957302859E-06   0.691210857E-06   0.706918613E-07
   0.736436121E-07   0.130565991E-05   0.152240159E-05   0.161468009E-06
   0.102870260E-06   0.148802405E-05   0.204452022E-05   0.223900415E-06
   0.102017054E-06   0.131745514E-05   0.195643065E-05   0.221018070E-06
   0.864213305E-07   0.103240484E-05   0.159876947E-05   0.184172308E-06
   0.581201292E-07   0.668400958E-06   0.106913865E-05   0.127236831E-06
   0.321494156E-07   0.356532837E-06   0.571727639E-06   0.692318238E-07
   0.158318034E-07   0.175373742E-06   0.284964358E-06   0.361993031E-07
   0.630667119E-08   0.689596007E-07   0.111889342E-06   0.144899426E-07
   0.248829157E-08   0.285877153E-07   0.438906085E-07   0.645975229E-08
   0.120394000E-09   0.162406766E-08   0.224777308E-08   0.513413867E-09
   0.100342790E-09   0.536242939E-09   0.894478602E-09   0.124387070E-09
   0.699549474E-09   0.557091262E-08   0.992738602E-08   0.121348320E-08
   0.229105090E-08   0.196534753E-07   0.306683461E-07   0.472430806E-08
   0.128198041E-08   0.917322573E-08   0.157428364E-07   0.172675818E-08
   0.794577903E-09   0.652048548E-08   0.128428947E-07   0.147828372E-08
   0.950066026E-09   0.528037702E-08   0.648959686E-08   0.938070843E-09
   0.116153509E-08   0.636896491E-08   0.719171700E-08   0.122651000E-08
   0.153631630E-08   0.112753202E-07   0.169096346E-07   0.257648414E-08
   0.459055377E-09   0.653783583E-09  -0.205734563E-08   0.276140864E-10
   0.309328924E-09   0.137626999E-08   0.737374439E-09   0.293113256E-09
   0.740929609E-10   0.232025982E-09   0.296493469E-09   0.356832814E-11
   0.123914892E-09   0.207617909E-09  -0.566406699E-09   0.642832246E-10
   0.436082892E-09   0.102097109E-08  -0.430023261E-08   0.724149407E-09
   0.807652278E-10   0.536401146E-09  -0.827568639E-10   0.291582702E-09
   0.311169424E-09   0.131232669E-08  -0.141932444E-08   0.567670078E-09
   0.170534073E-10   0.250532345E-09   0.265354350E-09   0.109895780E-09
   0.583861865E-11   0.392480111E-10   0.257032243E-10   0.133103624E-10
   0.913563281E-09   0.257898103E-08  -0.721469018E-08   0.132264066E-08
   0.338308909E-09   0.646223519E-09  -0.189467908E-08   0.183131801E-09
   0.796200217E-09   0.204559036E-08  -0.453382043E-08   0.737520989E-09
   0.120462973E-08   0.208850848E-08  -0.105562696E-07   0.125559918E-08
   0.226369656E-08   0.460926675E-08  -0.201356656E-07   0.262678856E-08
   0.368749187E-08   0.777369724E-08  -0.339806299E-07   0.466680694E-08
   0.642206732E-08   0.138110003E-07  -0.588876929E-07   0.819187118E-08
   0.516277643E-08   0.101599813E-07  -0.481109375E-07   0.644411235E-08
   0.526543253E-08   0.103227329E-07  -0.490260810E-07   0.660000365E-08
   0.641633857E-08   0.125773862E-07  -0.591720415E-07   0.786459076E-08
   0.347088114E-08   0.689737645E-08  -0.309675876E-07   0.397508337E-08
   0.186318613E-09   0.400487477E-09  -0.142470635E-08   0.196879429E-09
   0.105953146E-08   0.225551844E-08  -0.896772523E-08   0.152314950E-08
   0.106610960E-07   0.200171204E-07  -0.912984532E-07   0.125178037E-07
   0.332424754E-07   0.597028631E-07  -0.276749091E-06   0.349913591E-07
   0.879843896E-07   0.154328362E-06  -0.718567264E-06   0.899602881E-07
   0.203577983E-06   0.347158164E-06  -0.161553623E-05   0.191412653E-06
   0.348186717E-06   0.575486240E-06  -0.267318705E-05   0.308991360E-06
   0.523867413E-06   0.838540302E-06  -0.386112606E-05   0.433727536E-06
   0.646495153E-06   0.100202965E-05  -0.450579864E-05   0.490522211E-06
   0.696745701E-06   0.104012543E-05  -0.445393971E-05   0.470441762E-06
   0.617057765E-06   0.872774820E-06  -0.332408968E-05   0.336380310E-06
   0.439622852E-06   0.554620385E-06  -0.144136357E-05   0.147246965E-06
   0.368317075E-06   0.363775825E-06  -0.340892171E-06   0.599564629E-07
   0.850637321E-06   0.849322419E-06  -0.275245043E-05   0.305223637E-06
   0.291619131E-05   0.322000574E-05  -0.153276214E-04   0.141247176E-05
   0.787326189E-05   0.885185091E-05  -0.443640893E-04   0.373928174E-05
   0.174140969E-04   0.194216282E-04  -0.971546979E-04   0.760077819E-05
   0.341041086E-04   0.374856463E-04  -0.184062897E-03   0.133582462E-04
   0.594724734E-04   0.641430233E-04  -0.304444082E-03   0.205199121E-04
   0.967764718E-04   0.102706348E-03  -0.465949852E-03   0.289681229E-04
   0.147413186E-03   0.154509675E-03  -0.659521378E-03   0.376047647E-04
   0.213985215E-03   0.222652030E-03  -0.878450519E-03   0.456951566E-04
   0.300136831E-03   0.311638316E-03  -0.111781457E-02   0.527132361E-04
   0.407627842E-03   0.424512138E-03  -0.135418656E-02   0.574789483E-04
   0.540980429E-03   0.567370560E-03  -0.157216401E-02   0.591674398E-04
   0.703845813E-03   0.744574063E-03  -0.174952485E-02   0.573077741E-04
   0.898000959E-03   0.957916316E-03  -0.185518246E-02   0.517242152E-04
   0.111821201E-02   0.120085001E-02  -0.184212741E-02   0.418396266E-04
   0.134921935E-02   0.145562401E-02  -0.166249275E-02   0.288469746E-04
   0.155904528E-02   0.168649678E-02  -0.127958902E-02   0.150142987E-04
   0.170948601E-02   0.185133854E-02  -0.701209530E-03   0.413902944E-05
   0.176580169E-02   0.191311375E-02  -0.180933213E-08   0.000000000E+00
