   0.137033146E-01   0.151024044E+00   0.000000000E+00   0.000000000E+00
   0.122973192E-01   0.135575101E+00   0.128902867E-01   0.727198712E-04
   0.909791049E-02   0.100440569E+00   0.187159106E-01   0.210151135E-03
   0.586394267E-02   0.649457052E-01   0.175333768E-01   0.293487421E-03
   0.351311546E-02   0.391202979E-01   0.133999856E-01   0.296307844E-03
   0.207009446E-02   0.232242718E-01   0.933304150E-02   0.255744060E-03
   0.124969287E-02   0.141271912E-01   0.633231876E-02   0.206807817E-03
   0.794553431E-03   0.902203564E-02   0.437687524E-02   0.167219259E-03
   0.537044718E-03   0.608409801E-02   0.314972992E-02   0.139411044E-03
   0.383083738E-03   0.429353397E-02   0.236176909E-02   0.119175318E-03
   0.284183596E-03   0.312741729E-02   0.182685140E-02   0.103590115E-03
   0.215677297E-03   0.231817388E-02   0.143691327E-02   0.911902025E-04
   0.165039790E-03   0.172768056E-02   0.113349094E-02   0.788190882E-04
   0.126251165E-03   0.128513575E-02   0.889717659E-03   0.673045361E-04
   0.955993455E-04   0.946474378E-03   0.688110769E-03   0.561125962E-04
   0.714268244E-04   0.688109430E-03   0.523027382E-03   0.456223170E-04
   0.521806396E-04   0.490644365E-03   0.387395790E-03   0.359224978E-04
   0.373489711E-04   0.342963554E-03   0.280115521E-03   0.275191160E-04
   0.259962417E-04   0.233854968E-03   0.196392313E-03   0.202282754E-04
   0.174946508E-04   0.154553811E-03   0.132651374E-03   0.143417401E-04
   0.113461883E-04   0.987201201E-04   0.860657165E-04   0.974773229E-05
   0.705062212E-05   0.606541398E-04   0.533169405E-04   0.628168300E-05
   0.408973983E-05   0.350355549E-04   0.306194488E-04   0.373815942E-05
   0.223904362E-05   0.191752970E-04   0.164738740E-04   0.208980646E-05
   0.113213059E-05   0.975151761E-05   0.807091237E-05   0.106711741E-05
   0.497958581E-06   0.441683460E-05   0.332201898E-05   0.453828335E-06
   0.180812137E-06   0.177141385E-05   0.104131254E-05   0.148692820E-06
   0.693864450E-07   0.767081872E-06   0.325505624E-06   0.449382220E-07
   0.364753951E-07   0.434193794E-06   0.177088666E-06   0.160813425E-07
   0.419392698E-07   0.430757098E-06   0.302705217E-06   0.349547733E-07
   0.570193919E-07   0.507422328E-06   0.464014278E-06   0.574145353E-07
   0.693064877E-07   0.576677905E-06   0.574865396E-06   0.721386968E-07
   0.662217587E-07   0.528569444E-06   0.559410296E-06   0.750605338E-07
   0.615269116E-07   0.478355332E-06   0.508900769E-06   0.669099265E-07
   0.495776398E-07   0.370517796E-06   0.398124911E-06   0.507028091E-07
   0.407021865E-07   0.302044157E-06   0.329036936E-06   0.433368221E-07
   0.273985492E-07   0.191193692E-06   0.207720404E-06   0.249506122E-07
   0.213986713E-07   0.132115005E-06   0.133201723E-06   0.140536436E-07
   0.155289861E-07   0.785732723E-07   0.681799008E-07   0.621449026E-08
   0.106559881E-07   0.512028002E-07   0.418540935E-07   0.396651689E-08
   0.544960876E-08   0.225340120E-07   0.221235794E-07   0.545274048E-09
   0.323047789E-08   0.792403743E-08   0.419144053E-08  -0.578485593E-09
   0.207478079E-08   0.284680302E-08  -0.201134021E-08  -0.295219516E-09
   0.269165690E-08   0.297701352E-08  -0.716502280E-08   0.584439497E-09
   0.167889747E-08   0.182151683E-08  -0.312649084E-08   0.734318994E-09
   0.169545589E-08   0.243723708E-08  -0.319480864E-08   0.123411370E-08
   0.852766413E-09   0.256307997E-08   0.246008280E-08   0.556165558E-09
   0.172177672E-08   0.521261390E-08   0.651557475E-08   0.577799197E-09
   0.237479547E-08   0.488198326E-08   0.254273580E-08  -0.537491884E-09
   0.606470607E-08   0.868194228E-08  -0.111708367E-07   0.521702403E-09
   0.141793928E-07   0.149965622E-07  -0.381867089E-07   0.307216896E-08
   0.307640029E-07   0.350448914E-07  -0.887290383E-07   0.930630772E-08
   0.533212976E-07   0.574315777E-07  -0.163348062E-06   0.202199004E-07
   0.971134355E-07   0.112486312E-06  -0.304429335E-06   0.403565750E-07
   0.155487299E-06   0.169123368E-06  -0.487989951E-06   0.686278980E-07
   0.183519006E-06   0.199068168E-06  -0.571188366E-06   0.807243552E-07
   0.246892199E-06   0.269696528E-06  -0.762932530E-06   0.107806677E-06
   0.298828326E-06   0.321883277E-06  -0.906137757E-06   0.129688999E-06
   0.345471761E-06   0.369667930E-06  -0.101876719E-05   0.142800872E-06
   0.339474980E-06   0.364653033E-06  -0.959462227E-06   0.134940549E-06
   0.309396796E-06   0.328559508E-06  -0.795180142E-06   0.114954290E-06
   0.243842180E-06   0.253373400E-06  -0.483800591E-06   0.715247168E-07
   0.245591309E-06   0.240152104E-06  -0.289238841E-06   0.417855475E-07
   0.457496071E-06   0.430664812E-06  -0.587380100E-06   0.860780105E-07
   0.116127455E-05   0.109430835E-05  -0.205478545E-05   0.278778458E-06
   0.291224387E-05   0.269743919E-05  -0.593871709E-05   0.764609297E-06
   0.632914862E-05   0.584373811E-05  -0.136008366E-04   0.167892415E-05
   0.123421332E-04   0.112935359E-04  -0.267608557E-04   0.319680476E-05
   0.225642289E-04   0.204517219E-04  -0.485832388E-04   0.557360954E-05
   0.387450054E-04   0.348120520E-04  -0.818917106E-04   0.904687568E-05
   0.627200061E-04   0.559348882E-04  -0.128868109E-03   0.136524741E-04
   0.974264112E-04   0.861919543E-04  -0.193145665E-03   0.195396715E-04
   0.145633065E-03   0.127984225E-03  -0.276763865E-03   0.267428477E-04
   0.211210747E-03   0.184658813E-03  -0.382686063E-03   0.352040988E-04
   0.298028579E-03   0.259786553E-03  -0.511997554E-03   0.446194354E-04
   0.412045192E-03   0.358750869E-03  -0.668113818E-03   0.550906625E-04
   0.558584987E-03   0.486637815E-03  -0.850330573E-03   0.662583043E-04
   0.746343983E-03   0.652156828E-03  -0.106225139E-02   0.780886548E-04
   0.988200540E-03   0.868034433E-03  -0.131071906E-02   0.903386390E-04
   0.130573486E-02   0.115469366E-02  -0.161098398E-02   0.104087791E-03
   0.173433754E-02   0.154510722E-02  -0.198838301E-02   0.120435463E-03
   0.234682183E-02   0.210643047E-02  -0.250229612E-02   0.140207267E-03
   0.328280241E-02   0.296472735E-02  -0.325765787E-02   0.166958940E-03
   0.481557520E-02   0.436671264E-02  -0.443173107E-02   0.202685755E-03
   0.746041490E-02   0.677873893E-02  -0.627848366E-02   0.248287019E-03
   0.121412389E-01   0.110415034E-01  -0.906995311E-02   0.298075611E-03
   0.202738214E-01   0.184535440E-01  -0.127959382E-01   0.333321252E-03
   0.333423279E-01   0.303907953E-01  -0.164655875E-01   0.318246777E-03
   0.511259623E-01   0.466760136E-01  -0.173346493E-01   0.220968141E-03
   0.686268359E-01   0.627354532E-01  -0.118357800E-01   0.748729435E-04
   0.762653127E-01   0.697557554E-01  -0.273101950E-07   0.000000000E+00
