   0.579183798E-04   0.145747757E-02   0.560352459E-11   0.000000000E+00
   0.580545930E-04   0.144669053E-02   0.417016345E-04  -0.116717004E-06
   0.585236230E-04   0.141420471E-02   0.815591120E-04  -0.456667919E-06
   0.591978278E-04   0.136237650E-02   0.117976626E-03  -0.100258683E-05
   0.601185930E-04   0.129505200E-02   0.149593398E-03  -0.169768259E-05
   0.612062577E-04   0.121676922E-02   0.175711277E-03  -0.249068876E-05
   0.624389577E-04   0.112932816E-02   0.195725021E-03  -0.338516497E-05
   0.635991310E-04   0.103830046E-02   0.209710372E-03  -0.423299707E-05
   0.646742701E-04   0.947329390E-03   0.218164409E-03  -0.502111561E-05
   0.655409531E-04   0.857129577E-03   0.221382477E-03  -0.572951922E-05
   0.660904625E-04   0.769267033E-03   0.219913447E-03  -0.628399175E-05
   0.663516621E-04   0.687092775E-03   0.214913438E-03  -0.676706304E-05
   0.662036400E-04   0.608536415E-03   0.206451281E-03  -0.704682270E-05
   0.657413984E-04   0.537286454E-03   0.195945133E-03  -0.724954998E-05
   0.648352143E-04   0.469551916E-03   0.183121694E-03  -0.734767309E-05
   0.636331242E-04   0.408537599E-03   0.169217426E-03  -0.738313429E-05
   0.621771178E-04   0.352315052E-03   0.154443071E-03  -0.732504122E-05
   0.605097048E-04   0.302000059E-03   0.139374810E-03  -0.720015623E-05
   0.587064824E-04   0.257018022E-03   0.124355080E-03  -0.704290460E-05
   0.568634023E-04   0.217446999E-03   0.109786473E-03  -0.689421267E-05
   0.549350370E-04   0.182321586E-03   0.957290467E-04  -0.662411503E-05
   0.531173027E-04   0.152542852E-03   0.826303658E-04  -0.641441511E-05
   0.513399355E-04   0.126396437E-03   0.703992046E-04  -0.613415750E-05
   0.496486173E-04   0.104547333E-03   0.591503012E-04  -0.586371470E-05
   0.481130883E-04   0.865901529E-04   0.491812425E-04  -0.554347025E-05
   0.467194150E-04   0.713494373E-04   0.402244623E-04  -0.522864411E-05
   0.454657747E-04   0.591377684E-04   0.323168897E-04  -0.487979150E-05
   0.444090874E-04   0.498744994E-04   0.255187206E-04  -0.451868664E-05
   0.434764916E-04   0.424615464E-04   0.197121844E-04  -0.414054830E-05
   0.426823972E-04   0.368899346E-04   0.147357396E-04  -0.374349406E-05
   0.420080542E-04   0.328813876E-04   0.107617761E-04  -0.333475214E-05
   0.415686372E-04   0.302975659E-04   0.727162615E-05  -0.294179858E-05
   0.411232904E-04   0.285731549E-04   0.464013056E-05  -0.253274038E-05
   0.409458153E-04   0.277900435E-04   0.234899517E-05  -0.214134798E-05
   0.405912251E-04   0.272254820E-04   0.788462273E-06  -0.175218452E-05
   0.405389255E-04   0.274329414E-04  -0.545972057E-06  -0.139061808E-05
   0.404752464E-04   0.276546525E-04  -0.146134357E-05  -0.105795368E-05
   0.404759485E-04   0.281909652E-04  -0.214704187E-05  -0.742331054E-06
   0.404748062E-04   0.286792401E-04  -0.258662180E-05  -0.458968913E-06
   0.404783859E-04   0.290756579E-04  -0.281822736E-05  -0.226353364E-06
   0.404791062E-04   0.295824793E-04  -0.286927525E-05  -0.158463784E-07
   0.403970807E-04   0.297997849E-04  -0.276697688E-05   0.143960492E-06
   0.402628939E-04   0.298996310E-04  -0.254693941E-05   0.266126193E-06
   0.402224941E-04   0.298913365E-04  -0.235135485E-05   0.355073439E-06
   0.399783530E-04   0.296349390E-04  -0.194259292E-05   0.389704724E-06
   0.396905089E-04   0.292865971E-04  -0.149284722E-05   0.393191073E-06
   0.393115915E-04   0.289286836E-04  -0.881871642E-06   0.358503371E-06
   0.388731169E-04   0.283669742E-04  -0.261492147E-06   0.286582889E-06
   0.382595317E-04   0.277246509E-04   0.501179045E-06   0.183845387E-06
   0.374907795E-04   0.266570787E-04   0.126167788E-05   0.329254384E-07
   0.367009998E-04   0.259376993E-04   0.214048737E-05  -0.121548112E-06
   0.355752672E-04   0.246526906E-04   0.306177094E-05  -0.316149794E-06
   0.345577209E-04   0.239186702E-04   0.405375067E-05  -0.510714926E-06
   0.333776443E-04   0.230162095E-04   0.502550711E-05  -0.713265536E-06
   0.321775806E-04   0.221575410E-04   0.594714857E-05  -0.914538589E-06
   0.309017450E-04   0.212497434E-04   0.678533661E-05  -0.111044267E-05
   0.297609004E-04   0.204991848E-04   0.743845067E-05  -0.127317560E-05
   0.286765262E-04   0.204339176E-04   0.810850997E-05  -0.143209093E-05
   0.278714015E-04   0.203021245E-04   0.831436955E-05  -0.151887912E-05
   0.273272963E-04   0.209659829E-04   0.830333647E-05  -0.157211934E-05
   0.271865156E-04   0.220088405E-04   0.792495848E-05  -0.156299336E-05
   0.277074960E-04   0.239970250E-04   0.696457573E-05  -0.148414574E-05
   0.289166055E-04   0.268220047E-04   0.548226762E-05  -0.132872174E-05
   0.309568750E-04   0.306424590E-04   0.339179951E-05  -0.109113569E-05
   0.340147526E-04   0.356910750E-04   0.675167598E-06  -0.807874812E-06
   0.381630380E-04   0.417100164E-04  -0.267321320E-05  -0.409208468E-06
   0.437865056E-04   0.495982094E-04  -0.689883518E-05   0.447500419E-07
   0.508938247E-04   0.592246943E-04  -0.118340213E-04   0.524705229E-06
   0.598266233E-04   0.706141291E-04  -0.175825589E-04   0.109214670E-05
   0.706306746E-04   0.839415370E-04  -0.240406716E-04   0.172536102E-05
   0.834667808E-04   0.995794326E-04  -0.311207477E-04   0.230828209E-05
   0.984575527E-04   0.117313211E-03  -0.387505788E-04   0.295912400E-05
   0.115637304E-03   0.137397888E-03  -0.467035570E-04   0.354954909E-05
   0.135204202E-03   0.160016600E-03  -0.548728713E-04   0.403842432E-05
   0.157815462E-03   0.185600307E-03  -0.634173266E-04   0.452348786E-05
   0.182949167E-03   0.213689389E-03  -0.717546645E-04   0.489745253E-05
   0.210567814E-03   0.244197348E-03  -0.795981177E-04   0.521607353E-05
   0.241260248E-03   0.277711224E-03  -0.869767318E-04   0.531176602E-05
   0.274228107E-03   0.313304103E-03  -0.932118055E-04   0.540960991E-05
   0.309743598E-03   0.351296738E-03  -0.981733101E-04   0.527050088E-05
   0.348057772E-03   0.391814159E-03  -0.101707323E-03   0.499317139E-05
   0.388784712E-03   0.434160349E-03  -0.103526567E-03   0.456110092E-05
   0.431208668E-03   0.478152971E-03  -0.103072336E-03   0.410294524E-05
   0.474196539E-03   0.522303802E-03  -0.999394688E-04   0.350483060E-05
   0.517388980E-03   0.565967697E-03  -0.941233957E-04   0.283170220E-05
   0.558585103E-03   0.607754802E-03  -0.851229343E-04   0.215899900E-05
   0.596470083E-03   0.645729189E-03  -0.729889070E-04   0.147718470E-05
   0.628640235E-03   0.678027456E-03  -0.578673571E-04   0.882788584E-06
   0.653535128E-03   0.702484802E-03  -0.402066107E-04   0.408323586E-06
   0.669122266E-03   0.718383468E-03  -0.205969736E-04   0.105082492E-06
   0.674449606E-03   0.723433390E-03  -0.461657518E-10   0.000000000E+00
