   0.245588046E-03   0.409172103E-02   0.000000000E+00   0.000000000E+00
   0.244487397E-03   0.405656127E-02   0.107440930E-03  -0.581888230E-06
   0.242279930E-03   0.395752164E-02   0.209999722E-03  -0.227956912E-05
   0.239459448E-03   0.380019494E-02   0.303439068E-03  -0.498806367E-05
   0.235786298E-03   0.359529885E-02   0.384310726E-03  -0.850541255E-05
   0.232055609E-03   0.336004561E-02   0.450859981E-03  -0.125811075E-04
   0.228195902E-03   0.310353003E-02   0.501929782E-03  -0.169265713E-04
   0.224834483E-03   0.283875177E-02   0.537945598E-03  -0.213694675E-04
   0.221958515E-03   0.257633207E-02   0.560034765E-03  -0.256453204E-04
   0.219304027E-03   0.232324889E-02   0.569580414E-03  -0.294060792E-04
   0.217060297E-03   0.208374159E-02   0.568295945E-03  -0.325565670E-04
   0.214827858E-03   0.186048716E-02   0.558094413E-03  -0.350120208E-04
   0.212642131E-03   0.165387616E-02   0.540449924E-03  -0.368549481E-04
   0.210280035E-03   0.146593584E-02   0.517457374E-03  -0.380604579E-04
   0.207641147E-03   0.129337376E-02   0.489896804E-03  -0.387013097E-04
   0.204604919E-03   0.113550969E-02   0.458758557E-03  -0.387411856E-04
   0.201351155E-03   0.994790578E-03   0.426116952E-03  -0.382301441E-04
   0.197808244E-03   0.866398215E-03   0.391961308E-03  -0.373532566E-04
   0.194135995E-03   0.753408181E-03   0.358006568E-03  -0.360744780E-04
   0.190305233E-03   0.652190938E-03   0.323968503E-03  -0.348118047E-04
   0.186414924E-03   0.560339657E-03   0.290383556E-03  -0.332620475E-04
   0.182580712E-03   0.480703835E-03   0.258303917E-03  -0.316347068E-04
   0.178950926E-03   0.411323097E-03   0.228312580E-03  -0.297748429E-04
   0.175492154E-03   0.351053110E-03   0.199714545E-03  -0.280645036E-04
   0.172281594E-03   0.299153151E-03   0.173351640E-03  -0.262466256E-04
   0.169282415E-03   0.254071085E-03   0.148559906E-03  -0.245578558E-04
   0.166638245E-03   0.217014196E-03   0.126562882E-03  -0.227412856E-04
   0.164278739E-03   0.186078949E-03   0.106578693E-03  -0.210271246E-04
   0.162179305E-03   0.159930438E-03   0.886786729E-04  -0.192604384E-04
   0.160476324E-03   0.140356540E-03   0.730509491E-04  -0.176185767E-04
   0.158935814E-03   0.123584352E-03   0.592061879E-04  -0.159423616E-04
   0.157818300E-03   0.111524772E-03   0.469992337E-04  -0.144254118E-04
   0.156591559E-03   0.102389786E-03   0.371067254E-04  -0.128357933E-04
   0.155644986E-03   0.957189768E-04   0.284792150E-04  -0.113774404E-04
   0.154923007E-03   0.916239806E-04   0.211975221E-04  -0.995313530E-05
   0.154122798E-03   0.891531890E-04   0.154748086E-04  -0.865216589E-05
   0.153577974E-03   0.882201857E-04   0.106619964E-04  -0.743830424E-05
   0.152701323E-03   0.876900012E-04   0.723146331E-05  -0.632818228E-05
   0.151861648E-03   0.882777385E-04   0.453779512E-05  -0.530404168E-05
   0.151017666E-03   0.893983452E-04   0.271213230E-05  -0.443886893E-05
   0.149851941E-03   0.902665488E-04   0.170054955E-05  -0.368516180E-05
   0.148492938E-03   0.913760668E-04   0.131725380E-05  -0.306330821E-05
   0.147207451E-03   0.931063332E-04   0.144428600E-05  -0.259319199E-05
   0.145265119E-03   0.935225107E-04   0.217567094E-05  -0.225957569E-05
   0.143076992E-03   0.938905432E-04   0.335445293E-05  -0.206470850E-05
   0.140881661E-03   0.942679108E-04   0.480102017E-05  -0.200529894E-05
   0.138182411E-03   0.944321873E-04   0.674516286E-05  -0.208586334E-05
   0.135209615E-03   0.942354091E-04   0.897581049E-05  -0.229819648E-05
   0.132076151E-03   0.935531571E-04   0.113098358E-04  -0.263080256E-05
   0.128303553E-03   0.927918009E-04   0.141710743E-04  -0.311645226E-05
   0.124564409E-03   0.913663971E-04   0.168392980E-04  -0.366542895E-05
   0.120525205E-03   0.901759995E-04   0.197709378E-04  -0.435012407E-05
   0.116317671E-03   0.888586874E-04   0.226808752E-04  -0.510853351E-05
   0.112027374E-03   0.874320322E-04   0.255678260E-04  -0.595539223E-05
   0.107916894E-03   0.871703087E-04   0.283486625E-04  -0.684950282E-05
   0.103847080E-03   0.864286703E-04   0.308557392E-04  -0.779003767E-05
   0.100207042E-03   0.867414492E-04   0.329954964E-04  -0.873721820E-05
   0.969442408E-04   0.880973676E-04   0.348605790E-04  -0.973634269E-05
   0.944417625E-04   0.904349727E-04   0.361238453E-04  -0.107170781E-04
   0.926170469E-04   0.945609208E-04   0.369794579E-04  -0.117258542E-04
   0.919376471E-04   0.100310739E-03   0.370278140E-04  -0.127074563E-04
   0.922461477E-04   0.108089618E-03   0.365826309E-04  -0.137182069E-04
   0.943927080E-04   0.117768148E-03   0.349291840E-04  -0.145826543E-04
   0.982316778E-04   0.130302375E-03   0.324812863E-04  -0.154595382E-04
   0.103576669E-03   0.145496801E-03   0.294453112E-04  -0.163194181E-04
   0.111856803E-03   0.164783865E-03   0.248768738E-04  -0.171055399E-04
   0.122244077E-03   0.187609592E-03   0.196226720E-04  -0.179433973E-04
   0.135205410E-03   0.214050597E-03   0.135253149E-04  -0.186571433E-04
   0.151755157E-03   0.245628005E-03   0.614075088E-05  -0.193286196E-04
   0.171278312E-03   0.281499582E-03  -0.177973925E-05  -0.199635051E-04
   0.193601591E-03   0.322379929E-03  -0.100242005E-04  -0.207559551E-04
   0.220719507E-03   0.368977140E-03  -0.195177345E-04  -0.210700055E-04
   0.251691323E-03   0.421944220E-03  -0.292985496E-04  -0.216183835E-04
   0.286992930E-03   0.481074268E-03  -0.395368043E-04  -0.219974390E-04
   0.326549110E-03   0.546513998E-03  -0.495073436E-04  -0.223089537E-04
   0.372305978E-03   0.620240811E-03  -0.599603627E-04  -0.222609415E-04
   0.423122605E-03   0.700923265E-03  -0.703017358E-04  -0.220431830E-04
   0.479557202E-03   0.789345533E-03  -0.799935442E-04  -0.215680757E-04
   0.543796865E-03   0.887842325E-03  -0.897683785E-04  -0.206852474E-04
   0.614005607E-03   0.993646565E-03  -0.983364589E-04  -0.197078298E-04
   0.691245717E-03   0.110847072E-02  -0.105741630E-03  -0.181374871E-04
   0.775233260E-03   0.123097829E-02  -0.111502479E-03  -0.163078512E-04
   0.865299255E-03   0.136070966E-02  -0.115083203E-03  -0.140476559E-04
   0.959984900E-03   0.149466097E-02  -0.115653616E-03  -0.117250584E-04
   0.105598592E-02   0.162912183E-02  -0.112391033E-03  -0.926966186E-05
   0.115059712E-02   0.175955868E-02  -0.104835723E-03  -0.683532789E-05
   0.123739324E-02   0.187960919E-02  -0.921956744E-04  -0.456448834E-05
   0.131329242E-02   0.198203116E-02  -0.746747319E-04  -0.267875839E-05
   0.137227983E-02   0.206192629E-02  -0.526774711E-04  -0.122122185E-05
   0.140998012E-02   0.211178325E-02  -0.272781635E-04  -0.310881035E-06
   0.142260734E-02   0.212924671E-02  -0.124020627E-09   0.000000000E+00
