   0.576929415E-04   0.194739760E-02   0.000000000E+00   0.000000000E+00
   0.580635206E-04   0.193673652E-02   0.489846534E-04  -0.267732958E-06
   0.589818628E-04   0.190328702E-02   0.962996783E-04  -0.104888079E-05
   0.605797286E-04   0.185091386E-02   0.140538847E-03  -0.229434863E-05
   0.626703259E-04   0.178004429E-02   0.180312461E-03  -0.392009315E-05
   0.653086754E-04   0.169489568E-02   0.214732456E-03  -0.583468545E-05
   0.683466278E-04   0.159853091E-02   0.243096816E-03  -0.791206003E-05
   0.715713904E-04   0.149513397E-02   0.265311653E-03  -0.100229281E-04
   0.749230094E-04   0.138768065E-02   0.281258574E-03  -0.120332652E-04
   0.783530340E-04   0.127805409E-02   0.291288947E-03  -0.140173388E-04
   0.816135362E-04   0.116796955E-02   0.295595091E-03  -0.157501672E-04
   0.846708135E-04   0.106164743E-02   0.295093225E-03  -0.171341817E-04
   0.874257530E-04   0.957933778E-03   0.290139898E-03  -0.182508793E-04
   0.898536309E-04   0.860057015E-03   0.281648827E-03  -0.190846058E-04
   0.918860751E-04   0.766957528E-03   0.269992539E-03  -0.196172386E-04
   0.935674398E-04   0.680591445E-03   0.256162428E-03  -0.198121870E-04
   0.949067253E-04   0.599590596E-03   0.240437308E-03  -0.198057114E-04
   0.959394165E-04   0.525375479E-03   0.223496230E-03  -0.197164682E-04
   0.966313601E-04   0.455965404E-03   0.205403689E-03  -0.193579563E-04
   0.971931004E-04   0.395239273E-03   0.187611658E-03  -0.188615613E-04
   0.975160219E-04   0.339744001E-03   0.169553270E-03  -0.182533367E-04
   0.977059535E-04   0.289796357E-03   0.151664193E-03  -0.175703790E-04
   0.978300959E-04   0.246351003E-03   0.134684102E-03  -0.167470662E-04
   0.979084798E-04   0.208916987E-03   0.118704440E-03  -0.158471012E-04
   0.979522956E-04   0.175392168E-03   0.103293620E-03  -0.149665611E-04
   0.979928082E-04   0.146973864E-03   0.890714437E-04  -0.140326165E-04
   0.982113997E-04   0.124028462E-03   0.762540949E-04  -0.131058678E-04
   0.984451399E-04   0.104334475E-03   0.643131280E-04  -0.122268875E-04
   0.985716615E-04   0.882959357E-04   0.536374391E-04  -0.112531870E-04
   0.988373868E-04   0.755522269E-04   0.443041936E-04  -0.102944377E-04
   0.991938286E-04   0.659300931E-04   0.358504003E-04  -0.939920210E-05
   0.994474176E-04   0.581726163E-04   0.285222104E-04  -0.847414231E-05
   0.996535382E-04   0.527803641E-04   0.224111955E-04  -0.758326905E-05
   0.100014833E-03   0.495924833E-04   0.170808435E-04  -0.671921225E-05
   0.100308935E-03   0.476576752E-04   0.126618015E-04  -0.591604567E-05
   0.100410361E-03   0.466767779E-04   0.908612947E-05  -0.515064949E-05
   0.100584068E-03   0.468426333E-04   0.615660201E-05  -0.442949886E-05
   0.100550402E-03   0.475766647E-04   0.395050029E-05  -0.378978280E-05
   0.100260746E-03   0.487302677E-04   0.236328765E-05  -0.319039009E-05
   0.100016405E-03   0.503235024E-04   0.119867616E-05  -0.266815186E-05
   0.994319344E-04   0.520301983E-04   0.600762462E-06  -0.222240169E-05
   0.987371823E-04   0.539271350E-04   0.358434050E-06  -0.184034718E-05
   0.978082462E-04   0.555170081E-04   0.503732849E-06  -0.156118244E-05
   0.964505525E-04   0.568372670E-04   0.106391462E-05  -0.136484391E-05
   0.949203823E-04   0.579594234E-04   0.184125486E-05  -0.123735811E-05
   0.931051982E-04   0.590019226E-04   0.294997608E-05  -0.121680227E-05
   0.909580849E-04   0.597076978E-04   0.432130855E-05  -0.126862085E-05
   0.884809124E-04   0.599074192E-04   0.585756607E-05  -0.141950670E-05
   0.857533596E-04   0.598594634E-04   0.755049905E-05  -0.163932486E-05
   0.827964395E-04   0.597629842E-04   0.941992312E-05  -0.194322888E-05
   0.795434389E-04   0.590140735E-04   0.113202595E-04  -0.231910417E-05
   0.761987176E-04   0.588666517E-04   0.134017801E-04  -0.276784476E-05
   0.726033468E-04   0.581454333E-04   0.154582722E-04  -0.327967359E-05
   0.689929293E-04   0.574818114E-04   0.174852867E-04  -0.384062605E-05
   0.654201503E-04   0.574839432E-04   0.194919940E-04  -0.444854777E-05
   0.618161648E-04   0.570755037E-04   0.213028270E-04  -0.509157599E-05
   0.583476358E-04   0.576330276E-04   0.231956146E-04  -0.580276264E-05
   0.552187958E-04   0.580990709E-04   0.245880219E-04  -0.649214417E-05
   0.523624512E-04   0.600423700E-04   0.259554490E-04  -0.724846677E-05
   0.501385621E-04   0.625752509E-04   0.268521362E-04  -0.799414374E-05
   0.485483142E-04   0.658943973E-04   0.273625956E-04  -0.871803149E-05
   0.477809408E-04   0.710495733E-04   0.275401908E-04  -0.950291724E-05
   0.477737303E-04   0.769620674E-04   0.273345377E-04  -0.102314016E-04
   0.490768616E-04   0.853688907E-04   0.264571827E-04  -0.109874691E-04
   0.517766857E-04   0.951740221E-04   0.249588120E-04  -0.116542496E-04
   0.557976236E-04   0.107358712E-03   0.230085006E-04  -0.123516593E-04
   0.611895302E-04   0.121574485E-03   0.207267567E-04  -0.130397020E-04
   0.680468729E-04   0.138081668E-03   0.180913339E-04  -0.137178167E-04
   0.772916028E-04   0.157862596E-03   0.145531576E-04  -0.143176285E-04
   0.882801614E-04   0.179985102E-03   0.107911428E-04  -0.148309200E-04
   0.101541351E-03   0.205658915E-03   0.650624088E-05  -0.153361052E-04
   0.116888514E-03   0.234136140E-03   0.207114704E-05  -0.157049453E-04
   0.134473579E-03   0.266225310E-03  -0.268497934E-05  -0.160670206E-04
   0.154132998E-03   0.301002729E-03  -0.740811083E-05  -0.162137585E-04
   0.175832654E-03   0.339262595E-03  -0.119213546E-04  -0.163543991E-04
   0.201184128E-03   0.382102968E-03  -0.169926097E-04  -0.162770775E-04
   0.227527315E-03   0.426721352E-03  -0.212072900E-04  -0.159314768E-04
   0.256708619E-03   0.475202803E-03  -0.253661965E-04  -0.154882055E-04
   0.288304524E-03   0.526836840E-03  -0.291858742E-04  -0.147627325E-04
   0.321203464E-03   0.580379623E-03  -0.321472471E-04  -0.138134710E-04
   0.355892436E-03   0.635838893E-03  -0.345584558E-04  -0.126506166E-04
   0.391884125E-03   0.692836591E-03  -0.361055827E-04  -0.112637927E-04
   0.428512023E-03   0.750259263E-03  -0.366744207E-04  -0.970227757E-05
   0.464667683E-03   0.806016906E-03  -0.361318853E-04  -0.806165917E-05
   0.499800954E-03   0.859955617E-03  -0.343233332E-04  -0.636333834E-05
   0.532879320E-03   0.910289527E-03  -0.313606506E-04  -0.466603205E-05
   0.562105153E-03   0.954083574E-03  -0.270496712E-04  -0.314175372E-05
   0.586598238E-03   0.990611385E-03  -0.215021118E-04  -0.184433065E-05
   0.605408393E-03   0.101819949E-02  -0.149831285E-04  -0.844804617E-06
   0.616801437E-03   0.103568193E-02  -0.768745667E-05  -0.213645492E-06
   0.620693143E-03   0.104161177E-02  -0.214245999E-10   0.000000000E+00
