   0.578490086E-03   0.140258698E-01  -0.262239368E-12   0.000000000E+00
   0.560669054E-03   0.134742660E-01   0.156598527E-02   0.891909258E-05
   0.513114268E-03   0.119975312E-01   0.276469975E-02   0.314861136E-04
   0.449641666E-03   0.100295721E-01   0.342610478E-02   0.584065820E-04
   0.383092498E-03   0.797948427E-02   0.359231397E-02   0.819559864E-04
   0.322771346E-03   0.614800211E-02   0.342791737E-02   0.977415693E-04
   0.271735131E-03   0.464686705E-02   0.309262890E-02   0.105979932E-03
   0.229339275E-03   0.348356413E-02   0.269610598E-02   0.108096909E-03
   0.193513173E-03   0.260095182E-02   0.229451107E-02   0.105013387E-03
   0.162171433E-03   0.193852768E-02   0.191316335E-02   0.983529026E-04
   0.134226881E-03   0.144119095E-02   0.156437710E-02   0.892590033E-04
   0.109196553E-03   0.106676586E-02   0.125388615E-02   0.782555871E-04
   0.865022303E-04   0.780751579E-03   0.978439231E-03   0.664492472E-04
   0.668633293E-04   0.564960530E-03   0.745739497E-03   0.544610812E-04
   0.499358066E-04   0.399435376E-03   0.549514371E-03   0.431494009E-04
   0.358552679E-04   0.274610415E-03   0.389866822E-03   0.324979374E-04
   0.247040753E-04   0.182223099E-03   0.265375973E-03   0.234247982E-04
   0.161788666E-04   0.115431467E-03   0.171613385E-03   0.159954525E-04
   0.999770236E-05   0.691747045E-04   0.104550534E-03   0.102163722E-04
   0.576318644E-05   0.385028725E-04   0.591743155E-04   0.606547519E-05
   0.299000499E-05   0.191298495E-04   0.298584619E-04   0.318038110E-05
   0.138293740E-05   0.822658603E-05   0.132269606E-04   0.147568426E-05
   0.565382095E-06   0.306434663E-05   0.505402886E-05   0.585668261E-06
   0.162743774E-06   0.740084090E-06   0.124043981E-05   0.151765192E-06
   0.497860526E-07   0.307088811E-06   0.383724569E-06   0.613561326E-07
   0.445025812E-07   0.502240596E-06   0.566076608E-06   0.856607230E-07
   0.728348226E-07   0.784519386E-06   0.970707219E-06   0.141074921E-06
   0.100761724E-06   0.101978014E-05   0.131188347E-05   0.185049146E-06
   0.111665521E-06   0.106988909E-05   0.141554449E-05   0.199692764E-06
   0.105013399E-06   0.976966930E-06   0.132280047E-05   0.194049520E-06
   0.852417728E-07   0.786908515E-06   0.107197548E-05   0.163566085E-06
   0.649350866E-07   0.581576444E-06   0.803628495E-06   0.121725520E-06
   0.400209572E-07   0.357338308E-06   0.499236535E-06   0.807991114E-07
   0.257923087E-07   0.233145244E-06   0.315777214E-06   0.505757853E-07
   0.161424580E-07   0.140490343E-06   0.196219830E-06   0.305533661E-07
   0.680943479E-08   0.591176743E-07   0.795772763E-07   0.125582291E-07
   0.261823496E-08   0.224495285E-07   0.318766489E-07   0.510558529E-08
   0.369226316E-09   0.276837842E-08   0.401597067E-08   0.499031649E-09
   0.500832820E-09   0.696246449E-09  -0.331357303E-10  -0.439446951E-10
   0.826295088E-09   0.293784663E-08   0.211035855E-08   0.102208320E-08
   0.180639337E-08   0.113445067E-07   0.120831025E-07   0.402332168E-08
   0.194662930E-08   0.961621982E-08   0.364740571E-08   0.453672167E-08
   0.341167805E-08   0.165485972E-07   0.126218307E-07   0.647924603E-08
   0.269782774E-08   0.109342233E-07  -0.624306917E-08   0.655558008E-08
   0.252854426E-08   0.127219870E-07  -0.116857057E-08   0.706603176E-08
   0.268183564E-08   0.115390248E-07  -0.237313413E-08   0.634851816E-08
   0.468562877E-08   0.121162635E-07  -0.216980212E-07   0.806831846E-08
   0.499334529E-08   0.127264217E-07  -0.159674798E-07   0.753102025E-08
   0.302176084E-08   0.852716120E-08  -0.126409283E-07   0.556726842E-08
   0.642102060E-08   0.110885061E-07  -0.300195104E-07   0.693328239E-08
   0.159662028E-08   0.529209876E-08  -0.357467567E-08   0.306894066E-08
   0.468645067E-09   0.110485421E-08  -0.234603026E-08   0.741348261E-09
   0.490303076E-09   0.121171406E-08   0.115462639E-08  -0.804885464E-10
   0.136503486E-08   0.178288695E-08  -0.629750208E-08   0.599324923E-09
   0.861029648E-08   0.138768570E-07  -0.483312661E-07   0.812249201E-08
   0.187876008E-07   0.294724014E-07  -0.103348775E-06   0.161496203E-07
   0.490910494E-07   0.739565849E-07  -0.263889149E-06   0.405369356E-07
   0.107773964E-06   0.160269778E-06  -0.572105591E-06   0.862648832E-07
   0.192955000E-06   0.286788236E-06  -0.101589353E-05   0.151443871E-06
   0.307934783E-06   0.455471877E-06  -0.160312857E-05   0.237155163E-06
   0.432023938E-06   0.619287960E-06  -0.219370213E-05   0.317138046E-06
   0.500210888E-06   0.706659364E-06  -0.248703395E-05   0.349880224E-06
   0.537295136E-06   0.749936987E-06  -0.261096284E-05   0.363444229E-06
   0.554252040E-06   0.759206046E-06  -0.260173533E-05   0.353247202E-06
   0.438123209E-06   0.589225749E-06  -0.195867142E-05   0.266371927E-06
   0.256290889E-06   0.333699859E-06  -0.104724336E-05   0.140113272E-06
   0.198076705E-06   0.232263233E-06  -0.814731607E-06   0.112432673E-06
   0.545144644E-06   0.606731248E-06  -0.248567790E-05   0.312782618E-06
   0.191295067E-05   0.217077468E-05  -0.877897401E-05   0.103937600E-05
   0.521840138E-05   0.591670550E-05  -0.233703304E-04   0.262997378E-05
   0.116465217E-04   0.129992186E-04  -0.504989548E-04   0.543065335E-05
   0.228275658E-04   0.250968878E-04  -0.957667799E-04   0.984403778E-05
   0.403780577E-04   0.436848932E-04  -0.163499164E-03   0.159585070E-04
   0.671848175E-04   0.714655835E-04  -0.261860492E-03   0.242070328E-04
   0.104571831E-03   0.109399487E-03  -0.390733010E-03   0.342060775E-04
   0.154215319E-03   0.159082963E-03  -0.549552962E-03   0.452955355E-04
   0.221581387E-03   0.226052565E-03  -0.749804429E-03   0.578775835E-04
   0.306032627E-03   0.310025818E-03  -0.975394330E-03   0.700305827E-04
   0.414607348E-03   0.418871990E-03  -0.123506226E-02   0.819495981E-04
   0.551086909E-03   0.557981548E-03  -0.151877734E-02   0.922498148E-04
   0.723950856E-03   0.737691997E-03  -0.182387279E-02   0.101160171E-03
   0.946455519E-03   0.974051538E-03  -0.215230440E-02   0.107819789E-03
   0.123374502E-02   0.128548918E-02  -0.249303062E-02   0.111793030E-03
   0.160850293E-02   0.169750873E-02  -0.284234248E-02   0.112085312E-03
   0.209748349E-02   0.224002171E-02  -0.317754806E-02   0.108195607E-03
   0.272042770E-02   0.293410430E-02  -0.344577874E-02   0.984417202E-04
   0.347814220E-02   0.378036778E-02  -0.354864378E-02   0.818324334E-04
   0.431923894E-02   0.472102687E-02  -0.333646219E-02   0.580628657E-04
   0.512692984E-02   0.562492479E-02  -0.266572437E-02   0.310180367E-04
   0.572414231E-02   0.629443396E-02  -0.149889349E-02   0.875636488E-05
   0.594962295E-02   0.654643076E-02  -0.443307169E-08   0.000000000E+00
