   0.373437069E-03   0.103293126E-01  -0.107597503E-11   0.000000000E+00
   0.361862883E-03   0.989419688E-02   0.120878289E-02   0.672849455E-05
   0.330744690E-03   0.873057358E-02   0.211558072E-02   0.235456209E-04
   0.289504242E-03   0.719916681E-02   0.258848420E-02   0.432047564E-04
   0.247165386E-03   0.564602530E-02   0.267963437E-02   0.596218779E-04
   0.209008300E-03   0.428472599E-02   0.252462993E-02   0.703982441E-04
   0.176713715E-03   0.319457124E-02   0.225115265E-02   0.753071290E-04
   0.149556989E-03   0.236152438E-02   0.193937763E-02   0.756768495E-04
   0.126103216E-03   0.174191268E-02   0.163049740E-02   0.727156948E-04
   0.105056832E-03   0.128181663E-02   0.133992196E-02   0.670860245E-04
   0.860721921E-04   0.940308615E-03   0.107783428E-02   0.598255865E-04
   0.690034067E-04   0.685822044E-03   0.847699121E-03   0.516947985E-04
   0.534242754E-04   0.491979590E-03   0.644757238E-03   0.426502884E-04
   0.400803510E-04   0.346659916E-03   0.475913985E-03   0.340605147E-04
   0.288960109E-04   0.237477012E-03   0.337978359E-03   0.258770378E-04
   0.198954385E-04   0.156992173E-03   0.229490324E-03   0.186042544E-04
   0.129839627E-04   0.988777756E-04   0.147667030E-03   0.126839614E-04
   0.805154832E-05   0.592890428E-04   0.902335669E-04   0.820701189E-05
   0.447210368E-05   0.317557678E-04   0.490997736E-04   0.468875487E-05
   0.231592503E-05   0.157737741E-04   0.247758762E-04   0.247172989E-05
   0.102424360E-05   0.650945913E-05   0.104866212E-04   0.109322025E-05
   0.393154409E-06   0.227399983E-05   0.375946388E-05   0.411973900E-06
   0.117848316E-06   0.580290191E-06   0.986870987E-06   0.113197068E-06
   0.320891189E-07   0.220787101E-06   0.281287043E-06   0.391264798E-07
   0.382828667E-07   0.436203891E-06   0.521670700E-06   0.681203360E-07
   0.675420893E-07   0.735594995E-06   0.939131496E-06   0.124512894E-06
   0.765177006E-07   0.779572190E-06   0.103415289E-05   0.139238168E-06
   0.797695137E-07   0.785181214E-06   0.105671495E-05   0.144899516E-06
   0.741166986E-07   0.706416756E-06   0.974748218E-06   0.137750689E-06
   0.586490678E-07   0.545723651E-06   0.760874229E-06   0.108288106E-06
   0.376510876E-07   0.351467236E-06   0.491071660E-06   0.734017718E-07
   0.211799218E-07   0.194396151E-06   0.273863293E-06   0.411414227E-07
   0.112122160E-07   0.106345183E-06   0.145301911E-06   0.232061179E-07
   0.521382404E-08   0.503654007E-07   0.688096478E-07   0.115665220E-07
   0.150812862E-08   0.153291104E-07   0.203976267E-07   0.426881064E-08
   0.286175333E-09   0.330107808E-08   0.335525341E-08   0.125258248E-08
   0.603756281E-10   0.713915538E-09  -0.809219289E-10   0.390410176E-09
   0.537445477E-09   0.256730925E-08   0.433690445E-09   0.632038699E-09
   0.572766778E-09   0.204973305E-08   0.508007969E-09   0.289963220E-09
   0.391620847E-09   0.294480329E-08   0.245883514E-08   0.742502448E-09
   0.504063291E-09   0.438917658E-08   0.500216935E-08   0.107419951E-08
   0.696890046E-09   0.673084122E-08   0.914339360E-08   0.171702219E-08
   0.866228422E-09   0.826471247E-08   0.111267884E-07   0.243630582E-08
   0.146761880E-09   0.241704723E-08   0.187461935E-08   0.110389720E-08
   0.204510853E-08   0.577752290E-08  -0.788953347E-08   0.354130525E-08
   0.131285605E-08   0.428121671E-08  -0.576968917E-08   0.277244205E-08
   0.222959540E-08   0.525026200E-08  -0.132872895E-07   0.369357567E-08
   0.311455639E-08   0.596748073E-08  -0.172784507E-07   0.402497147E-08
   0.400334565E-08   0.679623868E-08  -0.246820413E-07   0.429876712E-08
   0.380995946E-08   0.646369980E-08  -0.209600231E-07   0.424232560E-08
   0.552036150E-08   0.870340955E-08  -0.318074385E-07   0.560317615E-08
   0.367098019E-08   0.555854740E-08  -0.213200941E-07   0.337793726E-08
   0.100036024E-08   0.157875646E-08  -0.590733684E-08   0.989111015E-09
   0.806053335E-09   0.125852051E-08  -0.443506032E-08   0.619024276E-09
   0.925664545E-10   0.166744868E-09  -0.346506962E-09   0.737064160E-10
   0.208652984E-08   0.333080519E-08  -0.120435431E-07   0.210653250E-08
   0.114678151E-07   0.172052950E-07  -0.647696226E-07   0.101788533E-07
   0.389267178E-07   0.587791327E-07  -0.219604672E-06   0.343840192E-07
   0.597724039E-07   0.872690862E-07  -0.329542701E-06   0.494390626E-07
   0.130220968E-06   0.188805046E-06  -0.710261816E-06   0.105519455E-06
   0.201642280E-06   0.283421912E-06  -0.107329618E-05   0.152540480E-06
   0.316668775E-06   0.439472728E-06  -0.165713971E-05   0.230736532E-06
   0.386001375E-06   0.523551591E-06  -0.197055761E-05   0.265005355E-06
   0.463097223E-06   0.612589361E-06  -0.229945977E-05   0.307442008E-06
   0.476833009E-06   0.620250148E-06  -0.229575198E-05   0.297312567E-06
   0.374687602E-06   0.477297704E-06  -0.172388468E-05   0.217632106E-06
   0.237132568E-06   0.293276912E-06  -0.100946579E-05   0.125375948E-06
   0.141964549E-06   0.165322092E-06  -0.596927464E-06   0.810955925E-07
   0.378011379E-06   0.406932770E-06  -0.176892763E-05   0.211099334E-06
   0.148522975E-05   0.161736659E-05  -0.694777782E-05   0.775228557E-06
   0.437350172E-05   0.473228692E-05  -0.198381294E-04   0.209991686E-05
   0.100670795E-04   0.107153410E-04  -0.440821823E-04   0.443446197E-05
   0.202418596E-04   0.211355164E-04  -0.854163518E-04   0.817025102E-05
   0.364259977E-04   0.372369359E-04  -0.147764964E-03   0.134165557E-04
   0.612785734E-04   0.614048331E-04  -0.238315552E-03   0.204640237E-04
   0.955342111E-04   0.940110112E-04  -0.354648189E-03   0.286434988E-04
   0.142170786E-03   0.137683834E-03  -0.501089205E-03   0.378995464E-04
   0.203891454E-03   0.195044748E-03  -0.677814358E-03   0.477339090E-04
   0.283532368E-03   0.269014097E-03  -0.881278072E-03   0.574359728E-04
   0.385274820E-03   0.364333246E-03  -0.110838213E-02   0.663235842E-04
   0.515508465E-03   0.488269085E-03  -0.135593151E-02   0.738953167E-04
   0.683844031E-03   0.651493319E-03  -0.162161770E-02   0.798125257E-04
   0.903308275E-03   0.868300907E-03  -0.190064718E-02   0.836089894E-04
   0.119299290E-02   0.115878985E-02  -0.218704855E-02   0.848270647E-04
   0.157636439E-02   0.154675078E-02  -0.246766536E-02   0.827771728E-04
   0.207312917E-02   0.205157325E-02  -0.270251441E-02   0.762113123E-04
   0.268996437E-02   0.267922715E-02  -0.281340838E-02   0.638396814E-04
   0.339123397E-02   0.339349522E-02  -0.267789140E-02   0.459782968E-04
   0.407813909E-02   0.409327261E-02  -0.216396688E-02   0.248724118E-04
   0.459708553E-02   0.462232064E-02  -0.122746010E-02   0.707917570E-05
   0.479199132E-02   0.482110493E-02  -0.306159054E-08   0.000000000E+00
