   0.291079341E-03   0.400791923E-02   0.179348578E-09   0.000000000E+00
   0.288725423E-03   0.395986298E-02   0.111409892E-03  -0.145915422E-06
   0.282720779E-03   0.381292123E-02   0.215215579E-03  -0.613398015E-06
   0.273266662E-03   0.359275821E-02   0.305226917E-03  -0.137086727E-05
   0.261230103E-03   0.331801083E-02   0.377378601E-03  -0.235320317E-05
   0.248646160E-03   0.301087927E-02   0.430085434E-03  -0.364120069E-05
   0.235739164E-03   0.269923988E-02   0.464314944E-03  -0.493207972E-05
   0.223649447E-03   0.239463756E-02   0.481615571E-03  -0.631942885E-05
   0.211992839E-03   0.211011758E-02   0.485147117E-03  -0.749528090E-05
   0.201408504E-03   0.185191236E-02   0.477780239E-03  -0.855881535E-05
   0.191470433E-03   0.162063632E-02   0.462180731E-03  -0.952178834E-05
   0.181872034E-03   0.141617388E-02   0.440404896E-03  -0.991360412E-05
   0.172558925E-03   0.123605772E-02   0.414613722E-03  -0.103187331E-04
   0.163231554E-03   0.107601937E-02   0.385442865E-03  -0.101456744E-04
   0.154005043E-03   0.935522665E-03   0.354864460E-03  -0.101302585E-04
   0.144689067E-03   0.809572753E-03   0.322970503E-03  -0.988121701E-05
   0.135574577E-03   0.699544442E-03   0.291544944E-03  -0.947450371E-05
   0.126530096E-03   0.601742708E-03   0.260420085E-03  -0.902505872E-05
   0.117605268E-03   0.514455605E-03   0.229965124E-03  -0.875552996E-05
   0.109127752E-03   0.438495743E-03   0.201422663E-03  -0.829379587E-05
   0.101132537E-03   0.373162882E-03   0.175008856E-03  -0.793850177E-05
   0.934008640E-04   0.314188306E-03   0.149785148E-03  -0.760628791E-05
   0.862773959E-04   0.264355855E-03   0.127184583E-03  -0.720793059E-05
   0.796558743E-04   0.221403781E-03   0.106591542E-03  -0.692266258E-05
   0.736583315E-04   0.184965538E-03   0.883309913E-04  -0.660734077E-05
   0.682094396E-04   0.154414403E-03   0.722708792E-04  -0.627364989E-05
   0.633194286E-04   0.128783708E-03   0.583442270E-04  -0.588269086E-05
   0.589515475E-04   0.107766384E-03   0.463399483E-04  -0.547504851E-05
   0.551567427E-04   0.908815200E-04   0.362781793E-04  -0.507607501E-05
   0.517360349E-04   0.766789672E-04   0.275419370E-04  -0.464303639E-05
   0.489060658E-04   0.656994598E-04   0.204335593E-04  -0.421931554E-05
   0.463811302E-04   0.569083495E-04   0.148140252E-04  -0.372467366E-05
   0.442490782E-04   0.501912546E-04   0.100669004E-04  -0.325009751E-05
   0.424549362E-04   0.451318738E-04   0.644519696E-05  -0.276569358E-05
   0.409269560E-04   0.409558634E-04   0.357071940E-05  -0.231194826E-05
   0.396311771E-04   0.378096265E-04   0.146876732E-05  -0.186623129E-05
   0.387423861E-04   0.357988938E-04  -0.272197099E-06  -0.144784826E-05
   0.378010845E-04   0.338909776E-04  -0.129952525E-05  -0.105256152E-05
   0.372180839E-04   0.327121561E-04  -0.214032480E-05  -0.686982446E-06
   0.367026587E-04   0.316111255E-04  -0.259179933E-05  -0.381866414E-06
   0.362330320E-04   0.306599322E-04  -0.278280322E-05  -0.121830297E-06
   0.358012367E-04   0.296960443E-04  -0.275295565E-05   0.853226325E-07
   0.355698903E-04   0.290493554E-04  -0.263058087E-05   0.247816160E-06
   0.352833777E-04   0.281572666E-04  -0.235912762E-05   0.351362019E-06
   0.350298469E-04   0.273524129E-04  -0.195725511E-05   0.395746781E-06
   0.348831272E-04   0.268029889E-04  -0.145109823E-05   0.401649203E-06
   0.346697707E-04   0.260211054E-04  -0.860596742E-06   0.354641429E-06
   0.344748223E-04   0.252046084E-04  -0.220426031E-06   0.259618304E-06
   0.341660161E-04   0.243815757E-04   0.557775707E-06   0.123723936E-06
   0.339204671E-04   0.237395216E-04   0.138938469E-05  -0.376827529E-07
   0.335994482E-04   0.232857965E-04   0.232800721E-05  -0.221092733E-06
   0.333239586E-04   0.226621214E-04   0.316579417E-05  -0.414889342E-06
   0.331240008E-04   0.225591102E-04   0.404896991E-05  -0.600850285E-06
   0.329387840E-04   0.222173167E-04   0.475496154E-05  -0.777842786E-06
   0.328913593E-04   0.225669028E-04   0.543943906E-05  -0.921336891E-06
   0.330915973E-04   0.231612048E-04   0.578588470E-05  -0.100451109E-05
   0.335418736E-04   0.240168429E-04   0.583220026E-05  -0.101453941E-05
   0.344946675E-04   0.257043976E-04   0.543566011E-05  -0.933122863E-06
   0.358846119E-04   0.281448938E-04   0.460269393E-05  -0.747192530E-06
   0.380389756E-04   0.315913385E-04   0.303766069E-05  -0.422004661E-06
   0.410730208E-04   0.362564533E-04   0.660899843E-06   0.602200032E-07
   0.452339409E-04   0.423567835E-04  -0.266860957E-05   0.694740663E-06
   0.504836244E-04   0.494927699E-04  -0.683211601E-05   0.152067628E-05
   0.576786042E-04   0.591704229E-04  -0.126260429E-04   0.256651697E-05
   0.663792962E-04   0.703293408E-04  -0.193709820E-04   0.380715642E-05
   0.769762191E-04   0.841590881E-04  -0.273974438E-04   0.510626887E-05
   0.904214103E-04   0.101048245E-03  -0.373637158E-04   0.668951907E-05
   0.106214728E-03   0.120386307E-03  -0.484655247E-04   0.842267855E-05
   0.125104969E-03   0.143000609E-03  -0.611993164E-04   0.103971224E-04
   0.146810635E-03   0.169259889E-03  -0.751082698E-04   0.122435613E-04
   0.173101755E-03   0.200026217E-03  -0.910890085E-04   0.143842735E-04
   0.202694166E-03   0.234344727E-03  -0.107635162E-03   0.163828390E-04
   0.236126958E-03   0.273003243E-03  -0.125129503E-03   0.183207121E-04
   0.275208207E-03   0.317319791E-03  -0.143879515E-03   0.201901239E-04
   0.319352519E-03   0.366729742E-03  -0.162977289E-03   0.218589594E-04
   0.369058049E-03   0.421734469E-03  -0.182146439E-03   0.233956816E-04
   0.426017039E-03   0.483841315E-03  -0.201660107E-03   0.244851490E-04
   0.490761944E-03   0.553359161E-03  -0.220579008E-03   0.251253732E-04
   0.564729271E-03   0.631586649E-03  -0.238837849E-03   0.253688831E-04
   0.648585905E-03   0.719149946E-03  -0.255452556E-03   0.252007521E-04
   0.744213990E-03   0.817587657E-03  -0.269947894E-03   0.243972081E-04
   0.853407080E-03   0.928555091E-03  -0.281598972E-03   0.229915331E-04
   0.975968549E-03   0.105157460E-02  -0.288620475E-03   0.208997917E-04
   0.111145340E-02   0.118702976E-02  -0.289495452E-03   0.183678821E-04
   0.125709968E-02   0.133156346E-02  -0.282100489E-03   0.152948414E-04
   0.140745239E-02   0.147984643E-02  -0.264129456E-03   0.118373600E-04
   0.155378971E-02   0.162435661E-02  -0.233986197E-03   0.836512572E-05
   0.168814440E-02   0.175587728E-02  -0.190982333E-03   0.507194409E-05
   0.179367303E-02   0.185987039E-02  -0.135495458E-03   0.239273641E-05
   0.186364469E-02   0.192894170E-02  -0.704620470E-04   0.621984668E-06
   0.188692368E-02   0.195246958E-02  -0.220174462E-09   0.000000000E+00
