   0.617580881E-04   0.405700877E-02   0.768580088E-09   0.000000000E+00
   0.624508248E-04   0.390743092E-02   0.580478751E-03   0.309942880E-05
   0.641351289E-04   0.350083550E-02   0.103767856E-02   0.110242554E-04
   0.657910496E-04   0.294674863E-02   0.130683323E-02   0.207425692E-04
   0.663656829E-04   0.236298214E-02   0.139427767E-02   0.292786917E-04
   0.651108639E-04   0.182686048E-02   0.134445494E-02   0.351833660E-04
   0.618282793E-04   0.137360056E-02   0.121095497E-02   0.377218203E-04
   0.564904112E-04   0.101269828E-02   0.103610882E-02   0.373915100E-04
   0.494592205E-04   0.732930435E-03   0.848043361E-03   0.346174093E-04
   0.414636997E-04   0.520433416E-03   0.666852226E-03   0.304669102E-04
   0.331261981E-04   0.360938488E-03   0.502611336E-03   0.253458056E-04
   0.250651628E-04   0.242549606E-03   0.360859383E-03   0.198568468E-04
   0.179095696E-04   0.156527662E-03   0.245587435E-03   0.146224784E-04
   0.120143295E-04   0.959807439E-04   0.157187795E-03   0.100761354E-04
   0.747381546E-05   0.549233118E-04   0.930478636E-04   0.636766526E-05
   0.430737555E-05   0.289615655E-04   0.506050019E-04   0.366990685E-05
   0.213813337E-05   0.129850687E-04   0.230166934E-04   0.175605123E-05
   0.923299012E-06   0.490612729E-05   0.860627370E-05   0.674916748E-06
   0.322688749E-06   0.145153592E-05   0.220993616E-05   0.172776325E-06
   0.756411964E-07   0.419252473E-06   0.128894470E-06   0.413126244E-08
   0.236760496E-07   0.492734443E-06   0.181380798E-06   0.163100058E-07
   0.411950474E-07   0.845580530E-06   0.820534126E-06   0.885360620E-07
   0.664630377E-07   0.102968863E-05   0.127354588E-05   0.137812336E-06
   0.776639979E-07   0.104112121E-05   0.141443047E-05   0.158842411E-06
   0.698462088E-07   0.859868464E-06   0.124420694E-05   0.145385073E-06
   0.523889483E-07   0.604498496E-06   0.893996969E-06   0.105819076E-06
   0.322216707E-07   0.363246926E-06   0.549611570E-06   0.682194781E-07
   0.196167189E-07   0.217688012E-06   0.337494129E-06   0.434917418E-07
   0.861564153E-08   0.969687264E-07   0.148684876E-06   0.202868637E-07
   0.371135345E-08   0.419459312E-07   0.655932340E-07   0.933309696E-08
   0.793881239E-09   0.955795887E-08   0.130335316E-07   0.217610840E-08
   0.392708366E-10   0.648982146E-09   0.758369201E-09   0.158711128E-09
   0.357118501E-09   0.269849143E-08   0.440403936E-08   0.596050931E-09
   0.611488693E-09   0.426921165E-08   0.752522844E-08   0.752841622E-09
   0.751539719E-09   0.496872588E-08   0.822815416E-08   0.787727217E-09
   0.151703805E-08   0.111820455E-07   0.152847264E-07   0.236893771E-08
   0.469380090E-09   0.310746540E-08   0.596176841E-08   0.521094945E-09
   0.860358285E-09   0.517573051E-08   0.671507516E-08   0.927060539E-09
   0.191631555E-08   0.108473204E-07   0.840142977E-08   0.254878940E-08
   0.424806135E-09   0.128577071E-08   0.452256538E-09   0.102785058E-09
   0.234159636E-09   0.756341767E-09   0.109173914E-08  -0.212068609E-10
   0.346883328E-09   0.199682382E-08   0.329862782E-08   0.300678288E-09
   0.224710708E-09   0.671592781E-09  -0.460435301E-09   0.168370845E-09
   0.263715327E-09   0.899834207E-09  -0.110634857E-08   0.348122642E-09
   0.365268475E-10   0.302378761E-09  -0.104310463E-09   0.166992906E-09
   0.167875852E-09   0.678829937E-09  -0.103866704E-08   0.343242046E-09
   0.555642893E-10   0.193036101E-09  -0.387627375E-09   0.126180122E-09
   0.220178653E-09   0.625371643E-09  -0.136412914E-08   0.288811641E-09
   0.690655866E-09   0.121178001E-08  -0.548658141E-08   0.737080452E-09
   0.524462251E-09   0.915584386E-09  -0.354464613E-08   0.411963269E-09
   0.147134571E-08   0.288380186E-08  -0.113975078E-07   0.160109992E-08
   0.125615263E-08   0.224328867E-08  -0.824495316E-08   0.956706936E-09
   0.182216930E-08   0.376410414E-08  -0.123759500E-07   0.172422787E-08
   0.278106937E-08   0.478536499E-08  -0.212443094E-07   0.265330447E-08
   0.525322452E-08   0.922555898E-08  -0.423972253E-07   0.575339287E-08
   0.264382960E-08   0.457722038E-08  -0.195403373E-07   0.236910891E-08
   0.727769667E-08   0.132319666E-07  -0.582148729E-07   0.795855204E-08
   0.370745634E-08   0.608076300E-08  -0.291162312E-07   0.383399890E-08
   0.559100266E-09   0.861600735E-09  -0.425071489E-08   0.499977448E-09
   0.124058958E-09   0.692305935E-09  -0.948655710E-09   0.452604509E-09
   0.510752241E-08   0.875815775E-08  -0.382238454E-07   0.545200241E-08
   0.149871298E-07   0.246599665E-07  -0.109701674E-06   0.152692294E-07
   0.571830192E-07   0.908953837E-07  -0.410602155E-06   0.525455413E-07
   0.115874940E-06   0.177279588E-06  -0.807570530E-06   0.101204250E-06
   0.209950258E-06   0.315074487E-06  -0.142405383E-05   0.170741700E-06
   0.349441649E-06   0.507957907E-06  -0.228398221E-05   0.263581654E-06
   0.443515916E-06   0.626386225E-06  -0.276424862E-05   0.306562015E-06
   0.503868137E-06   0.686530427E-06  -0.293931362E-05   0.318680236E-06
   0.592928586E-06   0.777370417E-06  -0.312955808E-05   0.327338995E-06
   0.428294783E-06   0.524215466E-06  -0.175271839E-05   0.179164175E-06
   0.268245742E-06   0.273332461E-06  -0.443072679E-06   0.533895346E-07
   0.339654207E-06   0.282838215E-06  -0.579325842E-06   0.855468230E-07
   0.111241798E-05   0.106495440E-05  -0.474423496E-05   0.490145624E-06
   0.361356001E-05   0.367007192E-05  -0.184495275E-04   0.168636780E-05
   0.915592955E-05   0.934369382E-05  -0.473533946E-04   0.397893882E-05
   0.189830316E-04   0.190849096E-04  -0.949609748E-04   0.742861675E-05
   0.356959426E-04   0.352682800E-04  -0.171028645E-03   0.124332282E-04
   0.609124545E-04   0.590822965E-04  -0.276088511E-03   0.186027391E-04
   0.969289540E-04   0.925205240E-04  -0.411544752E-03   0.255514060E-04
   0.145958329E-03   0.137694748E-03  -0.574666308E-03   0.327103771E-04
   0.210592290E-03   0.197385671E-03  -0.760062132E-03   0.394065864E-04
   0.294205296E-03   0.275509985E-03  -0.960473844E-03   0.449055806E-04
   0.401087425E-03   0.377047429E-03  -0.116564613E-02   0.488565965E-04
   0.537318294E-03   0.508895318E-03  -0.136388512E-02   0.505065073E-04
   0.708331179E-03   0.676784432E-03  -0.153544964E-02   0.492924482E-04
   0.919212005E-03   0.885594229E-03  -0.165318395E-02   0.449049548E-04
   0.116670784E-02   0.113138533E-02  -0.167250843E-02   0.369095651E-04
   0.143503118E-02   0.139776000E-02  -0.154037226E-02   0.258278906E-04
   0.168727385E-02   0.164771557E-02  -0.120804494E-02   0.136547023E-04
   0.187218701E-02   0.183053548E-02  -0.670848007E-03   0.381136374E-05
   0.194039592E-02   0.189779990E-02  -0.174914994E-08   0.000000000E+00
