   0.141475505E-05   0.391140988E-03   0.000000000E+00   0.000000000E+00
   0.150005201E-05   0.388649380E-03   0.806329808E-05  -0.219407088E-07
   0.181269843E-05   0.384079263E-03   0.159217252E-04  -0.869088552E-07
   0.232125831E-05   0.375558302E-03   0.233491210E-04  -0.189911944E-06
   0.298793907E-05   0.364226173E-03   0.301673626E-04  -0.328366127E-06
   0.382056623E-05   0.350185030E-03   0.362375758E-04  -0.491027379E-06
   0.477544336E-05   0.334431767E-03   0.414655260E-04  -0.671512680E-06
   0.580828510E-05   0.316504302E-03   0.457380338E-04  -0.872613953E-06
   0.691453579E-05   0.296534767E-03   0.489516206E-04  -0.105746767E-05
   0.804932642E-05   0.275995728E-03   0.512134902E-04  -0.124852920E-05
   0.918571550E-05   0.253845326E-03   0.523976087E-04  -0.142776639E-05
   0.103121038E-04   0.232511738E-03   0.527654993E-04  -0.158575267E-05
   0.114055956E-04   0.211578808E-03   0.523500930E-04  -0.173603121E-05
   0.124394064E-04   0.189824670E-03   0.510143582E-04  -0.186162094E-05
   0.134285183E-04   0.169448496E-03   0.491288483E-04  -0.196421342E-05
   0.143549887E-04   0.149574713E-03   0.466705606E-04  -0.204167918E-05
   0.152334496E-04   0.131344874E-03   0.438410170E-04  -0.210947223E-05
   0.160188883E-04   0.114011818E-03   0.406882464E-04  -0.212651344E-05
   0.167803191E-04   0.979151009E-04   0.372843460E-04  -0.215523664E-05
   0.174830620E-04   0.836116014E-04   0.338318132E-04  -0.215947921E-05
   0.181299602E-04   0.708222942E-04   0.303808883E-04  -0.212610007E-05
   0.187337482E-04   0.588788789E-04   0.268661079E-04  -0.209551558E-05
   0.192980842E-04   0.489960730E-04   0.235702119E-04  -0.203357740E-05
   0.198949147E-04   0.404435013E-04   0.204227726E-04  -0.197745976E-05
   0.204082971E-04   0.329077520E-04   0.173993812E-04  -0.190334276E-05
   0.209121936E-04   0.269012908E-04   0.147178225E-04  -0.180363247E-05
   0.214290267E-04   0.218972418E-04   0.121835265E-04  -0.170425744E-05
   0.219331359E-04   0.177103393E-04   0.981514495E-05  -0.160011700E-05
   0.223563165E-04   0.146094872E-04   0.785711472E-05  -0.147452795E-05
   0.228086265E-04   0.124040025E-04   0.608692199E-05  -0.134392315E-05
   0.232218408E-04   0.107536362E-04   0.456367252E-05  -0.121659400E-05
   0.236352371E-04   0.975146304E-05   0.323216705E-05  -0.107899848E-05
   0.240365571E-04   0.921621177E-05   0.210869507E-05  -0.951077766E-06
   0.243520826E-04   0.913566691E-05   0.122465917E-05  -0.810874212E-06
   0.247233638E-04   0.931608520E-05   0.460535347E-06  -0.687152237E-06
   0.249908426E-04   0.979382276E-05  -0.128402093E-06  -0.558175600E-06
   0.252817008E-04   0.104530473E-04  -0.609051085E-06  -0.436399688E-06
   0.254585193E-04   0.111809768E-04  -0.917710622E-06  -0.328502978E-06
   0.256205985E-04   0.119503811E-04  -0.115965759E-05  -0.226328567E-06
   0.256653111E-04   0.126964724E-04  -0.125448264E-05  -0.143157237E-06
   0.256713138E-04   0.134249531E-04  -0.132374760E-05  -0.624787404E-07
   0.256952135E-04   0.142794761E-04  -0.129898115E-05   0.335843930E-08
   0.255033719E-04   0.148212230E-04  -0.120092659E-05   0.505798212E-07
   0.252355640E-04   0.152694556E-04  -0.103426044E-05   0.804773208E-07
   0.250450576E-04   0.159255560E-04  -0.848993068E-06   0.106445690E-06
   0.245369465E-04   0.161223998E-04  -0.560110266E-06   0.106886368E-06
   0.240286099E-04   0.162753113E-04  -0.272022334E-06   0.953117976E-07
   0.234208637E-04   0.163541590E-04   0.750198552E-07   0.655114647E-07
   0.227162509E-04   0.164436078E-04   0.487493821E-06   0.251547654E-07
   0.219210106E-04   0.162300385E-04   0.875837600E-06  -0.308486463E-07
   0.209502050E-04   0.159796855E-04   0.135525374E-05  -0.104433916E-06
   0.198704274E-04   0.157183640E-04   0.187201783E-05  -0.188957372E-06
   0.188240247E-04   0.154813406E-04   0.237857284E-05  -0.282429141E-06
   0.176575704E-04   0.150346168E-04   0.288161186E-05  -0.389303210E-06
   0.163596269E-04   0.144986334E-04   0.338234759E-05  -0.504665707E-06
   0.151862077E-04   0.143330144E-04   0.389722936E-05  -0.623771939E-06
   0.139625454E-04   0.140896245E-04   0.436648588E-05  -0.747726290E-06
   0.127868889E-04   0.138915148E-04   0.477685899E-05  -0.873680733E-06
   0.116717565E-04   0.139828753E-04   0.515940701E-05  -0.100391128E-05
   0.106959787E-04   0.142243407E-04   0.544432214E-05  -0.113062731E-05
   0.985277165E-05   0.145019230E-04   0.564816492E-05  -0.125595363E-05
   0.927320070E-05   0.153258316E-04   0.571140936E-05  -0.137423058E-05
   0.895408357E-05   0.164204957E-04   0.565078744E-05  -0.148412221E-05
   0.894686309E-05   0.179859126E-04   0.547648597E-05  -0.159179149E-05
   0.937315144E-05   0.199970073E-04   0.510376731E-05  -0.168453857E-05
   0.101877549E-04   0.224290707E-04   0.461598256E-05  -0.176797062E-05
   0.115146895E-04   0.255213381E-04   0.393851406E-05  -0.183905206E-05
   0.133758713E-04   0.292463155E-04   0.309568054E-05  -0.189714865E-05
   0.158475177E-04   0.335615441E-04   0.210350299E-05  -0.193825053E-05
   0.189968014E-04   0.388874432E-04   0.912328687E-06  -0.198165162E-05
   0.226490702E-04   0.445022633E-04  -0.299203691E-06  -0.198971657E-05
   0.269026659E-04   0.508777121E-04  -0.158076341E-05  -0.199240026E-05
   0.319673418E-04   0.582085922E-04  -0.302183753E-05  -0.198064436E-05
   0.377735632E-04   0.662710518E-04  -0.450052130E-05  -0.194357290E-05
   0.438694624E-04   0.749138344E-04  -0.584177042E-05  -0.192456901E-05
   0.507178229E-04   0.840795765E-04  -0.719808031E-05  -0.184597286E-05
   0.581104250E-04   0.940065656E-04  -0.846144940E-05  -0.177492018E-05
   0.660651131E-04   0.104518200E-03  -0.961870592E-05  -0.168089480E-05
   0.743058554E-04   0.115270712E-03  -0.105710151E-04  -0.156376814E-05
   0.825867246E-04   0.126064522E-03  -0.112150183E-04  -0.142731756E-05
   0.913480544E-04   0.137264826E-03  -0.117121781E-04  -0.127442786E-05
   0.995115115E-04   0.147895596E-03  -0.117664795E-04  -0.111940858E-05
   0.108096217E-03   0.158721828E-03  -0.116613992E-04  -0.946329919E-06
   0.115971445E-03   0.168839528E-03  -0.111291811E-04  -0.776557670E-06
   0.122831727E-03   0.177678070E-03  -0.102252607E-04  -0.602865839E-06
   0.129267501E-03   0.185829456E-03  -0.908036236E-05  -0.441091458E-06
   0.135093564E-03   0.193199900E-03  -0.764935703E-05  -0.291250871E-06
   0.139367417E-03   0.198659021E-03  -0.596058999E-05  -0.171299561E-06
   0.142800171E-03   0.202990952E-03  -0.408611595E-05  -0.769457600E-07
   0.144746111E-03   0.205479955E-03  -0.207562744E-05  -0.195648937E-07
   0.145531070E-03   0.206438315E-03  -0.178326733E-11   0.000000000E+00
