   0.183546450E-03   0.283280481E-02   0.988913951E-10   0.000000000E+00
   0.182252130E-03   0.279566064E-02   0.838034975E-04  -0.365824206E-07
   0.178610775E-03   0.269042561E-02   0.161538876E-03  -0.148926588E-06
   0.173097869E-03   0.252842577E-02   0.228284509E-03  -0.357807693E-06
   0.166306127E-03   0.232741097E-02   0.280937180E-03  -0.669774465E-06
   0.158854280E-03   0.210609636E-02   0.318539212E-03  -0.107556832E-05
   0.151362256E-03   0.188150513E-02   0.341763080E-03  -0.151924314E-05
   0.144087666E-03   0.166598218E-02   0.352506555E-03  -0.191143158E-05
   0.137086608E-03   0.146491663E-02   0.352780480E-03  -0.228572389E-05
   0.130318323E-03   0.128326868E-02   0.345060602E-03  -0.250053267E-05
   0.123624050E-03   0.112046546E-02   0.331287418E-03  -0.268259805E-05
   0.116944073E-03   0.977355521E-03   0.313453056E-03  -0.270467172E-05
   0.110018576E-03   0.848354946E-03   0.291881559E-03  -0.259057742E-05
   0.103035360E-03   0.735374691E-03   0.268882344E-03  -0.249706090E-05
   0.959509562E-04   0.635461125E-03   0.244802097E-03  -0.222509198E-05
   0.887673013E-04   0.545920222E-03   0.220150832E-03  -0.207150788E-05
   0.816717875E-04   0.467553473E-03   0.195992703E-03  -0.181622124E-05
   0.745716825E-04   0.396783405E-03   0.172033775E-03  -0.182864119E-05
   0.678046927E-04   0.335134799E-03   0.149525862E-03  -0.176058552E-05
   0.613988959E-04   0.282106048E-03   0.128743588E-03  -0.166586926E-05
   0.552430756E-04   0.234908337E-03   0.109093831E-03  -0.173086937E-05
   0.496175817E-04   0.195024608E-03   0.916361823E-04  -0.172645184E-05
   0.444284597E-04   0.160935335E-03   0.760397888E-04  -0.169127372E-05
   0.396900577E-04   0.132212590E-03   0.621810468E-04  -0.176053607E-05
   0.354231051E-04   0.107754087E-03   0.500998322E-04  -0.174695890E-05
   0.316107871E-04   0.874773468E-04   0.396247888E-04  -0.178546077E-05
   0.282621295E-04   0.710430468E-04   0.308473427E-04  -0.176822095E-05
   0.253424187E-04   0.577464380E-04   0.235381831E-04  -0.171152840E-05
   0.227747860E-04   0.467169302E-04   0.174495162E-04  -0.162292861E-05
   0.206187742E-04   0.385320418E-04   0.127780841E-04  -0.148962397E-05
   0.187638088E-04   0.316027617E-04   0.876351169E-05  -0.137960330E-05
   0.171772008E-04   0.266709376E-04   0.582099483E-05  -0.120158597E-05
   0.159048213E-04   0.228777790E-04   0.354043368E-05  -0.102144099E-05
   0.148158952E-04   0.198418620E-04   0.178143307E-05  -0.843582427E-06
   0.139668382E-04   0.176427093E-04   0.565664038E-06  -0.655894610E-06
   0.132688056E-04   0.160655600E-04  -0.326995689E-06  -0.461428783E-06
   0.126845471E-04   0.147336468E-04  -0.917224497E-06  -0.291062349E-06
   0.122914225E-04   0.137669049E-04  -0.132428147E-05  -0.126930559E-06
   0.119130664E-04   0.128986412E-04  -0.152615769E-05   0.200655546E-07
   0.117292639E-04   0.123679802E-04  -0.170463886E-05   0.158136146E-06
   0.115559851E-04   0.117643431E-04  -0.171607201E-05   0.260734879E-06
   0.114597451E-04   0.112362250E-04  -0.172858745E-05   0.346449781E-06
   0.114355080E-04   0.108217046E-04  -0.165924052E-05   0.409964912E-06
   0.114583581E-04   0.103954035E-04  -0.159662409E-05   0.450994889E-06
   0.114592549E-04   0.997073130E-05  -0.142873819E-05   0.462335578E-06
   0.115488192E-04   0.958531746E-05  -0.130246110E-05   0.456084592E-06
   0.116085657E-04   0.921789433E-05  -0.108146378E-05   0.422264890E-06
   0.116449673E-04   0.876233662E-05  -0.852212906E-06   0.365470498E-06
   0.117119462E-04   0.844532315E-05  -0.565811320E-06   0.299660599E-06
   0.118163243E-04   0.825126790E-05  -0.234845160E-06   0.220069225E-06
   0.119107717E-04   0.797695975E-05   0.789952850E-07   0.130481894E-06
   0.119801571E-04   0.788246143E-05   0.482199425E-06   0.392767951E-07
   0.121158782E-04   0.786156852E-05   0.837159973E-06  -0.424933688E-07
   0.122836873E-04   0.792110404E-05   0.117597597E-05  -0.114517661E-06
   0.125576944E-04   0.824202561E-05   0.141518137E-05  -0.152091559E-06
   0.129080627E-04   0.861628450E-05   0.156277360E-05  -0.162033260E-06
   0.134702268E-04   0.939361780E-05   0.149691891E-05  -0.110577325E-06
   0.142950612E-04   0.105213085E-04   0.117374555E-05   0.794903787E-08
   0.155749185E-04   0.121016901E-04   0.371046411E-06   0.230720573E-06
   0.172740620E-04   0.142570343E-04  -0.815517183E-06   0.542796272E-06
   0.195168650E-04   0.170012627E-04  -0.250262451E-05   0.977619152E-06
   0.225661934E-04   0.207970952E-04  -0.493770449E-05   0.153478311E-05
   0.266298503E-04   0.255826089E-04  -0.827046188E-05   0.227897681E-05
   0.318653219E-04   0.316560872E-04  -0.125489714E-04   0.315853390E-05
   0.383820297E-04   0.389190209E-04  -0.177907095E-04   0.424146674E-05
   0.468315229E-04   0.482595424E-04  -0.245211013E-04   0.551477524E-05
   0.569368167E-04   0.593161276E-04  -0.323236345E-04   0.693192078E-05
   0.692263711E-04   0.725326827E-04  -0.415160612E-04   0.854966311E-05
   0.838237102E-04   0.881142114E-04  -0.520174472E-04   0.103001357E-04
   0.101276048E-03   0.106498024E-03  -0.639838909E-04   0.121264766E-04
   0.121621022E-03   0.127719322E-03  -0.772109415E-04   0.140344755E-04
   0.145008278E-03   0.151749278E-03  -0.914379998E-04   0.160260570E-04
   0.172901273E-03   0.180059447E-03  -0.107468215E-03   0.180818297E-04
   0.203723248E-03   0.211057690E-03  -0.123549500E-03   0.199726619E-04
   0.238903842E-03   0.246113399E-03  -0.140368444E-03   0.216850494E-04
   0.279969710E-03   0.286356022E-03  -0.158237890E-03   0.232212151E-04
   0.325268658E-03   0.330237206E-03  -0.175379435E-03   0.244687290E-04
   0.376972603E-03   0.379530800E-03  -0.192224034E-03   0.253368416E-04
   0.435332215E-03   0.434348185E-03  -0.208188372E-03   0.256771200E-04
   0.501768664E-03   0.495870539E-03  -0.222971939E-03   0.256410749E-04
   0.577226863E-03   0.564647547E-03  -0.235806641E-03   0.249427758E-04
   0.662831590E-03   0.641932711E-03  -0.245694217E-03   0.236330907E-04
   0.759112940E-03   0.727620092E-03  -0.251623598E-03   0.215760083E-04
   0.865774578E-03   0.821769587E-03  -0.252247381E-03   0.189645707E-04
   0.981126563E-03   0.923047250E-03  -0.245692208E-03   0.158178336E-04
   0.110119942E-02   0.102815055E-02  -0.230079138E-03   0.122853144E-04
   0.121997530E-02   0.113123492E-02  -0.204039417E-03   0.864891990E-05
   0.132818392E-02   0.122512050E-02  -0.166640224E-03   0.526340909E-05
   0.141482172E-02   0.130095833E-02  -0.118339674E-03   0.248449965E-05
   0.147190643E-02   0.135094405E-02  -0.615513709E-04   0.644482895E-06
   0.149166898E-02   0.136769295E-02  -0.135965156E-09   0.000000000E+00
