   0.113968533E-01   0.107790172E+00   0.000000000E+00   0.000000000E+00
   0.107890572E-01   0.101914108E+00   0.339241116E-02   0.163724562E-04
   0.920957141E-02   0.866261497E-01   0.576489605E-02   0.546164811E-04
   0.721690198E-02   0.673084408E-01   0.671284180E-02   0.922777108E-04
   0.531235943E-02   0.488462038E-01   0.648288475E-02   0.113250106E-03
   0.377786835E-02   0.339516401E-01   0.561080640E-02   0.114478142E-03
   0.266316975E-02   0.231376197E-01   0.455586379E-02   0.101661797E-03
   0.190698670E-02   0.158354584E-01   0.359225576E-02   0.838630440E-04
   0.140781316E-02   0.110644093E-01   0.281273271E-02   0.662948150E-04
   0.108114106E-02   0.800277200E-02   0.222612615E-02   0.519452369E-04
   0.862564601E-03   0.602214085E-02   0.179653149E-02   0.415896502E-04
   0.709654472E-03   0.470481673E-02   0.148174795E-02   0.349275433E-04
   0.596375670E-03   0.378882466E-02   0.124506722E-02   0.313270757E-04
   0.507261197E-03   0.311606773E-02   0.105959363E-02   0.289443688E-04
   0.433757639E-03   0.259531918E-02   0.908186776E-03   0.276162918E-04
   0.370854948E-03   0.217380631E-02   0.779366761E-03   0.262145841E-04
   0.316040416E-03   0.182250724E-02   0.666904962E-03   0.249179247E-04
   0.268169242E-03   0.152605318E-02   0.568279589E-03   0.233867795E-04
   0.225904310E-03   0.127012783E-02   0.479754322E-03   0.216834615E-04
   0.188975057E-03   0.105226249E-02   0.401863683E-03   0.195742341E-04
   0.156711671E-03   0.862282352E-03   0.332059397E-03   0.173060707E-04
   0.129173961E-03   0.704635808E-03   0.272669015E-03   0.151412960E-04
   0.105300955E-03   0.568781688E-03   0.220179209E-03   0.128142674E-04
   0.852389276E-04   0.455049099E-03   0.175656925E-03   0.107238866E-04
   0.683921680E-04   0.361039507E-03   0.138320713E-03   0.866812570E-05
   0.545205839E-04   0.284493290E-03   0.107721826E-03   0.693005813E-05
   0.431141925E-04   0.221327617E-03   0.823882947E-04   0.541720647E-05
   0.335797013E-04   0.169450417E-03   0.612240110E-04   0.395382949E-05
   0.261714813E-04   0.129792737E-03   0.453837929E-04   0.293690505E-05
   0.202153751E-04   0.981598205E-04   0.327696980E-04   0.203566606E-05
   0.154443278E-04   0.730256870E-04   0.227829169E-04   0.131744582E-05
   0.118474654E-04   0.544704162E-04   0.157154445E-04   0.849723790E-06
   0.910520521E-05   0.402846454E-04   0.105374074E-04   0.520908088E-06
   0.695822928E-05   0.294559377E-04   0.661121339E-05   0.273798292E-06
   0.536823018E-05   0.217256475E-04   0.399144983E-05   0.151370514E-06
   0.422904031E-05   0.159924002E-04   0.226507404E-05   0.869775789E-07
   0.334523747E-05   0.117165564E-04   0.997381676E-06   0.688418780E-07
   0.274378453E-05   0.880807238E-05   0.295905437E-06   0.944155047E-07
   0.230438536E-05   0.673407385E-05  -0.176476291E-06   0.141486311E-06
   0.200904128E-05   0.523368180E-05  -0.419726803E-06   0.188580998E-06
   0.181997575E-05   0.421911636E-05  -0.548974413E-06   0.240102139E-06
   0.170069893E-05   0.345601006E-05  -0.613646648E-06   0.282626303E-06
   0.164798087E-05   0.291970719E-05  -0.643437318E-06   0.321368361E-06
   0.164853850E-05   0.256456474E-05  -0.680436585E-06   0.350000221E-06
   0.167384724E-05   0.231207468E-05  -0.633083175E-06   0.363503801E-06
   0.173783678E-05   0.205760443E-05  -0.664901279E-06   0.345058055E-06
   0.183853831E-05   0.198785347E-05  -0.598631857E-06   0.334964000E-06
   0.198329053E-05   0.191553272E-05  -0.569243923E-06   0.296406000E-06
   0.217085562E-05   0.192435641E-05  -0.499288205E-06   0.242041153E-06
   0.244518446E-05   0.201278590E-05  -0.465375308E-06   0.188538621E-06
   0.282086557E-05   0.223132815E-05  -0.432943153E-06   0.131940908E-06
   0.334239166E-05   0.264000801E-05  -0.437884836E-06   0.870586234E-07
   0.406031359E-05   0.334207994E-05  -0.522895448E-06   0.683936818E-07
   0.512822180E-05   0.429728698E-05  -0.837928098E-06   0.799174629E-07
   0.663701849E-05   0.579930656E-05  -0.144624062E-05   0.163734796E-06
   0.872368855E-05   0.790979720E-05  -0.245979982E-05   0.330522880E-06
   0.117679565E-04   0.110156070E-04  -0.424925838E-05   0.652092979E-06
   0.158923358E-04   0.151231316E-04  -0.682740938E-05   0.112638656E-05
   0.211183778E-04   0.205281485E-04  -0.102120430E-04   0.178276741E-05
   0.285332608E-04   0.281895991E-04  -0.154547233E-04   0.276466949E-05
   0.386098181E-04   0.384396117E-04  -0.228377721E-04   0.413454745E-05
   0.514370149E-04   0.515808388E-04  -0.323448985E-04   0.588574994E-05
   0.679085424E-04   0.685159539E-04  -0.446986596E-04   0.807056495E-05
   0.886140770E-04   0.897160717E-04  -0.601570428E-04   0.108243439E-04
   0.114849383E-03   0.116582734E-03  -0.797410103E-04   0.141397459E-04
   0.147119150E-03   0.149591448E-03  -0.103505939E-03   0.181377000E-04
   0.186969963E-03   0.190331222E-03  -0.132490095E-03   0.228330719E-04
   0.234715364E-03   0.239413363E-03  -0.166511149E-03   0.281199864E-04
   0.292163575E-03   0.297905091E-03  -0.206148747E-03   0.341709128E-04
   0.360897131E-03   0.368127483E-03  -0.252518366E-03   0.410220564E-04
   0.441464770E-03   0.450271153E-03  -0.304817455E-03   0.484833799E-04
   0.535205880E-03   0.546402181E-03  -0.363592786E-03   0.563510876E-04
   0.643793610E-03   0.657361699E-03  -0.428638741E-03   0.649700523E-04
   0.769957085E-03   0.785791955E-03  -0.500597293E-03   0.740850228E-04
   0.918576901E-03   0.937121455E-03  -0.582100824E-03   0.834613675E-04
   0.109060446E-02   0.111139182E-02  -0.671064074E-03   0.930560345E-04
   0.129953318E-02   0.132128317E-02  -0.774308632E-03   0.102981678E-03
   0.155913131E-02   0.157936488E-02  -0.896705082E-03   0.113604270E-03
   0.189561606E-02   0.190959952E-02  -0.104750704E-02   0.124305443E-03
   0.235759839E-02   0.235722261E-02  -0.124455779E-02   0.136140530E-03
   0.302666007E-02   0.299844029E-02  -0.151281420E-02   0.149230589E-03
   0.403773272E-02   0.395982387E-02  -0.188648480E-02   0.163547898E-03
   0.559883984E-02   0.543634035E-02  -0.240196241E-02   0.177770242E-03
   0.803471170E-02   0.773851387E-02  -0.309553207E-02   0.191418381E-03
   0.117709134E-01   0.112698302E-01  -0.396252470E-02   0.199570277E-03
   0.172847454E-01   0.164909344E-01  -0.491524767E-02   0.196820707E-03
   0.248910096E-01   0.237039048E-01  -0.571427075E-02   0.175379479E-03
   0.343191847E-01   0.326631479E-01  -0.594497286E-02   0.132453293E-03
   0.441690646E-01   0.420350470E-01  -0.512029976E-02   0.742942357E-04
   0.519662313E-01   0.494640544E-01  -0.301846559E-02   0.216009848E-04
   0.549534261E-01   0.523136333E-01  -0.611337247E-08   0.000000000E+00
