   0.453437231E-01   0.405523986E+00  -0.795444891E-10   0.000000000E+00
   0.403666459E-01   0.361072451E+00   0.310947280E-01   0.183784214E-03
   0.292436536E-01   0.261642605E+00   0.443959348E-01   0.521729467E-03
   0.183328819E-01   0.164253905E+00   0.407162495E-01   0.712720735E-03
   0.106296008E-01   0.955843404E-01   0.303531103E-01   0.703111349E-03
   0.603553746E-02   0.546529666E-01   0.205186456E-01   0.588894880E-03
   0.349689112E-02   0.320193172E-01   0.134216221E-01   0.458656868E-03
   0.213128817E-02   0.197950844E-01   0.889414828E-02   0.352674950E-03
   0.138529297E-02   0.130626261E-01   0.613578642E-02   0.280533452E-03
   0.960451434E-03   0.916496292E-02   0.445566233E-02   0.230945094E-03
   0.701815530E-03   0.674255937E-02   0.339223864E-02   0.197533314E-03
   0.531018246E-03   0.510834763E-02   0.266827457E-02   0.174094006E-03
   0.409666041E-03   0.392764574E-02   0.213593803E-02   0.153792091E-03
   0.318834384E-03   0.303522428E-02   0.172163232E-02   0.134612870E-03
   0.247194926E-03   0.233183079E-02   0.137710199E-02   0.116612369E-03
   0.190773309E-03   0.177910982E-02   0.109321449E-02   0.993765279E-04
   0.145458689E-03   0.134129566E-02   0.854868034E-03   0.824892268E-04
   0.109284774E-03   0.995714567E-03   0.656034215E-03   0.670345689E-04
   0.807924444E-04   0.727806473E-03   0.494028151E-03   0.531058467E-04
   0.584384979E-04   0.520978181E-03   0.362549414E-03   0.409205531E-04
   0.412493428E-04   0.364668638E-03   0.258773449E-03   0.305496651E-04
   0.283734535E-04   0.249054836E-03   0.179283015E-03   0.221060054E-04
   0.189181555E-04   0.165383026E-03   0.119936929E-03   0.153550918E-04
   0.121454086E-04   0.106159634E-03   0.768562095E-04   0.101995411E-04
   0.741415761E-05   0.653170137E-04   0.465178382E-04   0.641163479E-05
   0.432027855E-05   0.383686420E-04   0.265103972E-04   0.379656126E-05
   0.244130820E-05   0.219635076E-04   0.145416016E-04   0.214619058E-05
   0.121263747E-05   0.115010307E-04   0.678786409E-05   0.103648949E-05
   0.575735214E-06   0.573900525E-05   0.283963368E-05   0.442836694E-06
   0.247063412E-06   0.275698085E-05   0.960891043E-06   0.148276897E-06
   0.126878760E-06   0.143095053E-05   0.367264562E-06   0.377650089E-07
   0.869388543E-07   0.896724544E-06   0.270593944E-06   0.908139697E-08
   0.915053704E-07   0.769571784E-06   0.419081204E-06   0.256573109E-07
   0.105501606E-06   0.785159784E-06   0.592990887E-06   0.505865465E-07
   0.114049911E-06   0.803279647E-06   0.726215831E-06   0.784421132E-07
   0.112321089E-06   0.771415102E-06   0.742911311E-06   0.865402043E-07
   0.101392231E-06   0.682445602E-06   0.679978370E-06   0.820491266E-07
   0.955737747E-07   0.638384108E-06   0.656337249E-06   0.838744540E-07
   0.683938097E-07   0.462691332E-06   0.465577472E-06   0.618222273E-07
   0.532119131E-07   0.351868437E-06   0.361714285E-06   0.474154369E-07
   0.365578501E-07   0.259288981E-06   0.242575908E-06   0.384606480E-07
   0.250683136E-07   0.182924055E-06   0.177741825E-06   0.294643208E-07
   0.134245388E-07   0.110693215E-06   0.108907024E-06   0.228988704E-07
   0.969625003E-08   0.744161994E-07   0.659461534E-07   0.227220394E-07
   0.312987813E-08   0.343986315E-07   0.135882798E-07   0.162231988E-07
   0.845697024E-08   0.280719021E-07  -0.218589626E-07   0.180190387E-07
   0.174657782E-07   0.360208681E-07  -0.507670705E-07   0.232918627E-07
   0.369659716E-07   0.524959951E-07  -0.116746676E-06   0.300900531E-07
   0.600496577E-07   0.759244330E-07  -0.184058791E-06   0.377804810E-07
   0.107814628E-06   0.126969184E-06  -0.316093548E-06   0.522388142E-07
   0.153470680E-06   0.181501790E-06  -0.441145261E-06   0.665087043E-07
   0.216768385E-06   0.248034667E-06  -0.611458063E-06   0.897646331E-07
   0.287163857E-06   0.312290098E-06  -0.787434715E-06   0.115618576E-06
   0.351536698E-06   0.393146252E-06  -0.960034868E-06   0.138092318E-06
   0.394138652E-06   0.435673542E-06  -0.104237199E-05   0.144895111E-06
   0.464049123E-06   0.518186198E-06  -0.119583137E-05   0.167763616E-06
   0.455925857E-06   0.500736576E-06  -0.108807126E-05   0.153172991E-06
   0.449081170E-06   0.496862924E-06  -0.937433640E-06   0.124607411E-06
   0.406514602E-06   0.443646968E-06  -0.606225967E-06   0.772239659E-07
   0.442581097E-06   0.473461228E-06  -0.367527264E-06   0.519822301E-07
   0.707998993E-06   0.744338934E-06  -0.523227300E-06   0.826018436E-07
   0.144702381E-05   0.149180198E-05  -0.155582393E-05   0.236690369E-06
   0.311641224E-05   0.318128491E-05  -0.441926386E-05   0.642350813E-06
   0.615175486E-05   0.622459493E-05  -0.979432934E-05   0.137138966E-05
   0.122207275E-04   0.122702295E-04  -0.212790474E-04   0.288091019E-05
   0.217248798E-04   0.216365424E-04  -0.387770087E-04   0.510017480E-05
   0.364161315E-04   0.360550839E-04  -0.652519229E-04   0.825736424E-05
   0.587082504E-04   0.577875435E-04  -0.104395040E-03   0.127426401E-04
   0.914117118E-04   0.894249533E-04  -0.159851726E-03   0.188348822E-04
   0.137361567E-03   0.133795649E-03  -0.234511317E-03   0.265671788E-04
   0.199281232E-03   0.193349260E-03  -0.329344330E-03   0.357159624E-04
   0.282808003E-03   0.273651443E-03  -0.450696272E-03   0.467397440E-04
   0.390634232E-03   0.377212418E-03  -0.596310070E-03   0.591921380E-04
   0.529929122E-03   0.511879218E-03  -0.772840867E-03   0.728578816E-04
   0.706586929E-03   0.683348102E-03  -0.980769633E-03   0.879451909E-04
   0.925602450E-03   0.897729071E-03  -0.121786911E-02   0.103512903E-03
   0.119770563E-02   0.116689538E-02  -0.149062346E-02   0.119784323E-03
   0.153661938E-02   0.150561065E-02  -0.180680829E-02   0.137897820E-03
   0.196438842E-02   0.193839753E-02  -0.218308740E-02   0.157094983E-03
   0.252023246E-02   0.250609755E-02  -0.265245046E-02   0.180463248E-03
   0.328540755E-02   0.329271471E-02  -0.328943320E-02   0.208864221E-03
   0.441632792E-02   0.445743324E-02  -0.422576861E-02   0.248865806E-03
   0.622697594E-02   0.631991262E-02  -0.569897052E-02   0.306473637E-03
   0.934796035E-02   0.952272862E-02  -0.810627453E-02   0.384041748E-03
   0.149742113E-01   0.152950436E-01  -0.120123308E-01   0.489901053E-03
   0.252732690E-01   0.258764476E-01  -0.180219077E-01   0.607415917E-03
   0.437532514E-01   0.449202396E-01  -0.262335557E-01   0.698147225E-03
   0.744147673E-01   0.766355395E-01  -0.346756577E-01   0.683267950E-03
   0.117475219E+00   0.121335506E+00  -0.373616219E-01   0.486323202E-03
   0.161078975E+00   0.166710854E+00  -0.259577613E-01   0.167753984E-03
   0.180497482E+00   0.186948419E+00  -0.751395319E-07   0.000000000E+00
