   0.179305926E+00   0.164106452E+01   0.000000000E+00   0.000000000E+00
   0.142306343E+00   0.130035770E+01   0.107365474E+00   0.633080665E-03
   0.784693211E-01   0.713636458E+00   0.117301822E+00   0.138001086E-02
   0.360441245E-01   0.325237155E+00   0.794267133E-01   0.139542110E-02
   0.157375578E-01   0.140613854E+00   0.449176431E-01   0.104762032E-02
   0.704382127E-02   0.623900443E-01   0.239790734E-01   0.696369621E-03
   0.338757620E-02   0.299712326E-01   0.128745623E-01   0.448406179E-03
   0.181666447E-02   0.162892845E-01   0.729049090E-02   0.297168590E-03
   0.110369374E-02   0.101838689E-01   0.450830907E-02   0.210946964E-03
   0.749685103E-03   0.717258919E-02   0.308634783E-02   0.164984624E-03
   0.551327539E-03   0.545582641E-02   0.230982527E-02   0.138009229E-03
   0.423343619E-03   0.430374080E-02   0.183053839E-02   0.120509671E-03
   0.330915034E-03   0.343129830E-02   0.149161078E-02   0.107007058E-03
   0.258963380E-03   0.272237719E-02   0.122134446E-02   0.945860302E-04
   0.201047733E-03   0.213412009E-02   0.992369140E-03   0.820873538E-04
   0.154227193E-03   0.164718088E-02   0.794818916E-03   0.698652002E-04
   0.116290612E-03   0.124723022E-02   0.623193802E-03   0.580004016E-04
   0.860674190E-04   0.926452631E-03   0.477929658E-03   0.467508253E-04
   0.626362962E-04   0.675368472E-03   0.358872290E-03   0.368111359E-04
   0.444993966E-04   0.481216848E-03   0.261935027E-03   0.280506356E-04
   0.309633506E-04   0.335671415E-03   0.186423611E-03   0.208346246E-04
   0.208432011E-04   0.227002180E-03   0.127505104E-03   0.147848314E-04
   0.136910285E-04   0.150013177E-03   0.847698902E-04   0.101895985E-04
   0.868239113E-05   0.962101767E-04   0.541669324E-04   0.671351063E-05
   0.521513721E-05   0.588427538E-04   0.323689164E-04   0.414402211E-05
   0.306074116E-05   0.350863156E-04   0.187246060E-04   0.246219929E-05
   0.166938571E-05   0.197078934E-04   0.983011159E-05   0.132421462E-05
   0.891675256E-06   0.107314863E-04   0.489672721E-05   0.667556094E-06
   0.418545852E-06   0.527692009E-05   0.193473329E-05   0.258042064E-06
   0.204780818E-06   0.264283858E-05   0.745370244E-06   0.900493049E-07
   0.110151376E-06   0.130341448E-05   0.268279450E-06   0.194330969E-07
   0.812681122E-07   0.730435374E-06   0.186752217E-06   0.448700233E-08
   0.743968158E-07   0.542651946E-06   0.267551087E-06   0.206885247E-07
   0.789838381E-07   0.488644673E-06   0.346063729E-06   0.294360341E-07
   0.774690250E-07   0.457853673E-06   0.401235098E-06   0.402280129E-07
   0.716702715E-07   0.419476464E-06   0.385487709E-06   0.401456290E-07
   0.648744773E-07   0.387079410E-06   0.365961199E-06   0.417486525E-07
   0.536044311E-07   0.316261691E-06   0.296056697E-06   0.337849251E-07
   0.360185055E-07   0.206714034E-06   0.204761164E-06   0.216413305E-07
   0.317889892E-07   0.186646318E-06   0.168088320E-06   0.205544204E-07
   0.198903631E-07   0.118693677E-06   0.119814985E-06   0.141007046E-07
   0.124505126E-07   0.797574629E-07   0.726750997E-07   0.106087290E-07
   0.654128884E-08   0.475859565E-07   0.420269615E-07   0.780133558E-08
   0.423054969E-08   0.338965691E-07   0.317730873E-07   0.782519649E-08
   0.874095019E-09   0.138823673E-07   0.658357502E-08   0.553004975E-08
   0.144471612E-08   0.907351438E-08  -0.387945454E-08   0.556050939E-08
   0.831359159E-08   0.122086119E-07  -0.244350691E-07   0.742283479E-08
   0.152249253E-07   0.191244336E-07  -0.447862831E-07   0.958844915E-08
   0.336416051E-07   0.362922457E-07  -0.907532751E-07   0.154723789E-07
   0.545535066E-07   0.566576936E-07  -0.141907393E-06   0.213586464E-07
   0.780391574E-07   0.826912583E-07  -0.201426928E-06   0.292088114E-07
   0.110090902E-06   0.115357402E-06  -0.281429664E-06   0.404173015E-07
   0.162556546E-06   0.166484682E-06  -0.411990300E-06   0.599191736E-07
   0.228752654E-06   0.231963753E-06  -0.572018621E-06   0.825228241E-07
   0.248986368E-06   0.249784961E-06  -0.602641194E-06   0.854529745E-07
   0.294820410E-06   0.293061134E-06  -0.688379885E-06   0.993453639E-07
   0.294590819E-06   0.294438365E-06  -0.628500402E-06   0.897747725E-07
   0.306536492E-06   0.301109338E-06  -0.555522092E-06   0.850747313E-07
   0.317278051E-06   0.310768797E-06  -0.383363442E-06   0.566769813E-07
   0.411226921E-06   0.398669158E-06  -0.262535877E-06   0.426848636E-07
   0.673936484E-06   0.641946770E-06  -0.302749214E-06   0.484067044E-07
   0.142215106E-05   0.134190873E-05  -0.103382285E-05   0.146424384E-06
   0.294861388E-05   0.274542072E-05  -0.284462976E-05   0.379123549E-06
   0.627911322E-05   0.582822577E-05  -0.758087208E-05   0.973525857E-06
   0.113225897E-04   0.103939456E-04  -0.143588022E-04   0.178204050E-05
   0.207781795E-04   0.188804024E-04  -0.278212501E-04   0.337881193E-05
   0.347401401E-04   0.313652781E-04  -0.469306215E-04   0.549314927E-05
   0.564798283E-04   0.506625183E-04  -0.761734918E-04   0.862429988E-05
   0.883390530E-04   0.786908640E-04  -0.117335709E-03   0.128223865E-04
   0.134143396E-03   0.118850912E-03  -0.174265209E-03   0.182806434E-04
   0.197368878E-03   0.173993059E-03  -0.248581055E-03   0.250166577E-04
   0.281417539E-03   0.246981188E-03  -0.340745173E-03   0.327591515E-04
   0.393595459E-03   0.344043045E-03  -0.456552953E-03   0.419121097E-04
   0.536814856E-03   0.468021404E-03  -0.593338686E-03   0.516001674E-04
   0.717983581E-03   0.624658656E-03  -0.753504981E-03   0.622402367E-04
   0.940466998E-03   0.817178399E-03  -0.933851115E-03   0.730110332E-04
   0.121218245E-02   0.105309719E-02  -0.113826361E-02   0.841197470E-04
   0.153626304E-02   0.133553601E-02  -0.136434217E-02   0.952171758E-04
   0.192468497E-02   0.167612592E-02  -0.162376789E-02   0.106834836E-03
   0.240047136E-02   0.209563994E-02  -0.194259686E-02   0.120567340E-03
   0.302605005E-02   0.264990027E-02  -0.238934206E-02   0.140787335E-03
   0.395745691E-02   0.347782322E-02  -0.311633153E-02   0.172927917E-03
   0.558402017E-02   0.492519932E-02  -0.444765436E-02   0.227818746E-03
   0.886542257E-02   0.784694869E-02  -0.704641920E-02   0.321749103E-03
   0.161464848E-01   0.143409651E-01  -0.122068217E-01   0.477936002E-03
   0.331861228E-01   0.295808502E-01  -0.223168302E-01   0.719243137E-03
   0.738849863E-01   0.661089569E-01  -0.411406495E-01   0.104581029E-02
   0.168768167E+00   0.151539937E+00  -0.716416389E-01   0.134381850E-02
   0.366002500E+00   0.329613477E+00  -0.104365990E+00   0.129014009E-02
   0.660412908E+00   0.595902741E+00  -0.944771916E-01   0.579410582E-03
   0.830090642E+00   0.749515116E+00  -0.286555860E-06   0.000000000E+00
