   0.537273241E-03   0.130036725E-01  -0.203723908E-11   0.000000000E+00
   0.517666980E-03   0.124281142E-01   0.144613069E-02   0.807423294E-05
   0.465121062E-03   0.108984858E-01   0.250899326E-02   0.280746644E-04
   0.397082360E-03   0.891398918E-02   0.303296070E-02   0.508846060E-04
   0.328337308E-03   0.691537932E-02   0.309061888E-02   0.692851245E-04
   0.268839911E-03   0.519715063E-02   0.286940136E-02   0.804520459E-04
   0.220621208E-03   0.383911887E-02   0.252533727E-02   0.851533114E-04
   0.182327363E-03   0.281932252E-02   0.215582922E-02   0.848841373E-04
   0.151165703E-03   0.206836569E-02   0.180251512E-02   0.814009254E-04
   0.124873201E-03   0.151852472E-02   0.148102723E-02   0.750748004E-04
   0.101782585E-03   0.111270486E-02   0.119276263E-02   0.672111128E-04
   0.815763415E-04   0.812234823E-03   0.942069397E-03   0.581512431E-04
   0.636201949E-04   0.585969654E-03   0.723966921E-03   0.485836244E-04
   0.484258599E-04   0.417744624E-03   0.543343951E-03   0.393094997E-04
   0.354662116E-04   0.290454918E-03   0.392927555E-03   0.304048754E-04
   0.249363911E-04   0.195503395E-03   0.272840087E-03   0.225112508E-04
   0.166674126E-04   0.126065017E-03   0.180130184E-03   0.157291652E-04
   0.106318557E-04   0.778310568E-04   0.113379952E-03   0.104121227E-04
   0.634672824E-05   0.449615109E-04   0.666466658E-04   0.645712862E-05
   0.351418248E-05   0.240285099E-04   0.361556849E-04   0.365703772E-05
   0.172148077E-05   0.112240086E-04   0.171540869E-04   0.180883217E-05
   0.705271418E-06   0.424924519E-05   0.664715299E-05   0.736226923E-06
   0.262679606E-06   0.141120279E-05   0.227290639E-05   0.262284829E-06
   0.693374815E-07   0.342069967E-06   0.510967993E-06   0.646686900E-07
   0.292109821E-07   0.269463186E-06   0.297659597E-06   0.417503117E-07
   0.450726212E-07   0.499969360E-06   0.593103266E-06   0.815575376E-07
   0.725863458E-07   0.760598198E-06   0.955804467E-06   0.130004736E-06
   0.820710966E-07   0.814849500E-06   0.105198785E-05   0.145387943E-06
   0.822026038E-07   0.788760417E-06   0.104243327E-05   0.149110889E-06
   0.687684008E-07   0.643308397E-06   0.865593506E-06   0.127667064E-06
   0.537512079E-07   0.501494128E-06   0.675487570E-06   0.103205700E-06
   0.326364535E-07   0.304067498E-06   0.405719021E-06   0.630260857E-07
   0.197646877E-07   0.181966939E-06   0.245883399E-06   0.388869665E-07
   0.943337497E-08   0.852249542E-07   0.117144580E-06   0.198743635E-07
   0.524980726E-08   0.509288931E-07   0.677601548E-07   0.121701698E-07
   0.135194034E-08   0.118783943E-07   0.148739616E-07   0.352817975E-08
   0.633954500E-09   0.618667517E-08   0.817012413E-08   0.149886958E-08
   0.795100236E-10   0.279410023E-09   0.425917634E-09  -0.113662890E-10
   0.933287669E-09   0.141350276E-08  -0.398046884E-08   0.845288728E-09
   0.205974349E-09   0.249140175E-08   0.294272651E-08   0.801456068E-09
   0.150701385E-08   0.100423767E-07   0.126788180E-07   0.299864067E-08
   0.173145176E-08   0.112666765E-07   0.123264812E-07   0.379656839E-08
   0.619291562E-09   0.763219354E-08   0.758294405E-08   0.292545499E-08
   0.130582911E-08   0.599877970E-08  -0.973033876E-09   0.325268257E-08
   0.164686453E-08   0.550687318E-08  -0.532639399E-08   0.336941008E-08
   0.319359827E-08   0.771785302E-08  -0.150020831E-07   0.511843146E-08
   0.132614097E-08   0.439075221E-08  -0.714014448E-08   0.308214143E-08
   0.128649214E-08   0.588862159E-08  -0.239945286E-08   0.338614248E-08
   0.268869349E-08   0.556371837E-08  -0.151675383E-07   0.387869203E-08
   0.551198109E-08   0.887758311E-08  -0.292122557E-07   0.578356429E-08
   0.136367939E-08   0.282237989E-08  -0.560788882E-08   0.175566162E-08
   0.398657907E-08   0.575825210E-08  -0.209431672E-07   0.354753915E-08
   0.222994512E-08   0.300442027E-08  -0.105655724E-07   0.177497073E-08
   0.230306982E-09   0.277999346E-09  -0.110938148E-08   0.140392115E-09
   0.244208476E-08   0.390617672E-08  -0.128555442E-07   0.251474086E-08
   0.777152209E-08   0.114518226E-07  -0.413365697E-07   0.679578127E-08
   0.282982917E-07   0.420009485E-07  -0.150716815E-06   0.234214994E-07
   0.520511456E-07   0.752989209E-07  -0.272507293E-06   0.431817959E-07
   0.113312090E-06   0.160982566E-06  -0.584025770E-06   0.875212649E-07
   0.170995946E-06   0.234761984E-06  -0.859515637E-06   0.128160110E-06
   0.263495167E-06   0.356471844E-06  -0.130251124E-05   0.187643636E-06
   0.388451099E-06   0.520356764E-06  -0.188759873E-05   0.263662400E-06
   0.483999088E-06   0.632829142E-06  -0.229099919E-05   0.316175175E-06
   0.439840363E-06   0.566862582E-06  -0.202497881E-05   0.276950914E-06
   0.418753245E-06   0.531967089E-06  -0.185179283E-05   0.238695236E-06
   0.276377705E-06   0.343834756E-06  -0.114848876E-05   0.151930777E-06
   0.157765683E-06   0.186415065E-06  -0.576264881E-06   0.786075987E-07
   0.227121916E-06   0.241465671E-06  -0.941080884E-06   0.121792013E-06
   0.911596317E-06   0.979313086E-06  -0.402252317E-05   0.473919499E-06
   0.295209929E-05   0.316493197E-05  -0.127874218E-04   0.142400222E-05
   0.704046079E-05   0.745242733E-05  -0.295531263E-04   0.313796477E-05
   0.151406566E-04   0.157530576E-04  -0.614503660E-04   0.623079222E-05
   0.280766526E-04   0.286227241E-04  -0.109786444E-03   0.106069765E-04
   0.479913870E-04   0.480856652E-04  -0.180464471E-03   0.165097263E-04
   0.775510562E-04   0.763627613E-04  -0.279480329E-03   0.241619728E-04
   0.118159936E-03   0.114513270E-03  -0.405989151E-03   0.330580187E-04
   0.173352310E-03   0.165874662E-03  -0.564952614E-03   0.430168147E-04
   0.244185620E-03   0.231409329E-03  -0.748649589E-03   0.531714468E-04
   0.335941324E-03   0.316692574E-03  -0.960873207E-03   0.632748488E-04
   0.454096182E-03   0.427984836E-03  -0.119991542E-02   0.723575577E-04
   0.605185109E-03   0.572552613E-03  -0.145844847E-02   0.805681266E-04
   0.803689589E-03   0.766352809E-03  -0.174383400E-02   0.868999778E-04
   0.106487470E-02   0.102568616E-02  -0.204865937E-02   0.912960022E-04
   0.141502009E-02   0.137761189E-02  -0.237474148E-02   0.933880219E-04
   0.188561529E-02   0.185383344E-02  -0.270967814E-02   0.920998500E-04
   0.250680908E-02   0.248428225E-02  -0.301092491E-02   0.861822045E-04
   0.328684435E-02   0.327659771E-02  -0.318302540E-02   0.734490532E-04
   0.419295160E-02   0.419755420E-02  -0.307904277E-02   0.537227897E-04
   0.508838426E-02   0.510828244E-02  -0.252016564E-02   0.294454130E-04
   0.577422976E-02   0.580609357E-02  -0.144227454E-02   0.843875841E-05
   0.603077421E-02   0.606773561E-02  -0.358413721E-08   0.000000000E+00
