   0.109766836E-03   0.602714205E-02   0.145752943E-08   0.000000000E+00
   0.110334651E-03   0.583153777E-02   0.819809793E-03   0.449761501E-05
   0.111728885E-03   0.529072713E-02   0.148365751E-02   0.162569177E-04
   0.112739268E-03   0.454166951E-02   0.190272008E-02   0.311401964E-04
   0.112449707E-03   0.372483768E-02   0.207394687E-02   0.451487067E-04
   0.109957735E-03   0.294919265E-02   0.204795576E-02   0.554114013E-04
   0.104579143E-03   0.227637193E-02   0.188965513E-02   0.609499439E-04
   0.966670923E-04   0.172141008E-02   0.166028284E-02   0.622640437E-04
   0.862418674E-04   0.128053734E-02   0.139956840E-02   0.594252924E-04
   0.742879420E-04   0.937307253E-03   0.113876653E-02   0.540043729E-04
   0.612030562E-04   0.672381022E-03   0.889936462E-03   0.465403900E-04
   0.484140910E-04   0.471541425E-03   0.670551322E-03   0.383908846E-04
   0.365260530E-04   0.321121450E-03   0.484052085E-03   0.300173051E-04
   0.261487858E-04   0.210048645E-03   0.332198601E-03   0.221735463E-04
   0.175467540E-04   0.130104687E-03   0.213654363E-03   0.152489893E-04
   0.110762030E-04   0.760281546E-04   0.128908010E-03   0.976498359E-05
   0.644047986E-05   0.407088992E-04   0.708690859E-04   0.565383380E-05
   0.337985716E-05   0.194146232E-04   0.344149339E-04   0.287512148E-05
   0.153569215E-05   0.775534772E-05   0.137133293E-04   0.119066215E-05
   0.572596377E-06   0.245384626E-05   0.387964246E-05   0.338532772E-06
   0.163765009E-06   0.734270429E-06   0.469630663E-06   0.343847901E-07
   0.454666633E-07   0.628936959E-06   0.132859753E-06   0.177021722E-07
   0.505761122E-07   0.109553343E-05   0.895798053E-06   0.104164791E-06
   0.894257894E-07   0.149202640E-05   0.171579973E-05   0.209321414E-06
   0.114204362E-06   0.158470289E-05   0.205889887E-05   0.252288942E-06
   0.110753497E-06   0.137654536E-05   0.191518029E-05   0.239140206E-06
   0.834447889E-07   0.982768370E-06   0.142044155E-05   0.186358221E-06
   0.665679636E-07   0.749296532E-06   0.110390374E-05   0.147301137E-06
   0.413221741E-07   0.455529545E-06   0.676990794E-06   0.935237026E-07
   0.241623965E-07   0.264265196E-06   0.396730854E-06   0.569240157E-07
   0.129694238E-07   0.141836878E-06   0.217704027E-06   0.328100391E-07
   0.494063679E-08   0.565664635E-07   0.854387494E-07   0.140799621E-07
   0.644495735E-09   0.847363246E-08   0.104629070E-07   0.286510105E-08
   0.982098916E-10   0.109356624E-08   0.229705394E-09   0.532338285E-09
   0.730379646E-09   0.343826390E-08   0.172642567E-08   0.834429803E-09
   0.114255716E-08   0.535939604E-08   0.497188024E-08   0.900714059E-09
   0.526114541E-09   0.378282428E-08   0.697838987E-08   0.845786996E-09
   0.120566024E-08   0.623879348E-08   0.102267972E-07   0.658564037E-09
   0.143792711E-08   0.716703363E-08   0.555238477E-08   0.138463185E-08
   0.157704394E-08   0.814191825E-08   0.798111710E-08   0.146243739E-08
   0.101255881E-08   0.466749617E-08   0.210000017E-08   0.102947484E-08
   0.780862985E-09   0.532271782E-08   0.645315534E-08   0.121247123E-08
   0.104874931E-08   0.552293811E-08   0.264929012E-08   0.143296408E-08
   0.219880031E-09   0.141468337E-08   0.224850027E-08   0.382902349E-09
   0.587690840E-09   0.220887908E-08  -0.113988978E-09   0.976353998E-09
   0.183547857E-09   0.242845122E-08   0.266855515E-08   0.958516266E-09
   0.307448872E-09   0.105788078E-08  -0.945226009E-09   0.564419456E-09
   0.330942801E-09   0.679912071E-09  -0.221399810E-08   0.421703616E-09
   0.281972912E-08   0.631677510E-08  -0.233634623E-07   0.388107990E-08
   0.244289078E-08   0.453119009E-08  -0.193083611E-07   0.273613820E-08
   0.612457729E-08   0.112777050E-07  -0.483525007E-07   0.686187951E-08
   0.363989061E-08   0.604090866E-08  -0.263596576E-07   0.313796877E-08
   0.470451678E-08   0.835198932E-08  -0.365220849E-07   0.504852071E-08
   0.360347197E-08   0.633190256E-08  -0.276941776E-07   0.403426759E-08
   0.988015536E-08   0.183533793E-07  -0.768922988E-07   0.108052225E-07
   0.297492919E-08   0.489546492E-08  -0.216571792E-07   0.260172150E-08
   0.139790735E-08   0.263933075E-08  -0.103187583E-07   0.138992651E-08
   0.315407200E-09   0.172667203E-08  -0.263051803E-08   0.123950872E-08
   0.276698642E-08   0.799112065E-08  -0.212612399E-07   0.580174664E-08
   0.284512112E-07   0.519495096E-07  -0.210216911E-06   0.303182439E-07
   0.604860588E-07   0.105264206E-06  -0.435313297E-06   0.614999607E-07
   0.122243321E-06   0.207481065E-06  -0.859731415E-06   0.116590954E-06
   0.244109060E-06   0.403995301E-06  -0.167249584E-05   0.217646885E-06
   0.406111241E-06   0.653682150E-06  -0.270298187E-05   0.342941007E-06
   0.556160728E-06   0.873845863E-06  -0.356605278E-05   0.438927799E-06
   0.675638546E-06   0.103529976E-05  -0.412692043E-05   0.494608969E-06
   0.723598362E-06   0.107517769E-05  -0.410785697E-05   0.476363823E-06
   0.664638151E-06   0.947168871E-06  -0.329868021E-05   0.369169356E-06
   0.495257268E-06   0.655187932E-06  -0.176690173E-05   0.201829963E-06
   0.338651375E-06   0.358526108E-06  -0.346934598E-06   0.617331963E-07
   0.543116244E-06   0.489888919E-06  -0.112869634E-05   0.163832397E-06
   0.179888150E-05   0.187217040E-05  -0.805547643E-05   0.873921920E-06
   0.517512944E-05   0.565389337E-05  -0.263388520E-04   0.258333648E-05
   0.124025109E-04   0.136762847E-04  -0.641593870E-04   0.586636543E-05
   0.250493067E-04   0.274335634E-04  -0.126618135E-03   0.108069144E-04
   0.451781161E-04   0.488094047E-04  -0.219458976E-03   0.175006808E-04
   0.754380453E-04   0.802887153E-04  -0.348945876E-03   0.259819863E-04
   0.118057862E-03   0.124106766E-03  -0.516077213E-03   0.355976481E-04
   0.175531168E-03   0.182895194E-03  -0.719167176E-03   0.456846137E-04
   0.249868288E-03   0.259213179E-03  -0.949414447E-03   0.553656209E-04
   0.345659879E-03   0.358771475E-03  -0.120632024E-02   0.642300802E-04
   0.465149846E-03   0.485661236E-03  -0.147046056E-02   0.706188584E-04
   0.615284429E-03   0.648718793E-03  -0.173701555E-02   0.746181177E-04
   0.800687296E-03   0.854460348E-03  -0.198200066E-02   0.750213876E-04
   0.102857116E-02   0.111160090E-02  -0.218188111E-02   0.715783899E-04
   0.130076171E-02   0.142160337E-02  -0.229951646E-02   0.636758778E-04
   0.161005312E-02   0.177552528E-02  -0.227995706E-02   0.512234037E-04
   0.193521997E-02   0.214779680E-02  -0.205844594E-02   0.350263726E-04
   0.223337300E-02   0.248899614E-02  -0.158735085E-02   0.181599153E-04
   0.244696089E-02   0.273350882E-02  -0.871552096E-03   0.502307648E-05
   0.252342829E-02   0.282112253E-02  -0.242150833E-08   0.000000000E+00
