   0.198272523E-03   0.723923044E-02   0.160871549E-08   0.000000000E+00
   0.193585438E-03   0.693878997E-02   0.886445632E-03   0.484580914E-05
   0.181123032E-03   0.615003565E-02   0.155788520E-02   0.170501899E-04
   0.164037541E-03   0.509594986E-02   0.191439642E-02   0.314279387E-04
   0.145806276E-03   0.401957193E-02   0.199019583E-02   0.433833920E-04
   0.128422718E-03   0.306047476E-02   0.187768147E-02   0.512662300E-04
   0.112330548E-03   0.228130422E-02   0.166736997E-02   0.546676456E-04
   0.974063078E-04   0.167668751E-02   0.142093748E-02   0.542252928E-04
   0.832230580E-04   0.121996924E-02   0.117277249E-02   0.510324790E-04
   0.696235511E-04   0.878693070E-03   0.940433878E-03   0.460190495E-04
   0.565436567E-04   0.625270652E-03   0.731421169E-03   0.395139432E-04
   0.445365295E-04   0.438050629E-03   0.552269397E-03   0.326975132E-04
   0.337473030E-04   0.300149928E-03   0.402183417E-03   0.258453874E-04
   0.244382591E-04   0.199062299E-03   0.280298205E-03   0.194800832E-04
   0.168490478E-04   0.127013147E-03   0.186152727E-03   0.138899168E-04
   0.109590783E-04   0.768819009E-04   0.116350209E-03   0.925513086E-05
   0.666011010E-05   0.435484326E-04   0.675412230E-04   0.568312089E-05
   0.377544825E-05   0.228028202E-04   0.361476523E-04   0.321534230E-05
   0.187868056E-05   0.103168977E-04   0.164219855E-04   0.153499661E-05
   0.805399736E-06   0.390394234E-05   0.597020653E-05   0.582457915E-06
   0.281215904E-06   0.117933826E-05   0.143690056E-05   0.148986715E-06
   0.662856934E-07   0.402350736E-06   0.210285922E-07   0.469504258E-08
   0.240145361E-07   0.479821949E-06   0.148308217E-06   0.194204421E-07
   0.385064638E-07   0.748018863E-06   0.630380896E-06   0.732913534E-07
   0.562759936E-07   0.857095131E-06   0.936195192E-06   0.115937425E-06
   0.710431465E-07   0.929400642E-06   0.112362170E-05   0.138604932E-06
   0.640790816E-07   0.768962138E-06   0.977851073E-06   0.124426705E-06
   0.565217242E-07   0.638768029E-06   0.843758301E-06   0.111194815E-06
   0.377110574E-07   0.417784520E-06   0.568895416E-06   0.803718692E-07
   0.221460379E-07   0.239581198E-06   0.327582626E-06   0.469174850E-07
   0.131312454E-07   0.143283430E-06   0.191773466E-06   0.290813915E-07
   0.576268988E-08   0.636544897E-07   0.878426150E-07   0.144468641E-07
   0.169529835E-08   0.213379252E-07   0.274303851E-07   0.567149794E-08
   0.285139828E-09   0.514202858E-08   0.498410957E-08   0.186751614E-08
   0.131225780E-09   0.870306716E-09  -0.272375150E-09   0.462040545E-09
   0.291006774E-09   0.105522158E-08  -0.588381358E-10   0.280122009E-09
   0.101144404E-08   0.733334815E-08   0.110323048E-07   0.138492862E-08
   0.670944689E-09   0.478234785E-08   0.805654743E-08   0.902879993E-09
   0.107051545E-08   0.849354542E-08   0.137705367E-07   0.178920356E-08
   0.911781983E-09   0.564384006E-08   0.740785788E-08   0.923017218E-09
   0.124705091E-08   0.487161644E-08   0.853508653E-09   0.974088032E-09
   0.428604208E-09   0.259732613E-08   0.439049064E-08   0.466359784E-09
   0.558431301E-09   0.416628199E-08   0.680982248E-08   0.792664545E-09
   0.479326523E-09   0.289742741E-08   0.311530046E-08   0.975907910E-09
   0.719662885E-09   0.217248175E-08  -0.174706816E-08   0.112640042E-08
   0.632532360E-09   0.148167567E-08  -0.281873747E-08   0.889310570E-09
   0.797616251E-09   0.166632141E-08  -0.361849595E-08   0.979975545E-09
   0.246865750E-08   0.376790199E-08  -0.155922812E-07   0.239725972E-08
   0.209997708E-08   0.337664119E-08  -0.125258399E-07   0.217217644E-08
   0.314589665E-08   0.540512968E-08  -0.206369606E-07   0.317187010E-08
   0.457524552E-08   0.702762959E-08  -0.292720763E-07   0.427869473E-08
   0.285210877E-08   0.417271950E-08  -0.174384631E-07   0.227749619E-08
   0.602341377E-08   0.930173005E-08  -0.379187846E-07   0.531560840E-08
   0.340671491E-08   0.484652141E-08  -0.204545767E-07   0.257504285E-08
   0.196561811E-08   0.258797539E-08  -0.115438787E-07   0.147917911E-08
   0.785752297E-09   0.110911902E-08  -0.466564964E-08   0.581384219E-09
   0.206892350E-09   0.377558707E-09  -0.117993959E-08   0.229705047E-09
   0.196762406E-08   0.353616314E-08  -0.125308510E-07   0.216173546E-08
   0.108886082E-07   0.165403353E-07  -0.646248495E-07   0.965691349E-08
   0.328767555E-07   0.501059674E-07  -0.194854721E-06   0.283667880E-07
   0.671299674E-07   0.982717410E-07  -0.387233882E-06   0.547573293E-07
   0.162022843E-06   0.229516019E-06  -0.910835695E-06   0.123477975E-06
   0.228623463E-06   0.315072299E-06  -0.124338158E-05   0.161983209E-06
   0.329485289E-06   0.445661641E-06  -0.173698390E-05   0.223200814E-06
   0.453237703E-06   0.597524775E-06  -0.228577346E-05   0.282142793E-06
   0.534649701E-06   0.686481997E-06  -0.253122994E-05   0.301790010E-06
   0.516648072E-06   0.637083247E-06  -0.218488958E-05   0.255196738E-06
   0.384517108E-06   0.445589336E-06  -0.124825760E-05   0.142992960E-06
   0.267365408E-06   0.263664873E-06  -0.369043022E-06   0.501273050E-07
   0.328938881E-06   0.265491309E-06  -0.447842552E-06   0.776758924E-07
   0.997786742E-06   0.895888661E-06  -0.340518977E-05   0.403540298E-06
   0.301787009E-05   0.288510660E-05  -0.124932767E-04   0.130933006E-05
   0.749883156E-05   0.725159362E-05  -0.320180479E-04   0.312289876E-05
   0.157845752E-04   0.151947188E-04  -0.663601895E-04   0.604503839E-05
   0.296011185E-04   0.281435568E-04  -0.120286808E-03   0.102705508E-04
   0.510210157E-04   0.478230177E-04  -0.198372203E-03   0.158288422E-04
   0.823773007E-04   0.761663468E-04  -0.304071873E-03   0.226387183E-04
   0.125729683E-03   0.114975577E-03  -0.436794246E-03   0.301878463E-04
   0.183771757E-03   0.166839047E-03  -0.595392310E-03   0.380039019E-04
   0.261176843E-03   0.236568609E-03  -0.782301533E-03   0.457474525E-04
   0.362091523E-03   0.328722759E-03  -0.991747831E-03   0.527471275E-04
   0.492889201E-03   0.450431689E-03  -0.121766981E-02   0.583924048E-04
   0.663622981E-03   0.612171600E-03  -0.145813101E-02   0.624612076E-04
   0.886642025E-03   0.826725620E-03  -0.170256069E-02   0.645094551E-04
   0.117692060E-02   0.110866025E-02  -0.193686655E-02   0.633362288E-04
   0.154742785E-02   0.147013611E-02  -0.212540524E-02   0.584479712E-04
   0.199948763E-02   0.191189221E-02  -0.220781448E-02   0.492690342E-04
   0.250675995E-02   0.240715104E-02  -0.209119823E-02   0.352222778E-04
   0.299795833E-02   0.288657821E-02  -0.168146822E-02   0.190104511E-04
   0.336717837E-02   0.324666454E-02  -0.950461545E-03   0.538576160E-05
   0.350627722E-02   0.338270189E-02  -0.270986988E-08   0.000000000E+00
