   0.387162482E-02   0.525287427E-01  -0.365323353E-11   0.000000000E+00
   0.360494899E-02   0.489414483E-01   0.484169135E-02   0.270974288E-04
   0.294060796E-02   0.399976335E-01   0.774189085E-02   0.863832975E-04
   0.217037485E-02   0.295903049E-01   0.829805527E-02   0.138499803E-03
   0.150689704E-02   0.205548182E-01   0.735338312E-02   0.162942495E-03
   0.102322747E-02   0.138881560E-01   0.591653818E-02   0.163646662E-03
   0.702470774E-03   0.939230900E-02   0.458239205E-02   0.152570297E-03
   0.496414839E-03   0.645057531E-02   0.352731487E-02   0.138075557E-03
   0.363477884E-03   0.452728895E-02   0.274151750E-02   0.123487436E-03
   0.274521299E-03   0.324281957E-02   0.215749489E-02   0.110699926E-03
   0.211656123E-03   0.235764030E-02   0.170996157E-02   0.984114085E-04
   0.164598416E-03   0.172617321E-02   0.135414314E-02   0.866285773E-04
   0.128057713E-03   0.126642757E-02   0.106589124E-02   0.745206125E-04
   0.985236256E-04   0.923695217E-03   0.826135336E-03   0.625272078E-04
   0.748071325E-04   0.667562999E-03   0.629819231E-03   0.513338782E-04
   0.556322047E-04   0.475533161E-03   0.469387043E-03   0.407102052E-04
   0.403100894E-04   0.331929477E-03   0.340261089E-03   0.313440178E-04
   0.282242872E-04   0.225030002E-03   0.237792177E-03   0.231028807E-04
   0.190886694E-04   0.147968458E-03   0.160267606E-03   0.164203466E-04
   0.124203016E-04   0.938071098E-04   0.103632985E-03   0.111169802E-04
   0.764406377E-05   0.564646398E-04   0.631749353E-04   0.707068875E-05
   0.445526575E-05   0.321388361E-04   0.362857754E-04   0.424445943E-05
   0.236917822E-05   0.166911177E-04   0.188254289E-04   0.229634361E-05
   0.117514924E-05   0.812867620E-05   0.902653846E-05   0.114248621E-05
   0.488426053E-06   0.328977353E-05   0.348516278E-05   0.461472155E-06
   0.169455049E-06   0.116073591E-05   0.104935236E-05   0.147764666E-06
   0.504775990E-07   0.414562720E-06   0.247443324E-06   0.330844330E-07
   0.309528474E-07   0.345494897E-06   0.230650201E-06   0.343494264E-07
   0.472372790E-07   0.502998262E-06   0.469419405E-06   0.682297454E-07
   0.694839315E-07   0.670436066E-06   0.702218301E-06   0.960675379E-07
   0.803815112E-07   0.721619699E-06   0.802983664E-06   0.112360027E-06
   0.774524906E-07   0.671781549E-06   0.766714152E-06   0.110539574E-06
   0.658499815E-07   0.550557672E-06   0.631666865E-06   0.885948737E-07
   0.580319721E-07   0.469062314E-06   0.547623586E-06   0.765439907E-07
   0.391023072E-07   0.310272725E-06   0.365273394E-06   0.513661611E-07
   0.281591461E-07   0.215628930E-06   0.246610369E-06   0.337463000E-07
   0.166494143E-07   0.119808135E-06   0.146307286E-06   0.182984436E-07
   0.140521186E-07   0.894738719E-07   0.931971513E-07   0.113904486E-07
   0.649856036E-08   0.300104404E-07   0.275856120E-07   0.202840744E-08
   0.348372753E-08   0.101650270E-07   0.912918985E-08  -0.701214031E-09
   0.313728532E-08   0.776464226E-08  -0.544471634E-09   0.276409978E-09
   0.334387584E-08   0.286900836E-08  -0.949141299E-08   0.679094891E-09
   0.254007304E-08   0.300846503E-08  -0.598933747E-08   0.130192523E-08
   0.406063227E-08   0.610145356E-08  -0.121436123E-07   0.356210106E-08
   0.294261371E-08   0.827727575E-08  -0.135024558E-08   0.397578770E-08
   0.309224313E-08   0.724626137E-08  -0.655781696E-08   0.413224788E-08
   0.207000883E-08   0.629835917E-08  -0.139386014E-08   0.318372662E-08
   0.123075417E-08   0.620847374E-08   0.391212307E-08   0.246075249E-08
   0.287956348E-08   0.530729327E-08  -0.864620153E-09   0.173437675E-08
   0.132847822E-08   0.331122307E-08   0.389254495E-08  -0.414930368E-09
   0.286221002E-08   0.406292600E-08  -0.200022221E-08  -0.641460163E-09
   0.124160415E-07   0.147630592E-07  -0.407103862E-07   0.396255340E-08
   0.191248937E-07   0.233631532E-07  -0.648283134E-07   0.698173297E-08
   0.422311963E-07   0.510300566E-07  -0.150720737E-06   0.183586355E-07
   0.907593218E-07   0.110920944E-06  -0.338559687E-06   0.475798529E-07
   0.138485206E-06   0.165979344E-06  -0.515038892E-06   0.748845750E-07
   0.209530256E-06   0.247447929E-06  -0.771499060E-06   0.115685403E-06
   0.271626078E-06   0.323671628E-06  -0.993539516E-06   0.146712779E-06
   0.359135669E-06   0.422215749E-06  -0.128914610E-05   0.187546235E-06
   0.379356095E-06   0.440192338E-06  -0.132948730E-05   0.195462022E-06
   0.419212597E-06   0.483723056E-06  -0.142382862E-05   0.198741446E-06
   0.353329710E-06   0.402381971E-06  -0.113363376E-05   0.157405864E-06
   0.272651477E-06   0.304333071E-06  -0.773246313E-06   0.110275074E-06
   0.200334171E-06   0.213652186E-06  -0.420830531E-06   0.609284783E-07
   0.283560723E-06   0.277316758E-06  -0.571315752E-06   0.843838848E-07
   0.787737179E-06   0.765990080E-06  -0.201779858E-05   0.273541758E-06
   0.220521360E-05   0.213537055E-05  -0.618263584E-05   0.788046009E-06
   0.519287460E-05   0.502611283E-05  -0.148778245E-04   0.181756423E-05
   0.110213605E-04   0.106101916E-04  -0.315109246E-04   0.369603299E-05
   0.208018682E-04   0.198256803E-04  -0.583533292E-04   0.657220880E-05
   0.363367217E-04   0.342613930E-04  -0.992018686E-04   0.106903908E-04
   0.595458223E-04   0.555037223E-04  -0.157133603E-03   0.162192937E-04
   0.924983178E-04   0.854688988E-04  -0.234711697E-03   0.230034348E-04
   0.138422736E-03   0.126656712E-03  -0.335650664E-03   0.314072931E-04
   0.201114235E-03   0.182922406E-03  -0.464135723E-03   0.410971152E-04
   0.283280766E-03   0.256668485E-03  -0.618028280E-03   0.515427637E-04
   0.390594156E-03   0.353598705E-03  -0.800544221E-03   0.627057307E-04
   0.529640005E-03   0.480389834E-03  -0.101305114E-02   0.745021098E-04
   0.711981149E-03   0.648841669E-03  -0.126355630E-02   0.869727955E-04
   0.949297741E-03   0.871855766E-03  -0.155069516E-02   0.989904001E-04
   0.126872119E-02   0.117601617E-02  -0.189525762E-02   0.111652851E-03
   0.170967134E-02   0.160000578E-02  -0.232162280E-02   0.125600884E-03
   0.234318827E-02   0.221236586E-02  -0.287407637E-02   0.141039709E-03
   0.328553049E-02   0.312386034E-02  -0.361277675E-02   0.157588162E-03
   0.471865386E-02   0.450799242E-02  -0.459614582E-02   0.174289264E-03
   0.690225046E-02   0.661357585E-02  -0.582631677E-02   0.185198602E-03
   0.101126842E-01   0.970929302E-02  -0.711362390E-02   0.181450072E-03
   0.144265210E-01   0.138736768E-01  -0.789904408E-02   0.150620210E-03
   0.193812978E-01   0.186680835E-01  -0.728577096E-02   0.923501138E-04
   0.235962681E-01   0.227554832E-01  -0.451848330E-02   0.285769420E-04
   0.252833031E-01   0.243917201E-01  -0.128124604E-07   0.000000000E+00
