   0.110256843E+00   0.956394136E+00   0.000000000E+00   0.000000000E+00
   0.975325555E-01   0.846055686E+00   0.338803567E-01   0.201566392E-03
   0.694168061E-01   0.602046371E+00   0.482353568E-01   0.571820012E-03
   0.423870608E-01   0.367259949E+00   0.441462360E-01   0.780758273E-03
   0.237622596E-01   0.205160320E+00   0.328540504E-01   0.767009566E-03
   0.129090901E-01   0.110502124E+00   0.220289454E-01   0.633377524E-03
   0.709947199E-02   0.596942827E-01   0.141179832E-01   0.475062348E-03
   0.409819651E-02   0.334252194E-01   0.899313577E-02   0.341755862E-03
   0.255853473E-02   0.199753251E-01   0.586863235E-02   0.244230294E-03
   0.175272371E-02   0.130012631E-01   0.401341729E-02   0.178251939E-03
   0.130988366E-02   0.925901625E-02   0.291707483E-02   0.136217495E-03
   0.104463368E-02   0.711335009E-02   0.225347653E-02   0.109779801E-03
   0.866874994E-03   0.575850811E-02   0.182906527E-02   0.943274208E-04
   0.733389985E-03   0.480286311E-02   0.153516966E-02   0.835186729E-04
   0.624098233E-03   0.405810261E-02   0.131156330E-02   0.758038368E-04
   0.529866607E-03   0.343460962E-02   0.112638297E-02   0.695177368E-04
   0.447113649E-03   0.289912079E-02   0.966480584E-03   0.631745788E-04
   0.374346098E-03   0.243071187E-02   0.824015762E-03   0.573387988E-04
   0.309710420E-03   0.201708009E-02   0.694270653E-03   0.509317615E-04
   0.254045648E-03   0.165898819E-02   0.579363084E-03   0.447117673E-04
   0.205793462E-03   0.134671794E-02   0.475805107E-03   0.384685154E-04
   0.165227146E-03   0.108425657E-02   0.386717235E-03   0.327389716E-04
   0.130945918E-03   0.861915876E-03   0.309283874E-03   0.270887485E-04
   0.102692240E-03   0.677517965E-03   0.243761475E-03   0.220830625E-04
   0.797775356E-04   0.527341268E-03   0.189650207E-03   0.177539878E-04
   0.610664720E-04   0.404207938E-03   0.144433128E-03   0.138339592E-04
   0.463817341E-04   0.306516478E-03   0.108472261E-03   0.106197267E-04
   0.347226742E-04   0.228848745E-03   0.795777160E-04   0.791033290E-05
   0.257065658E-04   0.169377599E-03   0.574887672E-04   0.577117817E-05
   0.187347559E-04   0.123343707E-03   0.404061611E-04   0.402029173E-05
   0.135751607E-04   0.886063644E-04   0.277504078E-04   0.275573984E-05
   0.966994685E-05   0.629145870E-04   0.184946002E-04   0.179772906E-05
   0.689107765E-05   0.439994910E-04   0.119652323E-04   0.113088981E-05
   0.482633277E-05   0.302468670E-04   0.732025137E-05   0.660102728E-06
   0.347145806E-05   0.209502177E-04   0.452110407E-05   0.382516077E-06
   0.240496297E-05   0.141391338E-04   0.242305941E-05   0.207140133E-06
   0.169678469E-05   0.948660727E-05   0.114827071E-05   0.118899777E-06
   0.125052338E-05   0.651269147E-05   0.494728397E-06   0.955429371E-07
   0.934680259E-06   0.449008394E-05   0.827728428E-07   0.105627421E-06
   0.738542667E-06   0.320250774E-05  -0.113480276E-06   0.134864393E-06
   0.617243188E-06   0.233476430E-05  -0.220634462E-06   0.168996152E-06
   0.549844856E-06   0.176817900E-05  -0.269863534E-06   0.206252594E-06
   0.522703203E-06   0.143585100E-05  -0.298624883E-06   0.243664857E-06
   0.521590152E-06   0.121959681E-05  -0.333756560E-06   0.264677965E-06
   0.538816948E-06   0.105627487E-05  -0.344638437E-06   0.269507495E-06
   0.578499851E-06   0.951125287E-06  -0.350961159E-06   0.265202232E-06
   0.646657838E-06   0.926933922E-06  -0.355787279E-06   0.265627904E-06
   0.732524484E-06   0.881556730E-06  -0.376348765E-06   0.234469127E-06
   0.863580738E-06   0.951032803E-06  -0.351857608E-06   0.215692197E-06
   0.105323124E-05   0.102347747E-05  -0.342607422E-06   0.166784588E-06
   0.133429364E-05   0.124096039E-05  -0.324235373E-06   0.125497408E-06
   0.177186996E-05   0.158394494E-05  -0.370644869E-06   0.855986713E-07
   0.241510656E-05   0.215298951E-05  -0.489033312E-06   0.614561415E-07
   0.344988030E-05   0.316225828E-05  -0.861966669E-06   0.847193817E-07
   0.495218865E-05   0.461281388E-05  -0.150475489E-05   0.155388904E-06
   0.740354699E-05   0.704402964E-05  -0.291192327E-05   0.349796267E-06
   0.106583902E-04   0.103367283E-04  -0.483053009E-05   0.644110287E-06
   0.156272272E-04   0.152615758E-04  -0.810612255E-05   0.115810121E-05
   0.226831835E-04   0.223474890E-04  -0.130713870E-04   0.193745814E-05
   0.323075037E-04   0.318943348E-04  -0.199251990E-04   0.302807507E-05
   0.459467410E-04   0.455738773E-04  -0.301692507E-04   0.462351591E-05
   0.637560297E-04   0.633812379E-04  -0.434716712E-04   0.667071572E-05
   0.870381773E-04   0.865212278E-04  -0.607165821E-04   0.925097811E-05
   0.118548072E-03   0.117834461E-03  -0.844185852E-04   0.126955010E-04
   0.159181829E-03   0.157972943E-03  -0.114589508E-03   0.169757695E-04
   0.208431884E-03   0.206680517E-03  -0.149878877E-03   0.219081212E-04
   0.272151752E-03   0.269271346E-03  -0.195134664E-03   0.280258701E-04
   0.349770125E-03   0.346068642E-03  -0.248983706E-03   0.348305184E-04
   0.444435340E-03   0.439242314E-03  -0.312592805E-03   0.426789775E-04
   0.557327061E-03   0.550081895E-03  -0.385634368E-03   0.514300555E-04
   0.690440938E-03   0.680482306E-03  -0.468322920E-03   0.609726085E-04
   0.847618561E-03   0.834644656E-03  -0.562739791E-03   0.711511821E-04
   0.102808257E-02   0.101187127E-02  -0.666562817E-03   0.814149244E-04
   0.123764831E-02   0.121694256E-02  -0.782850140E-03   0.927646470E-04
   0.147310284E-02   0.144704070E-02  -0.907911046E-03   0.104279374E-03
   0.174184784E-02   0.170925539E-02  -0.104673614E-02   0.115519993E-03
   0.205305917E-02   0.201172940E-02  -0.120610918E-02   0.127593477E-03
   0.242875353E-02   0.237499597E-02  -0.140057970E-02   0.140416276E-03
   0.291333511E-02   0.284035248E-02  -0.165938551E-02   0.156488983E-03
   0.360338157E-02   0.349844922E-02  -0.203642552E-02   0.177535418E-03
   0.469990494E-02   0.453956239E-02  -0.263235066E-02   0.205943419E-03
   0.660953065E-02   0.635195756E-02  -0.361867156E-02   0.249379838E-03
   0.101571549E-01   0.972317718E-02  -0.528558809E-02   0.311802316E-03
   0.169764832E-01   0.162242837E-01  -0.808748696E-02   0.401263853E-03
   0.302589983E-01   0.289259814E-01  -0.126711382E-01   0.517903653E-03
   0.558780096E-01   0.535056628E-01  -0.197272152E-01   0.651169044E-03
   0.103577241E+00   0.994093195E-01  -0.293762200E-01   0.759010436E-03
   0.185388014E+00   0.178299367E+00  -0.394615792E-01   0.751279527E-03
   0.304228663E+00   0.293101639E+00  -0.431559980E-01   0.542021124E-03
   0.428094536E+00   0.412887394E+00  -0.303492136E-01   0.189453014E-03
   0.484282702E+00   0.467254937E+00  -0.768516060E-07   0.000000000E+00
