   0.113632584E+01   0.792544508E+01   0.179376913E-10   0.000000000E+00
   0.934316933E+00   0.651948881E+01   0.260920286E+00   0.167053891E-02
   0.558944285E+00   0.390512419E+01   0.313491911E+00   0.402153889E-02
   0.280299515E+00   0.196218109E+01   0.237455487E+00   0.458801026E-02
   0.131315649E+00   0.921109617E+00   0.149643987E+00   0.387731311E-02
   0.609630272E-01   0.427936196E+00   0.875459164E-01   0.285484502E-02
   0.289911591E-01   0.202938616E+00   0.500164554E-01   0.197733985E-02
   0.145245539E-01   0.100574143E+00   0.286954530E-01   0.133504684E-02
   0.791768450E-02   0.535711311E-01   0.168958418E-01   0.902584696E-03
   0.485560577E-02   0.317046158E-01   0.104528936E-01   0.624153647E-03
   0.338890334E-02   0.212718733E-01   0.693611009E-02   0.454216730E-03
   0.264438475E-02   0.160695948E-01   0.500954501E-02   0.348623405E-03
   0.221852004E-02   0.132196853E-01   0.391910365E-02   0.283933157E-03
   0.193266000E-02   0.114201847E-01   0.326400553E-02   0.244766299E-03
   0.170649763E-02   0.100733899E-01   0.282833725E-02   0.218547211E-03
   0.150617037E-02   0.891684182E-02   0.249562296E-02   0.199670976E-03
   0.132112810E-02   0.786753092E-02   0.221638777E-02   0.182143252E-03
   0.114843808E-02   0.688046124E-02   0.196127431E-02   0.166821803E-03
   0.988686807E-03   0.596394297E-02   0.172442698E-02   0.151565619E-03
   0.841001049E-03   0.510901539E-02   0.149753981E-02   0.136209332E-03
   0.707944040E-03   0.433093263E-02   0.128618209E-02   0.120183518E-03
   0.590881042E-03   0.363820628E-02   0.109341275E-02   0.105288003E-03
   0.486878766E-03   0.302061928E-02   0.915494049E-03   0.901221720E-04
   0.399024371E-03   0.248319958E-02   0.758150767E-03   0.769764520E-04
   0.323004235E-03   0.202106521E-02   0.619091617E-03   0.640519647E-04
   0.259255059E-03   0.162788690E-02   0.498799025E-03   0.525178475E-04
   0.206314129E-03   0.130011234E-02   0.397239201E-03   0.423001329E-04
   0.162250304E-03   0.102539745E-02   0.310418953E-03   0.333920652E-04
   0.127250460E-03   0.803294417E-03   0.240780675E-03   0.259929184E-04
   0.987993044E-04   0.622337975E-03   0.183519049E-03   0.197333811E-04
   0.763627468E-04   0.479386683E-03   0.138689429E-03   0.147574519E-04
   0.579425723E-04   0.361912593E-03   0.101056692E-03   0.104935370E-04
   0.441459051E-04   0.272822857E-03   0.735496506E-04   0.738866356E-05
   0.337137317E-04   0.204184020E-03   0.529241988E-04   0.508139692E-05
   0.253557137E-04   0.149398431E-03   0.362960782E-04   0.318586626E-05
   0.192768621E-04   0.109170192E-03   0.247452772E-04   0.194135350E-05
   0.147863338E-04   0.794326115E-04   0.166221234E-04   0.110737221E-05
   0.112239532E-04   0.567311254E-04   0.104132359E-04   0.507630375E-06
   0.889403691E-05   0.405522769E-04   0.652161589E-05   0.172538876E-06
   0.707283607E-05   0.286279101E-04   0.369004420E-05  -0.187925391E-07
   0.578929303E-05   0.202067113E-04   0.186789964E-05  -0.825508337E-07
   0.501328805E-05   0.144032656E-04   0.841858252E-06  -0.102961607E-06
   0.454851943E-05   0.104490773E-04   0.263946504E-06  -0.883680684E-07
   0.433000241E-05   0.763789194E-05  -0.119397285E-06  -0.779642946E-07
   0.422861967E-05   0.572264935E-05  -0.397206122E-06  -0.482757621E-07
   0.447234697E-05   0.471570729E-05  -0.499051453E-06  -0.551092931E-07
   0.498790087E-05   0.438025290E-05  -0.611136727E-06  -0.734052890E-07
   0.569283247E-05   0.460290812E-05  -0.717506452E-06  -0.918332077E-07
   0.679484037E-05   0.545359853E-05  -0.948546699E-06  -0.112819244E-06
   0.855519284E-05   0.707281151E-05  -0.143388706E-05  -0.131503356E-06
   0.111450381E-04   0.987347630E-05  -0.249059372E-05  -0.629855137E-07
   0.145253671E-04   0.135811906E-04  -0.383318002E-05   0.446151205E-07
   0.195694593E-04   0.193990691E-04  -0.639291466E-05   0.348763479E-06
   0.266809748E-04   0.275026123E-04  -0.102948943E-04   0.848535080E-06
   0.358995567E-04   0.382953513E-04  -0.155653652E-04   0.158359398E-05
   0.491052524E-04   0.537542837E-04  -0.239023047E-04   0.278960260E-05
   0.667204004E-04   0.741440163E-04  -0.352623028E-04   0.449291701E-05
   0.895662524E-04   0.100546713E-03  -0.501742506E-04   0.675775209E-05
   0.119544224E-03   0.135781389E-03  -0.705606653E-04   0.981143694E-05
   0.158945026E-03   0.181313866E-03  -0.975153016E-04   0.138131945E-04
   0.208443234E-03   0.238807639E-03  -0.131418958E-03   0.187421574E-04
   0.271807949E-03   0.311553158E-03  -0.174589266E-03   0.250673929E-04
   0.349334383E-03   0.400746765E-03  -0.226633769E-03   0.325072979E-04
   0.446430087E-03   0.512907864E-03  -0.292170269E-03   0.412909794E-04
   0.564766407E-03   0.647799054E-03  -0.369663205E-03   0.517500812E-04
   0.707393570E-03   0.812073878E-03  -0.462405762E-03   0.633563031E-04
   0.873537327E-03   0.100187690E-02  -0.565618277E-03   0.759967734E-04
   0.107318989E-02   0.122760341E-02  -0.686704123E-03   0.906663627E-04
   0.130467780E-02   0.149152253E-02  -0.824088347E-03   0.105714156E-03
   0.156765687E-02   0.178990001E-02  -0.973373535E-03   0.121241996E-03
   0.187147106E-02   0.213343068E-02  -0.114140159E-02   0.138151125E-03
   0.220107916E-02   0.250495272E-02  -0.131366891E-02   0.153721849E-03
   0.256958045E-02   0.291870371E-02  -0.150134193E-02   0.169745894E-03
   0.296238950E-02   0.335975061E-02  -0.169492431E-02   0.183512137E-03
   0.338817341E-02   0.383230625E-02  -0.190186908E-02   0.197826987E-03
   0.384296314E-02   0.433374010E-02  -0.212830491E-02   0.211242441E-03
   0.434659468E-02   0.488473428E-02  -0.239864876E-02   0.225556854E-03
   0.494274264E-02   0.552914944E-02  -0.275779678E-02   0.244942872E-03
   0.574532151E-02   0.639336836E-02  -0.329879601E-02   0.274403777E-03
   0.701237470E-02   0.776523957E-02  -0.420029880E-02   0.320514286E-03
   0.930359215E-02   0.102745434E-01  -0.578286964E-02   0.398585165E-03
   0.138408272E-01   0.153058553E-01  -0.864578970E-02   0.527804776E-03
   0.232447516E-01   0.258513931E-01  -0.138524985E-01   0.739997718E-03
   0.432391241E-01   0.484744795E-01  -0.233007688E-01   0.107478106E-02
   0.865339786E-01   0.977857113E-01  -0.402951278E-01   0.157297112E-02
   0.181339219E+00   0.206338957E+00  -0.701142251E-01   0.226130313E-02
   0.388722330E+00   0.444734424E+00  -0.119375870E+00   0.306133809E-02
   0.827533901E+00   0.950680912E+00  -0.189300746E+00   0.362843322E-02
   0.165044963E+01   0.190140951E+01  -0.250423998E+00   0.319292140E-02
   0.276485443E+01   0.319060874E+01  -0.209133849E+00   0.133234926E-02
   0.336779642E+01   0.388850832E+01  -0.618762215E-06   0.000000000E+00
