   0.500986062E-03   0.125530073E-01   0.247737009E-08   0.000000000E+00
   0.484225719E-03   0.120218247E-01   0.141529844E-02   0.795606502E-05
   0.439764262E-03   0.106174564E-01   0.247626938E-02   0.278227508E-04
   0.380843645E-03   0.875879079E-02   0.302570430E-02   0.509655947E-04
   0.320749677E-03   0.687375013E-02   0.312673906E-02   0.702757461E-04
   0.267252413E-03   0.522149587E-02   0.294028968E-02   0.828408301E-04
   0.222947507E-03   0.389767764E-02   0.261910772E-02   0.887031274E-04
   0.186688529E-03   0.288633909E-02   0.225687306E-02   0.891290838E-04
   0.156353606E-03   0.213205931E-02   0.190045778E-02   0.856981933E-04
   0.130175453E-03   0.157511351E-02   0.157054595E-02   0.796841341E-04
   0.106904867E-03   0.116074295E-02   0.127218652E-02   0.714499693E-04
   0.858704952E-04   0.849702861E-03   0.100594771E-02   0.621455474E-04
   0.675108022E-04   0.616878562E-03   0.778351678E-03   0.523191447E-04
   0.513646446E-04   0.440020376E-03   0.583548448E-03   0.422595112E-04
   0.376998360E-04   0.306453934E-03   0.422552490E-03   0.327500384E-04
   0.265976105E-04   0.207082470E-03   0.294379075E-03   0.243143986E-04
   0.178522150E-04   0.134034315E-03   0.195049943E-03   0.170053318E-04
   0.113587357E-04   0.825623356E-04   0.122443278E-03   0.112588768E-04
   0.676145964E-05   0.474875524E-04   0.716820359E-04   0.693488937E-05
   0.371493411E-05   0.251213296E-04   0.385707863E-04   0.391961339E-05
   0.180757138E-05   0.116234951E-04   0.181650939E-04   0.192654647E-05
   0.776321883E-06   0.461892250E-05   0.740135420E-05   0.817037915E-06
   0.267668383E-06   0.140284499E-05   0.230616251E-05   0.266869279E-06
   0.645988649E-07   0.308583026E-06   0.457838752E-06   0.605188077E-07
   0.317534976E-07   0.293694711E-06   0.330939486E-06   0.501086141E-07
   0.524698045E-07   0.599726775E-06   0.715857595E-06   0.101652951E-06
   0.747275806E-07   0.790765171E-06   0.100249906E-05   0.141226806E-06
   0.908606310E-07   0.900454040E-06   0.118651121E-05   0.167073722E-06
   0.926329022E-07   0.888761917E-06   0.119015965E-05   0.171042316E-06
   0.727974836E-07   0.690374293E-06   0.929838620E-06   0.138585307E-06
   0.545672698E-07   0.511126188E-06   0.688850207E-06   0.104419819E-06
   0.437930971E-07   0.402888816E-06   0.552031111E-06   0.851699937E-07
   0.263820699E-07   0.243766095E-06   0.330083878E-06   0.522375636E-07
   0.140204044E-07   0.133063182E-06   0.172238913E-06   0.293220079E-07
   0.528504529E-08   0.453210269E-07   0.603825256E-07   0.902980890E-08
   0.152236268E-08   0.143447689E-07   0.193124059E-07   0.332781025E-08
   0.615657525E-09   0.361009689E-08   0.287132651E-08   0.653755938E-09
   0.928068788E-09   0.180202309E-08   0.948656376E-09   0.249839677E-09
   0.199833594E-09   0.195301797E-08   0.254285326E-08   0.527624333E-09
   0.330670824E-09   0.244296849E-08   0.269190137E-08   0.869885664E-09
   0.866880789E-09   0.334402039E-08  -0.954470614E-09   0.179185100E-08
   0.985578286E-09   0.594833915E-08   0.411147205E-08   0.252746801E-08
   0.181613191E-08   0.997074867E-08   0.698464664E-08   0.409939016E-08
   0.505442799E-09   0.653445253E-08   0.580904302E-08   0.273514611E-08
   0.114278076E-08   0.555226753E-08  -0.259730082E-08   0.334714101E-08
   0.341642337E-08   0.854163051E-08  -0.151099453E-07   0.553911494E-08
   0.612702156E-08   0.136442884E-07  -0.189063272E-07   0.762627295E-08
   0.599168493E-08   0.113580958E-07  -0.319019300E-07   0.761748442E-08
   0.275013368E-08   0.650789111E-08  -0.120222223E-07   0.419169321E-08
   0.309803849E-08   0.570799719E-08  -0.184104056E-07   0.388124954E-08
   0.263285593E-08   0.466770045E-08  -0.153954449E-07   0.311034731E-08
   0.105857267E-08   0.214501683E-08  -0.392830524E-08   0.127816469E-08
   0.566664049E-09   0.989549997E-09  -0.337886696E-08   0.610877515E-09
   0.421457841E-09   0.842380721E-09  -0.225712271E-08   0.555587132E-09
   0.270382317E-08   0.445997772E-08  -0.152568003E-07   0.284650237E-08
   0.109714176E-07   0.162076148E-07  -0.588670055E-07   0.970323999E-08
   0.219595275E-07   0.322888027E-07  -0.118180715E-06   0.181643713E-07
   0.514315595E-07   0.766478863E-07  -0.276728230E-06   0.445606574E-07
   0.134634149E-06   0.195928564E-06  -0.711647658E-06   0.106244578E-06
   0.191347311E-06   0.274654013E-06  -0.996304607E-06   0.146529402E-06
   0.319561082E-06   0.444188231E-06  -0.162320293E-05   0.231990342E-06
   0.411417318E-06   0.566204335E-06  -0.205459264E-05   0.289791302E-06
   0.479899029E-06   0.647020045E-06  -0.233737251E-05   0.323352197E-06
   0.477314245E-06   0.635087531E-06  -0.226249904E-05   0.306221295E-06
   0.434044182E-06   0.568496603E-06  -0.197830423E-05   0.260687898E-06
   0.308760264E-06   0.391357304E-06  -0.131180252E-05   0.161155057E-06
   0.170225164E-06   0.199606760E-06  -0.656422003E-06   0.803386797E-07
   0.235343649E-06   0.257860165E-06  -0.101708542E-05   0.132965425E-06
   0.966065386E-06   0.104809487E-05  -0.438211055E-05   0.517385331E-06
   0.303901425E-05   0.331973115E-05  -0.135500813E-04   0.151732797E-05
   0.748482489E-05   0.808902496E-05  -0.323555287E-04   0.345109538E-05
   0.158122602E-04   0.168455572E-04  -0.661498707E-04   0.670725922E-05
   0.295533046E-04   0.309107891E-04  -0.119250893E-03   0.115332250E-04
   0.502684052E-04   0.516180626E-04  -0.195028639E-03   0.178609880E-04
   0.810180136E-04   0.817460677E-04  -0.301404565E-03   0.260978723E-04
   0.122754747E-03   0.121892837E-03  -0.435624854E-03   0.355063639E-04
   0.178868024E-03   0.175282097E-03  -0.602102140E-03   0.459294461E-04
   0.251721009E-03   0.244347786E-03  -0.798276917E-03   0.566777344E-04
   0.345043954E-03   0.333168107E-03  -0.102189975E-02   0.671861198E-04
   0.463620527E-03   0.447387341E-03  -0.126879802E-02   0.768903992E-04
   0.615852128E-03   0.596923113E-03  -0.153959729E-02   0.847894917E-04
   0.813088147E-03   0.794442778E-03  -0.183193106E-02   0.911354291E-04
   0.107138534E-02   0.105780910E-02  -0.214311574E-02   0.954707648E-04
   0.141253229E-02   0.141062390E-02  -0.246519549E-02   0.968938548E-04
   0.186517998E-02   0.188246125E-02  -0.278625800E-02   0.944462954E-04
   0.245164870E-02   0.249609561E-02  -0.305835670E-02   0.871803131E-04
   0.317897089E-02   0.325828511E-02  -0.319227553E-02   0.733686611E-04
   0.400873646E-02   0.412801513E-02  -0.304678315E-02   0.527718184E-04
   0.481848372E-02   0.497783860E-02  -0.246596849E-02   0.286279264E-04
   0.542572048E-02   0.561512634E-02  -0.139887840E-02   0.812443432E-05
   0.565655762E-02   0.585814612E-02  -0.456103066E-08   0.000000000E+00
