   0.982618003E-04   0.574829429E-02   0.000000000E+00   0.000000000E+00
   0.991632987E-04   0.556133687E-02   0.791637460E-03   0.434139156E-05
   0.101293568E-03   0.504793366E-02   0.143337529E-02   0.156485366E-04
   0.103549763E-03   0.433364836E-02   0.184057048E-02   0.300693810E-04
   0.104358885E-03   0.355649251E-02   0.200704532E-02   0.435720249E-04
   0.103047423E-03   0.281684892E-02   0.198425958E-02   0.533365492E-04
   0.985779698E-04   0.217319140E-02   0.182976387E-02   0.586679780E-04
   0.915790661E-04   0.164309691E-02   0.160830177E-02   0.597514008E-04
   0.818346598E-04   0.122086203E-02   0.135381694E-02   0.570397860E-04
   0.701999452E-04   0.891084201E-03   0.109554408E-02   0.516491127E-04
   0.579023508E-04   0.638080877E-03   0.855707040E-03   0.444156176E-04
   0.455454210E-04   0.445119484E-03   0.640572049E-03   0.363791914E-04
   0.341248669E-04   0.300931104E-03   0.458758295E-03   0.282931578E-04
   0.242228889E-04   0.195365283E-03   0.312064163E-03   0.206714758E-04
   0.161644257E-04   0.120193246E-03   0.199461632E-03   0.140998018E-04
   0.999091753E-05   0.687143838E-04   0.117489406E-03   0.881715187E-05
   0.573741909E-05   0.362973769E-04   0.636786281E-04   0.502585908E-05
   0.290128014E-05   0.165789061E-04   0.295057816E-04   0.244376906E-05
   0.126600287E-05   0.635045717E-05   0.110930305E-04   0.949276057E-06
   0.440138024E-06   0.190109097E-05   0.271285626E-05   0.225789563E-06
   0.101218433E-06   0.631802777E-06   0.717434361E-07  -0.822230062E-09
   0.373583084E-07   0.734201933E-06   0.240548388E-06   0.257032902E-07
   0.582330237E-07   0.119451829E-05   0.109843950E-05   0.126437470E-06
   0.983118227E-07   0.154102713E-05   0.185881970E-05   0.218956913E-06
   0.107361529E-06   0.144535454E-05   0.193212918E-05   0.233888485E-06
   0.106149947E-06   0.131237016E-05   0.185920635E-05   0.234825549E-06
   0.890499621E-07   0.103128536E-05   0.151369227E-05   0.194685370E-06
   0.615673912E-07   0.693622496E-06   0.104236756E-05   0.140236040E-06
   0.392904909E-07   0.429805908E-06   0.651065477E-06   0.891216416E-07
   0.173066486E-07   0.190038861E-06   0.285780771E-06   0.408983105E-07
   0.911617981E-08   0.102874125E-06   0.150624160E-06   0.234664608E-07
   0.186820492E-08   0.229744597E-07   0.309745900E-07   0.733855643E-08
   0.482837104E-09   0.682756607E-08   0.915927156E-08   0.208422946E-08
   0.296339925E-09   0.101857589E-08  -0.260638577E-08   0.723834659E-09
   0.680073886E-09   0.440507275E-08   0.818632984E-08   0.809747436E-09
   0.157053448E-08   0.999117589E-08   0.993444260E-08   0.232500708E-08
   0.146935897E-08   0.818921908E-08   0.126876412E-07   0.110712017E-08
   0.143737966E-08   0.844149728E-08   0.137240956E-07   0.120362798E-08
   0.723064275E-09   0.332165273E-08   0.610124085E-08   0.180206891E-09
   0.224258478E-08   0.170118675E-07   0.307434007E-07   0.345322926E-08
   0.996971727E-09   0.657611032E-08   0.938583167E-08   0.129438527E-08
   0.888273399E-09   0.493553953E-08   0.909210751E-08   0.935718614E-09
   0.640520581E-09   0.419710400E-08   0.696409996E-08   0.746316620E-09
   0.356050300E-09   0.326967742E-08   0.557240964E-08   0.835209457E-09
   0.202920222E-09   0.167054270E-08   0.288390578E-08   0.457397453E-09
   0.225034269E-09   0.729082739E-09  -0.647293941E-09   0.372743530E-09
   0.228419950E-09   0.928286115E-09  -0.857796612E-09   0.368002073E-09
   0.290818619E-09   0.120025823E-08  -0.250912818E-09   0.555417323E-09
   0.100153352E-08   0.187723281E-08  -0.817995716E-08   0.117063814E-08
   0.121316279E-08   0.195199834E-08  -0.904713104E-08   0.107001963E-08
   0.521354560E-08   0.102994671E-07  -0.424164845E-07   0.617340268E-08
   0.595007243E-08   0.119939223E-07  -0.445597799E-07   0.619057472E-08
   0.652866250E-08   0.130433424E-07  -0.515639478E-07   0.736630801E-08
   0.524168442E-08   0.955703783E-08  -0.414975467E-07   0.565408920E-08
   0.763658470E-08   0.136330911E-07  -0.602057213E-07   0.817723489E-08
   0.502789721E-08   0.867568506E-08  -0.388366210E-07   0.505444664E-08
   0.351223339E-08   0.606282269E-08  -0.272207927E-07   0.356455265E-08
   0.204237779E-09   0.522802746E-09  -0.143119838E-08   0.345356244E-09
   0.177282411E-08   0.394020816E-08  -0.143321710E-07   0.258780375E-08
   0.142803120E-07   0.268947584E-07  -0.109117209E-06   0.166296896E-07
   0.556584894E-07   0.993568250E-07  -0.413924198E-06   0.589676503E-07
   0.896388528E-07   0.154237384E-06  -0.647562274E-06   0.887041693E-07
   0.197795572E-06   0.332966863E-06  -0.139329916E-05   0.180540695E-06
   0.316792239E-06   0.518775380E-06  -0.217062916E-05   0.278678925E-06
   0.478133245E-06   0.759742534E-06  -0.315770035E-05   0.394869829E-06
   0.686188628E-06   0.106035884E-05  -0.433578953E-05   0.522079290E-06
   0.730112276E-06   0.109570681E-05  -0.431437729E-05   0.503681804E-06
   0.706825006E-06   0.102195270E-05  -0.373197554E-05   0.420463437E-06
   0.580804681E-06   0.791269429E-06  -0.238208713E-05   0.267151677E-06
   0.363533076E-06   0.414680642E-06  -0.607748404E-06   0.881942341E-07
   0.443160417E-06   0.394716125E-06  -0.548043602E-06   0.961756825E-07
   0.150443793E-05   0.155556177E-05  -0.663748369E-05   0.728420730E-06
   0.441232396E-05   0.483188114E-05  -0.226644934E-04   0.223664324E-05
   0.105771742E-04   0.117202126E-04  -0.553846803E-04   0.505281059E-05
   0.220868078E-04   0.243369104E-04  -0.113660913E-03   0.967352389E-05
   0.409901040E-04   0.445823425E-04  -0.203459276E-03   0.161820153E-04
   0.692785543E-04   0.742403572E-04  -0.327793066E-03   0.242750393E-04
   0.110226967E-03   0.116595096E-03  -0.493667729E-03   0.339291437E-04
   0.164239551E-03   0.171878943E-03  -0.688151224E-03   0.437145718E-04
   0.236072767E-03   0.245785603E-03  -0.918468693E-03   0.534674291E-04
   0.328000606E-03   0.341455539E-03  -0.117196504E-02   0.622034277E-04
   0.443124765E-03   0.463635835E-03  -0.143478019E-02   0.687545835E-04
   0.587246846E-03   0.620018225E-03  -0.169840420E-02   0.728062587E-04
   0.765312812E-03   0.817543536E-03  -0.193958869E-02   0.733876659E-04
   0.983326579E-03   0.106335909E-02  -0.213599741E-02   0.699917291E-04
   0.124329911E-02   0.135935307E-02  -0.225131656E-02   0.624751192E-04
   0.153819856E-02   0.169663900E-02  -0.222885213E-02   0.500713140E-04
   0.184772408E-02   0.205110945E-02  -0.200983463E-02   0.342646235E-04
   0.213115988E-02   0.237551611E-02  -0.154806301E-02   0.177918610E-04
   0.233395118E-02   0.260742800E-02  -0.849260367E-03   0.491185801E-05
   0.240639667E-02   0.268996996E-02  -0.236743269E-08   0.000000000E+00
