   0.470141657E-01   0.444099069E+00  -0.604066380E-10   0.000000000E+00
   0.409122370E-01   0.386286080E+00   0.340799242E-01   0.198555237E-03
   0.279668681E-01   0.263770431E+00   0.459019691E-01   0.532685895E-03
   0.163081307E-01   0.153645024E+00   0.391184948E-01   0.675778487E-03
   0.881309528E-02   0.830746293E-01   0.271171536E-01   0.618334103E-03
   0.471385941E-02   0.446175039E-01   0.171939190E-01   0.484631630E-03
   0.261220499E-02   0.249713156E-01   0.106880451E-01   0.359721453E-03
   0.154615089E-02   0.150053799E-01   0.682104705E-02   0.267398602E-03
   0.991183915E-03   0.978709944E-02   0.460282713E-02   0.206857294E-03
   0.684184080E-03   0.686074886E-02   0.331069063E-02   0.170107669E-03
   0.499485584E-03   0.505994912E-02   0.251291203E-02   0.145294791E-03
   0.377633172E-03   0.384195289E-02   0.197592494E-02   0.127147185E-03
   0.290410215E-03   0.295204413E-02   0.157972588E-02   0.111864741E-03
   0.224441930E-03   0.227064476E-02   0.126731012E-02   0.971390691E-04
   0.172355212E-03   0.173077651E-02   0.100638182E-02   0.836137406E-04
   0.131333363E-03   0.130710669E-02   0.791157770E-03   0.699263401E-04
   0.985402730E-04   0.969821122E-03   0.609008595E-03   0.575752019E-04
   0.725533027E-04   0.707509113E-03   0.458936149E-03   0.457635542E-04
   0.524666539E-04   0.506597979E-03   0.338345300E-03   0.354804797E-04
   0.370187590E-04   0.354208867E-03   0.242310998E-03   0.266260067E-04
   0.254098995E-04   0.241296089E-03   0.168112558E-03   0.193654014E-04
   0.168422921E-04   0.159443196E-03   0.112218760E-03   0.134411221E-04
   0.108213035E-04   0.102429905E-03   0.723628909E-04   0.899065799E-05
   0.671808493E-05   0.636239565E-04   0.448079445E-04   0.577891205E-05
   0.393598702E-05   0.375058225E-04   0.259032386E-04   0.347029436E-05
   0.215425666E-05   0.210166600E-04   0.138713722E-04   0.191255936E-05
   0.109630344E-05   0.110112296E-04   0.670723512E-05   0.952547396E-06
   0.518769582E-06   0.546093315E-05   0.289598051E-05   0.417228392E-06
   0.219347754E-06   0.251792039E-05   0.100280022E-05   0.140689735E-06
   0.977831647E-07   0.119388415E-05   0.319646261E-06   0.342260158E-07
   0.658057431E-07   0.701717966E-06   0.217188244E-06   0.102807807E-07
   0.678866172E-07   0.600868191E-06   0.344696957E-06   0.309155439E-07
   0.754330216E-07   0.572496560E-06   0.446596772E-06   0.429440945E-07
   0.824423694E-07   0.592772778E-06   0.545160560E-06   0.624845669E-07
   0.836637710E-07   0.572511112E-06   0.550612413E-06   0.609829982E-07
   0.816114181E-07   0.544505895E-06   0.533180923E-06   0.601707981E-07
   0.670032776E-07   0.446205490E-06   0.437131860E-06   0.519589101E-07
   0.509624378E-07   0.328104875E-06   0.337707576E-06   0.385180385E-07
   0.374910627E-07   0.244480049E-06   0.254046796E-06   0.307550394E-07
   0.299332221E-07   0.182618891E-06   0.173205734E-06   0.199708996E-07
   0.174675900E-07   0.974141230E-07   0.958945279E-07   0.881646933E-08
   0.116701573E-07   0.720668396E-07   0.710296675E-07   0.844503756E-08
   0.752184270E-08   0.433782716E-07   0.372961289E-07   0.485806728E-08
   0.320744009E-08   0.240098039E-07   0.208278497E-07   0.404183176E-08
   0.633786246E-09   0.887830431E-08   0.628098551E-08   0.302452174E-08
   0.396736421E-09   0.296351943E-08  -0.169278402E-08   0.191712335E-08
   0.409282075E-08   0.643302389E-08  -0.138167913E-07   0.394289978E-08
   0.794387223E-08   0.990026017E-08  -0.207720241E-07   0.271827538E-08
   0.310022195E-07   0.349725582E-07  -0.879634285E-07   0.122993296E-07
   0.477805528E-07   0.516394572E-07  -0.131693199E-06   0.169344148E-07
   0.741578532E-07   0.838876559E-07  -0.210717644E-06   0.299210257E-07
   0.127183625E-06   0.141177551E-06  -0.354899697E-06   0.478502962E-07
   0.162392212E-06   0.175454943E-06  -0.452251243E-06   0.632053982E-07
   0.215158593E-06   0.223970574E-06  -0.587466559E-06   0.825015434E-07
   0.294686657E-06   0.311300681E-06  -0.802799491E-06   0.114349866E-06
   0.336620616E-06   0.356026106E-06  -0.898350720E-06   0.126694090E-06
   0.365685338E-06   0.385318344E-06  -0.943158625E-06   0.134253000E-06
   0.366903919E-06   0.385588578E-06  -0.882542906E-06   0.123019831E-06
   0.347565788E-06   0.363582700E-06  -0.728136342E-06   0.106035884E-06
   0.329307994E-06   0.339548336E-06  -0.496732412E-06   0.721818267E-07
   0.369504534E-06   0.372585475E-06  -0.296356433E-06   0.436360210E-07
   0.646701380E-06   0.631928799E-06  -0.499458338E-06   0.742638733E-07
   0.142614181E-05   0.137426457E-05  -0.163695415E-05   0.233325821E-06
   0.312500924E-05   0.297904057E-05  -0.447821549E-05   0.611355915E-06
   0.635755805E-05   0.604805973E-05  -0.101845390E-04   0.133170477E-05
   0.122678903E-04   0.115748689E-04  -0.207674821E-04   0.263766515E-05
   0.220863967E-04   0.206935947E-04  -0.381769969E-04   0.469353427E-05
   0.375367999E-04   0.349172260E-04  -0.648799105E-04   0.769996950E-05
   0.606626745E-04   0.560707958E-04  -0.103409235E-03   0.118034350E-04
   0.946876098E-04   0.869314681E-04  -0.157844333E-03   0.173690423E-04
   0.141133482E-03   0.128908869E-03  -0.227625947E-03   0.239446963E-04
   0.205416363E-03   0.186708072E-03  -0.319022103E-03   0.321615189E-04
   0.291569537E-03   0.263994763E-03  -0.433852460E-03   0.418663731E-04
   0.404421298E-03   0.365612708E-03  -0.574356003E-03   0.525619507E-04
   0.548371347E-03   0.495318556E-03  -0.739257201E-03   0.642439118E-04
   0.729894207E-03   0.659875281E-03  -0.930765877E-03   0.765340228E-04
   0.957495999E-03   0.867643801E-03  -0.115236361E-02   0.897815189E-04
   0.124187220E-02   0.112928066E-02  -0.140891329E-02   0.104057952E-03
   0.159624056E-02   0.145887665E-02  -0.170655060E-02   0.119230295E-03
   0.205316348E-02   0.188806385E-02  -0.207501906E-02   0.136824732E-03
   0.267476263E-02   0.247595343E-02  -0.257106288E-02   0.158726310E-03
   0.358823966E-02   0.334214745E-02  -0.330530084E-02   0.190684063E-03
   0.507060811E-02   0.474620098E-02  -0.449600071E-02   0.236367050E-03
   0.770075899E-02   0.723159360E-02  -0.652661500E-02   0.305363559E-03
   0.126980674E-01   0.119474633E-01  -0.100336615E-01   0.402653182E-03
   0.224591121E-01   0.211676229E-01  -0.158444606E-01   0.525940151E-03
   0.413772203E-01   0.390802957E-01  -0.245630480E-01   0.642653904E-03
   0.756722912E-01   0.716593489E-01  -0.348659307E-01   0.674804323E-03
   0.128711522E+00   0.122193180E+00  -0.403996855E-01   0.514942571E-03
   0.187219784E+00   0.178061575E+00  -0.297336485E-01   0.187969417E-03
   0.214696035E+00   0.204333559E+00  -0.571216034E-07   0.000000000E+00
