   0.438787881E-02   0.585688353E-01  -0.203675184E-10   0.000000000E+00
   0.404285220E-02   0.540091246E-01   0.539733190E-02   0.299145722E-04
   0.320928684E-02   0.429713167E-01   0.839249603E-02   0.927424335E-04
   0.228043273E-02   0.306318328E-01   0.864801276E-02   0.142644305E-03
   0.151867094E-02   0.204533264E-01   0.733735971E-02   0.160591706E-03
   0.992564484E-03   0.133481920E-01   0.567061314E-02   0.154630092E-03
   0.658371253E-03   0.876529608E-02   0.423521362E-02   0.138799922E-03
   0.453452696E-03   0.590257905E-02   0.317476643E-02   0.122317026E-03
   0.325674482E-03   0.409011915E-02   0.242168503E-02   0.108089000E-03
   0.242470254E-03   0.290584425E-02   0.188116566E-02   0.951855691E-04
   0.184927674E-03   0.210161693E-02   0.147841754E-02   0.839618806E-04
   0.142569508E-03   0.153374043E-02   0.116402179E-02   0.734262649E-04
   0.109843968E-03   0.112001388E-02   0.909854309E-03   0.629911665E-04
   0.838800770E-04   0.813530874E-03   0.701781013E-03   0.526624608E-04
   0.630799987E-04   0.584446883E-03   0.531224476E-03   0.429729807E-04
   0.463644537E-04   0.412793161E-03   0.392057293E-03   0.336900048E-04
   0.332624841E-04   0.285691232E-03   0.281803194E-03   0.258293749E-04
   0.231821814E-04   0.192907144E-03   0.196348381E-03   0.189412149E-04
   0.154751724E-04   0.125283434E-03   0.130659624E-03   0.132682662E-04
   0.993581489E-05   0.786083838E-04   0.835009268E-04   0.887186798E-05
   0.601938427E-05   0.465748490E-04   0.500920651E-04   0.556382656E-05
   0.340097904E-05   0.258756518E-04   0.278967200E-04   0.322403298E-05
   0.179588858E-05   0.133960439E-04   0.143903417E-04   0.173064689E-05
   0.868482914E-06   0.634999924E-05   0.671523776E-05   0.844527165E-06
   0.354743207E-06   0.257762645E-05   0.255511213E-05   0.335203197E-06
   0.115042035E-06   0.868614961E-06   0.705818479E-06   0.967549809E-07
   0.333294174E-07   0.340233726E-06   0.173428404E-06   0.265157389E-07
   0.277167693E-07   0.334594091E-06   0.237619872E-06   0.369578963E-07
   0.438698464E-07   0.457019922E-06   0.434223864E-06   0.592262417E-07
   0.640568416E-07   0.608402900E-06   0.646506066E-06   0.914064486E-07
   0.658128769E-07   0.596339305E-06   0.653459040E-06   0.925194144E-07
   0.646740901E-07   0.562096830E-06   0.626674421E-06   0.881886564E-07
   0.523723855E-07   0.447574280E-06   0.508708297E-06   0.745187378E-07
   0.388030656E-07   0.316536699E-06   0.359459364E-06   0.499903585E-07
   0.272269514E-07   0.220128811E-06   0.255110024E-06   0.365481192E-07
   0.189024814E-07   0.149125341E-06   0.167777614E-06   0.238142821E-07
   0.127027375E-07   0.911355755E-07   0.107155394E-06   0.131066313E-07
   0.781022536E-08   0.463897472E-07   0.455596130E-07   0.525945598E-08
   0.421943414E-08   0.205289759E-07   0.194600833E-07   0.154327617E-08
   0.310313375E-08   0.965472147E-08   0.474931650E-08   0.196814190E-09
   0.313610604E-08   0.263361044E-08  -0.640525633E-08  -0.127517719E-09
   0.158132318E-08   0.161702918E-08  -0.474113415E-08   0.729257210E-09
   0.237055664E-08   0.387785404E-08  -0.539840528E-08   0.205321782E-08
   0.184879223E-08   0.608112538E-08   0.148746027E-08   0.246364684E-08
   0.221760343E-08   0.560603119E-08  -0.432899405E-08   0.315090332E-08
   0.371630793E-08   0.810827316E-08  -0.798135247E-08   0.454051552E-08
   0.176347137E-08   0.669769662E-08   0.269224643E-09   0.323312577E-08
   0.199741046E-08   0.532697308E-08  -0.153630164E-08   0.254825783E-08
   0.125135191E-08   0.365402486E-08   0.295229896E-09   0.154533231E-08
   0.718155535E-09   0.229632158E-08   0.322408256E-08  -0.108240153E-09
   0.140008460E-08   0.133608491E-08  -0.632682684E-09  -0.576226067E-09
   0.735717443E-08   0.100794626E-07  -0.214806857E-07   0.214224527E-08
   0.100325259E-07   0.111549623E-07  -0.311372546E-07   0.271234879E-08
   0.327299716E-07   0.387603336E-07  -0.117607996E-06   0.156420370E-07
   0.532561160E-07   0.609646023E-07  -0.189938419E-06   0.251669388E-07
   0.935795939E-07   0.106400755E-06  -0.337431516E-06   0.492035106E-07
   0.161782978E-06   0.184387630E-06  -0.581526194E-06   0.874208013E-07
   0.214133522E-06   0.246154713E-06  -0.765568188E-06   0.113804191E-06
   0.292450693E-06   0.332342694E-06  -0.102795536E-05   0.151091527E-06
   0.322479934E-06   0.363580568E-06  -0.111045961E-05   0.162175965E-06
   0.358425979E-06   0.398727394E-06  -0.119465153E-05   0.165892516E-06
   0.361186835E-06   0.395328044E-06  -0.114827208E-05   0.165168458E-06
   0.259373365E-06   0.280049051E-06  -0.740071300E-06   0.102263698E-06
   0.188659968E-06   0.197907184E-06  -0.417784946E-06   0.629291890E-07
   0.207821813E-06   0.201047257E-06  -0.342732392E-06   0.531521991E-07
   0.569029737E-06   0.532940248E-06  -0.128793681E-05   0.173695099E-06
   0.166762152E-05   0.156655233E-05  -0.435915581E-05   0.548186790E-06
   0.418469062E-05   0.392347329E-05  -0.113907163E-04   0.137379607E-05
   0.892653588E-05   0.828477096E-05  -0.242416736E-04   0.281320740E-05
   0.172764157E-04   0.158829771E-04  -0.461816489E-04   0.513417308E-05
   0.306911825E-04   0.279277974E-04  -0.799428235E-04   0.849671051E-05
   0.514693420E-04   0.462384814E-04  -0.129687251E-03   0.132148125E-04
   0.810854253E-04   0.720655589E-04  -0.196268025E-03   0.191134022E-04
   0.122721671E-03   0.108113134E-03  -0.283805159E-03   0.261568184E-04
   0.179753319E-03   0.157222355E-03  -0.394998788E-03   0.345046610E-04
   0.256508996E-03   0.223305498E-03  -0.532772508E-03   0.439290670E-04
   0.356248347E-03   0.309574854E-03  -0.694273447E-03   0.538616005E-04
   0.487043115E-03   0.423412217E-03  -0.885320187E-03   0.646124536E-04
   0.657440454E-03   0.573816942E-03  -0.110730855E-02   0.756133450E-04
   0.881692977E-03   0.774583954E-03  -0.136685395E-02   0.866159826E-04
   0.118463824E-02   0.104889669E-02  -0.168114703E-02   0.989356413E-04
   0.160789932E-02   0.143591373E-02  -0.207757624E-02   0.112032874E-03
   0.222280342E-02   0.200037356E-02  -0.260230061E-02   0.127799765E-03
   0.316192163E-02   0.286241551E-02  -0.333375367E-02   0.146503953E-03
   0.463918876E-02   0.421521533E-02  -0.435679033E-02   0.166359212E-03
   0.698958058E-02   0.636263238E-02  -0.571949594E-02   0.182764532E-03
   0.106058428E-01   0.966555253E-02  -0.726422109E-02   0.185744153E-03
   0.157469381E-01   0.143656749E-01  -0.842100475E-02   0.160594573E-03
   0.219428707E-01   0.200421121E-01  -0.806926098E-02   0.102074737E-03
   0.274409913E-01   0.250878725E-01  -0.514387153E-02   0.323717977E-04
   0.296932645E-01   0.271596238E-01  -0.133801903E-07   0.000000000E+00
