   0.265043974E-01   0.261842042E+00  -0.260585997E-10   0.000000000E+00
   0.236012097E-01   0.233198509E+00   0.211173203E-01   0.121929857E-03
   0.171156973E-01   0.169231549E+00   0.301233046E-01   0.346306391E-03
   0.107508004E-01   0.106494628E+00   0.275884476E-01   0.471949112E-03
   0.626017852E-02   0.622731708E-01   0.205676612E-01   0.464648125E-03
   0.357539835E-02   0.358343795E-01   0.139226690E-01   0.389016786E-03
   0.209550420E-02   0.212289318E-01   0.918235909E-02   0.306197733E-03
   0.129577343E-02   0.132817868E-01   0.616639480E-02   0.240114110E-03
   0.854783226E-03   0.884147175E-02   0.432018749E-02   0.193064610E-03
   0.599858759E-03   0.622817734E-02   0.318322354E-02   0.162687385E-03
   0.441073382E-03   0.456620427E-02   0.244255527E-02   0.140033691E-03
   0.334000419E-03   0.342800911E-02   0.192323688E-02   0.123259160E-03
   0.256488740E-03   0.259895250E-02   0.153032632E-02   0.107653221E-03
   0.197785033E-03   0.197254936E-02   0.121857692E-02   0.935308708E-04
   0.151572516E-03   0.148584496E-02   0.960272388E-03   0.795593078E-04
   0.114877839E-03   0.110633776E-02   0.745459343E-03   0.661118174E-04
   0.859707943E-04   0.813021790E-03   0.569447642E-03   0.538112763E-04
   0.630683426E-04   0.586160750E-03   0.424701953E-03   0.424587342E-04
   0.452178065E-04   0.414037087E-03   0.308686896E-03   0.324174362E-04
   0.317198937E-04   0.286311173E-03   0.218799760E-03   0.240869686E-04
   0.214697302E-04   0.191707426E-03   0.148999228E-03   0.171338233E-04
   0.140270331E-04   0.124208615E-03   0.975217336E-04   0.117000118E-04
   0.885271038E-05   0.779008260E-04   0.614124510E-04   0.769068811E-05
   0.531005071E-05   0.467469799E-04   0.365535670E-04   0.473475939E-05
   0.299171825E-05   0.265212311E-04   0.202306928E-04   0.271598310E-05
   0.155293674E-05   0.140872080E-04   0.101696651E-04   0.141984253E-05
   0.751886375E-06   0.699711927E-05   0.461520494E-05   0.665456241E-06
   0.329434613E-06   0.325329552E-05   0.179677806E-05   0.262015078E-06
   0.120486106E-06   0.140585712E-05   0.499741816E-06   0.733821679E-07
   0.628121981E-07   0.739572442E-06   0.221481059E-06   0.195933207E-07
   0.567476661E-07   0.572542660E-06   0.285051044E-06   0.217071143E-07
   0.678442547E-07   0.564664788E-06   0.426310322E-06   0.385334573E-07
   0.856084483E-07   0.666583617E-06   0.599960572E-06   0.657322587E-07
   0.864606591E-07   0.640070198E-06   0.628281782E-06   0.733575476E-07
   0.872263328E-07   0.623078108E-06   0.640455767E-06   0.768956809E-07
   0.784013778E-07   0.546545778E-06   0.571418354E-06   0.690659334E-07
   0.629569215E-07   0.430613966E-06   0.437404594E-06   0.528819903E-07
   0.467631303E-07   0.306191708E-06   0.315821381E-06   0.361545212E-07
   0.341974378E-07   0.217881365E-06   0.228784657E-06   0.254290935E-07
   0.276623489E-07   0.165486696E-06   0.150939613E-06   0.180132709E-07
   0.151418682E-07   0.861106741E-07   0.850036699E-07   0.828503399E-08
   0.887485552E-08   0.425447304E-07   0.356901317E-07   0.313732107E-08
   0.737718686E-08   0.258986717E-07   0.109999485E-07   0.164238512E-08
   0.237215625E-08   0.101230802E-07   0.682456003E-08   0.755102314E-09
   0.698925473E-09   0.296662539E-08   0.798694444E-09   0.587087268E-09
   0.568384395E-09   0.190751503E-08  -0.188034921E-08   0.126351840E-08
   0.131924971E-08   0.166900271E-08  -0.397519750E-08   0.850904625E-09
   0.717022397E-08   0.981650849E-08  -0.214855831E-07   0.329386141E-08
   0.142569530E-07   0.171730949E-07  -0.352216212E-07   0.311685411E-08
   0.274304117E-07   0.297575191E-07  -0.770439712E-07   0.883107543E-08
   0.568143470E-07   0.649803056E-07  -0.159896771E-06   0.185880875E-07
   0.886969573E-07   0.989507285E-07  -0.253885275E-06   0.311018837E-07
   0.120737241E-06   0.131784390E-06  -0.345815266E-06   0.433206111E-07
   0.186594747E-06   0.203341443E-06  -0.541929410E-06   0.739064276E-07
   0.261343274E-06   0.284041818E-06  -0.756255758E-06   0.106301918E-06
   0.323095009E-06   0.354096812E-06  -0.925672964E-06   0.130213181E-06
   0.375809293E-06   0.406545468E-06  -0.104864557E-05   0.146593493E-06
   0.371916514E-06   0.405638076E-06  -0.992989271E-06   0.133260954E-06
   0.409116865E-06   0.433981484E-06  -0.102369813E-05   0.149836623E-06
   0.327193618E-06   0.346213824E-06  -0.676189529E-06   0.981847208E-07
   0.308289515E-06   0.321534799E-06  -0.424652939E-06   0.618786871E-07
   0.388012978E-06   0.390647813E-06  -0.323334262E-06   0.510958245E-07
   0.769971791E-06   0.746385354E-06  -0.805661443E-06   0.118194343E-06
   0.189077946E-05   0.182160500E-05  -0.290984531E-05   0.406283533E-06
   0.417871252E-05   0.402236174E-05  -0.745046827E-05   0.998176574E-06
   0.843817907E-05   0.805006130E-05  -0.159443298E-04   0.206236041E-05
   0.161170519E-04   0.152726479E-04  -0.313482960E-04   0.390474042E-05
   0.279319083E-04   0.262600151E-04  -0.541078043E-04   0.651358550E-05
   0.466701167E-04   0.435651273E-04  -0.893532197E-04   0.103543880E-04
   0.741848635E-04   0.688063956E-04  -0.138875810E-03   0.154822919E-04
   0.113564143E-03   0.104665771E-03  -0.206286655E-03   0.220249440E-04
   0.167991268E-03   0.154029782E-03  -0.294180762E-03   0.300400789E-04
   0.240903653E-03   0.220027112E-03  -0.404174178E-03   0.393975497E-04
   0.336847559E-03   0.307001930E-03  -0.538747176E-03   0.498834233E-04
   0.461893302E-03   0.420510216E-03  -0.701281708E-03   0.617730257E-04
   0.620866136E-03   0.565798662E-03  -0.890924013E-03   0.743196797E-04
   0.822467962E-03   0.751574698E-03  -0.111198775E-02   0.878834326E-04
   0.107698014E-02   0.988746877E-03  -0.136849459E-02   0.101902289E-03
   0.139917131E-02   0.129244523E-02  -0.166755076E-02   0.117071148E-03
   0.181981735E-02   0.169300369E-02  -0.203569024E-02   0.134659946E-03
   0.239103008E-02   0.224160403E-02  -0.251568947E-02   0.155367947E-03
   0.322057679E-02   0.304095191E-02  -0.319875032E-02   0.183763361E-03
   0.452044141E-02   0.429271813E-02  -0.424540835E-02   0.221972849E-03
   0.672089215E-02   0.640619919E-02  -0.593689783E-02   0.276836829E-03
   0.106426133E-01   0.101656131E-01  -0.867476221E-02   0.348348898E-03
   0.177910551E-01   0.170182660E-01  -0.129100196E-01   0.429374399E-03
   0.305769145E-01   0.293011852E-01  -0.187193118E-01   0.493325118E-03
   0.518032312E-01   0.497476682E-01  -0.247304477E-01   0.481802970E-03
   0.816048160E-01   0.785449892E-01  -0.266601704E-01   0.342489599E-03
   0.111775346E+00   0.107770145E+00  -0.185337979E-01   0.118275202E-03
   0.125210539E+00   0.120800994E+00  -0.489692837E-07   0.000000000E+00
