   0.102249660E+00   0.917525470E+00   0.000000000E+00   0.000000000E+00
   0.859367922E-01   0.770353377E+00   0.648990497E-01   0.383442239E-03
   0.539627373E-01   0.482318997E+00   0.805365294E-01   0.948229514E-03
   0.284801666E-01   0.253452033E+00   0.624080896E-01   0.109580113E-02
   0.140228560E-01   0.124243505E+00   0.396221541E-01   0.920229184E-03
   0.691037672E-02   0.611361265E-01   0.232365821E-01   0.670640322E-03
   0.357895950E-02   0.318207666E-01   0.134833911E-01   0.462939643E-03
   0.201095967E-02   0.181524120E-01   0.810375344E-02   0.324067689E-03
   0.124615745E-02   0.115227774E-01   0.521362154E-02   0.240343885E-03
   0.846585666E-03   0.804204773E-02   0.363611872E-02   0.190933803E-03
   0.616334728E-03   0.599715114E-02   0.272372249E-02   0.160145806E-03
   0.468012789E-03   0.463748304E-02   0.214183959E-02   0.139277239E-03
   0.362588209E-03   0.363726798E-02   0.172634143E-02   0.123308651E-03
   0.282314373E-03   0.285263173E-02   0.140030682E-02   0.108445944E-03
   0.219148351E-03   0.222206512E-02   0.113165495E-02   0.944551939E-04
   0.168182058E-03   0.170619274E-02   0.900967163E-03   0.803910661E-04
   0.127215433E-03   0.129020947E-02   0.705064216E-03   0.664289328E-04
   0.949117457E-04   0.960411620E-03   0.542234862E-03   0.540066685E-04
   0.694305563E-04   0.700831006E-03   0.407140556E-03   0.426613478E-04
   0.497468573E-04   0.501196075E-03   0.298356463E-03   0.326483605E-04
   0.348030080E-04   0.349797396E-03   0.212257873E-03   0.243502254E-04
   0.237583718E-04   0.238524110E-03   0.146798513E-03   0.175243804E-04
   0.155851631E-04   0.157397648E-03   0.971334957E-04   0.120245259E-04
   0.996960080E-05   0.101242033E-03   0.623340020E-04   0.798620840E-05
   0.609762901E-05   0.625610337E-04   0.378964469E-04   0.502144894E-05
   0.355821385E-05   0.371294700E-04   0.217519537E-04   0.297300085E-05
   0.198581665E-05   0.213856147E-04   0.118787830E-04   0.166496420E-05
   0.102810213E-05   0.113494089E-04   0.568836640E-05   0.814080920E-06
   0.500448095E-06   0.581520226E-05   0.246039690E-05   0.351694240E-06
   0.243679750E-06   0.291057654E-05   0.966824928E-06   0.127590937E-06
   0.122343252E-06   0.141105727E-05   0.316875713E-06   0.234174280E-07
   0.851442863E-07   0.839137215E-06   0.234029770E-06   0.933548705E-08
   0.816984596E-07   0.638168331E-06   0.319828672E-06   0.220526637E-07
   0.871785559E-07   0.584015197E-06   0.416323843E-06   0.335654740E-07
   0.890365328E-07   0.563949186E-06   0.480392146E-06   0.457781617E-07
   0.905004001E-07   0.565767550E-06   0.530688055E-06   0.572224614E-07
   0.777358764E-07   0.480094741E-06   0.460208810E-06   0.506388638E-07
   0.664997657E-07   0.406238570E-06   0.390809561E-06   0.435841017E-07
   0.508724689E-07   0.313866110E-06   0.307715283E-06   0.360153081E-07
   0.371210476E-07   0.230266210E-06   0.224836640E-06   0.272833880E-07
   0.267073723E-07   0.173761563E-06   0.164088760E-06   0.227558470E-07
   0.151354680E-07   0.989608182E-07   0.953638306E-07   0.134337164E-07
   0.804217315E-08   0.566674530E-07   0.506790592E-07   0.890195651E-08
   0.551296653E-08   0.524623474E-07   0.464785614E-07   0.130721194E-07
   0.327678373E-08   0.316071969E-07   0.198004511E-07   0.118923547E-07
   0.366835762E-08   0.158769780E-07  -0.108203260E-07   0.101604494E-07
   0.988998039E-08   0.189521590E-07  -0.336917267E-07   0.121603785E-07
   0.197821315E-07   0.264350177E-07  -0.595891372E-07   0.148435362E-07
   0.356320555E-07   0.414366994E-07  -0.100294550E-06   0.172417973E-07
   0.679326959E-07   0.755727001E-07  -0.185386526E-06   0.290987412E-07
   0.116119928E-06   0.128219469E-06  -0.309254602E-06   0.444053043E-07
   0.160330885E-06   0.171512525E-06  -0.420823824E-06   0.595667409E-07
   0.190708974E-06   0.203025536E-06  -0.496974621E-06   0.721373254E-07
   0.256329400E-06   0.263900887E-06  -0.649861363E-06   0.919522094E-07
   0.303159680E-06   0.317120396E-06  -0.755034819E-06   0.106251761E-06
   0.346122874E-06   0.361771924E-06  -0.827018312E-06   0.114133343E-06
   0.371775599E-06   0.390708635E-06  -0.828722193E-06   0.113942811E-06
   0.344051415E-06   0.352748685E-06  -0.635753111E-06   0.933538900E-07
   0.352420955E-06   0.360789272E-06  -0.439226483E-06   0.571332883E-07
   0.441608535E-06   0.441078129E-06  -0.294496857E-06   0.387655987E-07
   0.716521868E-06   0.710717359E-06  -0.392511424E-06   0.611852684E-07
   0.147899800E-05   0.144041576E-05  -0.122756853E-05   0.176889955E-06
   0.326196960E-05   0.313021269E-05  -0.378394429E-05   0.523289941E-06
   0.647025900E-05   0.619589309E-05  -0.867635117E-05   0.115641137E-05
   0.121504736E-04   0.115723969E-04  -0.175645582E-04   0.226339353E-05
   0.213447875E-04   0.201125767E-04  -0.316690312E-04   0.397019858E-05
   0.359170190E-04   0.336415469E-04  -0.538819841E-04   0.652955941E-05
   0.584422487E-04   0.544613868E-04  -0.876383565E-04   0.102278391E-04
   0.908515649E-04   0.839739150E-04  -0.133775757E-03   0.150873575E-04
   0.136774412E-03   0.125859937E-03  -0.196683905E-03   0.212561008E-04
   0.199671122E-03   0.182836549E-03  -0.277997577E-03   0.288631854E-04
   0.284855458E-03   0.259715598E-03  -0.382119470E-03   0.379665507E-04
   0.394781033E-03   0.359044585E-03  -0.506934244E-03   0.479777518E-04
   0.537515967E-03   0.487914280E-03  -0.658569857E-03   0.593791010E-04
   0.716970768E-03   0.650312344E-03  -0.834845239E-03   0.715009301E-04
   0.938711106E-03   0.851793855E-03  -0.103554328E-02   0.840693247E-04
   0.121146289E-02   0.110107602E-02  -0.126484514E-02   0.971020781E-04
   0.154479081E-02   0.140744401E-02  -0.152693328E-02   0.111359332E-03
   0.194989517E-02   0.178352406E-02  -0.182869891E-02   0.125733539E-03
   0.246528909E-02   0.226548105E-02  -0.221000542E-02   0.143779922E-03
   0.316238217E-02   0.292082992E-02  -0.274097756E-02   0.168950210E-03
   0.420868443E-02   0.390689308E-02  -0.357461232E-02   0.204692216E-03
   0.598145556E-02   0.557636935E-02  -0.501313154E-02   0.264008093E-03
   0.934099965E-02   0.873647723E-02  -0.763341645E-02   0.355969125E-03
   0.162154119E-01   0.152064692E-01  -0.124648046E-01   0.499273592E-03
   0.308109466E-01   0.289717764E-01  -0.211029891E-01   0.695652445E-03
   0.618825369E-01   0.583734773E-01  -0.353905372E-01   0.919525570E-03
   0.124817140E+00   0.118123136E+00  -0.549218021E-01   0.105252909E-02
   0.234969378E+00   0.223031759E+00  -0.699501783E-01   0.884039851E-03
   0.372266203E+00   0.354045808E+00  -0.558346286E-01   0.349770678E-03
   0.442118645E+00   0.420776129E+00  -0.157304925E-06   0.000000000E+00
