   0.521062932E-03   0.123781031E-01   0.000000000E+00   0.000000000E+00
   0.496314897E-03   0.117146410E-01   0.136522460E-02   0.743959117E-05
   0.434181187E-03   0.100514432E-01   0.230942341E-02   0.251514484E-04
   0.355461205E-03   0.794644188E-02   0.268395664E-02   0.439913638E-04
   0.280930311E-03   0.594151858E-02   0.262176478E-02   0.572943609E-04
   0.220142581E-03   0.430764770E-02   0.233682944E-02   0.641077277E-04
   0.174012690E-03   0.308231451E-02   0.198598905E-02   0.654496544E-04
   0.139427197E-03   0.220460049E-02   0.164736609E-02   0.635836041E-04
   0.112847352E-03   0.158237747E-02   0.134667999E-02   0.595826423E-04
   0.912758624E-04   0.113954814E-02   0.108483923E-02   0.542425623E-04
   0.729542953E-04   0.820399728E-03   0.857789011E-03   0.474280823E-04
   0.574665246E-04   0.589289761E-03   0.666530861E-03   0.405734063E-04
   0.441483680E-04   0.419243966E-03   0.505128875E-03   0.334497818E-04
   0.327268099E-04   0.291940698E-03   0.369497051E-03   0.263250822E-04
   0.233547507E-04   0.198017253E-03   0.260405155E-03   0.198801317E-04
   0.160568179E-04   0.130542991E-03   0.176927904E-03   0.143746111E-04
   0.104479268E-04   0.819819325E-04   0.113688904E-03   0.977195941E-05
   0.636594359E-05   0.483080948E-04   0.682781247E-04   0.621247091E-05
   0.364269204E-05   0.267892756E-04   0.384271261E-04   0.366852805E-05
   0.187524267E-05   0.132897285E-04   0.192992266E-04   0.192354764E-05
   0.841157828E-06   0.562522700E-05   0.832372461E-05   0.870498866E-06
   0.327043125E-06   0.201892954E-05   0.304079413E-05   0.333723904E-06
   0.892445229E-07   0.491868207E-06   0.714661496E-06   0.863394050E-07
   0.249425192E-07   0.170541199E-06   0.197172128E-06   0.250794852E-07
   0.249319303E-07   0.280316158E-06   0.312569767E-06   0.401598648E-07
   0.409843324E-07   0.447014912E-06   0.543601629E-06   0.744476765E-07
   0.555493180E-07   0.568713176E-06   0.719248192E-06   0.968141407E-07
   0.596290093E-07   0.582832456E-06   0.757378075E-06   0.103797305E-06
   0.531903552E-07   0.506649826E-06   0.654122402E-06   0.890530600E-07
   0.417517896E-07   0.392092431E-06   0.520109211E-06   0.748560325E-07
   0.258534545E-07   0.244832648E-06   0.325779297E-06   0.504858804E-07
   0.152626320E-07   0.147410134E-06   0.186761056E-06   0.295835587E-07
   0.684917723E-08   0.687677115E-07   0.891179255E-07   0.159531552E-07
   0.411656087E-08   0.388783121E-07   0.518779508E-07   0.858321325E-08
   0.151416935E-08   0.145069095E-07   0.191828118E-07   0.348842222E-08
   0.256688171E-09   0.289879387E-08   0.344131079E-08   0.845594983E-09
   0.598865749E-10   0.396796179E-09  -0.348262058E-09   0.270106465E-09
   0.787962473E-10   0.395495997E-09   0.600219874E-09   0.383189730E-10
   0.174205608E-09   0.142012735E-08   0.143916390E-08   0.317735588E-09
   0.998353733E-09   0.851451887E-08   0.924189081E-08   0.191186511E-08
   0.894329277E-09   0.739878692E-08   0.105293445E-07   0.155527569E-08
   0.309824777E-09   0.361303565E-08   0.421070556E-08   0.102935516E-08
   0.527708877E-09   0.568682390E-08   0.693595004E-08   0.164998393E-08
   0.655157761E-09   0.654062937E-08   0.775748354E-08   0.201593586E-08
   0.392179150E-09   0.303231973E-08   0.172224279E-08   0.133943545E-08
   0.803435429E-09   0.228243957E-08  -0.370258602E-08   0.151508106E-08
   0.257153993E-09   0.260446598E-08   0.660857646E-09   0.127417721E-08
   0.798511202E-09   0.256431254E-08  -0.357029051E-08   0.168414038E-08
   0.124509825E-08   0.229731167E-08  -0.749394058E-08   0.153018420E-08
   0.380357479E-08   0.572850478E-08  -0.206494377E-07   0.367844755E-08
   0.374769726E-08   0.535890488E-08  -0.176431900E-07   0.335439387E-08
   0.344719098E-08   0.464814853E-08  -0.178178325E-07   0.280254087E-08
   0.204141126E-08   0.276491119E-08  -0.105490150E-07   0.155326785E-08
   0.129312394E-08   0.152715762E-08  -0.573811443E-08   0.875897410E-09
   0.500183450E-09   0.826762214E-09  -0.278260726E-08   0.496077235E-09
   0.181711513E-08   0.286759616E-08  -0.972251435E-08   0.188680049E-08
   0.866661765E-08   0.122491324E-07  -0.444692603E-07   0.756731389E-08
   0.201568202E-07   0.273777605E-07  -0.101247615E-06   0.163911054E-07
   0.506340001E-07   0.665736408E-07  -0.250212651E-06   0.377765055E-07
   0.934370092E-07   0.119277900E-06  -0.451385205E-06   0.663986341E-07
   0.165800657E-06   0.211019156E-06  -0.793082108E-06   0.111282390E-06
   0.221995421E-06   0.277628942E-06  -0.104139349E-05   0.143085188E-06
   0.306648644E-06   0.374892210E-06  -0.140400698E-05   0.188863169E-06
   0.382902812E-06   0.457809648E-06  -0.170475732E-05   0.223379843E-06
   0.349901939E-06   0.412000759E-06  -0.150822450E-05   0.192373534E-06
   0.292389899E-06   0.336213816E-06  -0.119539800E-05   0.147614600E-06
   0.181543214E-06   0.202591082E-06  -0.674461262E-06   0.838186835E-07
   0.125774847E-06   0.127022972E-06  -0.450131211E-06   0.560964004E-07
   0.394791499E-06   0.395167859E-06  -0.162185711E-05   0.191684805E-06
   0.145374349E-05   0.145077149E-05  -0.597542839E-05   0.659943908E-06
   0.397210033E-05   0.391551521E-05  -0.158771654E-04   0.166440930E-05
   0.913743497E-05   0.884302062E-05  -0.352991556E-04   0.352017582E-05
   0.181374871E-04   0.171963366E-04  -0.674946277E-04   0.641994302E-05
   0.329970608E-04   0.306948641E-04  -0.118082018E-03   0.106436546E-04
   0.545548683E-04   0.497820693E-04  -0.186723235E-03   0.159153478E-04
   0.859620341E-04   0.770754486E-04  -0.280253269E-03   0.225173535E-04
   0.129025895E-03   0.114050708E-03  -0.398222328E-03   0.298793111E-04
   0.186557518E-03   0.162953846E-03  -0.540984969E-03   0.378389050E-04
   0.262326910E-03   0.227357872E-03  -0.708386069E-03   0.459737093E-04
   0.361148588E-03   0.311981828E-03  -0.898289960E-03   0.536941989E-04
   0.491376384E-03   0.425051141E-03  -0.111258007E-02   0.608083792E-04
   0.664417341E-03   0.577722909E-03  -0.135027280E-02   0.667649219E-04
   0.899123144E-03   0.787662575E-03  -0.161588425E-02   0.718078081E-04
   0.122445147E-02   0.108150486E-02  -0.191614986E-02   0.752085762E-04
   0.167830696E-02   0.149329065E-02  -0.224761828E-02   0.766206649E-04
   0.230613956E-02   0.206353096E-02  -0.258421479E-02   0.743176861E-04
   0.314099528E-02   0.282118889E-02  -0.284513435E-02   0.660236619E-04
   0.415583001E-02   0.374198472E-02  -0.286535663E-02   0.502848525E-04
   0.521703064E-02   0.470481953E-02  -0.243458920E-02   0.285785081E-04
   0.606091414E-02   0.547063584E-02  -0.142998551E-02   0.839931272E-05
   0.638702884E-02   0.576704741E-02  -0.369260666E-08   0.000000000E+00
