   0.755830086E-03   0.167874433E-01   0.306528025E-08   0.000000000E+00
   0.731997017E-03   0.161406919E-01   0.181401300E-02   0.103940647E-04
   0.667157758E-03   0.143892420E-01   0.320396549E-02   0.367542270E-04
   0.580513442E-03   0.120451571E-01   0.397060951E-02   0.683524486E-04
   0.490308448E-03   0.960518979E-02   0.416486477E-02   0.954898060E-04
   0.408928405E-03   0.741942693E-02   0.397526426E-02   0.114024835E-03
   0.340590050E-03   0.562172104E-02   0.358615792E-02   0.123671052E-03
   0.284945738E-03   0.422423519E-02   0.312889996E-02   0.126921761E-03
   0.238942885E-03   0.316094700E-02   0.266734092E-02   0.122942642E-03
   0.199807997E-03   0.236425432E-02   0.223312993E-02   0.116015413E-03
   0.165864752E-03   0.176635711E-02   0.183923705E-02   0.106301450E-03
   0.135357288E-03   0.131382467E-02   0.148390047E-02   0.937183358E-04
   0.108127373E-03   0.969070534E-03   0.117038959E-02   0.806731259E-04
   0.843854650E-04   0.706725405E-03   0.901864900E-03   0.668291032E-04
   0.640466897E-04   0.507067016E-03   0.676453230E-03   0.538203785E-04
   0.467509526E-04   0.353884156E-03   0.488358841E-03   0.411717410E-04
   0.329732502E-04   0.239929373E-03   0.340684550E-03   0.305784852E-04
   0.222922263E-04   0.157036702E-03   0.227837503E-03   0.214566335E-04
   0.142367708E-04   0.971479240E-04   0.143622208E-03   0.142318777E-04
   0.862899742E-05   0.570180964E-04   0.857527048E-04   0.891896070E-05
   0.475244133E-05   0.302522531E-04   0.461799864E-04   0.500312717E-05
   0.240932150E-05   0.145570357E-04   0.226778866E-04   0.256679255E-05
   0.107733638E-05   0.602896807E-05   0.962335344E-05   0.113328099E-05
   0.363619137E-06   0.175484513E-05   0.287698026E-05   0.352871268E-06
   0.111767612E-06   0.504127343E-06   0.755945052E-06   0.105129168E-06
   0.454705464E-07   0.370261262E-06   0.404659033E-06   0.648556338E-07
   0.623493150E-07   0.671330554E-06   0.777648722E-06   0.108903144E-06
   0.108715227E-06   0.112101441E-05   0.139572467E-05   0.198739457E-06
   0.115286078E-06   0.112169960E-05   0.144839748E-05   0.212225402E-06
   0.130991751E-06   0.121936773E-05   0.160494187E-05   0.232875720E-06
   0.113937162E-06   0.103147886E-05   0.138046209E-05   0.205363733E-06
   0.923023791E-07   0.822933941E-06   0.109605764E-05   0.163785586E-06
   0.656298482E-07   0.575778131E-06   0.757026442E-06   0.114025809E-06
   0.465626506E-07   0.396153951E-06   0.547373020E-06   0.830601365E-07
   0.267813416E-07   0.225455054E-06   0.309129319E-06   0.465767336E-07
   0.146846650E-07   0.119103063E-06   0.154157618E-06   0.230507311E-07
   0.823441049E-08   0.663530741E-07   0.873253825E-07   0.130777993E-07
   0.212886664E-08   0.125767050E-07   0.176871389E-07   0.141751733E-08
   0.209238271E-08   0.296882252E-08  -0.372941589E-08  -0.275983902E-09
   0.371381059E-08   0.418133039E-08  -0.153882436E-07   0.154457636E-08
   0.224468044E-08   0.722417370E-08  -0.320472565E-09   0.340602924E-08
   0.285451751E-08   0.853714432E-08  -0.478205298E-08   0.467561501E-08
   0.549592372E-08   0.188679738E-07   0.421756852E-08   0.830789926E-08
   0.324603944E-08   0.143924730E-07   0.179068760E-08   0.731221572E-08
   0.372632813E-08   0.133017091E-07  -0.104905755E-07   0.823274782E-08
   0.388238330E-08   0.142158383E-07  -0.112467635E-07   0.886826612E-08
   0.750305151E-08   0.196835312E-07  -0.272327458E-07   0.123661748E-07
   0.467572336E-08   0.149865294E-07  -0.103400311E-07   0.870323191E-08
   0.419812096E-08   0.133457201E-07  -0.702509872E-08   0.739967554E-08
   0.136418721E-08   0.878050788E-08   0.835628189E-08   0.341651063E-08
   0.127713562E-08   0.332775851E-08  -0.174894121E-08   0.162095726E-08
   0.913189357E-09   0.123495847E-08  -0.201402450E-08   0.305615450E-09
   0.239455078E-08   0.310581871E-08  -0.914368137E-08   0.549776058E-09
   0.636049746E-08   0.867195293E-08  -0.271714917E-07   0.243376452E-08
   0.261668482E-07   0.381655774E-07  -0.134385957E-06   0.195625223E-07
   0.632448263E-07   0.955432995E-07  -0.326370156E-06   0.472691113E-07
   0.119976079E-06   0.181968460E-06  -0.623180256E-06   0.954542756E-07
   0.210872201E-06   0.311981609E-06  -0.107689857E-05   0.163957594E-06
   0.301581764E-06   0.446938969E-06  -0.152709356E-05   0.228423644E-06
   0.428254452E-06   0.623742551E-06  -0.212746704E-05   0.308731984E-06
   0.538051552E-06   0.766517985E-06  -0.261705145E-05   0.384944002E-06
   0.599434884E-06   0.849443097E-06  -0.286136014E-05   0.413274250E-06
   0.651524374E-06   0.909326843E-06  -0.301761065E-05   0.423882597E-06
   0.546139006E-06   0.743628505E-06  -0.241188354E-05   0.328127328E-06
   0.373114347E-06   0.497942040E-06  -0.152123710E-05   0.202850700E-06
   0.198774629E-06   0.243629756E-06  -0.714473742E-06   0.973681153E-07
   0.314256255E-06   0.343625999E-06  -0.128270688E-05   0.173336062E-06
   0.122494646E-05   0.138547182E-05  -0.544788463E-05   0.679663628E-06
   0.371943565E-05   0.426695306E-05  -0.164199882E-04   0.194295080E-05
   0.875181649E-05   0.991653997E-05  -0.375423442E-04   0.426819088E-05
   0.178062874E-04   0.199699298E-04  -0.741730182E-04   0.803935382E-05
   0.323757085E-04   0.357809258E-04  -0.130518602E-03   0.135086138E-04
   0.553733225E-04   0.602248656E-04  -0.215536274E-03   0.212710038E-04
   0.885812842E-04   0.949937312E-04  -0.331981340E-03   0.309807365E-04
   0.133857073E-03   0.141449200E-03  -0.480594405E-03   0.425601356E-04
   0.194215449E-03   0.203026240E-03  -0.665240397E-03   0.552457968E-04
   0.272328762E-03   0.282360648E-03  -0.884438283E-03   0.687499123E-04
   0.371744944E-03   0.383735198E-03  -0.113634986E-02   0.823331211E-04
   0.497853267E-03   0.514014508E-03  -0.142134808E-02   0.952784831E-04
   0.655611802E-03   0.680150522E-03  -0.172950013E-02   0.106387983E-03
   0.857686508E-03   0.897491293E-03  -0.206960132E-02   0.116105497E-03
   0.111512723E-02   0.118097500E-02  -0.242790673E-02   0.122788653E-03
   0.144904864E-02   0.155553513E-02  -0.280693383E-02   0.126568950E-03
   0.188553287E-02   0.205172412E-02  -0.319821737E-02   0.127591135E-03
   0.245427014E-02   0.270348880E-02  -0.357859349E-02   0.123337682E-03
   0.317901210E-02   0.353717175E-02  -0.388614950E-02   0.112180736E-03
   0.405297754E-02   0.454449421E-02  -0.400139159E-02   0.928001609E-04
   0.502386503E-02   0.566573581E-02  -0.376356603E-02   0.658856152E-04
   0.595337385E-02   0.674112327E-02  -0.300707412E-02   0.352943061E-04
   0.663855299E-02   0.753498683E-02  -0.169028621E-02   0.995060236E-05
   0.689709932E-02   0.783450156E-02  -0.493746377E-08   0.000000000E+00
