   0.957437828E-01   0.109371328E+01   0.129202569E-10   0.000000000E+00
   0.751338974E-01   0.858385146E+00   0.457609929E-01   0.258397864E-03
   0.403004549E-01   0.460441649E+00   0.492428876E-01   0.557273917E-03
   0.178626794E-01   0.203856558E+00   0.328516103E-01   0.559659500E-03
   0.749391736E-02   0.851141810E-01   0.183518976E-01   0.419414137E-03
   0.322250044E-02   0.360727347E-01   0.967613887E-02   0.277497369E-03
   0.151193724E-02   0.164026376E-01   0.513327681E-02   0.176837537E-03
   0.818734872E-03   0.844863616E-02   0.287414552E-02   0.114463110E-03
   0.524429604E-03   0.512020849E-02   0.176942337E-02   0.790525373E-04
   0.385886029E-03   0.361189735E-02   0.122213189E-02   0.592739125E-04
   0.307578652E-03   0.281508639E-02   0.933097443E-03   0.483491749E-04
   0.253290142E-03   0.230119447E-02   0.760568422E-03   0.416773619E-04
   0.209320991E-03   0.190372684E-02   0.637900841E-03   0.369827903E-04
   0.171594889E-03   0.156909856E-02   0.538720167E-03   0.330445619E-04
   0.138433214E-03   0.127451669E-02   0.450290623E-03   0.292996501E-04
   0.109736706E-03   0.101808913E-02   0.370474329E-03   0.254656770E-04
   0.855563558E-04   0.800596725E-03   0.299889449E-03   0.216871395E-04
   0.654115065E-04   0.617405225E-03   0.237369197E-03   0.180276948E-04
   0.491645187E-04   0.467483042E-03   0.183978293E-03   0.146678531E-04
   0.362232386E-04   0.347507157E-03   0.139389900E-03   0.116161900E-04
   0.260863508E-04   0.252135738E-03   0.102508144E-03   0.889010335E-05
   0.184662167E-04   0.180123257E-03   0.739675525E-04   0.664721347E-05
   0.127559379E-04   0.125187187E-03   0.515266365E-04   0.480071276E-05
   0.863031892E-05   0.852241574E-04   0.349386428E-04   0.336262428E-05
   0.569800068E-05   0.566478811E-04   0.229338020E-04   0.227212672E-05
   0.365632354E-05   0.364798107E-04   0.144003079E-04   0.145679803E-05
   0.227645637E-05   0.227749133E-04   0.861183071E-05   0.889470641E-06
   0.136495726E-05   0.137029811E-04   0.482894484E-05   0.504732498E-06
   0.824007884E-06   0.803906551E-05   0.259465378E-05   0.271703698E-06
   0.464263309E-06   0.447784441E-05   0.121956089E-05   0.126771099E-06
   0.266189630E-06   0.245895762E-05   0.532868000E-06   0.536144675E-07
   0.162404291E-06   0.134122968E-05   0.218799840E-06   0.187814617E-07
   0.990850992E-07   0.694780738E-06   0.659620341E-07   0.374562159E-08
   0.662496475E-07   0.423885695E-06   0.505666193E-07   0.444189530E-08
   0.504049460E-07   0.278213662E-06   0.597756511E-07   0.636813313E-08
   0.417648600E-07   0.213638486E-06   0.802210209E-07   0.967011715E-08
   0.359369672E-07   0.178183669E-06   0.899371813E-07   0.111046514E-07
   0.278466405E-07   0.153122670E-06   0.927175421E-07   0.130369902E-07
   0.230972290E-07   0.129929376E-06   0.855685940E-07   0.122577717E-07
   0.165024083E-07   0.102810354E-06   0.705448855E-07   0.115525278E-07
   0.112878267E-07   0.776652129E-07   0.517960359E-07   0.103226077E-07
   0.686566670E-08   0.556225181E-07   0.357360577E-07   0.946256051E-08
   0.489459362E-08   0.438158843E-07   0.264145754E-07   0.916568244E-08
   0.356973739E-08   0.346072078E-07   0.175785804E-07   0.868808847E-08
   0.302817260E-08   0.211679865E-07   0.145406709E-08   0.832814084E-08
   0.618565732E-08   0.176528925E-07  -0.108080371E-07   0.896389896E-08
   0.122838522E-07   0.188478886E-07  -0.238346676E-07   0.101392024E-07
   0.184785431E-07   0.199458139E-07  -0.379060197E-07   0.102470965E-07
   0.313272857E-07   0.284063439E-07  -0.597264886E-07   0.128588340E-07
   0.436110348E-07   0.363602730E-07  -0.786359493E-07   0.146268526E-07
   0.615329228E-07   0.491905787E-07  -0.105932976E-06   0.172107146E-07
   0.949642640E-07   0.725242586E-07  -0.157661376E-06   0.243128575E-07
   0.109959210E-06   0.816871477E-07  -0.170476085E-06   0.249920298E-07
   0.128356447E-06   0.927388513E-07  -0.179507637E-06   0.239216060E-07
   0.148046837E-06   0.103526347E-06  -0.177529813E-06   0.226387229E-07
   0.175513350E-06   0.117864673E-06  -0.160484035E-06   0.186968219E-07
   0.215236938E-06   0.141587535E-06  -0.116123068E-06   0.111971383E-07
   0.301977337E-06   0.202783227E-06  -0.852223039E-07   0.647966036E-08
   0.475389925E-06   0.330295535E-06  -0.900610715E-07   0.670099709E-08
   0.884072222E-06   0.641334623E-06  -0.268547609E-06   0.299683620E-07
   0.164465325E-05   0.121528046E-05  -0.724841868E-06   0.892963357E-07
   0.303590127E-05   0.228088788E-05  -0.173539536E-05   0.220492694E-06
   0.547989703E-05   0.414722535E-05  -0.369671875E-05   0.468379596E-06
   0.952257597E-05   0.720326443E-05  -0.707498930E-05   0.890589774E-06
   0.157278791E-04   0.119425977E-04  -0.123647178E-04   0.151768688E-05
   0.250890207E-04   0.189896909E-04  -0.202442516E-04   0.243525733E-05
   0.391771282E-04   0.295291829E-04  -0.320592299E-04   0.377001311E-05
   0.590484378E-04   0.444351208E-04  -0.483840813E-04   0.550391906E-05
   0.866815390E-04   0.649380454E-04  -0.702552061E-04   0.777629975E-05
   0.124477418E-03   0.929000671E-04  -0.992074274E-04   0.106130774E-04
   0.174464280E-03   0.129666514E-03  -0.135736351E-03   0.140433540E-04
   0.238876586E-03   0.176831687E-03  -0.180341667E-03   0.179671242E-04
   0.320975087E-03   0.236682579E-03  -0.234244784E-03   0.224460564E-04
   0.422948506E-03   0.310704811E-03  -0.297243998E-03   0.272823545E-04
   0.547954522E-03   0.401028490E-03  -0.369942107E-03   0.325309156E-04
   0.697402982E-03   0.508765574E-03  -0.451582309E-03   0.377658107E-04
   0.870459655E-03   0.632739509E-03  -0.539702422E-03   0.428973435E-04
   0.106839021E-02   0.773970212E-03  -0.635444769E-03   0.478504262E-04
   0.129699369E-02   0.936494907E-03  -0.744532910E-03   0.526361655E-04
   0.156624138E-02   0.112669251E-02  -0.877268147E-03   0.579575681E-04
   0.191914500E-02   0.137514959E-02  -0.106763281E-02   0.649754147E-04
   0.246638199E-02   0.176008651E-02  -0.138754223E-02   0.765229488E-04
   0.350180687E-02   0.249091559E-02  -0.199270621E-02   0.967719461E-04
   0.577544235E-02   0.410390319E-02  -0.320638390E-02   0.134547052E-03
   0.111726308E-01   0.794976298E-02  -0.566467131E-02   0.200209543E-03
   0.244920962E-01   0.174712967E-01  -0.105822319E-01   0.306296686E-03
   0.576419272E-01   0.412269123E-01  -0.199275371E-01   0.456110778E-03
   0.138067037E+00   0.989583060E-01  -0.355426893E-01   0.605356996E-03
   0.312766999E+00   0.224512547E+00  -0.532925650E-01   0.602621934E-03
   0.585829258E+00   0.420891434E+00  -0.496762656E-01   0.280141219E-03
   0.748298705E+00   0.537769794E+00  -0.150222959E-06   0.000000000E+00
