   0.504469097E+00   0.513408899E+01   0.000000000E+00   0.000000000E+00
   0.322412342E+00   0.327346158E+01   0.264787763E+00   0.152512977E-02
   0.118077457E+00   0.118976271E+01   0.193399534E+00   0.222941255E-02
   0.380193926E-01   0.377798796E+00   0.928030759E-01   0.160939072E-02
   0.127159469E-01   0.123708703E+00   0.407266170E-01   0.947408902E-03
   0.466258032E-02   0.442137606E-01   0.179452486E-01   0.528646167E-03
   0.195864495E-02   0.182499830E-01   0.830253586E-02   0.299620733E-03
   0.990552595E-03   0.933457073E-02   0.423092069E-02   0.182185191E-03
   0.611827709E-03   0.602483749E-02   0.249848864E-02   0.124717393E-03
   0.438743475E-03   0.456481567E-02   0.172857242E-02   0.971782574E-04
   0.340332452E-03   0.371209439E-02   0.134702737E-02   0.830405479E-04
   0.270764896E-03   0.306081027E-02   0.111325423E-02   0.737037699E-04
   0.215072418E-03   0.249669817E-02   0.934206590E-03   0.657729397E-04
   0.168236656E-03   0.199203333E-02   0.775156775E-03   0.579151274E-04
   0.129327207E-03   0.155540009E-02   0.632020470E-03   0.498831214E-04
   0.975579969E-04   0.118806085E-02   0.504245865E-03   0.419602839E-04
   0.718183219E-04   0.884216221E-03   0.390504167E-03   0.340669321E-04
   0.516298605E-04   0.641593535E-03   0.293501740E-03   0.268171261E-04
   0.362938335E-04   0.455008820E-03   0.214715270E-03   0.204927983E-04
   0.248768265E-04   0.314670324E-03   0.152358320E-03   0.151296081E-04
   0.166393220E-04   0.211973340E-03   0.104721083E-03   0.108246268E-04
   0.106987363E-04   0.137956202E-03   0.687589782E-04   0.735827143E-05
   0.665207563E-05   0.871932425E-04   0.434700851E-04   0.478926404E-05
   0.398651173E-05   0.530755642E-04   0.261563546E-04   0.296774169E-05
   0.225562758E-05   0.309079151E-04   0.147395431E-04   0.170935630E-05
   0.123202335E-05   0.172416185E-04   0.780946084E-05   0.922947606E-06
   0.618222828E-06   0.892330172E-05   0.362611900E-05   0.429484061E-06
   0.300199900E-06   0.445418164E-05   0.154350903E-05   0.179750614E-06
   0.150524230E-06   0.212321515E-05   0.589654007E-06   0.593639307E-07
   0.844930028E-07   0.101338071E-05   0.230355496E-06   0.148440273E-07
   0.541237171E-07   0.475392937E-06   0.110122208E-06   0.517284571E-08
   0.507225089E-07   0.307251184E-06   0.144208059E-06   0.103779021E-07
   0.464990286E-07   0.255470724E-06   0.186747968E-06   0.185577473E-07
   0.451970728E-07   0.240558990E-06   0.212641282E-06   0.227388508E-07
   0.421958894E-07   0.229017445E-06   0.222730264E-06   0.253044750E-07
   0.355872984E-07   0.196392250E-06   0.186970681E-06   0.215108571E-07
   0.269016311E-07   0.149633181E-06   0.147417737E-06   0.163800600E-07
   0.226519372E-07   0.116786254E-06   0.105521146E-06   0.107351834E-07
   0.181278494E-07   0.900703085E-07   0.786547574E-07   0.761998820E-08
   0.113344827E-07   0.507236244E-07   0.421695390E-07   0.349046902E-08
   0.715001125E-08   0.276737087E-07   0.203351167E-07   0.143618284E-08
   0.480752282E-08   0.147270800E-07   0.947771728E-08   0.147428833E-09
   0.308361203E-08   0.992377647E-08   0.566186786E-08   0.345036777E-09
   0.106042519E-08   0.236729547E-08   0.667014888E-09   0.186771935E-10
   0.771300912E-09   0.642189024E-09  -0.765729036E-09  -0.302513500E-10
   0.460308319E-10   0.344098611E-09   0.186366391E-10   0.168891373E-09
   0.111230392E-08   0.154894475E-08  -0.292352964E-08   0.518834031E-09
   0.281119461E-08   0.309555492E-08  -0.583960436E-08   0.542133560E-09
   0.604045347E-08   0.601362071E-08  -0.122758887E-07   0.959693436E-09
   0.969885328E-08   0.870794814E-08  -0.210285087E-07   0.193042338E-08
   0.207319495E-07   0.199911998E-07  -0.471747832E-07   0.510578557E-08
   0.441972254E-07   0.400510913E-07  -0.106524723E-06   0.136450184E-07
   0.606554096E-07   0.571329579E-07  -0.147158246E-06   0.191491800E-07
   0.852006750E-07   0.763338903E-07  -0.205915114E-06   0.282913089E-07
   0.116090824E-06   0.108821382E-06  -0.280924098E-06   0.381619607E-07
   0.139520026E-06   0.128924512E-06  -0.332682248E-06   0.469060772E-07
   0.180049838E-06   0.164227245E-06  -0.421246767E-06   0.623626306E-07
   0.187333143E-06   0.170090416E-06  -0.405388761E-06   0.622039096E-07
   0.191873795E-06   0.172528516E-06  -0.349608513E-06   0.601706773E-07
   0.210230183E-06   0.185721220E-06  -0.235964720E-06   0.412026182E-07
   0.316200044E-06   0.272973153E-06  -0.180510412E-06   0.331629693E-07
   0.592346112E-06   0.502575574E-06  -0.279252276E-06   0.445699833E-07
   0.127587862E-05   0.106033826E-05  -0.816126601E-06   0.104603558E-06
   0.284724456E-05   0.236876622E-05  -0.252406267E-05   0.300734030E-06
   0.581594713E-05   0.479034088E-05  -0.593490677E-05   0.680604444E-06
   0.112878788E-04   0.923221251E-05  -0.125178776E-04   0.140117572E-05
   0.202034571E-04   0.163801178E-04  -0.230352944E-04   0.250188600E-05
   0.345182052E-04   0.278099888E-04  -0.396719188E-04   0.415828390E-05
   0.570885604E-04   0.456458656E-04  -0.652403251E-04   0.661459353E-05
   0.903128530E-04   0.716884533E-04  -0.101061989E-03   0.987448402E-05
   0.138639021E-03   0.109321198E-03  -0.150726424E-03   0.141139326E-04
   0.205212986E-03   0.160932410E-03  -0.214631058E-03   0.191521813E-04
   0.296261074E-03   0.230912250E-03  -0.296117010E-03   0.251928304E-04
   0.415814487E-03   0.322451611E-03  -0.394741917E-03   0.317924387E-04
   0.570207136E-03   0.440071046E-03  -0.511801511E-03   0.389321212E-04
   0.763679738E-03   0.586944167E-03  -0.645653170E-03   0.461687705E-04
   0.998018426E-03   0.764313445E-03  -0.792287698E-03   0.531402038E-04
   0.127573509E-02   0.974039838E-03  -0.950729707E-03   0.594356352E-04
   0.159284053E-02   0.121296721E-02  -0.111724460E-02   0.652117087E-04
   0.194993697E-02   0.148149650E-02  -0.130082970E-02   0.708863008E-04
   0.236153672E-02   0.179088209E-02  -0.153556652E-02   0.788745310E-04
   0.290538021E-02   0.220126961E-02  -0.192252488E-02   0.931800823E-04
   0.383238355E-02   0.290592434E-02  -0.270647882E-02   0.123159829E-03
   0.591108901E-02   0.449938187E-02  -0.447309390E-02   0.186462858E-03
   0.114273261E-01   0.875634607E-02  -0.858466793E-02   0.312796183E-03
   0.272790752E-01   0.210469067E-01  -0.182052813E-01   0.551328296E-03
   0.752545074E-01   0.583781078E-01  -0.406439118E-01   0.974341121E-03
   0.226797417E+00   0.176626980E+00  -0.912041888E-01   0.162119442E-02
   0.704381943E+00   0.550036192E+00  -0.187082544E+00   0.219583837E-02
   0.190929472E+01   0.149330485E+01  -0.252003014E+00   0.146969978E-02
   0.296962523E+01   0.232384539E+01  -0.700377939E-06   0.000000000E+00
