   0.125173174E-03   0.486644031E-02  -0.183353267E-11   0.000000000E+00
   0.120347373E-03   0.460045738E-02   0.609752606E-03   0.316731143E-05
   0.108063170E-03   0.392451417E-02   0.102630164E-02   0.106651732E-04
   0.926169305E-04   0.308625842E-02   0.118915248E-02   0.185480967E-04
   0.776213637E-04   0.229083165E-02   0.115738646E-02   0.240416175E-04
   0.648190617E-04   0.164650672E-02   0.102626160E-02   0.266703628E-04
   0.542349771E-04   0.116347021E-02   0.862515182E-03   0.269050051E-04
   0.451838787E-04   0.815080828E-03   0.699301658E-03   0.255357645E-04
   0.371671813E-04   0.567545008E-03   0.551206816E-03   0.229816706E-04
   0.297817096E-04   0.391432870E-03   0.421133591E-03   0.197227018E-04
   0.231361792E-04   0.266262417E-03   0.311848213E-03   0.161822791E-04
   0.172654709E-04   0.177333292E-03   0.222373681E-03   0.126505274E-04
   0.122539786E-04   0.114274102E-03   0.151150918E-03   0.936946344E-05
   0.823609480E-05   0.705510611E-04   0.973402348E-04   0.651875916E-05
   0.519109426E-05   0.411892652E-04   0.586851493E-04   0.422081439E-05
   0.303562456E-05   0.223642164E-04   0.325895307E-04   0.248270157E-05
   0.160801551E-05   0.109631465E-04   0.161429216E-04   0.130499654E-05
   0.735006040E-06   0.457602937E-05   0.662554839E-05   0.569763813E-06
   0.273343034E-06   0.152247299E-05   0.197859595E-05   0.181417093E-06
   0.817249344E-07   0.435495934E-06   0.335302872E-06   0.346639517E-07
   0.195281906E-07   0.204405836E-06   0.112417409E-07   0.337666717E-08
   0.127904052E-07   0.325704946E-06   0.203006792E-06   0.218563319E-07
   0.249877967E-07   0.440506653E-06   0.441297999E-06   0.466297223E-07
   0.319516573E-07   0.459567275E-06   0.536890298E-06   0.597058971E-07
   0.314250315E-07   0.398158022E-06   0.498415204E-06   0.559635183E-07
   0.247415404E-07   0.294658207E-06   0.382007471E-06   0.444972308E-07
   0.188523188E-07   0.213946734E-06   0.284377023E-06   0.341800153E-07
   0.113508012E-07   0.125554521E-06   0.168145405E-06   0.208338911E-07
   0.557119195E-08   0.615917060E-07   0.822645347E-07   0.106783791E-07
   0.234639153E-08   0.262027431E-07   0.352336400E-07   0.478655870E-08
   0.732916117E-09   0.789490873E-08   0.102963087E-07   0.188191152E-08
   0.491744388E-10   0.698002212E-09   0.581952597E-09   0.158735261E-09
   0.157203348E-09   0.124279931E-08   0.176923565E-08   0.253505245E-09
   0.130394029E-09   0.595562044E-09   0.681607548E-09   0.681696366E-10
   0.363636260E-09   0.241396547E-08   0.327380478E-08   0.364898889E-09
   0.632423169E-09   0.409468282E-08   0.430703295E-08   0.739444062E-09
   0.455673332E-09   0.265614486E-08   0.311005999E-08   0.383790721E-09
   0.336537381E-09   0.171837744E-08   0.181489024E-08   0.225935229E-09
   0.249021914E-09   0.991089322E-09   0.102208575E-08   0.703426067E-10
   0.312431886E-09   0.244161269E-08   0.342746032E-08   0.441153197E-09
   0.273607081E-09   0.104094988E-08   0.152373919E-09   0.209800510E-09
   0.160100988E-09   0.865989835E-09   0.910808429E-09   0.137174411E-09
   0.283407409E-09   0.101220810E-08  -0.181731241E-09   0.245775122E-09
   0.145886064E-10   0.617672996E-10   0.569479620E-11   0.206009706E-10
   0.800884775E-10   0.127817590E-09  -0.374436260E-09   0.725970048E-10
   0.137601847E-09   0.201035161E-09  -0.883473295E-09   0.129106725E-09
   0.100760893E-10   0.316397221E-10   0.385339989E-10   0.243606611E-11
   0.718569301E-10   0.128899905E-09  -0.404413530E-09   0.639933453E-10
   0.523653509E-09   0.991360993E-09  -0.285008461E-08   0.460194327E-09
   0.102619774E-09   0.145903428E-09  -0.218510404E-09   0.297795434E-10
   0.258645189E-09   0.331998595E-09  -0.125142297E-08   0.118987264E-09
   0.130215294E-08   0.196662331E-08  -0.761331620E-08   0.101652964E-08
   0.123324462E-08   0.181571780E-08  -0.679591450E-08   0.843185965E-09
   0.135781153E-08   0.172137538E-08  -0.803499756E-08   0.100823760E-08
   0.218298646E-08   0.301558734E-08  -0.131518130E-07   0.172163750E-08
   0.194668504E-08   0.271976153E-08  -0.113407346E-07   0.142624368E-08
   0.134129119E-08   0.195304461E-08  -0.731060634E-08   0.871784367E-09
   0.206929029E-08   0.280497958E-08  -0.124556072E-07   0.163215541E-08
   0.486605423E-09   0.563367963E-09  -0.280472623E-08   0.344482221E-09
   0.594760408E-09   0.872465267E-09  -0.316542614E-08   0.562240365E-09
   0.284292545E-08   0.395370936E-08  -0.162110485E-07   0.252172305E-08
   0.155915867E-07   0.196943670E-07  -0.860826859E-07   0.113601413E-07
   0.320736362E-07   0.391681851E-07  -0.172304169E-06   0.220479883E-07
   0.743278932E-07   0.880090170E-07  -0.388273889E-06   0.476990607E-07
   0.145439330E-06   0.167448292E-06  -0.736371589E-06   0.864895640E-07
   0.219378578E-06   0.246107305E-06  -0.106807579E-05   0.121573422E-06
   0.261766104E-06   0.284504353E-06  -0.120341156E-05   0.132259046E-06
   0.315391986E-06   0.329800855E-06  -0.133447088E-05   0.141810617E-06
   0.273941964E-06   0.272168649E-06  -0.978550133E-06   0.101227755E-06
   0.196595607E-06   0.175722377E-06  -0.432031982E-06   0.460865586E-07
   0.160083459E-06   0.113392851E-06  -0.549694263E-07   0.146972701E-07
   0.402266920E-06   0.301409642E-06  -0.971656618E-06   0.114850103E-06
   0.144115518E-05   0.118426919E-05  -0.532328113E-05   0.520053220E-06
   0.396786254E-05   0.329509044E-05  -0.154567970E-04   0.137983830E-05
   0.904088301E-05   0.742945485E-05  -0.347543428E-04   0.288622596E-05
   0.178852861E-04   0.144277001E-04  -0.661091690E-04   0.511728695E-05
   0.324064968E-04   0.256386866E-04  -0.114004470E-03   0.820837340E-05
   0.544485774E-04   0.423076599E-04  -0.180404037E-03   0.120296445E-04
   0.860742221E-04   0.658601130E-04  -0.265714829E-03   0.163458099E-04
   0.130075830E-03   0.984328944E-04  -0.370147493E-03   0.209008285E-04
   0.190503430E-03   0.143268378E-03  -0.493947708E-03   0.253987691E-04
   0.272109261E-03   0.204360840E-03  -0.633402553E-03   0.294427282E-04
   0.383981533E-03   0.289090938E-03  -0.790799910E-03   0.329386166E-04
   0.537687854E-03   0.406706968E-03  -0.963132712E-03   0.354112490E-04
   0.750371313E-03   0.570432865E-03  -0.114589883E-02   0.366356326E-04
   0.104271539E-02   0.795779750E-03  -0.132514443E-02   0.357974386E-04
   0.142980868E-02   0.109365070E-02  -0.145982159E-02   0.319719329E-04
   0.190635468E-02   0.145942031E-02  -0.147323555E-02   0.244658386E-04
   0.240711146E-02   0.184306270E-02  -0.125449256E-02   0.139989688E-04
   0.280949916E-02   0.215089438E-02  -0.738921633E-03   0.413721455E-05
   0.296727521E-02   0.227146270E-02  -0.177151716E-08   0.000000000E+00
