   0.188221573E-02   0.311746467E-01  -0.139918927E-10   0.000000000E+00
   0.171018147E-02   0.283263680E-01   0.312334229E-02   0.164589474E-04
   0.130902266E-02   0.216862448E-01   0.465714280E-02   0.489059639E-04
   0.887693663E-03   0.146973170E-01   0.454079686E-02   0.712416659E-04
   0.567084237E-03   0.934713893E-02   0.365474215E-02   0.760740368E-04
   0.360290142E-03   0.585958827E-02   0.271027046E-02   0.705120983E-04
   0.236530206E-03   0.373891392E-02   0.197474007E-02   0.619227649E-04
   0.163290053E-03   0.246550608E-02   0.146141299E-02   0.541321242E-04
   0.118130112E-03   0.167837192E-02   0.110599760E-02   0.474543158E-04
   0.881943706E-04   0.116984767E-02   0.849676493E-03   0.413929120E-04
   0.668015418E-04   0.825958559E-03   0.654923380E-03   0.357503377E-04
   0.505762946E-04   0.584623951E-03   0.500937807E-03   0.302509288E-04
   0.377561191E-04   0.410802953E-03   0.376025098E-03   0.246859599E-04
   0.276784504E-04   0.285100949E-03   0.276240869E-03   0.196810342E-04
   0.197166482E-04   0.193717249E-03   0.196718538E-03   0.150466076E-04
   0.135591417E-04   0.127972191E-03   0.134988208E-03   0.109913326E-04
   0.887752867E-05   0.809905250E-04   0.879762956E-04   0.761128558E-05
   0.560420222E-05   0.495564927E-04   0.551785452E-04   0.503276760E-05
   0.329536101E-05   0.284434791E-04   0.321583357E-04   0.307697110E-05
   0.178196399E-05   0.150010937E-04   0.171261800E-04   0.171840156E-05
   0.866525966E-06   0.711038410E-05   0.813140650E-05   0.854923314E-06
   0.377172540E-06   0.301932960E-05   0.341089435E-05   0.373251765E-06
   0.123115555E-06   0.973086685E-06   0.102255387E-05   0.118419983E-06
   0.354553649E-07   0.296411400E-06   0.258014637E-06   0.335642341E-07
   0.111697247E-07   0.137220624E-06   0.938061646E-07   0.136919480E-07
   0.180187225E-07   0.210562092E-06   0.204955256E-06   0.269852425E-07
   0.261154440E-07   0.271902877E-06   0.296637978E-06   0.377388787E-07
   0.311950785E-07   0.309272451E-06   0.352485131E-06   0.468900723E-07
   0.281121029E-07   0.270630579E-06   0.315364190E-06   0.437763603E-07
   0.245441925E-07   0.234608137E-06   0.275764449E-06   0.402231528E-07
   0.194494429E-07   0.183809036E-06   0.216718561E-06   0.319370450E-07
   0.106653886E-07   0.101285295E-06   0.118798532E-06   0.180994775E-07
   0.732679117E-08   0.672919711E-07   0.808539937E-07   0.124101618E-07
   0.312264570E-08   0.285521047E-07   0.343278437E-07   0.536893374E-08
   0.139881984E-08   0.139547032E-07   0.161658580E-07   0.297218117E-08
   0.350979718E-09   0.346308404E-08   0.400244149E-08   0.737911732E-09
   0.953555290E-10   0.100485831E-08   0.101253439E-08   0.282967150E-09
   0.131198913E-09   0.229709293E-09  -0.164103609E-10   0.663975194E-10
   0.397666400E-09   0.313284132E-08   0.224633689E-08   0.679945877E-09
   0.259152977E-09   0.233860220E-08   0.282618773E-08   0.465647298E-09
   0.354121010E-09   0.329012306E-08   0.389651111E-08   0.745702444E-09
   0.277678325E-09   0.194329131E-08   0.185603943E-08   0.582251136E-09
   0.165791839E-09   0.191491512E-08   0.168488545E-08   0.636885100E-09
   0.114056398E-08   0.420740820E-08   0.218058416E-08   0.142631484E-08
   0.299063690E-09   0.142275958E-08  -0.497991592E-09   0.776563369E-09
   0.108159315E-08   0.228583708E-08  -0.331149130E-08   0.134351641E-08
   0.546701184E-09   0.136740252E-08  -0.188401317E-08   0.844997405E-09
   0.112061893E-08   0.190334881E-08  -0.388349530E-08   0.115841403E-08
   0.836585967E-09   0.177005444E-08  -0.231676678E-08   0.993382487E-09
   0.168253633E-08   0.205380601E-08  -0.723473237E-08   0.122328070E-08
   0.140433221E-08   0.184288829E-08  -0.620203977E-08   0.114509491E-08
   0.184742532E-08   0.205743556E-08  -0.684476742E-08   0.121608168E-08
   0.672679745E-09   0.835608305E-09  -0.288139335E-08   0.469699446E-09
   0.387236410E-09   0.391503885E-09  -0.151627655E-08   0.214441298E-09
   0.768500041E-09   0.837417247E-09  -0.287739121E-08   0.486737262E-09
   0.304602299E-08   0.358353125E-08  -0.125901902E-07   0.205414885E-08
   0.851775273E-08   0.960029123E-08  -0.342495419E-07   0.535536682E-08
   0.209161435E-07   0.232836914E-07  -0.831376710E-07   0.127387247E-07
   0.463817997E-07   0.504542967E-07  -0.180725266E-06   0.273430913E-07
   0.903672230E-07   0.971603029E-07  -0.347197926E-06   0.490128826E-07
   0.140300656E-06   0.146289949E-06  -0.525857445E-06   0.740205195E-07
   0.191386121E-06   0.196909753E-06  -0.703250009E-06   0.943239584E-07
   0.224232238E-06   0.227181275E-06  -0.804801061E-06   0.108149415E-06
   0.224986650E-06   0.223848886E-06  -0.780021651E-06   0.100956107E-06
   0.215609518E-06   0.209334985E-06  -0.707797255E-06   0.896339358E-07
   0.145780106E-06   0.138592270E-06  -0.425889738E-06   0.550665789E-07
   0.984036390E-07   0.867744134E-07  -0.213491433E-06   0.272389400E-07
   0.227057569E-06   0.191381744E-06  -0.567215920E-06   0.688848942E-07
   0.780199059E-06   0.653465520E-06  -0.219310868E-05   0.246845048E-06
   0.240173449E-05   0.201324360E-05  -0.699062275E-05   0.746111937E-06
   0.561561865E-05   0.463664537E-05  -0.160763120E-04   0.163937148E-05
   0.116001993E-04   0.942481802E-05  -0.322956439E-04   0.314547401E-05
   0.216093576E-04   0.172764885E-04  -0.580184569E-04   0.537441110E-05
   0.375335185E-04   0.295180125E-04  -0.965754662E-04   0.848882610E-05
   0.609194612E-04   0.471537860E-04  -0.149084764E-03   0.124340231E-04
   0.943808336E-04   0.720676107E-04  -0.218204877E-03   0.171761203E-04
   0.141710232E-03   0.107080414E-03  -0.307801820E-03   0.227154887E-04
   0.205092263E-03   0.153787667E-03  -0.414623530E-03   0.286082031E-04
   0.290932308E-03   0.217128196E-03  -0.543119269E-03   0.349852562E-04
   0.406321196E-03   0.302975182E-03  -0.694431714E-03   0.414959432E-04
   0.562978035E-03   0.420627039E-03  -0.872785633E-03   0.483096301E-04
   0.782591873E-03   0.587143644E-03  -0.109217933E-02   0.557548228E-04
   0.110251782E-02   0.831317506E-03  -0.137509091E-02   0.639242571E-04
   0.159452111E-02   0.120728754E-02  -0.176641974E-02   0.736934599E-04
   0.238729757E-02   0.181152287E-02  -0.232863845E-02   0.850176293E-04
   0.369813759E-02   0.280670216E-02  -0.312238885E-02   0.961785117E-04
   0.585031556E-02   0.443599606E-02  -0.412784703E-02   0.101980702E-03
   0.912443735E-02   0.691188267E-02  -0.503297383E-02   0.927099754E-04
   0.133648999E-01   0.101202773E-01  -0.508047361E-02   0.619678030E-04
   0.173757561E-01   0.131573984E-01  -0.337285222E-02   0.204383687E-04
   0.190813560E-01   0.144496420E-01  -0.946953893E-08   0.000000000E+00
