   0.124568328E-05   0.185366254E-03   0.371780514E-11   0.000000000E+00
   0.126244754E-05   0.184901670E-03   0.253694429E-05  -0.727626404E-09
   0.131421496E-05   0.182678836E-03   0.501197474E-05  -0.284348745E-08
   0.139186591E-05   0.179552590E-03   0.738495783E-05  -0.629971275E-08
   0.148429444E-05   0.174939865E-03   0.958362398E-05  -0.110292842E-07
   0.157470060E-05   0.169346924E-03   0.115803323E-04  -0.183821403E-07
   0.172367243E-05   0.162458644E-03   0.133217800E-04  -0.250743888E-07
   0.188146873E-05   0.155026995E-03   0.148093986E-04  -0.334133716E-07
   0.201401735E-05   0.146886465E-03   0.159996507E-04  -0.462808707E-07
   0.218810533E-05   0.138054718E-03   0.168961196E-04  -0.578750203E-07
   0.234201821E-05   0.128707863E-03   0.174752950E-04  -0.728918934E-07
   0.251770052E-05   0.119119999E-03   0.177720831E-04  -0.854625952E-07
   0.268732742E-05   0.109909990E-03   0.178429200E-04  -0.102633621E-06
   0.284401472E-05   0.100079233E-03   0.175934274E-04  -0.120929599E-06
   0.300026613E-05   0.903593973E-04   0.171134088E-04  -0.140010641E-06
   0.315066222E-05   0.811789578E-04   0.164607682E-04  -0.160178331E-06
   0.331203660E-05   0.723058547E-04   0.156640090E-04  -0.179982223E-06
   0.346168349E-05   0.641901061E-04   0.147656665E-04  -0.202399818E-06
   0.358353327E-05   0.558550782E-04   0.136395565E-04  -0.226617331E-06
   0.373827015E-05   0.486624158E-04   0.125890028E-04  -0.240755782E-06
   0.387116643E-05   0.417771953E-04   0.114209142E-04  -0.261189172E-06
   0.400471481E-05   0.358843718E-04   0.102897484E-04  -0.275270168E-06
   0.414762872E-05   0.301969230E-04   0.914480734E-05  -0.290434230E-06
   0.427905707E-05   0.252437185E-04   0.803604053E-05  -0.297892399E-06
   0.442276678E-05   0.209463742E-04   0.697773612E-05  -0.307124168E-06
   0.457259603E-05   0.170766452E-04   0.593512641E-05  -0.312669329E-06
   0.469406223E-05   0.139633148E-04   0.507523191E-05  -0.302265335E-06
   0.483991425E-05   0.112109883E-04   0.422167932E-05  -0.298589526E-06
   0.497097517E-05   0.881604046E-05   0.343292504E-05  -0.289649762E-06
   0.513759733E-05   0.706997798E-05   0.273179489E-05  -0.276165338E-06
   0.525300220E-05   0.550989898E-05   0.213124986E-05  -0.257773621E-06
   0.538849508E-05   0.437690233E-05   0.159558931E-05  -0.236526901E-06
   0.551645553E-05   0.348565982E-05   0.113851615E-05  -0.214629452E-06
   0.562265222E-05   0.284407042E-05   0.764613333E-06  -0.189604421E-06
   0.574319120E-05   0.248283254E-05   0.446865386E-06  -0.161768824E-06
   0.581572976E-05   0.221860273E-05   0.192479177E-06  -0.133106042E-06
   0.587905106E-05   0.207358767E-05  -0.652244303E-08  -0.107131243E-06
   0.594791118E-05   0.205406741E-05  -0.164146527E-06  -0.820187083E-07
   0.601180454E-05   0.217191291E-05  -0.292707256E-06  -0.547530661E-07
   0.599550822E-05   0.224127621E-05  -0.349305992E-06  -0.341475044E-07
   0.596307564E-05   0.238030634E-05  -0.385553705E-06  -0.131675097E-07
   0.592945889E-05   0.255049622E-05  -0.398757123E-06   0.395587030E-08
   0.591278786E-05   0.279593223E-05  -0.397610819E-06   0.193658725E-07
   0.576924322E-05   0.290701405E-05  -0.344141398E-06   0.276792740E-07
   0.564095762E-05   0.305104891E-05  -0.287048067E-06   0.330419283E-07
   0.547316859E-05   0.316272735E-05  -0.211608480E-06   0.343197613E-07
   0.527112752E-05   0.325516771E-05  -0.116397139E-06   0.306695114E-07
   0.505655771E-05   0.334544870E-05  -0.121544064E-07   0.228129728E-07
   0.480254130E-05   0.337622942E-05   0.974551355E-07   0.112236078E-07
   0.450086554E-05   0.344541309E-05   0.233021439E-06  -0.473525619E-08
   0.422181256E-05   0.347059722E-05   0.351453849E-06  -0.227900845E-07
   0.390310470E-05   0.346217757E-05   0.476059910E-06  -0.456415030E-07
   0.358417537E-05   0.344477098E-05   0.590994603E-06  -0.702225336E-07
   0.327538578E-05   0.347640685E-05   0.692805372E-06  -0.956007469E-07
   0.297462543E-05   0.351664607E-05   0.794092387E-06  -0.124691439E-06
   0.270843884E-05   0.367843563E-05   0.880754499E-06  -0.153013517E-06
   0.250576772E-05   0.375015998E-05   0.908812581E-06  -0.179202530E-06
   0.232176012E-05   0.400848512E-05   0.949154696E-06  -0.209552667E-06
   0.224397445E-05   0.429161400E-05   0.931106570E-06  -0.234303627E-06
   0.229992361E-05   0.468768212E-05   0.843764496E-06  -0.254455017E-06
   0.248225706E-05   0.534339142E-05   0.709137851E-06  -0.274105133E-06
   0.276165224E-05   0.604124398E-05   0.556066652E-06  -0.293187071E-06
   0.325885730E-05   0.706620858E-05   0.298507018E-06  -0.305021473E-06
   0.390428295E-05   0.813434690E-05   0.195645757E-07  -0.315688737E-06
   0.483190252E-05   0.947956778E-05  -0.364872136E-06  -0.317029389E-06
   0.599284294E-05   0.110727360E-04  -0.810952542E-06  -0.314345982E-06
   0.738715562E-05   0.129638684E-04  -0.130292574E-05  -0.313305407E-06
   0.910515337E-05   0.150755395E-04  -0.186588602E-05  -0.301848871E-06
   0.109992761E-04   0.174223442E-04  -0.245319848E-05  -0.288585852E-06
   0.133150379E-04   0.202248048E-04  -0.312036741E-05  -0.276030107E-06
   0.158400599E-04   0.232507609E-04  -0.379277776E-05  -0.261469211E-06
   0.188223676E-04   0.266526386E-04  -0.452875292E-05  -0.238303627E-06
   0.219692611E-04   0.301853634E-04  -0.520346430E-05  -0.215600011E-06
   0.253997023E-04   0.341001469E-04  -0.588103694E-05  -0.198178867E-06
   0.290565658E-04   0.381585596E-04  -0.649889171E-05  -0.175006122E-06
   0.331586889E-04   0.427214509E-04  -0.714181306E-05  -0.156612003E-06
   0.371420356E-04   0.471308012E-04  -0.759914246E-05  -0.137873243E-06
   0.414423303E-04   0.517985245E-04  -0.799822647E-05  -0.117293858E-06
   0.457261922E-04   0.565060800E-04  -0.825228835E-05  -0.103437841E-06
   0.500569950E-04   0.611706419E-04  -0.837901007E-05  -0.840169179E-07
   0.543723218E-04   0.658740901E-04  -0.836469462E-05  -0.717956610E-07
   0.587023424E-04   0.705411076E-04  -0.820009609E-05  -0.583585091E-07
   0.627371410E-04   0.749051324E-04  -0.785085831E-05  -0.476882533E-07
   0.663480678E-04   0.788330944E-04  -0.730327838E-05  -0.375469575E-07
   0.699480443E-04   0.826569958E-04  -0.664090385E-05  -0.272046101E-07
   0.731625551E-04   0.860521832E-04  -0.581250697E-05  -0.179369479E-07
   0.756734808E-04   0.887453425E-04  -0.481940970E-05  -0.111585337E-07
   0.777103196E-04   0.909724695E-04  -0.372331169E-05  -0.676405332E-08
   0.792294595E-04   0.925618297E-04  -0.253493931E-05  -0.282912627E-08
   0.800582566E-04   0.934842465E-04  -0.128246108E-05  -0.765922548E-09
   0.803835428E-04   0.938649682E-04  -0.215799427E-11   0.000000000E+00
