   0.253760460E-03   0.751818344E-02   0.000000000E+00   0.000000000E+00
   0.240199413E-03   0.706201280E-02   0.870458840E-03   0.453164239E-05
   0.205834993E-03   0.590664335E-02   0.142776617E-02   0.148488198E-04
   0.164719866E-03   0.452145562E-02   0.159520481E-02   0.248707656E-04
   0.127516832E-03   0.326612848E-02   0.149263558E-02   0.311471667E-04
   0.986265150E-04   0.229248567E-02   0.127722917E-02   0.333691896E-04
   0.774087675E-04   0.159400108E-02   0.104544207E-02   0.330313342E-04
   0.615767713E-04   0.110738340E-02   0.834554201E-03   0.308073395E-04
   0.492361905E-04   0.769770762E-03   0.654285133E-03   0.277330764E-04
   0.389801098E-04   0.533781829E-03   0.502171344E-03   0.240317040E-04
   0.304008881E-04   0.368065987E-03   0.377800548E-03   0.201049206E-04
   0.228976805E-04   0.249502365E-03   0.274449470E-03   0.160584459E-04
   0.166537538E-04   0.165398393E-03   0.192578780E-03   0.123093723E-04
   0.115629864E-04   0.106073749E-03   0.129048043E-03   0.888799696E-05
   0.768311565E-05   0.656143166E-04   0.827354233E-04   0.611307223E-05
   0.475512752E-05   0.381199425E-04   0.491888895E-04   0.388236413E-05
   0.272711895E-05   0.205915494E-04   0.268798467E-04   0.226117982E-05
   0.142665340E-05   0.101073092E-04   0.131496108E-04   0.117230070E-05
   0.644468230E-06   0.428136036E-05   0.531278511E-05   0.502922148E-06
   0.253971081E-06   0.158040723E-05   0.171922295E-05   0.175513449E-06
   0.734784749E-07   0.496798691E-06   0.272836104E-06   0.336416193E-07
   0.174043606E-07   0.250335205E-06   0.138636391E-07   0.410602619E-08
   0.133732501E-07   0.319224426E-06   0.181255160E-06   0.205956159E-07
   0.245643417E-07   0.419719356E-06   0.392756618E-06   0.436132197E-07
   0.303371657E-07   0.425257525E-06   0.467451542E-06   0.540114655E-07
   0.301195655E-07   0.375927840E-06   0.446273560E-06   0.532305897E-07
   0.233546409E-07   0.275192008E-06   0.336484987E-06   0.418078443E-07
   0.174506916E-07   0.194285406E-06   0.243897659E-06   0.305288133E-07
   0.104929470E-07   0.117105984E-06   0.146800787E-06   0.197419201E-07
   0.657869048E-08   0.725108364E-07   0.927709536E-07   0.129645521E-07
   0.251345522E-08   0.285571957E-07   0.364286983E-07   0.552444535E-08
   0.919129495E-09   0.106653504E-07   0.133534561E-07   0.208211204E-08
   0.221512517E-09   0.252693200E-08   0.249475729E-08   0.759994734E-09
   0.192176865E-10   0.134899411E-09  -0.725755359E-10   0.742324119E-10
   0.313627346E-09   0.191005212E-08   0.198667283E-08   0.336785627E-09
   0.306455139E-09   0.195815164E-08   0.305267478E-08   0.252079718E-09
   0.518615373E-09   0.308041348E-08   0.325336957E-08   0.473365125E-09
   0.309172271E-09   0.152068069E-08   0.155529101E-08   0.177184878E-09
   0.401951028E-09   0.221973040E-08   0.292007618E-08   0.240500730E-09
   0.479659090E-09   0.320220228E-08   0.439173586E-08   0.464695227E-09
   0.182375504E-09   0.945473144E-09   0.157046320E-08   0.706471895E-10
   0.466510330E-09   0.257613908E-08   0.133331823E-08   0.585220539E-09
   0.137888617E-09   0.689346358E-09   0.438005743E-09   0.130070357E-09
   0.990844073E-10   0.270263645E-09  -0.425070618E-09   0.162237723E-09
   0.457383090E-10   0.227628388E-09   0.358436614E-09   0.324851673E-10
   0.519533236E-10   0.836017297E-10  -0.224433472E-09   0.489168879E-10
   0.114771137E-09   0.242303455E-09  -0.397335692E-09   0.132104744E-09
   0.311483533E-09   0.355656310E-09  -0.117564913E-08   0.167742348E-09
   0.470469053E-09   0.529569666E-09  -0.239298981E-08   0.286736468E-09
   0.105750575E-08   0.130842004E-08  -0.571966829E-08   0.778148990E-09
   0.281941670E-08   0.374899178E-08  -0.155671493E-07   0.219278995E-08
   0.160144409E-08   0.200954164E-08  -0.866025296E-08   0.117371490E-08
   0.347821016E-08   0.449795712E-08  -0.187744558E-07   0.254100430E-08
   0.339805006E-08   0.430207336E-08  -0.182739104E-07   0.246077647E-08
   0.134202216E-08   0.160196090E-08  -0.706921632E-08   0.944814782E-09
   0.120359722E-08   0.145883328E-08  -0.626637320E-08   0.783198173E-09
   0.480571083E-09   0.731889993E-09  -0.241126918E-08   0.326068311E-09
   0.108255620E-09   0.287652846E-09  -0.677303769E-09   0.176514622E-09
   0.453027615E-09   0.993626181E-09  -0.251348009E-08   0.681103951E-09
   0.491867391E-08   0.608918427E-08  -0.247026009E-07   0.344536866E-08
   0.214346318E-07   0.255020769E-07  -0.105477639E-06   0.145261012E-07
   0.455094060E-07   0.528867012E-07  -0.219363343E-06   0.287433224E-07
   0.954586739E-07   0.108986654E-06  -0.449911852E-06   0.567241010E-07
   0.150964439E-06   0.168127315E-06  -0.689649369E-06   0.851232898E-07
   0.199024228E-06   0.215374158E-06  -0.870258418E-06   0.103049366E-06
   0.272338752E-06   0.286016700E-06  -0.112894304E-05   0.129933028E-06
   0.305959844E-06   0.310829705E-06  -0.116341801E-05   0.128704968E-06
   0.271519895E-06   0.262865200E-06  -0.865477546E-06   0.937832070E-07
   0.210919993E-06   0.185420731E-06  -0.410710669E-06   0.464672212E-07
   0.184979200E-06   0.135057164E-06  -0.831562588E-07   0.177788735E-07
   0.425429420E-06   0.315303424E-06  -0.790198214E-06   0.988879876E-07
   0.136698327E-05   0.108990491E-05  -0.412126292E-05   0.426977806E-06
   0.363891309E-05   0.294489996E-05  -0.120615869E-04   0.114596219E-05
   0.840207576E-05   0.676599484E-05  -0.282427445E-04   0.250735411E-05
   0.165774036E-04   0.131393790E-04  -0.541381778E-04   0.450715788E-05
   0.302038479E-04   0.235556909E-04  -0.947603403E-04   0.738678773E-05
   0.507573714E-04   0.389659617E-04  -0.150993772E-03   0.109584371E-04
   0.809274788E-04   0.612530421E-04  -0.226251490E-03   0.152843531E-04
   0.123273581E-03   0.923583648E-04  -0.320705731E-03   0.199876285E-04
   0.181249503E-03   0.134910370E-03  -0.433680601E-03   0.249052246E-04
   0.260346511E-03   0.193403714E-03  -0.566632312E-03   0.296816779E-04
   0.368749461E-03   0.274375547E-03  -0.721607474E-03   0.343184111E-04
   0.518827233E-03   0.387645880E-03  -0.900763960E-03   0.385942585E-04
   0.729486695E-03   0.547906966E-03  -0.110649015E-02   0.420482866E-04
   0.103060936E-02   0.777645677E-03  -0.134292827E-02   0.444327452E-04
   0.145911588E-02   0.110418315E-02  -0.159863522E-02   0.447448110E-04
   0.205367850E-02   0.155601033E-02  -0.182855187E-02   0.414868991E-04
   0.281640212E-02   0.213397038E-02  -0.191924616E-02   0.328729766E-04
   0.365710445E-02   0.277033239E-02  -0.169553771E-02   0.194575532E-04
   0.435342407E-02   0.329681416E-02  -0.102410407E-02   0.587575460E-05
   0.462831231E-02   0.350486394E-02  -0.245341081E-08   0.000000000E+00
