   0.767633828E-04   0.380862830E-02  -0.655644050E-12   0.000000000E+00
   0.753439672E-04   0.363063719E-02   0.513595412E-03   0.268112285E-05
   0.714306880E-04   0.315764220E-02   0.886349007E-03   0.922887557E-05
   0.659844445E-04   0.254704640E-02   0.106217735E-02   0.165956008E-04
   0.599663981E-04   0.194546848E-02   0.107310875E-02   0.222308390E-04
   0.538390414E-04   0.143471023E-02   0.983656733E-03   0.255096729E-04
   0.476635505E-04   0.103395944E-02   0.847815129E-03   0.262979338E-04
   0.412729169E-04   0.734763686E-03   0.698982738E-03   0.251932015E-04
   0.347494897E-04   0.515559863E-03   0.555402366E-03   0.228090248E-04
   0.281876964E-04   0.356675358E-03   0.425294071E-03   0.195409302E-04
   0.219589656E-04   0.242047783E-03   0.313646393E-03   0.159227202E-04
   0.163230543E-04   0.159991629E-03   0.221679365E-03   0.123814480E-04
   0.114120412E-04   0.101362093E-03   0.147777173E-03   0.891356103E-05
   0.754507437E-05   0.613457887E-04   0.932660841E-04   0.606715230E-05
   0.463579681E-05   0.347040659E-04   0.545398252E-04   0.380519737E-05
   0.257799093E-05   0.177429938E-04   0.285287133E-04   0.211571137E-05
   0.128499323E-05   0.802197792E-05   0.130602812E-04   0.102181389E-05
   0.536585617E-06   0.294153233E-05   0.469123188E-05   0.386010782E-06
   0.175619761E-06   0.813306713E-06   0.107789697E-05   0.919623631E-07
   0.421417923E-07   0.235551823E-06   0.586627884E-07   0.584006576E-08
   0.129749225E-07   0.268591663E-06   0.948193559E-07   0.926453403E-08
   0.228057502E-07   0.457250110E-06   0.424923229E-06   0.428126796E-07
   0.326148637E-07   0.504687989E-06   0.586705085E-06   0.624553778E-07
   0.411900345E-07   0.549193658E-06   0.699295356E-06   0.759912311E-07
   0.350122527E-07   0.431204199E-06   0.580721007E-06   0.657398900E-07
   0.239090756E-07   0.281959302E-06   0.388150113E-06   0.461342964E-07
   0.166154965E-07   0.185475486E-06   0.259930232E-06   0.307873051E-07
   0.939666744E-08   0.103521948E-06   0.149761320E-06   0.184840268E-07
   0.330664207E-08   0.372047353E-07   0.534069606E-07   0.704677294E-08
   0.733040573E-09   0.928794996E-08   0.124213519E-07   0.202715889E-08
   0.830334274E-10   0.102896758E-08   0.952332213E-09   0.347003953E-09
   0.500774630E-10   0.318945037E-09   0.204150377E-09   0.114184225E-09
   0.255701682E-09   0.145067014E-08   0.155290281E-08   0.254336885E-09
   0.666992961E-09   0.519957366E-08   0.676722145E-08   0.102912012E-08
   0.466550631E-09   0.258738253E-08   0.252170440E-08   0.436121805E-09
   0.551010626E-09   0.434206004E-08   0.596177863E-08   0.839675995E-09
   0.499928987E-09   0.267919953E-08   0.261410937E-08   0.443836828E-09
   0.347731011E-09   0.241657983E-08   0.408406153E-08   0.352856439E-09
   0.177612119E-09   0.497774377E-09   0.390863286E-09  -0.636357026E-11
   0.368050312E-09   0.220874585E-08   0.375267417E-08   0.271198924E-09
   0.308784831E-09   0.101339337E-08  -0.328617078E-09   0.234206154E-09
   0.159928445E-09   0.904410824E-09   0.114787624E-08   0.144781576E-09
   0.600242911E-10   0.353057056E-09   0.426773283E-09   0.622504409E-10
   0.414702890E-10   0.274515549E-09  -0.693153729E-10   0.134525446E-09
   0.282443458E-09   0.542002443E-09  -0.214309082E-08   0.391172456E-09
   0.753372885E-11   0.603149961E-10  -0.871754127E-10   0.447291128E-10
   0.140052015E-10   0.411997138E-10  -0.129972880E-09   0.311366835E-10
   0.912360031E-11   0.342113629E-10  -0.750171279E-11   0.103550883E-10
   0.942551731E-10   0.152755933E-09  -0.452386073E-09   0.528483264E-10
   0.166646211E-09   0.343707007E-09  -0.307442016E-09   0.384163049E-10
   0.113157572E-08   0.184895244E-08  -0.774705455E-08   0.107681819E-08
   0.720113580E-09   0.136424483E-08  -0.426904601E-08   0.625607122E-09
   0.823213220E-09   0.134700506E-08  -0.489366148E-08   0.610111239E-09
   0.331219918E-08   0.506199083E-08  -0.228738664E-07   0.308310777E-08
   0.332171624E-08   0.520335464E-08  -0.224974510E-07   0.300947689E-08
   0.235506326E-08   0.406754230E-08  -0.152168944E-07   0.208958917E-08
   0.175912507E-08   0.297111225E-08  -0.109557332E-07   0.142754197E-08
   0.139938316E-08   0.193662131E-08  -0.922496213E-08   0.113737986E-08
   0.135475953E-08   0.209252438E-08  -0.921781140E-08   0.122764776E-08
   0.665809352E-10   0.116565077E-09  -0.469540906E-09   0.809983886E-10
   0.711940062E-09   0.103926889E-08  -0.450036852E-08   0.640446696E-09
   0.893056651E-08   0.122553798E-07  -0.551215962E-07   0.689719615E-08
   0.261588511E-07   0.349718370E-07  -0.159304619E-06   0.200353938E-07
   0.633240731E-07   0.810179799E-07  -0.373543429E-06   0.451333548E-07
   0.118995217E-06   0.149587407E-06  -0.684455529E-06   0.803995306E-07
   0.192522066E-06   0.234258309E-06  -0.106738355E-05   0.122419010E-06
   0.268671783E-06   0.318158357E-06  -0.142248462E-05   0.156607044E-06
   0.320482229E-06   0.365498892E-06  -0.158665512E-05   0.167803776E-06
   0.363951443E-06   0.399530620E-06  -0.163100106E-05   0.164754070E-06
   0.258618797E-06   0.264786536E-06  -0.896783206E-06   0.904742308E-07
   0.177810406E-06   0.153250951E-06  -0.249294629E-06   0.293829689E-07
   0.214977064E-06   0.154770049E-06  -0.294433818E-06   0.462588083E-07
   0.773394106E-06   0.647713591E-06  -0.294476899E-05   0.301218222E-06
   0.248701053E-05   0.217381125E-05  -0.108807635E-04   0.984564622E-06
   0.652832932E-05   0.570834982E-05  -0.288824267E-04   0.240835811E-05
   0.139563344E-04   0.120097311E-04  -0.596830105E-04   0.461414902E-05
   0.262897647E-04   0.221488899E-04  -0.106984822E-03   0.768062000E-05
   0.457081514E-04   0.377360011E-04  -0.175469773E-03   0.116571291E-04
   0.739442112E-04   0.599451123E-04  -0.265217765E-03   0.162584511E-04
   0.113269598E-03   0.905797642E-04  -0.375117379E-03   0.210652070E-04
   0.166475162E-03   0.131991430E-03  -0.502860756E-03   0.256725925E-04
   0.238635403E-03   0.188602047E-03  -0.649135851E-03   0.299291514E-04
   0.334916665E-03   0.265097740E-03  -0.807325298E-03   0.332154777E-04
   0.463757751E-03   0.368792622E-03  -0.971741567E-03   0.352522693E-04
   0.636325218E-03   0.508985308E-03  -0.113375287E-02   0.357627905E-04
   0.864325091E-03   0.694969844E-03  -0.127549097E-02   0.339707985E-04
   0.115353789E-02   0.930878159E-03  -0.135796261E-02   0.292982477E-04
   0.149196631E-02   0.120629242E-02  -0.131924474E-02   0.215711316E-04
   0.183409173E-02   0.148419896E-02  -0.108614156E-02   0.119553652E-04
   0.209791865E-02   0.169804564E-02  -0.624022214E-03   0.344753403E-05
   0.219957065E-02   0.178047270E-02  -0.147788637E-08   0.000000000E+00
