   0.172364525E-02   0.287825223E-01  -0.845562596E-11   0.000000000E+00
   0.159253983E-02   0.265953410E-01   0.286533427E-02   0.154346981E-04
   0.127670541E-02   0.212999787E-01   0.448119594E-02   0.480310919E-04
   0.920224644E-03   0.153141785E-01   0.465668319E-02   0.748728708E-04
   0.626877474E-03   0.103423279E-01   0.400899397E-02   0.855046310E-04
   0.421919016E-03   0.682770740E-02   0.315946294E-02   0.844283204E-04
   0.290168362E-03   0.453055976E-02   0.241678674E-02   0.778852918E-04
   0.207204648E-03   0.306589133E-02   0.185074878E-02   0.703278274E-04
   0.153581015E-03   0.212258333E-02   0.143317645E-02   0.627217960E-04
   0.116850919E-03   0.149627042E-02   0.111884868E-02   0.555673287E-04
   0.899124716E-04   0.106646644E-02   0.873237674E-03   0.484348457E-04
   0.691803943E-04   0.762371928E-03   0.676342112E-03   0.416104085E-04
   0.526876138E-04   0.543163391E-03   0.516281289E-03   0.345725239E-04
   0.392187067E-04   0.381592836E-03   0.384056912E-03   0.278453681E-04
   0.285167589E-04   0.263848779E-03   0.278602209E-03   0.216839398E-04
   0.200392715E-04   0.177807058E-03   0.195098735E-03   0.161682201E-04
   0.135018963E-04   0.115595642E-03   0.130741653E-03   0.114761833E-04
   0.874630859E-05   0.725740174E-04   0.841189976E-04   0.778636877E-05
   0.537501637E-05   0.433522873E-04   0.512108418E-04   0.497785322E-05
   0.305120875E-05   0.239414840E-04   0.286686627E-04   0.293666790E-05
   0.158639318E-05   0.121148669E-04   0.145985077E-04   0.156180909E-05
   0.746469709E-06   0.552469010E-05   0.665133621E-05   0.740968687E-06
   0.293810359E-06   0.208783763E-05   0.246416562E-05   0.286460732E-06
   0.979834098E-07   0.675658100E-06   0.739672146E-06   0.902875712E-07
   0.213553957E-07   0.188066608E-06   0.134173007E-06   0.180139264E-07
   0.179814865E-07   0.203613965E-06   0.178545335E-06   0.238379805E-07
   0.319559597E-07   0.347952266E-06   0.369389113E-06   0.504294917E-07
   0.432607550E-07   0.433040753E-06   0.493105517E-06   0.674000660E-07
   0.473888271E-07   0.454691303E-06   0.524779466E-06   0.708286620E-07
   0.388752142E-07   0.363464153E-06   0.428484697E-06   0.601015202E-07
   0.326164873E-07   0.303031896E-06   0.355947265E-06   0.516633420E-07
   0.224078835E-07   0.205455677E-06   0.242640340E-06   0.359257157E-07
   0.141566749E-07   0.128220620E-06   0.154244503E-06   0.234001316E-07
   0.866408278E-08   0.803088298E-07   0.946674703E-07   0.151621826E-07
   0.519566967E-08   0.462404088E-07   0.531474136E-07   0.833331182E-08
   0.195204497E-08   0.176243837E-07   0.202615738E-07   0.329301075E-08
   0.464662170E-09   0.391245569E-08   0.478289586E-08   0.843017212E-09
   0.184429375E-09   0.996066452E-09   0.765330854E-09   0.133619407E-09
   0.866347341E-10   0.807837186E-09   0.651412813E-09   0.207270687E-09
   0.214858409E-09   0.149963630E-08   0.159961699E-08   0.418874185E-09
   0.744233619E-09   0.214206164E-08  -0.303724490E-09   0.964167191E-09
   0.515628873E-09   0.286666757E-08   0.215664353E-08   0.101467523E-08
   0.470549211E-09   0.570507375E-08   0.530091793E-08   0.182031756E-08
   0.192512117E-08   0.495674302E-08  -0.238161224E-08   0.239682896E-08
   0.937775524E-09   0.375534492E-08  -0.630413222E-09   0.190137750E-08
   0.107146425E-08   0.301717784E-08  -0.385782783E-08   0.191311345E-08
   0.167862679E-08   0.356054608E-08  -0.669616496E-08   0.233089548E-08
   0.186761784E-08   0.373972853E-08  -0.610043793E-08   0.226668595E-08
   0.386071353E-08   0.547747714E-08  -0.167950969E-07   0.351234375E-08
   0.203227324E-08   0.307013281E-08  -0.768638131E-08   0.192456895E-08
   0.327304434E-09   0.999787253E-09  -0.127425681E-08   0.649298559E-09
   0.265309552E-08   0.313070214E-08  -0.109825375E-07   0.181141979E-08
   0.560461122E-10   0.122459903E-09  -0.242461939E-09   0.599957306E-10
   0.420389001E-09   0.667631672E-09  -0.161815084E-08   0.402526956E-09
   0.319411830E-08   0.400072953E-08  -0.135888278E-07   0.212295159E-08
   0.918422760E-08   0.109251932E-07  -0.380067284E-07   0.568726621E-08
   0.239638478E-07   0.285409207E-07  -0.979567716E-07   0.163696452E-07
   0.559543913E-07   0.644344667E-07  -0.225705065E-06   0.343432234E-07
   0.867876224E-07   0.996564751E-07  -0.346812442E-06   0.508856530E-07
   0.148442879E-06   0.165898186E-06  -0.580016319E-06   0.849697201E-07
   0.204741525E-06   0.224187957E-06  -0.782489167E-06   0.112618018E-06
   0.270347329E-06   0.292819237E-06  -0.101336866E-05   0.142812496E-06
   0.312838466E-06   0.332934690E-06  -0.113984595E-05   0.155401636E-06
   0.290414192E-06   0.305398430E-06  -0.101785020E-05   0.132915702E-06
   0.210066801E-06   0.217761354E-06  -0.684092356E-06   0.902978030E-07
   0.131876519E-06   0.130929848E-06  -0.355744703E-06   0.475567283E-07
   0.141540156E-06   0.128288264E-06  -0.327509980E-06   0.440794672E-07
   0.526678207E-06   0.478880054E-06  -0.158030593E-05   0.191699286E-06
   0.155916598E-05   0.139614417E-05  -0.481241705E-05   0.549557853E-06
   0.396653513E-05   0.353690552E-05  -0.122325000E-04   0.133065282E-05
   0.886541693E-05   0.780917344E-05  -0.268292661E-04   0.278280072E-05
   0.172182863E-04   0.149117541E-04  -0.504911986E-04   0.500075157E-05
   0.308633244E-04   0.262664707E-04  -0.871944139E-04   0.826910218E-05
   0.514417079E-04   0.431646695E-04  -0.139311276E-03   0.125094348E-04
   0.813727675E-04   0.673151444E-04  -0.209961465E-03   0.178624141E-04
   0.122736950E-03   0.100352372E-03  -0.299634848E-03   0.240175541E-04
   0.179299546E-03   0.145202037E-03  -0.411276327E-03   0.310234536E-04
   0.254830491E-03   0.205135977E-03  -0.545076444E-03   0.385289168E-04
   0.356048578E-03   0.286014780E-03  -0.704687031E-03   0.462538119E-04
   0.489474740E-03   0.393677910E-03  -0.887505885E-03   0.540710353E-04
   0.670939276E-03   0.541870191E-03  -0.110535510E-02   0.620668870E-04
   0.921509927E-03   0.748766353E-03  -0.136606605E-02   0.705289931E-04
   0.128145516E-02   0.104826631E-02  -0.169487542E-02   0.791652565E-04
   0.181940594E-02   0.149681128E-02  -0.212935591E-02   0.891397940E-04
   0.265152403E-02   0.218965090E-02  -0.271633756E-02   0.991598426E-04
   0.394960260E-02   0.326712732E-02  -0.347648188E-02   0.106638290E-03
   0.592020340E-02   0.490021985E-02  -0.432338705E-02   0.106969193E-03
   0.869615842E-02   0.719846413E-02  -0.493725110E-02   0.912291289E-04
   0.120109599E-01   0.994625874E-02  -0.468385825E-02   0.575885060E-04
   0.149307791E-01   0.123683410E-01  -0.296796742E-02   0.181631422E-04
   0.161241777E-01   0.133601222E-01  -0.976544268E-08   0.000000000E+00
