   0.778433052E-03   0.159529578E-01  -0.968413110E-11   0.000000000E+00
   0.720333075E-03   0.147390720E-01   0.170109875E-02   0.891716263E-05
   0.580799533E-03   0.118146287E-01   0.266282307E-02   0.278739626E-04
   0.423572114E-03   0.850620680E-02   0.277609075E-02   0.434364447E-04
   0.294092955E-03   0.576096820E-02   0.240880065E-02   0.502058101E-04
   0.203410440E-03   0.381660648E-02   0.192259322E-02   0.504410673E-04
   0.144488120E-03   0.253788894E-02   0.149211648E-02   0.471146923E-04
   0.106421146E-03   0.171631854E-02   0.115613581E-02   0.430097971E-04
   0.807479446E-04   0.118235394E-02   0.899478502E-03   0.385193489E-04
   0.622014777E-04   0.825384166E-03   0.699292345E-03   0.338867103E-04
   0.479170594E-04   0.579603657E-03   0.538792054E-03   0.291126580E-04
   0.364265252E-04   0.405815663E-03   0.407739717E-03   0.242750521E-04
   0.270503479E-04   0.280827924E-03   0.300706713E-03   0.195457742E-04
   0.195671309E-04   0.191452564E-03   0.215889406E-03   0.151241402E-04
   0.135954278E-04   0.126627361E-03   0.148740903E-03   0.112000107E-04
   0.898402141E-05   0.804412266E-04   0.974040740E-04   0.778966478E-05
   0.567380630E-05   0.490506900E-04   0.608719420E-04   0.515146985E-05
   0.333798721E-05   0.279990054E-04   0.353559699E-04   0.315178727E-05
   0.180239249E-05   0.146331140E-04   0.187529404E-04   0.176279809E-05
   0.875212834E-06   0.689094077E-05   0.888500381E-05   0.875107105E-06
   0.380634447E-06   0.285853071E-05   0.372426871E-05   0.385176151E-06
   0.128809830E-06   0.914632949E-06   0.116766125E-05   0.126975067E-06
   0.327367893E-07   0.229455964E-06   0.257313445E-06   0.313888471E-07
   0.111492051E-07   0.119659575E-06   0.108372269E-06   0.149567665E-07
   0.174817547E-07   0.200579748E-06   0.218084566E-06   0.267937015E-07
   0.265687063E-07   0.283363278E-06   0.333250568E-06   0.424566764E-07
   0.311644079E-07   0.317559341E-06   0.386915616E-06   0.518871417E-07
   0.310782333E-07   0.308341271E-06   0.379848927E-06   0.512190539E-07
   0.234571722E-07   0.228403849E-06   0.284210529E-06   0.394229112E-07
   0.167966974E-07   0.160566557E-06   0.202031870E-06   0.285789721E-07
   0.988128157E-08   0.974280141E-07   0.119009322E-06   0.177720523E-07
   0.511931475E-08   0.491186540E-07   0.604813977E-07   0.890810536E-08
   0.293896285E-08   0.294838038E-07   0.360790899E-07   0.585191007E-08
   0.800316313E-09   0.851509796E-08   0.101099431E-07   0.204269912E-08
   0.236725001E-09   0.292312685E-08   0.316074567E-08   0.813576650E-09
   0.917529733E-10   0.381691651E-09  -0.374155207E-09   0.235286485E-09
   0.847645565E-10   0.165447364E-09   0.191728966E-09   0.482169317E-12
   0.360108998E-09   0.149721502E-08   0.521941157E-09   0.242937975E-09
   0.196589953E-09   0.125424326E-08   0.148553114E-08   0.164852201E-09
   0.363562791E-09   0.175550863E-08   0.229132580E-08   0.328446242E-09
   0.839669112E-09   0.692562940E-08   0.547133938E-08   0.160882963E-08
   0.242947634E-09   0.192651672E-08   0.247846232E-08   0.434929481E-09
   0.368109737E-09   0.348248119E-08   0.440088987E-08   0.796483823E-09
   0.291263957E-09   0.176228798E-08   0.189088722E-08   0.481801044E-09
   0.159719168E-09   0.151609381E-08   0.105357933E-08   0.582351167E-09
   0.158358091E-09   0.578866122E-09  -0.797859612E-09   0.386667059E-09
   0.411379347E-09   0.821364754E-09  -0.154150925E-08   0.500091413E-09
   0.245460385E-08   0.320504578E-08  -0.119411458E-07   0.199895922E-08
   0.255896038E-08   0.335307426E-08  -0.123940262E-07   0.195278926E-08
   0.232301400E-08   0.294299474E-08  -0.111525580E-07   0.174976522E-08
   0.118141963E-08   0.129634536E-08  -0.508310505E-08   0.733795080E-09
   0.142017820E-08   0.164899727E-08  -0.582633719E-08   0.977762427E-09
   0.177040249E-08   0.222683272E-08  -0.816008505E-08   0.116697507E-08
   0.582564552E-09   0.719079518E-09  -0.226725616E-08   0.247649234E-09
   0.607293882E-09   0.144300250E-08  -0.255256216E-08   0.590150762E-09
   0.950926490E-10   0.415555673E-09  -0.502719866E-09   0.249554877E-09
   0.105822517E-08   0.153593149E-08  -0.468896477E-08   0.991688176E-09
   0.610839734E-08   0.720480520E-08  -0.270574496E-07   0.433475655E-08
   0.170555463E-07   0.197079828E-07  -0.753322382E-07   0.106587139E-07
   0.389636270E-07   0.435707150E-07  -0.168217014E-06   0.232970336E-07
   0.672723743E-07   0.742113215E-07  -0.286127687E-06   0.394112405E-07
   0.114906094E-06   0.124331322E-06  -0.479158473E-06   0.648289813E-07
   0.171821640E-06   0.181068827E-06  -0.698386145E-06   0.916778333E-07
   0.210575223E-06   0.219168243E-06  -0.837280652E-06   0.106740117E-06
   0.229175697E-06   0.232503652E-06  -0.880260473E-06   0.109850447E-06
   0.217475375E-06   0.216028894E-06  -0.798653048E-06   0.965293481E-07
   0.149208773E-06   0.145535012E-06  -0.505455716E-06   0.606775572E-07
   0.878352679E-07   0.802475668E-07  -0.253710255E-06   0.308616919E-07
   0.191838723E-06   0.169825213E-06  -0.623257961E-06   0.734225907E-07
   0.740394796E-06   0.645235389E-06  -0.253830603E-05   0.273617246E-06
   0.222371477E-05   0.191271829E-05  -0.754243956E-05   0.768831740E-06
   0.546482943E-05   0.460873298E-05  -0.180103070E-04   0.174641627E-05
   0.114542208E-04   0.946271939E-05  -0.364151128E-04   0.336879089E-05
   0.216317458E-04   0.175108853E-04  -0.660190053E-04   0.579573953E-05
   0.375141826E-04   0.297785609E-04  -0.109289460E-03   0.906729110E-05
   0.612376825E-04   0.477456379E-04  -0.169384759E-03   0.132449513E-04
   0.943948544E-04   0.724204510E-04  -0.245909061E-03   0.180490297E-04
   0.140666758E-03   0.106592743E-03  -0.342679647E-03   0.234286163E-04
   0.202978539E-03   0.152443332E-03  -0.457861519E-03   0.290864627E-04
   0.287102943E-03   0.214533298E-03  -0.593197357E-03   0.348682479E-04
   0.401445723E-03   0.299677951E-03  -0.751342508E-03   0.405787978E-04
   0.560046989E-03   0.418977201E-03  -0.938358309E-03   0.463674296E-04
   0.785727636E-03   0.590326323E-03  -0.116368325E-02   0.520593640E-04
   0.111938268E-02   0.844735128E-03  -0.144935609E-02   0.579595289E-04
   0.162887864E-02   0.123327121E-02  -0.181985123E-02   0.636399200E-04
   0.241781981E-02   0.183325191E-02  -0.229066075E-02   0.678126089E-04
   0.361080933E-02   0.273753982E-02  -0.280976458E-02   0.669628280E-04
   0.528623024E-02   0.400552619E-02  -0.317942980E-02   0.569984659E-04
   0.728870882E-02   0.552037405E-02  -0.300284731E-02   0.358137804E-04
   0.906238984E-02   0.686282385E-02  -0.190172216E-02   0.113158685E-04
   0.979353860E-02   0.741655054E-02  -0.457541427E-08   0.000000000E+00
