   0.785140379E-03   0.162047576E-01  -0.733839899E-11   0.000000000E+00
   0.738580304E-03   0.151977483E-01   0.171438663E-02   0.922386607E-05
   0.620057748E-03   0.126470579E-01   0.279765925E-02   0.301568052E-04
   0.479952840E-03   0.961176958E-02   0.309998868E-02   0.499732014E-04
   0.354716321E-03   0.687987078E-02   0.286697294E-02   0.617807964E-04
   0.259935274E-03   0.478961971E-02   0.242546131E-02   0.654514006E-04
   0.193367814E-03   0.331289205E-02   0.197163899E-02   0.643420644E-04
   0.147543993E-03   0.230816286E-02   0.158139516E-02   0.604054549E-04
   0.114975584E-03   0.162455498E-02   0.126162765E-02   0.554792168E-04
   0.906521891E-04   0.115501392E-02   0.100187061E-02   0.496567263E-04
   0.713038025E-04   0.824440969E-03   0.786360295E-03   0.435389702E-04
   0.554532999E-04   0.587892195E-03   0.607504044E-03   0.370212874E-04
   0.421088698E-04   0.414818700E-03   0.457422342E-03   0.303339530E-04
   0.311896765E-04   0.288634532E-03   0.335690886E-03   0.240451154E-04
   0.223184798E-04   0.196218287E-03   0.238014225E-03   0.182843032E-04
   0.153200399E-04   0.129163658E-03   0.161837714E-03   0.131869219E-04
   0.100377456E-04   0.815277745E-04   0.104907609E-03   0.909992013E-05
   0.624279528E-05   0.491417231E-04   0.644926113E-04   0.587876048E-05
   0.362551623E-05   0.276819883E-04   0.369054942E-04   0.353161636E-05
   0.190786704E-05   0.140867369E-04   0.190152350E-04   0.190893957E-05
   0.892384605E-06   0.630760860E-05   0.860776709E-05   0.904695412E-06
   0.350208779E-06   0.233087462E-05   0.318657135E-05   0.349871044E-06
   0.108237927E-06   0.670053055E-06   0.878937158E-06   0.104505510E-06
   0.265663687E-07   0.178257082E-06   0.186151823E-06   0.243476546E-07
   0.174420069E-07   0.195704942E-06   0.193214291E-06   0.258469051E-07
   0.301724477E-07   0.333530011E-06   0.378416416E-06   0.494953625E-07
   0.460995508E-07   0.477247227E-06   0.574759838E-06   0.775349420E-07
   0.487635958E-07   0.479275059E-06   0.593144534E-06   0.803052416E-07
   0.387124146E-07   0.369875124E-06   0.465777021E-06   0.654674110E-07
   0.322361728E-07   0.306801041E-06   0.385946038E-06   0.558385089E-07
   0.241135432E-07   0.228854972E-06   0.287066626E-06   0.427968487E-07
   0.144412402E-07   0.137209909E-06   0.172559609E-06   0.267061750E-07
   0.687218815E-08   0.668771847E-07   0.838630712E-07   0.139962069E-07
   0.367611497E-08   0.366275934E-07   0.455744988E-07   0.807606426E-08
   0.118631316E-08   0.121833494E-07   0.140049146E-07   0.265353250E-08
   0.194494185E-09   0.272426703E-08   0.284064949E-08   0.828755342E-09
   0.275629623E-10   0.254149590E-09   0.310462295E-09   0.520902280E-10
   0.176737180E-09   0.759218854E-09   0.121906329E-08   0.741293554E-10
   0.296782210E-09   0.137025102E-08  -0.128719745E-11   0.351184082E-09
   0.709038883E-09   0.414063273E-08   0.574066528E-08   0.872674100E-09
   0.256658611E-09   0.264520539E-08   0.321507687E-08   0.701742497E-09
   0.459677657E-09   0.408929468E-08   0.535061240E-08   0.968931824E-09
   0.318119808E-09   0.304066949E-08   0.327526339E-08   0.967713354E-09
   0.809915524E-09   0.465687400E-08   0.336256201E-08   0.172648240E-08
   0.795170985E-09   0.244380316E-08  -0.224385732E-08   0.142287171E-08
   0.191666971E-08   0.356247920E-08  -0.890598439E-08   0.236833442E-08
   0.439403874E-09   0.171342296E-08  -0.204149742E-08   0.114117893E-08
   0.639007069E-09   0.237056597E-08  -0.138441036E-08   0.131900468E-08
   0.157043500E-08   0.259563726E-08  -0.790461474E-08   0.176361770E-08
   0.302198644E-08   0.400241085E-08  -0.142702357E-07   0.250884447E-08
   0.332274874E-08   0.425796287E-08  -0.155486308E-07   0.262023114E-08
   0.334110228E-08   0.402823064E-08  -0.138292515E-07   0.237579134E-08
   0.208573114E-08   0.256508703E-08  -0.979970416E-08   0.145900791E-08
   0.503382405E-10   0.100073581E-09  -0.194859170E-09   0.519547877E-10
   0.215716250E-09   0.323997135E-09  -0.107829445E-08   0.183114676E-09
   0.174671255E-08   0.262014876E-08  -0.889051321E-08   0.160627556E-08
   0.859052562E-08   0.112479741E-07  -0.406285281E-07   0.662486732E-08
   0.218004175E-07   0.269535647E-07  -0.996938994E-07   0.150906576E-07
   0.512160412E-07   0.621312353E-07  -0.229181538E-06   0.354579512E-07
   0.835361007E-07   0.100839621E-06  -0.372143745E-06   0.549469590E-07
   0.162912187E-06   0.192126549E-06  -0.710940810E-06   0.100327817E-06
   0.219130314E-06   0.254032557E-06  -0.937491848E-06   0.129799005E-06
   0.268663712E-06   0.307145399E-06  -0.112437465E-05   0.150829351E-06
   0.316094486E-06   0.352595009E-06  -0.128198803E-05   0.168056545E-06
   0.282052866E-06   0.309333814E-06  -0.110249516E-05   0.145462408E-06
   0.215811923E-06   0.231743599E-06  -0.788598982E-06   0.949074135E-07
   0.129609688E-06   0.134476409E-06  -0.411393643E-06   0.536967377E-07
   0.139192068E-06   0.133580301E-06  -0.445195923E-06   0.583564130E-07
   0.532571676E-06   0.496820292E-06  -0.192343919E-05   0.223478096E-06
   0.182038536E-05   0.171079751E-05  -0.666261940E-05   0.728187388E-06
   0.464817185E-05   0.429920101E-05  -0.165906604E-04   0.172963246E-05
   0.100900397E-04   0.916988574E-05  -0.348818576E-04   0.346253796E-05
   0.196473029E-04   0.175287369E-04  -0.655164185E-04   0.619176171E-05
   0.345509179E-04   0.302604021E-04  -0.110588684E-03   0.991594152E-05
   0.571736491E-04   0.491522842E-04  -0.174829591E-03   0.148589115E-04
   0.894141995E-04   0.756817826E-04  -0.259837892E-03   0.207746016E-04
   0.133349226E-03   0.111373840E-03  -0.365602580E-03   0.274090453E-04
   0.192937208E-03   0.159504838E-03  -0.495367567E-03   0.346829511E-04
   0.272341218E-03   0.223788084E-03  -0.649172056E-03   0.421006735E-04
   0.376688055E-03   0.308941642E-03  -0.824299001E-03   0.493203079E-04
   0.516045257E-03   0.424046419E-03  -0.102473667E-02   0.563374779E-04
   0.705961429E-03   0.583055546E-03  -0.125646126E-02   0.628991911E-04
   0.970887544E-03   0.807310455E-03  -0.152944028E-02   0.690125453E-04
   0.135083345E-02   0.113089930E-02  -0.185930904E-02   0.746081059E-04
   0.190520915E-02   0.160377764E-02  -0.225828332E-02   0.789022888E-04
   0.271520112E-02   0.229382189E-02  -0.271667307E-02   0.801105198E-04
   0.385782775E-02   0.326563581E-02  -0.315140118E-02   0.751078987E-04
   0.533950189E-02   0.452455506E-02  -0.335043832E-02   0.600960229E-04
   0.698344689E-02   0.592181180E-02  -0.298686023E-02   0.357717181E-04
   0.834508892E-02   0.707930746E-02  -0.181217957E-02   0.108344839E-04
   0.888765883E-02   0.754098967E-02  -0.535974909E-08   0.000000000E+00
