   0.120224664E-03   0.497069722E-02   0.000000000E+00   0.000000000E+00
   0.116893818E-03   0.473247049E-02   0.633893127E-03   0.334406991E-05
   0.108001434E-03   0.410792371E-02   0.108927942E-02   0.114935965E-04
   0.962929116E-04   0.330772065E-02   0.129842642E-02   0.205427223E-04
   0.842268637E-04   0.252342620E-02   0.130434299E-02   0.275306975E-04
   0.731395558E-04   0.185839098E-02   0.119023840E-02   0.314178906E-04
   0.631377479E-04   0.134132581E-02   0.102430012E-02   0.324277789E-04
   0.539107932E-04   0.956321543E-03   0.846879848E-03   0.311201693E-04
   0.451895357E-04   0.675867544E-03   0.678063428E-03   0.284457419E-04
   0.369076624E-04   0.472529937E-03   0.526554475E-03   0.247966182E-04
   0.290351418E-04   0.325075875E-03   0.394365459E-03   0.205864653E-04
   0.219462399E-04   0.219017005E-03   0.284616835E-03   0.163055702E-04
   0.158757921E-04   0.143276440E-03   0.197033092E-03   0.122613737E-04
   0.108830363E-04   0.900776213E-04   0.129490014E-03   0.866435221E-05
   0.698410577E-05   0.534741303E-04   0.795362939E-04   0.570656766E-05
   0.412692634E-05   0.293034573E-04   0.446736776E-04   0.342889712E-05
   0.222257222E-05   0.145488621E-04   0.225098174E-04   0.182377869E-05
   0.107133053E-05   0.635962851E-05   0.984860344E-05   0.843170767E-06
   0.426707487E-06   0.222094286E-05   0.325405813E-05   0.295027320E-06
   0.134239968E-06   0.623338451E-06   0.643029068E-06   0.624872030E-07
   0.297052658E-07   0.244259752E-06  -0.131970501E-08   0.274660117E-08
   0.148534447E-07   0.327924397E-06   0.162991512E-06   0.195297130E-07
   0.289400681E-07   0.533420177E-06   0.510573727E-06   0.533410649E-07
   0.380742797E-07   0.555041083E-06   0.639939969E-06   0.700321934E-07
   0.399463396E-07   0.516739021E-06   0.651846449E-06   0.751437668E-07
   0.379679506E-07   0.454663649E-06   0.599193299E-06   0.714751778E-07
   0.253813806E-07   0.292520639E-06   0.393245642E-06   0.489196843E-07
   0.166669647E-07   0.188221762E-06   0.260000917E-06   0.343071385E-07
   0.963887814E-08   0.106453250E-06   0.146924876E-06   0.195811651E-07
   0.480410733E-08   0.528903819E-07   0.731669232E-07   0.101163202E-07
   0.173839820E-08   0.198039629E-07   0.275346856E-07   0.409289846E-08
   0.204828224E-09   0.234086928E-08   0.213754325E-08   0.804885547E-09
   0.630108812E-10   0.324749200E-09   0.659960073E-10   0.106509787E-09
   0.361788766E-09   0.276537149E-08   0.450197390E-08   0.507259457E-09
   0.550946788E-09   0.292382385E-08   0.252573717E-08   0.521900911E-09
   0.100392095E-08   0.722296400E-08   0.970746594E-08   0.128237643E-08
   0.393087535E-09   0.198015404E-08   0.224161179E-08   0.244585102E-09
   0.760516816E-09   0.526655253E-08   0.749967910E-08   0.865702565E-09
   0.492490104E-09   0.334687500E-08   0.540687140E-08   0.495596952E-09
   0.609222950E-09   0.360382879E-08   0.638878417E-08   0.447311715E-09
   0.495128660E-09   0.135127831E-08  -0.113372500E-08   0.329645672E-09
   0.295295982E-09   0.216586926E-08   0.355850727E-08   0.362332220E-09
   0.254960462E-10   0.600218972E-10   0.256658271E-10   0.588521679E-11
   0.742001877E-10   0.364137248E-09   0.532864142E-09   0.386088730E-10
   0.146661336E-09   0.510256393E-09  -0.108284576E-09   0.123746124E-09
   0.133349609E-09   0.229728070E-09  -0.503439790E-09   0.111648767E-09
   0.973924622E-10   0.148810547E-09  -0.641405040E-09   0.987485857E-10
   0.283942814E-09   0.533934230E-09  -0.152394530E-08   0.228799424E-09
   0.563651383E-10   0.138064810E-09   0.229213856E-09  -0.202568361E-10
   0.295395403E-09   0.626453611E-09  -0.794876776E-09   0.123531588E-09
   0.634303166E-09   0.896931807E-09  -0.396744948E-08   0.508802556E-09
   0.214466023E-08   0.284243362E-08  -0.132827997E-07   0.173302062E-08
   0.238266940E-08   0.316848703E-08  -0.144825503E-07   0.176015114E-08
   0.268420530E-08   0.395979649E-08  -0.168236749E-07   0.221733498E-08
   0.318443782E-08   0.419728741E-08  -0.194785699E-07   0.257482013E-08
   0.245128828E-08   0.336106210E-08  -0.153623301E-07   0.203458805E-08
   0.402999012E-08   0.576237547E-08  -0.254719676E-07   0.340799500E-08
   0.271310374E-08   0.364313157E-08  -0.169021614E-07   0.221865548E-08
   0.350452688E-10   0.127121549E-09  -0.234291420E-09   0.786333360E-10
   0.105068432E-08   0.169456760E-08  -0.658842003E-08   0.105229481E-08
   0.740509831E-08   0.103725011E-07  -0.436450556E-07   0.637000186E-08
   0.299924068E-07   0.397723738E-07  -0.172401315E-06   0.222778347E-07
   0.669623290E-07   0.875980888E-07  -0.377649769E-06   0.477744351E-07
   0.113581713E-06   0.143608446E-06  -0.621330344E-06   0.769750699E-07
   0.210621749E-06   0.257777202E-06  -0.111247857E-05   0.131723937E-06
   0.287053950E-06   0.343145246E-06  -0.145494573E-05   0.166876987E-06
   0.362717657E-06   0.420212956E-06  -0.173520027E-05   0.190786494E-06
   0.348881855E-06   0.388992731E-06  -0.151228267E-05   0.162750013E-06
   0.312550952E-06   0.329016189E-06  -0.111654902E-05   0.117834141E-06
   0.214406683E-06   0.198602606E-06  -0.408925729E-06   0.460165275E-07
   0.192410951E-06   0.139385790E-06  -0.864738396E-07   0.232151951E-07
   0.565230096E-06   0.454694828E-06  -0.169059774E-05   0.193993628E-06
   0.199661486E-05   0.174773368E-05  -0.812242070E-05   0.793328240E-06
   0.523563813E-05   0.462037315E-05  -0.219115809E-04   0.196525116E-05
   0.114263521E-04   0.995490427E-05  -0.467121572E-04   0.390576042E-05
   0.224557098E-04   0.192290045E-04  -0.884785622E-04   0.691039395E-05
   0.395892894E-04   0.332779055E-04  -0.148124978E-03   0.107607584E-04
   0.651745650E-04   0.538608801E-04  -0.229745623E-03   0.154524059E-04
   0.101035526E-03   0.823384617E-04  -0.331824995E-03   0.205630040E-04
   0.150394219E-03   0.121398378E-03  -0.455684378E-03   0.258864929E-04
   0.217397625E-03   0.174634391E-03  -0.601292762E-03   0.311566037E-04
   0.306378002E-03   0.246208481E-03  -0.761943695E-03   0.356012206E-04
   0.426071289E-03   0.343794731E-03  -0.939495629E-03   0.392384936E-04
   0.586726295E-03   0.476485526E-03  -0.112562196E-02   0.415315881E-04
   0.803184346E-03   0.656690972E-03  -0.131434400E-02   0.420526922E-04
   0.109082565E-02   0.896949554E-03  -0.148378580E-02   0.401761899E-04
   0.145808957E-02   0.120353606E-02  -0.158962246E-02   0.348158428E-04
   0.189134944E-02   0.156459934E-02  -0.155556295E-02   0.258428481E-04
   0.233091274E-02   0.193019665E-02  -0.128852087E-02   0.143538482E-04
   0.267137471E-02   0.221295049E-02  -0.743370620E-03   0.415558407E-05
   0.280159502E-02   0.232111965E-02  -0.200296690E-08   0.000000000E+00
