   0.119533361E-03   0.460565556E-02   0.000000000E+00   0.000000000E+00
   0.114252689E-03   0.433318270E-02   0.576597813E-03   0.295351310E-05
   0.101024249E-03   0.365446066E-02   0.957493496E-03   0.983247082E-05
   0.847193587E-04   0.282491208E-02   0.108780165E-02   0.167188500E-04
   0.694456467E-04   0.206183689E-02   0.103813922E-02   0.212887280E-04
   0.568707292E-04   0.145856582E-02   0.904158689E-03   0.232227248E-04
   0.468217440E-04   0.101641449E-02   0.748297665E-03   0.230736441E-04
   0.385034691E-04   0.703822530E-03   0.599038438E-03   0.216250883E-04
   0.313270648E-04   0.485051190E-03   0.466968544E-03   0.193188680E-04
   0.248327760E-04   0.331329909E-03   0.352959149E-03   0.163962195E-04
   0.190667070E-04   0.223176088E-03   0.258373184E-03   0.133160738E-04
   0.140697703E-04   0.147108120E-03   0.182164600E-03   0.103129305E-04
   0.987277144E-05   0.937814257E-04   0.122392928E-03   0.752013329E-05
   0.650841912E-05   0.569473377E-04   0.772795247E-04   0.512662473E-05
   0.402772912E-05   0.326639929E-04   0.456831076E-04   0.325254337E-05
   0.228666318E-05   0.172467207E-04   0.245663814E-04   0.186489865E-05
   0.115966020E-05   0.808746609E-05   0.115508738E-04   0.931866452E-06
   0.513268105E-06   0.326732629E-05   0.453861594E-05   0.390242718E-06
   0.186992423E-06   0.107174435E-05   0.129788884E-05   0.119062442E-06
   0.483605511E-07   0.297450555E-06   0.147016650E-06   0.165510201E-07
   0.112844800E-07   0.186172926E-06   0.194555199E-07   0.329940564E-08
   0.128568738E-07   0.293206199E-06   0.215043087E-06   0.213471303E-07
   0.213423981E-07   0.355962129E-06   0.368490220E-06   0.381435292E-07
   0.260144013E-07   0.362092436E-06   0.428771784E-06   0.463526142E-07
   0.255926480E-07   0.321557224E-06   0.406082563E-06   0.455149944E-07
   0.190387581E-07   0.226868082E-06   0.292460385E-06   0.340936026E-07
   0.118768861E-07   0.136950888E-06   0.181470469E-06   0.219851337E-07
   0.644907017E-08   0.727222869E-07   0.972048397E-07   0.120823982E-07
   0.298282776E-08   0.335907799E-07   0.453682425E-07   0.593193539E-08
   0.106439413E-08   0.123060380E-07   0.165987046E-07   0.232482189E-08
   0.206897555E-09   0.261044120E-08   0.321901727E-08   0.497853536E-09
   0.795134236E-10   0.646581122E-09   0.872492745E-09   0.147919649E-09
   0.792336752E-10   0.260068522E-09   0.154522742E-09   0.236418159E-10
   0.446975235E-09   0.370208419E-08   0.482908336E-08   0.688096746E-09
   0.406937706E-09   0.314222781E-08   0.386477561E-08   0.569346736E-09
   0.421190194E-09   0.284374324E-08   0.365130481E-08   0.434885433E-09
   0.434761283E-09   0.289807534E-08   0.383214438E-08   0.429427910E-09
   0.499910113E-09   0.221020158E-08   0.100443254E-08   0.406534029E-09
   0.299397340E-09   0.106787945E-08   0.164413302E-09   0.186212462E-09
   0.277460221E-09   0.110674536E-08   0.132941852E-09   0.239843340E-09
   0.323698485E-09   0.113598564E-08  -0.331050271E-09   0.285320989E-09
   0.758484872E-10   0.322897903E-09   0.354743374E-09   0.335274759E-10
   0.106297297E-09   0.437409858E-09   0.116180024E-09   0.939059316E-10
   0.568884766E-10   0.609348266E-10  -0.212849335E-09   0.211009942E-10
   0.545411147E-10   0.137725456E-09  -0.250672788E-09   0.577084457E-10
   0.230109785E-10   0.662915972E-10   0.529987096E-10   0.115538456E-10
   0.279850396E-10   0.132790362E-09  -0.144052395E-09   0.668401168E-10
   0.608972803E-10   0.240317211E-09  -0.129454461E-09   0.812777207E-10
   0.105071084E-09   0.349257567E-09  -0.147134679E-09   0.908551220E-10
   0.930102315E-10   0.324338362E-09   0.231913672E-10   0.610590467E-10
   0.258276872E-09   0.285581003E-09  -0.138502265E-08   0.143030282E-09
   0.654532595E-09   0.109464426E-08  -0.374823284E-08   0.550101131E-09
   0.561292679E-09   0.682879531E-09  -0.310369841E-08   0.345213580E-09
   0.279769252E-08   0.359873265E-08  -0.168437406E-07   0.229934316E-08
   0.144284384E-08   0.179378579E-08  -0.840376391E-08   0.103996078E-08
   0.346149442E-08   0.486252549E-08  -0.207502886E-07   0.278776491E-08
   0.384904597E-08   0.507254683E-08  -0.228508128E-07   0.298004132E-08
   0.131052968E-08   0.193236804E-08  -0.760500019E-08   0.100263686E-08
   0.403869882E-09   0.587933591E-09  -0.243627984E-08   0.331123101E-09
   0.597657687E-10   0.243008696E-09  -0.273796569E-09   0.147607607E-09
   0.188801974E-08   0.238262210E-08  -0.103904636E-07   0.144154699E-08
   0.595469229E-08   0.731594874E-08  -0.322590843E-07   0.437669501E-08
   0.223989520E-07   0.263397446E-07  -0.118610686E-06   0.148188946E-07
   0.482201763E-07   0.554408111E-07  -0.248925261E-06   0.297427274E-07
   0.103050418E-06   0.115010188E-06  -0.516188607E-06   0.599562000E-07
   0.161738271E-06   0.174774129E-06  -0.778547360E-06   0.878958843E-07
   0.218612058E-06   0.229166659E-06  -0.100040484E-05   0.109662757E-06
   0.254507142E-06   0.258401514E-06  -0.107981020E-05   0.112910840E-06
   0.256876064E-06   0.247708556E-06  -0.948466834E-06   0.957104120E-07
   0.191298184E-06   0.168893962E-06  -0.488877163E-06   0.484623754E-07
   0.142126041E-06   0.102489182E-06  -0.899961279E-07   0.152322919E-07
   0.288748708E-06   0.206344637E-06  -0.583400720E-06   0.719384516E-07
   0.100872592E-05   0.792120886E-06  -0.345657691E-05   0.340264194E-06
   0.293709763E-05   0.234751064E-05  -0.109879365E-04   0.978974299E-06
   0.708190737E-05   0.561118259E-05  -0.265025210E-04   0.218623131E-05
   0.146477150E-04   0.114038976E-04  -0.530227589E-04   0.405961237E-05
   0.268703734E-04   0.204795706E-04  -0.923841581E-04   0.658648241E-05
   0.460164119E-04   0.343886095E-04  -0.149053361E-03   0.986000578E-05
   0.738196832E-04   0.542471425E-04  -0.222630493E-03   0.135938863E-04
   0.112788883E-03   0.818438348E-04  -0.313064578E-03   0.175388359E-04
   0.167189573E-03   0.120404060E-03  -0.422576704E-03   0.215483760E-04
   0.241699701E-03   0.173562119E-03  -0.548161101E-03   0.252799327E-04
   0.344869535E-03   0.247861026E-03  -0.692041474E-03   0.286325776E-04
   0.488206890E-03   0.352057890E-03  -0.851125165E-03   0.311871518E-04
   0.689449371E-03   0.499105488E-03  -0.102394447E-02   0.326231457E-04
   0.972053793E-03   0.705686281E-03  -0.120138912E-02   0.323950480E-04
   0.135541405E-02   0.985255348E-03  -0.134720735E-02   0.294785532E-04
   0.183825113E-02   0.133621460E-02  -0.138522219E-02   0.229690031E-04
   0.236130692E-02   0.171550794E-02  -0.120198284E-02   0.133692129E-04
   0.278926897E-02   0.202541216E-02  -0.717535790E-03   0.399764986E-05
   0.295862625E-02   0.214797072E-02  -0.248130161E-08   0.000000000E+00
