   0.301629445E-02   0.439367518E-01  -0.145194993E-10   0.000000000E+00
   0.278408779E-02   0.405702814E-01   0.417526299E-02   0.228529661E-04
   0.222031004E-02   0.323968641E-01   0.651297672E-02   0.710130334E-04
   0.158768741E-02   0.232050028E-01   0.674081268E-02   0.110063280E-03
   0.106767472E-02   0.155900903E-01   0.576005597E-02   0.124903861E-03
   0.705935061E-03   0.102317212E-01   0.448907306E-02   0.121499907E-03
   0.475173263E-03   0.675688917E-02   0.338926585E-02   0.110466455E-03
   0.331933697E-03   0.456345128E-02   0.256467471E-02   0.988196989E-04
   0.241543879E-03   0.316218613E-02   0.197043014E-02   0.870941803E-04
   0.181538606E-03   0.224195980E-02   0.153614173E-02   0.774671280E-04
   0.139121199E-03   0.161267095E-02   0.120562816E-02   0.678897195E-04
   0.107289743E-03   0.116763334E-02   0.944091764E-03   0.589988485E-04
   0.823020746E-04   0.844142865E-03   0.731119013E-03   0.498599657E-04
   0.624470777E-04   0.606329006E-03   0.557812804E-03   0.413171219E-04
   0.463455144E-04   0.428978761E-03   0.415133749E-03   0.330346629E-04
   0.335360273E-04   0.297677470E-03   0.300577260E-03   0.255027498E-04
   0.235728639E-04   0.201709539E-03   0.211011895E-03   0.189757757E-04
   0.159842093E-04   0.132521891E-03   0.142666875E-03   0.135579849E-04
   0.103368284E-04   0.833902377E-04   0.917402067E-04   0.915598412E-05
   0.635817651E-05   0.500147362E-04   0.559396831E-04   0.585452653E-05
   0.367155576E-05   0.282354795E-04   0.319083229E-04   0.350248774E-05
   0.195179564E-05   0.147107967E-04   0.166294831E-04   0.189635841E-05
   0.933385365E-06   0.685416489E-05   0.767730944E-05   0.909461733E-06
   0.381889294E-06   0.275410048E-05   0.295620907E-05   0.367673266E-06
   0.134451625E-06   0.967875508E-06   0.928897236E-06   0.122335692E-06
   0.389399979E-07   0.326844201E-06   0.227777093E-06   0.322448308E-07
   0.219802878E-07   0.261099672E-06   0.188011796E-06   0.270822191E-07
   0.325003491E-07   0.348951005E-06   0.337379618E-06   0.495886283E-07
   0.503866104E-07   0.502185344E-06   0.537289452E-06   0.748686872E-07
   0.551272237E-07   0.512258168E-06   0.578785944E-06   0.824379214E-07
   0.502819901E-07   0.454480158E-06   0.525808275E-06   0.789432306E-07
   0.476723336E-07   0.419485133E-06   0.487806119E-06   0.710643988E-07
   0.349444562E-07   0.299670916E-06   0.350393663E-06   0.505789188E-07
   0.229881874E-07   0.195571616E-06   0.233037071E-06   0.353251437E-07
   0.152264690E-07   0.125326665E-06   0.145858010E-06   0.208648512E-07
   0.822896951E-08   0.688102944E-07   0.799488760E-07   0.120310109E-07
   0.514395682E-08   0.406136245E-07   0.469553108E-07   0.665921629E-08
   0.217738605E-08   0.125396911E-07   0.136915528E-07   0.126173560E-08
   0.136281442E-08   0.325452065E-08   0.784848020E-09  -0.550360729E-10
   0.964083702E-09   0.799567468E-09  -0.114656651E-08  -0.112474016E-09
   0.594216287E-09   0.804281919E-09  -0.796719357E-09   0.254749666E-09
   0.212527262E-08   0.305055914E-08  -0.392549993E-08   0.135511058E-08
   0.224081464E-08   0.461680871E-08  -0.444579618E-08   0.244972242E-08
   0.305454573E-08   0.682913415E-08  -0.419041379E-08   0.335558759E-08
   0.212644813E-08   0.592912874E-08  -0.549552848E-08   0.353896379E-08
   0.366586428E-08   0.670087719E-08  -0.155403388E-07   0.441758941E-08
   0.194259964E-08   0.751980433E-08   0.165897507E-08   0.330002625E-08
   0.172672976E-08   0.411743084E-08  -0.534407274E-08   0.253357801E-08
   0.346215456E-08   0.608707706E-08  -0.101398365E-07   0.356543461E-08
   0.194694771E-08   0.298833958E-08  -0.636348840E-08   0.175192127E-08
   0.418814705E-09   0.277574075E-08   0.343487550E-08   0.389188376E-09
   0.543594170E-09   0.971714931E-09   0.820407964E-09  -0.166269179E-09
   0.183321824E-08   0.220516450E-08  -0.450045246E-08   0.203695963E-09
   0.143587346E-07   0.169080359E-07  -0.551657884E-07   0.789120147E-08
   0.263311399E-07   0.304887386E-07  -0.100416784E-06   0.143886290E-07
   0.519506713E-07   0.602142549E-07  -0.198590357E-06   0.299450917E-07
   0.916241163E-07   0.108691800E-06  -0.350256187E-06   0.515160004E-07
   0.124193235E-06   0.143645210E-06  -0.467203023E-06   0.688047734E-07
   0.207321662E-06   0.234587390E-06  -0.765569894E-06   0.113845552E-06
   0.268671670E-06   0.301208189E-06  -0.974778914E-06   0.139429503E-06
   0.317534585E-06   0.351608918E-06  -0.112719761E-05   0.162896526E-06
   0.363002499E-06   0.395957329E-06  -0.124952362E-05   0.177005006E-06
   0.293237179E-06   0.316709929E-06  -0.960840907E-06   0.134267864E-06
   0.226485270E-06   0.240156709E-06  -0.667245899E-06   0.936037381E-07
   0.156999334E-06   0.158897336E-06  -0.352014411E-06   0.499302217E-07
   0.205261728E-06   0.195325157E-06  -0.417520653E-06   0.622948590E-07
   0.659842271E-06   0.608885273E-06  -0.173071203E-05   0.220375895E-06
   0.196797828E-05   0.181796804E-05  -0.560306125E-05   0.672687747E-06
   0.473232649E-05   0.433684909E-05  -0.135764030E-04   0.155905855E-05
   0.101412943E-04   0.920646744E-05  -0.287900311E-04   0.316872365E-05
   0.194618133E-04   0.174380857E-04  -0.539397406E-04   0.569306030E-05
   0.341807281E-04   0.302189128E-04  -0.917087673E-04   0.926519715E-05
   0.561669149E-04   0.490227649E-04  -0.144920850E-03   0.139413605E-04
   0.881285814E-04   0.760482289E-04  -0.217598426E-03   0.198966645E-04
   0.132223431E-03   0.112967493E-03  -0.310334348E-03   0.269069897E-04
   0.192524705E-03   0.163295364E-03  -0.427157531E-03   0.348823196E-04
   0.272922771E-03   0.230375445E-03  -0.568607997E-03   0.437198250E-04
   0.378898170E-03   0.319395738E-03  -0.736198272E-03   0.529653880E-04
   0.517449109E-03   0.436919800E-03  -0.930296897E-03   0.623831875E-04
   0.701250974E-03   0.594743877E-03  -0.115799531E-02   0.724096826E-04
   0.948540866E-03   0.809956633E-03  -0.142820645E-02   0.826821270E-04
   0.129262009E-02   0.111250882E-02  -0.176298083E-02   0.935483913E-04
   0.179091003E-02   0.155307050E-02  -0.219771476E-02   0.106152234E-03
   0.254311226E-02   0.221847370E-02  -0.279002986E-02   0.119846140E-03
   0.371557171E-02   0.325341034E-02  -0.360578881E-02   0.134828108E-03
   0.556532387E-02   0.488262856E-02  -0.468185311E-02   0.147832019E-03
   0.839770027E-02   0.737368222E-02  -0.589434197E-02   0.148833511E-03
   0.123954397E-01   0.108911907E-01  -0.678372011E-02   0.127910636E-03
   0.171889495E-01   0.151156206E-01  -0.646722922E-02   0.809019912E-04
   0.214240495E-01   0.188547354E-01  -0.410965970E-02   0.256207859E-04
   0.231628809E-01   0.203914735E-01  -0.108209877E-07   0.000000000E+00
