   0.477265596E+00   0.491227722E+01   0.000000000E+00   0.000000000E+00
   0.304174811E+00   0.312311935E+01   0.254436135E+00   0.146072661E-02
   0.110840805E+00   0.112926447E+01   0.184880346E+00   0.212470442E-02
   0.355416052E-01   0.356991798E+00   0.883167759E-01   0.152652699E-02
   0.118516497E-01   0.116501860E+00   0.386154726E-01   0.895464793E-03
   0.433752593E-02   0.415433869E-01   0.169579219E-01   0.497550354E-03
   0.182352494E-02   0.171665698E-01   0.783251319E-02   0.281273184E-03
   0.926324574E-03   0.883087143E-02   0.400092825E-02   0.171805776E-03
   0.574402395E-03   0.572902104E-02   0.237095216E-02   0.118117045E-03
   0.413007103E-03   0.435267156E-02   0.164862256E-02   0.923783882E-04
   0.320339226E-03   0.353787583E-02   0.128839805E-02   0.789447149E-04
   0.254329847E-03   0.290955394E-02   0.106433837E-02   0.700801465E-04
   0.201516275E-03   0.236574444E-02   0.891704520E-03   0.625953980E-04
   0.157384711E-03   0.188446697E-02   0.739880954E-03   0.549659017E-04
   0.120428020E-03   0.146448438E-02   0.600437284E-03   0.471138264E-04
   0.904491608E-04   0.111319253E-02   0.476790330E-03   0.394421695E-04
   0.662004022E-04   0.823066046E-03   0.366497814E-03   0.318844432E-04
   0.474467270E-04   0.595633988E-03   0.274986000E-03   0.250094745E-04
   0.332482959E-04   0.420884870E-03   0.200583716E-03   0.190753453E-04
   0.227048695E-04   0.289334188E-03   0.141504206E-03   0.140471002E-04
   0.149985999E-04   0.193119282E-03   0.961164333E-04   0.989491946E-05
   0.964084302E-05   0.125420076E-03   0.631404328E-04   0.672325496E-05
   0.597368626E-05   0.789012411E-04   0.397818367E-04   0.436123082E-05
   0.351338826E-05   0.471769308E-04   0.233770461E-04   0.264459322E-05
   0.201023636E-05   0.276905630E-04   0.134009224E-04   0.154897930E-05
   0.106794755E-05   0.150668911E-04   0.685820669E-05   0.802164720E-06
   0.542184239E-06   0.790287413E-05   0.328191572E-05   0.385011475E-06
   0.255053351E-06   0.384183204E-05   0.134180743E-05   0.153962674E-06
   0.126938886E-06   0.181530299E-05   0.512389704E-06   0.506724049E-07
   0.655350050E-07   0.786245209E-06   0.152166791E-06   0.973002479E-08
   0.489916552E-07   0.409970625E-06   0.111600059E-06   0.586850391E-08
   0.465390677E-07   0.279770632E-06   0.150404105E-06   0.122682575E-07
   0.426876845E-07   0.238839419E-06   0.186384952E-06   0.200903898E-07
   0.426882885E-07   0.230263069E-06   0.215842761E-06   0.237503741E-07
   0.390643962E-07   0.208144868E-06   0.193242371E-06   0.206846700E-07
   0.319503677E-07   0.177367397E-06   0.172587932E-06   0.190891303E-07
   0.256573554E-07   0.140256489E-06   0.133544248E-06   0.142568659E-07
   0.184555979E-07   0.101516861E-06   0.987509949E-07   0.102405391E-07
   0.134427127E-07   0.699178386E-07   0.666611228E-07   0.614696116E-08
   0.964437952E-08   0.479404996E-07   0.438662511E-07   0.385909216E-08
   0.647914078E-08   0.287715487E-07   0.250455177E-07   0.175705939E-08
   0.404147826E-08   0.144193555E-07   0.102587911E-07   0.508794284E-09
   0.264113287E-08   0.570555292E-08   0.164375125E-08  -0.152398455E-09
   0.245701570E-08   0.304528425E-08  -0.263764055E-08   0.295887516E-10
   0.745052520E-09   0.621340202E-09  -0.914787746E-09   0.650050586E-11
   0.455844862E-09   0.392047339E-09  -0.940802214E-09   0.119488239E-09
   0.545003709E-09   0.991488447E-09  -0.430157077E-09   0.322596984E-10
   0.163012182E-08   0.245267473E-08  -0.513494247E-09  -0.179559811E-09
   0.350546925E-08   0.343453532E-08  -0.649195320E-08   0.370659697E-09
   0.848875281E-08   0.752357643E-08  -0.167808878E-07   0.101606601E-08
   0.216520615E-07   0.205706918E-07  -0.506230542E-07   0.571653480E-08
   0.355232146E-07   0.344138620E-07  -0.849422932E-07   0.102929176E-07
   0.539283427E-07   0.499395014E-07  -0.130174641E-06   0.164131091E-07
   0.868973729E-07   0.818647692E-07  -0.214090477E-06   0.288941884E-07
   0.107992022E-06   0.989649465E-07  -0.264496890E-06   0.370654512E-07
   0.140779591E-06   0.126798966E-06  -0.341311534E-06   0.504049815E-07
   0.161709153E-06   0.146371974E-06  -0.381829039E-06   0.570340752E-07
   0.181295960E-06   0.163658598E-06  -0.404049047E-06   0.608275244E-07
   0.183254514E-06   0.164249244E-06  -0.352329010E-06   0.575636712E-07
   0.195842873E-06   0.173554582E-06  -0.258643979E-06   0.446111947E-07
   0.258717733E-06   0.222927923E-06  -0.167362373E-06   0.327130252E-07
   0.476097114E-06   0.398591908E-06  -0.197223486E-06   0.336451862E-07
   0.109753478E-05   0.916453757E-06  -0.725747725E-06   0.952216368E-07
   0.245364481E-05   0.202007323E-05  -0.215684258E-05   0.257880117E-06
   0.501726890E-05   0.409283439E-05  -0.507068262E-05   0.581246638E-06
   0.987696876E-05   0.799530426E-05  -0.109130133E-04   0.121812980E-05
   0.178095670E-04   0.143479392E-04  -0.203464533E-04   0.219063941E-05
   0.312136362E-04   0.249372279E-04  -0.361857019E-04   0.378697928E-05
   0.519736677E-04   0.411801884E-04  -0.598788720E-04   0.606465892E-05
   0.827930053E-04   0.651275841E-04  -0.934425989E-04   0.910728795E-05
   0.128164975E-03   0.100212870E-03  -0.140745731E-03   0.131196784E-04
   0.190199542E-03   0.147669431E-03  -0.200378738E-03   0.178888677E-04
   0.276897335E-03   0.213819178E-03  -0.279354223E-03   0.236850465E-04
   0.390864443E-03   0.300224026E-03  -0.374497235E-03   0.301045638E-04
   0.537949905E-03   0.411114481E-03  -0.486951438E-03   0.369764493E-04
   0.724793354E-03   0.551666366E-03  -0.618255639E-03   0.441394550E-04
   0.950675865E-03   0.720844779E-03  -0.760863710E-03   0.509039201E-04
   0.121878856E-02   0.921311264E-03  -0.914724835E-03   0.570900302E-04
   0.152667868E-02   0.115090946E-02  -0.107713731E-02   0.625852408E-04
   0.187232485E-02   0.140804471E-02  -0.125415414E-02   0.682954123E-04
   0.227437727E-02   0.170739868E-02  -0.148167601E-02   0.758377137E-04
   0.279903854E-02   0.209929794E-02  -0.184980233E-02   0.892832904E-04
   0.368294655E-02   0.276427926E-02  -0.259177247E-02   0.117627758E-03
   0.565178460E-02   0.425772928E-02  -0.426440546E-02   0.177173526E-03
   0.108707063E-01   0.824221130E-02  -0.816655252E-02   0.296303304E-03
   0.259186067E-01   0.197848082E-01  -0.173402485E-01   0.524460746E-03
   0.716520101E-01   0.549863838E-01  -0.388296805E-01   0.929735193E-03
   0.216695905E+00   0.166924879E+00  -0.874479711E-01   0.155058247E-02
   0.676033914E+00   0.522122502E+00  -0.180172309E+00   0.210878532E-02
   0.184179747E+01   0.142469192E+01  -0.243915454E+00   0.141811173E-02
   0.287284827E+01   0.222339511E+01  -0.835311141E-06   0.000000000E+00
