   0.884891342E-04   0.429671211E-02   0.000000000E+00   0.000000000E+00
   0.870727235E-04   0.410456443E-02   0.574362813E-03   0.303413708E-05
   0.832122823E-04   0.360261160E-02   0.100095442E-02   0.105706995E-04
   0.777281894E-04   0.294287456E-02   0.121608248E-02   0.192044445E-04
   0.714341586E-04   0.227950979E-02   0.124664127E-02   0.262373414E-04
   0.648040732E-04   0.170403940E-02   0.115891872E-02   0.303608631E-04
   0.578762665E-04   0.124494254E-02   0.101183658E-02   0.317744780E-04
   0.506607648E-04   0.895166071E-03   0.845197705E-03   0.308249073E-04
   0.430837426E-04   0.635792268E-03   0.680080440E-03   0.281560733E-04
   0.353519863E-04   0.445013255E-03   0.527444354E-03   0.245604242E-04
   0.279170836E-04   0.306043192E-03   0.394786475E-03   0.203075306E-04
   0.210816706E-04   0.205455275E-03   0.283775851E-03   0.159595929E-04
   0.150767664E-04   0.132933637E-03   0.193793647E-03   0.118528287E-04
   0.102013300E-04   0.822645816E-04   0.125346793E-03   0.826726136E-05
   0.642832583E-05   0.478293477E-04   0.753922868E-04   0.532816239E-05
   0.373453486E-05   0.256103231E-04   0.414644492E-04   0.311171880E-05
   0.192330867E-05   0.120327659E-04   0.197805057E-04   0.157171905E-05
   0.877583602E-06   0.487775924E-05   0.802821614E-05   0.671363580E-06
   0.323736685E-06   0.153017857E-05   0.231284253E-05   0.200923623E-06
   0.917821765E-07   0.399673013E-06   0.319058358E-06   0.283699801E-07
   0.205327808E-07   0.263786859E-06   0.214217657E-07   0.210426165E-08
   0.199929140E-07   0.456791525E-06   0.344616410E-06   0.381359904E-07
   0.360347840E-07   0.606579249E-06   0.664046979E-06   0.726471825E-07
   0.444674342E-07   0.625098096E-06   0.771873147E-06   0.865262422E-07
   0.437776784E-07   0.545576654E-06   0.716829732E-06   0.810027103E-07
   0.364913753E-07   0.428936005E-06   0.591627156E-06   0.702009757E-07
   0.227944490E-07   0.263474959E-06   0.369821862E-06   0.469126995E-07
   0.135258418E-07   0.150960219E-06   0.214919126E-06   0.274099019E-07
   0.649662812E-08   0.733590895E-07   0.105019808E-06   0.143723815E-07
   0.305501202E-08   0.341419337E-07   0.498414856E-07   0.702755232E-08
   0.616970308E-09   0.721056059E-08   0.882380036E-08   0.211757012E-08
   0.226929947E-09   0.108923703E-08  -0.120301191E-08   0.644228892E-09
   0.895149163E-10   0.396030625E-09  -0.233134373E-09   0.180673851E-09
   0.600990480E-09   0.462228567E-08   0.743300266E-08   0.843197623E-09
   0.804952216E-09   0.465523664E-08   0.429875069E-08   0.888296769E-09
   0.981993931E-09   0.724658600E-08   0.967121583E-08   0.139076084E-08
   0.557836721E-09   0.343112116E-08   0.549472956E-08   0.440121384E-09
   0.782618026E-09   0.434933733E-08   0.460027794E-08   0.740538741E-09
   0.558750879E-09   0.247590726E-08   0.191105620E-08   0.383003906E-09
   0.244505138E-09   0.128908895E-08   0.224377805E-08   0.110152006E-09
   0.387762850E-09   0.251229659E-08   0.385787668E-08   0.392316901E-09
   0.199335923E-09   0.813984047E-09   0.140373213E-08   0.437919215E-10
   0.153049309E-09   0.252842608E-09  -0.893239149E-09   0.110306174E-09
   0.973954042E-10   0.218210283E-09  -0.649082510E-09   0.116994289E-09
   0.247668136E-10   0.200389649E-09   0.810403897E-10   0.854668766E-10
   0.672911518E-10   0.208498371E-09  -0.175956281E-10   0.782658313E-10
   0.886340654E-10   0.127415439E-09  -0.604601480E-09   0.809464024E-10
   0.897327559E-10   0.109985687E-09  -0.426003816E-09   0.307248012E-10
   0.100686459E-08   0.176691073E-08  -0.682204115E-08   0.982123050E-09
   0.270224843E-09   0.315369342E-09  -0.144640189E-08   0.107677728E-09
   0.108419584E-08   0.182653725E-08  -0.702602776E-08   0.946016598E-09
   0.190925742E-08   0.317783422E-08  -0.130210491E-07   0.179603599E-08
   0.314970272E-08   0.470406514E-08  -0.215389786E-07   0.283142909E-08
   0.243896925E-08   0.358100216E-08  -0.166832450E-07   0.226179209E-08
   0.201070272E-08   0.352916762E-08  -0.123431008E-07   0.163990121E-08
   0.473032280E-08   0.769137998E-08  -0.322580433E-07   0.439766312E-08
   0.271286882E-08   0.423035829E-08  -0.185738571E-07   0.249886933E-08
   0.298877190E-08   0.443207115E-08  -0.200848103E-07   0.259549782E-08
   0.251144158E-10   0.313622704E-10  -0.867191666E-10   0.134293080E-10
   0.277423390E-09   0.701948111E-09  -0.215978568E-08   0.502445419E-09
   0.345732487E-08   0.510681231E-08  -0.220134719E-07   0.296211033E-08
   0.242380178E-07   0.342108031E-07  -0.151603629E-06   0.202006216E-07
   0.538997540E-07   0.735836778E-07  -0.328440422E-06   0.419689385E-07
   0.993731106E-07   0.133354277E-06  -0.590724028E-06   0.722116269E-07
   0.167108652E-06   0.217033801E-06  -0.960493935E-06   0.114674407E-06
   0.265242591E-06   0.334489329E-06  -0.146728939E-05   0.170012470E-06
   0.348077918E-06   0.425733390E-06  -0.182846725E-05   0.203065113E-06
   0.381647595E-06   0.450037106E-06  -0.185539727E-05   0.197983695E-06
   0.395832643E-06   0.445423467E-06  -0.168483905E-05   0.174249394E-06
   0.256284409E-06   0.262641777E-06  -0.744051079E-06   0.785316487E-07
   0.180583257E-06   0.145201057E-06  -0.137497295E-06   0.250368331E-07
   0.360807348E-06   0.281517458E-06  -0.864409344E-06   0.110461791E-06
   0.134805384E-05   0.120409743E-05  -0.568934138E-05   0.566032838E-06
   0.403969989E-05   0.369867416E-05  -0.183856318E-04   0.166061454E-05
   0.927126439E-05   0.841466863E-05  -0.413656126E-04   0.346359298E-05
   0.189879938E-04   0.169387658E-04  -0.817685650E-04   0.638332267E-05
   0.344634173E-04   0.301670061E-04  -0.141146753E-03   0.102193135E-04
   0.582982466E-04   0.500772003E-04  -0.225493975E-03   0.151654358E-04
   0.914652555E-04   0.773822758E-04  -0.329985167E-03   0.203831769E-04
   0.137856085E-03   0.115284958E-03  -0.460113632E-03   0.260825509E-04
   0.199642673E-03   0.165956095E-03  -0.608346483E-03   0.313393030E-04
   0.281932764E-03   0.234171486E-03  -0.774569169E-03   0.359540209E-04
   0.390291592E-03   0.325316127E-03  -0.950250484E-03   0.394850249E-04
   0.533919898E-03   0.447909697E-03  -0.113148394E-02   0.414027018E-04
   0.723391189E-03   0.611252675E-03  -0.130613672E-02   0.414328933E-04
   0.968809298E-03   0.823848764E-03  -0.145181024E-02   0.389113302E-04
   0.127504347E-02   0.108938583E-02  -0.152506924E-02   0.331556803E-04
   0.162517885E-02   0.139247696E-02  -0.146105187E-02   0.240832360E-04
   0.197324739E-02   0.169323653E-02  -0.118748669E-02   0.131640054E-04
   0.223701727E-02   0.192091765E-02  -0.676074938E-03   0.376474532E-05
   0.233706296E-02   0.200706301E-02  -0.156774649E-08   0.000000000E+00
