   0.791192142E-04   0.408878177E-02   0.000000000E+00   0.000000000E+00
   0.782355128E-04   0.391099043E-02   0.556194631E-03   0.294022880E-05
   0.757160524E-04   0.344084343E-02   0.972833019E-03   0.102793565E-04
   0.719785676E-04   0.282519846E-02   0.118946633E-02   0.188126887E-04
   0.673050745E-04   0.219993456E-02   0.122707721E-02   0.257793999E-04
   0.619967032E-04   0.165171083E-02   0.114712934E-02   0.299316725E-04
   0.560312728E-04   0.121111434E-02   0.100613222E-02   0.314461649E-04
   0.494063097E-04   0.873135461E-03   0.842567009E-03   0.305783797E-04
   0.422180747E-04   0.621217303E-03   0.678957673E-03   0.280695203E-04
   0.347487294E-04   0.435161317E-03   0.527077820E-03   0.243925224E-04
   0.273379046E-04   0.298370403E-03   0.392556045E-03   0.200534996E-04
   0.205912838E-04   0.199614849E-03   0.281093729E-03   0.157362883E-04
   0.146910115E-04   0.128722560E-03   0.191315965E-03   0.116058554E-04
   0.988878583E-05   0.793187355E-04   0.123090547E-03   0.804323554E-05
   0.614367400E-05   0.454027577E-04   0.728173109E-04   0.510086147E-05
   0.355763041E-05   0.241567195E-04   0.398806151E-04   0.296902112E-05
   0.181190876E-05   0.111731870E-04   0.187349142E-04   0.146530692E-05
   0.804043566E-06   0.436817663E-05   0.732091348E-05   0.604091497E-06
   0.287005975E-06   0.131215745E-05   0.198583803E-05   0.169016616E-06
   0.783278011E-07   0.347262755E-06   0.231650191E-06   0.192946370E-07
   0.170481567E-07   0.290263785E-06   0.452709195E-07   0.526133892E-08
   0.236937190E-07   0.523297786E-06   0.444500643E-06   0.482071520E-07
   0.419238617E-07   0.683641929E-06   0.782164705E-06   0.857588418E-07
   0.484728560E-07   0.670750808E-06   0.857549765E-06   0.969148957E-07
   0.439540671E-07   0.549081051E-06   0.738269478E-06   0.851761541E-07
   0.371130859E-07   0.437078626E-06   0.617955550E-06   0.745352722E-07
   0.237072868E-07   0.264967582E-06   0.374061159E-06   0.451519000E-07
   0.133991431E-07   0.150267098E-06   0.217111591E-06   0.280163892E-07
   0.634289821E-08   0.716408977E-07   0.103554363E-06   0.140394087E-07
   0.198188088E-08   0.232374475E-07   0.322162990E-07   0.480032503E-08
   0.807525324E-09   0.970114389E-08   0.139323335E-07   0.219654095E-08
   0.997972885E-10   0.836983538E-09   0.110181841E-08   0.249786386E-09
   0.904956179E-10   0.310225928E-09   0.509053875E-10   0.697525510E-10
   0.624395202E-09   0.487031437E-08   0.836570280E-08   0.895919394E-09
   0.840801151E-09   0.648721121E-08   0.101842206E-07   0.118543253E-08
   0.859758653E-09   0.662134125E-08   0.103292219E-07   0.120713306E-08
   0.625488161E-09   0.369616404E-08   0.530020561E-08   0.515278265E-09
   0.515906651E-09   0.377453935E-08   0.631389208E-08   0.634220454E-09
   0.497877573E-09   0.301163405E-08   0.417473478E-08   0.467239358E-09
   0.558130986E-09   0.373996256E-08   0.438464864E-08   0.771111508E-09
   0.499088049E-09   0.119979815E-08  -0.138266565E-08   0.267844108E-09
   0.895475430E-10   0.521379384E-09   0.906747066E-09   0.661318986E-10
   0.174659565E-09   0.215396811E-09  -0.815897017E-09   0.464912830E-10
   0.463937014E-10   0.132840433E-09  -0.547019305E-10   0.271678322E-10
   0.738866676E-10   0.142567000E-09  -0.497941022E-09   0.751653878E-10
   0.101177448E-09   0.281069695E-09  -0.433029890E-09   0.155350940E-09
   0.413127275E-10   0.869605984E-10  -0.276256129E-09   0.494600229E-10
   0.298752204E-10   0.104366592E-09  -0.991258377E-11   0.359720378E-10
   0.105471631E-09   0.442623965E-09   0.282492335E-09   0.741761166E-10
   0.687989776E-09   0.107946696E-08  -0.498512032E-08   0.684399981E-09
   0.340813683E-09   0.514301102E-09  -0.206261519E-08   0.225884034E-09
   0.157655122E-08   0.234147368E-08  -0.110874536E-07   0.145462742E-08
   0.285951440E-08   0.476758721E-08  -0.198932337E-07   0.268876943E-08
   0.310674175E-08   0.512167908E-08  -0.219594796E-07   0.299445357E-08
   0.194154426E-08   0.292058022E-08  -0.131133957E-07   0.160951064E-08
   0.511976062E-08   0.788759991E-08  -0.362733914E-07   0.490156404E-08
   0.354820417E-08   0.559118218E-08  -0.244302409E-07   0.316766591E-08
   0.287549340E-08   0.478336259E-08  -0.202843431E-07   0.278021628E-08
   0.138575595E-08   0.214650320E-08  -0.983619941E-08   0.132305245E-08
   0.275097167E-09   0.657793320E-09  -0.225132579E-08   0.455813443E-09
   0.228140373E-08   0.361798569E-08  -0.152958730E-07   0.230020669E-08
   0.171674319E-07   0.245072016E-07  -0.109760428E-06   0.144984114E-07
   0.408073646E-07   0.577263641E-07  -0.257289912E-06   0.326244098E-07
   0.962962616E-07   0.131625228E-06  -0.590134789E-06   0.716312485E-07
   0.177775462E-06   0.234512470E-06  -0.105521622E-05   0.126372157E-06
   0.286367566E-06   0.369013804E-06  -0.164137191E-05   0.189343865E-06
   0.369440869E-06   0.460436070E-06  -0.201307989E-05   0.223554551E-06
   0.390461594E-06   0.469354291E-06  -0.197531563E-05   0.214128434E-06
   0.422208586E-06   0.487021964E-06  -0.189963839E-05   0.195720546E-06
   0.314871045E-06   0.337187657E-06  -0.104364665E-05   0.105425123E-06
   0.192937904E-06   0.165565737E-06  -0.180244569E-06   0.258218726E-07
   0.325649779E-06   0.257028745E-06  -0.782861548E-06   0.101977200E-06
   0.113789395E-05   0.101812554E-05  -0.477041613E-05   0.480520498E-06
   0.356516966E-05   0.329260183E-05  -0.165592228E-04   0.150236542E-05
   0.853329038E-05   0.785400061E-05  -0.392560178E-04   0.328889996E-05
   0.177826387E-04   0.161271510E-04  -0.791108250E-04   0.615183308E-05
   0.328590140E-04   0.291840297E-04  -0.139228971E-03   0.100928282E-04
   0.555700608E-04   0.484248667E-04  -0.221988797E-03   0.149007246E-04
   0.881751985E-04   0.756309892E-04  -0.329096889E-03   0.203206928E-04
   0.132966525E-03   0.112669877E-03  -0.458788854E-03   0.259566441E-04
   0.193219894E-03   0.162602795E-03  -0.609456853E-03   0.313873134E-04
   0.272591220E-03   0.229129873E-03  -0.774496992E-03   0.359586011E-04
   0.377612945E-03   0.318446691E-03  -0.952093804E-03   0.393920709E-04
   0.515490538E-03   0.437365117E-03  -0.113237044E-02   0.414783535E-04
   0.696196919E-03   0.595026708E-03  -0.130311365E-02   0.413211856E-04
   0.929200905E-03   0.799479545E-03  -0.144110096E-02   0.386046704E-04
   0.121600181E-02   0.105139706E-02  -0.150469702E-02   0.327075904E-04
   0.154220883E-02   0.133746513E-02  -0.143239251E-02   0.236050000E-04
   0.186299509E-02   0.161832210E-02  -0.115720811E-02   0.128348238E-04
   0.210483116E-02   0.182971603E-02  -0.656032993E-03   0.365541700E-05
   0.219782139E-02   0.191098254E-02  -0.152012103E-08   0.000000000E+00
