   0.594494259E-02   0.829590037E-01  -0.183030761E-10   0.000000000E+00
   0.514742732E-02   0.717985108E-01   0.771488994E-02   0.408281448E-04
   0.347793452E-02   0.484612994E-01   0.101690656E-01   0.107089305E-03
   0.200639223E-02   0.279414989E-01   0.843969639E-02   0.131935332E-03
   0.108533865E-02   0.151376268E-01   0.574439671E-02   0.118603937E-03
   0.592570228E-03   0.828929152E-02   0.364664523E-02   0.934458076E-04
   0.343066582E-03   0.480445335E-02   0.233448530E-02   0.718408555E-04
   0.215657827E-03   0.300195697E-02   0.157452235E-02   0.569700096E-04
   0.146219463E-03   0.200296100E-02   0.112673047E-02   0.473696200E-04
   0.104656916E-03   0.139721704E-02   0.843012240E-03   0.405769460E-04
   0.771039849E-04   0.996798393E-03   0.644622836E-03   0.348250214E-04
   0.573338511E-04   0.715120928E-03   0.494324486E-03   0.296164926E-04
   0.424198552E-04   0.509939622E-03   0.374926371E-03   0.245739229E-04
   0.309435709E-04   0.358680176E-03   0.278870488E-03   0.198050893E-04
   0.220039001E-04   0.246635289E-03   0.201219955E-03   0.153306955E-04
   0.152315661E-04   0.165377001E-03   0.140706266E-03   0.114522691E-04
   0.102277299E-04   0.107906228E-03   0.951455804E-04   0.819901015E-05
   0.655867552E-05   0.675106785E-04   0.611900032E-04   0.556256600E-05
   0.399175087E-05   0.402589139E-04   0.372118520E-04   0.355279053E-05
   0.227743726E-05   0.226121938E-04   0.211238839E-04   0.211240581E-05
   0.120073651E-05   0.117911277E-04   0.110150795E-04   0.114991542E-05
   0.573486034E-06   0.563363255E-05   0.516428099E-05   0.558955151E-06
   0.230706632E-06   0.230911587E-05   0.199752731E-05   0.226501797E-06
   0.798943702E-07   0.835728997E-06   0.640660971E-06   0.756369616E-07
   0.205790052E-07   0.259766267E-06   0.137673354E-06   0.176741768E-07
   0.114411147E-07   0.149020835E-06   0.896543213E-07   0.116025394E-07
   0.167592678E-07   0.179969589E-06   0.161657454E-06   0.195099137E-07
   0.228270665E-07   0.225888783E-06   0.233604396E-06   0.327659251E-07
   0.250947760E-07   0.236098870E-06   0.255795157E-06   0.347821256E-07
   0.239890809E-07   0.225980017E-06   0.245406653E-06   0.343460442E-07
   0.191791347E-07   0.177716984E-06   0.194602237E-06   0.275801089E-07
   0.124733459E-07   0.116563854E-06   0.129112024E-06   0.201998862E-07
   0.954752899E-08   0.886882106E-07   0.982862147E-07   0.152060959E-07
   0.566014968E-08   0.503082305E-07   0.569606051E-07   0.852319992E-08
   0.328907634E-08   0.307421004E-07   0.329101226E-07   0.523174482E-08
   0.107343057E-08   0.111979777E-07   0.116126611E-07   0.219766805E-08
   0.657557730E-09   0.507628206E-08   0.466669414E-08   0.766794628E-09
   0.104241761E-09   0.764359243E-09   0.705619230E-09   0.109997317E-09
   0.200184053E-10   0.461881991E-10  -0.935992516E-11   0.329854980E-11
   0.196767325E-09   0.131499622E-08   0.148110402E-08   0.275686945E-09
   0.402044786E-09   0.146964230E-08   0.442605563E-09   0.552412505E-09
   0.676282752E-09   0.216186691E-08   0.407169604E-09   0.821580748E-09
   0.109595977E-08   0.282472623E-08   0.121023025E-09   0.105085718E-08
   0.135661082E-08   0.411449985E-08   0.101282926E-08   0.147225077E-08
   0.452562321E-09   0.196841587E-08   0.165151226E-09   0.866507144E-09
   0.108281450E-08   0.266429567E-08  -0.159531299E-08   0.130312350E-08
   0.932625865E-09   0.244838305E-08  -0.101786513E-08   0.113891796E-08
   0.198635686E-08   0.351604657E-08  -0.389903931E-08   0.175609172E-08
   0.169484271E-08   0.225679231E-08  -0.603990413E-08   0.141547052E-08
   0.900323538E-09   0.115514875E-08  -0.334207040E-08   0.726777305E-09
   0.133342226E-08   0.137963529E-08  -0.451104532E-08   0.798718536E-09
   0.188119229E-09   0.528857125E-09  -0.491378422E-11   0.208562723E-09
   0.571037828E-09   0.473919681E-09  -0.165824876E-08   0.230596223E-09
   0.321908888E-09   0.292802782E-09  -0.104524656E-08   0.125766911E-09
   0.302649550E-08   0.301989100E-08  -0.104403597E-07   0.162445191E-08
   0.104052056E-07   0.107954721E-07  -0.366443409E-07   0.544232259E-08
   0.246022118E-07   0.240513938E-07  -0.833105318E-07   0.127518689E-07
   0.344594540E-07   0.341422073E-07  -0.117299933E-06   0.176813604E-07
   0.747059019E-07   0.723829814E-07  -0.249658484E-06   0.364014454E-07
   0.112417780E-06   0.108858053E-06  -0.372522607E-06   0.532521618E-07
   0.128251429E-06   0.122578385E-06  -0.416888412E-06   0.576157859E-07
   0.170666638E-06   0.160244426E-06  -0.541371548E-06   0.751085238E-07
   0.192957330E-06   0.179505108E-06  -0.594944765E-06   0.809689524E-07
   0.188890525E-06   0.172421821E-06  -0.551516962E-06   0.729157605E-07
   0.130786233E-06   0.117139002E-06  -0.330958045E-06   0.443867769E-07
   0.105993095E-06   0.906075002E-07  -0.183058802E-06   0.261911328E-07
   0.191697325E-06   0.151165821E-06  -0.293253464E-06   0.369671049E-07
   0.632314197E-06   0.496937332E-06  -0.128724298E-05   0.146301190E-06
   0.180059305E-05   0.140477914E-05  -0.400289628E-05   0.432811191E-06
   0.445233900E-05   0.344573414E-05  -0.101512069E-04   0.105239337E-05
   0.918794194E-05   0.701942645E-05  -0.206297627E-04   0.204414096E-05
   0.178270784E-04   0.134320780E-04  -0.390631649E-04   0.370524845E-05
   0.314869394E-04   0.233769933E-04  -0.664057588E-04   0.601841248E-05
   0.523447598E-04   0.383790721E-04  -0.105462015E-03   0.905919751E-05
   0.826866235E-04   0.598806073E-04  -0.157772491E-03   0.128524507E-04
   0.125803228E-03   0.901746898E-04  -0.225851429E-03   0.173641911E-04
   0.185651908E-03   0.132005909E-03  -0.311649637E-03   0.225544190E-04
   0.265343289E-03   0.187673577E-03  -0.413194561E-03   0.280361655E-04
   0.373096933E-03   0.263166119E-03  -0.536459382E-03   0.340997940E-04
   0.515677850E-03   0.363732310E-03  -0.680598023E-03   0.404427010E-04
   0.708632229E-03   0.500996772E-03  -0.855724618E-03   0.473010296E-04
   0.979630975E-03   0.695150229E-03  -0.108141673E-02   0.557930362E-04
   0.138576480E-02   0.987353502E-03  -0.140078249E-02   0.666351043E-04
   0.205349573E-02   0.146720477E-02  -0.190498121E-02   0.820380592E-04
   0.325403246E-02   0.232610037E-02  -0.275617954E-02   0.103780243E-03
   0.556198414E-02   0.396967353E-02  -0.420551747E-02   0.132194356E-03
   0.100685805E-01   0.717129279E-02  -0.648199487E-02   0.161464952E-03
   0.184199791E-01   0.131028146E-01  -0.933442917E-02   0.171807318E-03
   0.316792689E-01   0.225274190E-01  -0.110604735E-01   0.133472990E-03
   0.466563925E-01   0.331847332E-01  -0.829909369E-02   0.495212116E-04
   0.537795052E-01   0.382592455E-01  -0.248442884E-07   0.000000000E+00
