   0.185265191E-03   0.661269762E-02   0.000000000E+00   0.000000000E+00
   0.179678304E-03   0.631055702E-02   0.805318414E-03   0.431905619E-05
   0.164430225E-03   0.550506543E-02   0.138934539E-02   0.149535608E-04
   0.144494406E-03   0.446217321E-02   0.166467193E-02   0.268713356E-04
   0.124338592E-03   0.343434233E-02   0.168340444E-02   0.362512037E-04
   0.106188687E-03   0.255312026E-02   0.154621794E-02   0.416684816E-04
   0.904969856E-04   0.186110556E-02   0.134066923E-02   0.432034176E-04
   0.768366008E-04   0.134197937E-02   0.111992075E-02   0.421004261E-04
   0.645246400E-04   0.960097415E-03   0.908590038E-03   0.391361282E-04
   0.529478566E-04   0.680769561E-03   0.715362839E-03   0.345454137E-04
   0.423971615E-04   0.477407739E-03   0.548298704E-03   0.294205638E-04
   0.327589369E-04   0.328871742E-03   0.406114472E-03   0.238404555E-04
   0.243894938E-04   0.221544426E-03   0.290429132E-03   0.185169647E-04
   0.172788787E-04   0.144118283E-03   0.197978181E-03   0.136276931E-04
   0.116721494E-04   0.901770982E-04   0.128709944E-03   0.948560591E-05
   0.734616879E-05   0.528842465E-04   0.776385932E-04   0.611315727E-05
   0.430913360E-05   0.288807296E-04   0.432891684E-04   0.360560057E-05
   0.230535329E-05   0.142850831E-04   0.216456610E-04   0.190821265E-05
   0.108698327E-05   0.611768382E-05   0.916296722E-05   0.852373205E-06
   0.424215244E-06   0.210827852E-05   0.287367402E-05   0.282940135E-06
   0.131605319E-06   0.614512089E-06   0.503452497E-06   0.545508314E-07
   0.295910354E-07   0.307874984E-06  -0.622293106E-08   0.234237807E-08
   0.205360955E-07   0.414561811E-06   0.229446073E-06   0.270522609E-07
   0.359924535E-07   0.637744449E-06   0.610827215E-06   0.702428551E-07
   0.485164797E-07   0.694181949E-06   0.792728542E-06   0.952704085E-07
   0.527139932E-07   0.663312790E-06   0.822101811E-06   0.100310316E-06
   0.501387341E-07   0.587817169E-06   0.758489762E-06   0.964632818E-07
   0.357017953E-07   0.401407618E-06   0.533903062E-06   0.706275856E-07
   0.204011297E-07   0.222547271E-06   0.297052367E-06   0.398176105E-07
   0.156775375E-07   0.166076987E-06   0.230839646E-06   0.322586757E-07
   0.629413988E-08   0.682135450E-07   0.917379523E-07   0.133351072E-07
   0.264206523E-08   0.306021803E-07   0.405627958E-07   0.668551614E-08
   0.558111279E-09   0.785115351E-08   0.946294421E-08   0.202246264E-08
   0.122709676E-09   0.715506099E-09  -0.606490747E-09   0.440975895E-09
   0.427205299E-09   0.234146369E-08   0.164014913E-08   0.542101641E-09
   0.826315349E-09   0.467663996E-08   0.492095475E-08   0.799447120E-09
   0.667641886E-09   0.422873248E-08   0.700627112E-08   0.586347804E-09
   0.837840020E-09   0.579027226E-08   0.676415279E-08   0.111972642E-08
   0.915855447E-09   0.592900484E-08   0.814625878E-08   0.936648870E-09
   0.466155337E-09   0.232492736E-08   0.339958439E-08   0.197256697E-09
   0.362265468E-09   0.165386749E-08   0.242082976E-08   0.102940746E-09
   0.299697100E-09   0.239989228E-08   0.368400710E-08   0.466436334E-09
   0.123044866E-09   0.622289109E-09   0.719601601E-09   0.809145181E-10
   0.331020350E-09   0.186700144E-08   0.209249906E-08   0.563401326E-09
   0.498687376E-10   0.278762902E-09   0.136408579E-09   0.114292610E-09
   0.160788410E-09   0.344759138E-09  -0.826831104E-09   0.219656099E-09
   0.432102770E-09   0.603359918E-09  -0.238230169E-08   0.368762132E-09
   0.534462419E-09   0.757430674E-09  -0.325508176E-08   0.478787510E-09
   0.889975704E-09   0.119014676E-08  -0.524972599E-08   0.677636891E-09
   0.102619802E-08   0.146464540E-08  -0.611214368E-08   0.800695454E-09
   0.308071035E-08   0.456803351E-08  -0.191755074E-07   0.276441625E-08
   0.477832796E-08   0.709584125E-08  -0.287069799E-07   0.389916721E-08
   0.557368551E-08   0.821953261E-08  -0.345637972E-07   0.499907182E-08
   0.279311507E-08   0.378078235E-08  -0.162750471E-07   0.204691908E-08
   0.590209126E-08   0.839124858E-08  -0.358451615E-07   0.500026553E-08
   0.117468346E-08   0.174217285E-08  -0.671010936E-08   0.842080461E-09
   0.489022989E-09   0.769861341E-09  -0.301512126E-08   0.440435910E-09
   0.566779124E-09   0.111037923E-08  -0.344689699E-08   0.761429586E-09
   0.368513065E-08   0.568942049E-08  -0.214616556E-07   0.312555626E-08
   0.128376341E-07   0.183656308E-07  -0.732959649E-07   0.108330056E-07
   0.386350436E-07   0.531461950E-07  -0.215555090E-06   0.307320001E-07
   0.866271463E-07   0.114980395E-06  -0.470741753E-06   0.629157881E-07
   0.140870256E-06   0.183045742E-06  -0.745368425E-06   0.967773701E-07
   0.220261668E-06   0.278668324E-06  -0.112674252E-05   0.141518001E-06
   0.339308713E-06   0.418741536E-06  -0.167212136E-05   0.203129815E-06
   0.388247713E-06   0.465110872E-06  -0.180640347E-05   0.215930157E-06
   0.416897649E-06   0.485896919E-06  -0.177651668E-05   0.199778000E-06
   0.337353242E-06   0.372099890E-06  -0.118772823E-05   0.130533309E-06
   0.258552518E-06   0.257029257E-06  -0.533543300E-06   0.603144059E-07
   0.217513232E-06   0.169076912E-06  -0.957002726E-07   0.243795295E-07
   0.545439718E-06   0.444635447E-06  -0.141673831E-05   0.178081322E-06
   0.179210440E-05   0.159203171E-05  -0.675147021E-05   0.713679469E-06
   0.494471942E-05   0.451198503E-05  -0.200717914E-04   0.193929986E-05
   0.108440399E-04   0.981963967E-05  -0.434600224E-04   0.392493484E-05
   0.211780225E-04   0.189197635E-04  -0.822034926E-04   0.694960227E-05
   0.381449609E-04   0.335541881E-04  -0.142117948E-03   0.112325570E-04
   0.627651316E-04   0.543314527E-04  -0.221469876E-03   0.163142231E-04
   0.978350217E-04   0.835590254E-04  -0.324386288E-03   0.222091767E-04
   0.146748571E-03   0.124178739E-03  -0.453922374E-03   0.286661125E-04
   0.212403698E-03   0.178877977E-03  -0.606235466E-03   0.350780101E-04
   0.299082749E-03   0.251780206E-03  -0.778492889E-03   0.411268338E-04
   0.414455310E-03   0.350335962E-03  -0.971834583E-03   0.463274810E-04
   0.567668409E-03   0.483296986E-03  -0.118126534E-02   0.502673684E-04
   0.773137144E-03   0.663840387E-03  -0.140412827E-02   0.527855773E-04
   0.104752416E-02   0.906799454E-03  -0.162808422E-02   0.530153302E-04
   0.140948466E-02   0.122823298E-02  -0.182832731E-02   0.502614530E-04
   0.186803658E-02   0.163537939E-02  -0.194937852E-02   0.433730784E-04
   0.240271538E-02   0.210942631E-02  -0.189770898E-02   0.319726641E-04
   0.293866452E-02   0.258423854E-02  -0.156355789E-02   0.176775884E-04
   0.335339992E-02   0.295148604E-02  -0.899391714E-03   0.510415339E-05
   0.350980950E-02   0.308951340E-02  -0.263999622E-08   0.000000000E+00
