   0.194908585E-02   0.314689316E-01   0.000000000E+00   0.000000000E+00
   0.180995325E-02   0.292216223E-01   0.308637228E-02   0.168005081E-04
   0.146926031E-02   0.237067677E-01   0.489415601E-02   0.530781290E-04
   0.107800937E-02   0.173558667E-01   0.518694147E-02   0.843154194E-04
   0.746551901E-03   0.119266426E-01   0.455123466E-02   0.982482597E-04
   0.509659527E-03   0.799791981E-02   0.364887645E-02   0.987342210E-04
   0.354180229E-03   0.537543418E-02   0.282935239E-02   0.922357794E-04
   0.254512386E-03   0.367148896E-02   0.218706531E-02   0.838422711E-04
   0.189360013E-03   0.255985605E-02   0.170477433E-02   0.753982968E-04
   0.144614067E-03   0.181588333E-02   0.133892661E-02   0.670762092E-04
   0.111864261E-03   0.130211015E-02   0.105213351E-02   0.591197750E-04
   0.866806731E-04   0.937958655E-03   0.821781519E-03   0.509066449E-04
   0.663511601E-04   0.672061229E-03   0.630834664E-03   0.428692038E-04
   0.500068163E-04   0.477617403E-03   0.475545967E-03   0.349186521E-04
   0.369017398E-04   0.334698678E-03   0.350288523E-03   0.276230385E-04
   0.263402944E-04   0.228673962E-03   0.249181350E-03   0.209965528E-04
   0.181885716E-04   0.152253866E-03   0.171359643E-03   0.152502762E-04
   0.119835577E-04   0.971098270E-04   0.112143971E-03   0.105513654E-04
   0.755011979E-05   0.594635676E-04   0.700651508E-04   0.692080357E-05
   0.449470781E-05   0.344762011E-04   0.412472364E-04   0.427260784E-05
   0.245298952E-05   0.183275733E-04   0.221111241E-04   0.238973121E-05
   0.122961524E-05   0.892958269E-05   0.107970154E-04   0.121713538E-05
   0.523220137E-06   0.366527524E-05   0.436725486E-05   0.512368899E-06
   0.192516723E-06   0.128872023E-05   0.147632636E-05   0.181669080E-06
   0.533872928E-07   0.373578700E-06   0.342360664E-06   0.454208369E-07
   0.208619415E-07   0.211309271E-06   0.159031202E-06   0.244219063E-07
   0.286398318E-07   0.326528038E-06   0.315626806E-06   0.413291517E-07
   0.423075299E-07   0.436045354E-06   0.476211085E-06   0.656457928E-07
   0.534974269E-07   0.519110017E-06   0.593778907E-06   0.826574649E-07
   0.495500139E-07   0.459812611E-06   0.541679356E-06   0.772346809E-07
   0.410789234E-07   0.380454139E-06   0.445945659E-06   0.658174315E-07
   0.375414686E-07   0.331211481E-06   0.395721088E-06   0.565128104E-07
   0.272386647E-07   0.241398112E-06   0.293985863E-06   0.458901681E-07
   0.140897694E-07   0.118669917E-06   0.147522400E-06   0.219468195E-07
   0.904502606E-08   0.795440442E-07   0.963384821E-07   0.151659751E-07
   0.554365442E-08   0.444101609E-07   0.511090867E-07   0.732411776E-08
   0.124116517E-08   0.946422585E-08   0.117673000E-07   0.149123791E-08
   0.647436105E-09   0.310952375E-08   0.370260445E-08   0.156155588E-09
   0.210932077E-09   0.544323586E-09   0.679410139E-09  -0.851879400E-10
   0.204708445E-09   0.121617871E-08   0.150102775E-08   0.270961364E-09
   0.715949966E-09   0.180135440E-08  -0.102540276E-08   0.908705555E-09
   0.886042073E-09   0.295977820E-08  -0.410970452E-09   0.143726098E-08
   0.165803937E-08   0.543569900E-08   0.640834386E-09   0.233704078E-08
   0.300305092E-08   0.781767628E-08  -0.273571188E-08   0.368619335E-08
   0.281307755E-08   0.662092070E-08  -0.688206203E-08   0.374652220E-08
   0.125810995E-08   0.472032591E-08  -0.189534810E-08   0.259396904E-08
   0.330209637E-08   0.720460980E-08  -0.780771980E-08   0.398427913E-08
   0.266943023E-08   0.564871794E-08  -0.604574568E-08   0.306527226E-08
   0.240087727E-08   0.463794114E-08  -0.848691961E-08   0.292108404E-08
   0.136943845E-08   0.279036350E-08  -0.540100098E-08   0.183886140E-08
   0.249480681E-08   0.370953557E-08  -0.577201664E-08   0.183569715E-08
   0.104790721E-08   0.130126532E-08  -0.385845844E-08   0.709394321E-09
   0.412480411E-09   0.384029031E-09  -0.957870339E-09  -0.925772393E-11
   0.293565017E-08   0.337228445E-08  -0.110675069E-07   0.127878563E-08
   0.111391758E-07   0.139170107E-07  -0.454118663E-07   0.645239684E-08
   0.235113049E-07   0.284650010E-07  -0.966614166E-07   0.150367576E-07
   0.521760057E-07   0.617333455E-07  -0.210786311E-06   0.318412638E-07
   0.822784116E-07   0.983988429E-07  -0.331661454E-06   0.498595654E-07
   0.139574368E-06   0.161000301E-06  -0.548383468E-06   0.820444015E-07
   0.220282232E-06   0.251381039E-06  -0.852435619E-06   0.125577202E-06
   0.267121550E-06   0.301956732E-06  -0.101519572E-05   0.144554178E-06
   0.314084105E-06   0.346837396E-06  -0.115911246E-05   0.160525900E-06
   0.304105868E-06   0.332023518E-06  -0.108651841E-05   0.147465499E-06
   0.291346879E-06   0.315059680E-06  -0.990111857E-06   0.133707758E-06
   0.185419097E-06   0.195799359E-06  -0.560124988E-06   0.777534481E-07
   0.140401482E-06   0.138898770E-06  -0.344822411E-06   0.492347638E-07
   0.275956722E-06   0.256905594E-06  -0.736609650E-06   0.975480745E-07
   0.951748063E-06   0.882902214E-06  -0.290317462E-05   0.350794778E-06
   0.260750221E-05   0.241147313E-05  -0.810945949E-05   0.932459102E-06
   0.634501293E-05   0.580251390E-05  -0.195867378E-04   0.215530213E-05
   0.129585724E-04   0.116891388E-04  -0.390374880E-04   0.411098381E-05
   0.239559704E-04   0.212897594E-04  -0.698943913E-04   0.703567366E-05
   0.409349377E-04   0.358386678E-04  -0.114975031E-03   0.110215196E-04
   0.663613537E-04   0.573001853E-04  -0.178586488E-03   0.162849483E-04
   0.102305676E-03   0.873175886E-04  -0.262322486E-03   0.225679505E-04
   0.151573142E-03   0.128059604E-03  -0.367797824E-03   0.298246778E-04
   0.218039408E-03   0.182881951E-03  -0.497410365E-03   0.379421035E-04
   0.305772497E-03   0.255518913E-03  -0.650712522E-03   0.463520701E-04
   0.421288802E-03   0.351890456E-03  -0.829336583E-03   0.550496916E-04
   0.575376092E-03   0.481964380E-03  -0.103974447E-02   0.640249200E-04
   0.782033079E-03   0.658789126E-03  -0.128475600E-02   0.730115935E-04
   0.106687576E-02   0.905433379E-03  -0.157932506E-02   0.821763606E-04
   0.147432031E-02   0.126073312E-02  -0.195073686E-02   0.918989608E-04
   0.207826099E-02   0.178856880E-02  -0.243675429E-02   0.102563077E-03
   0.299960515E-02   0.259283930E-02  -0.308154663E-02   0.113095710E-03
   0.440957863E-02   0.382069848E-02  -0.389259006E-02   0.120328601E-03
   0.651184376E-02   0.564841880E-02  -0.476568751E-02   0.118235614E-03
   0.938777626E-02   0.814924762E-02  -0.533666927E-02   0.993051508E-04
   0.127446773E-01   0.110710971E-01  -0.497166580E-02   0.614640012E-04
   0.156390015E-01   0.135943787E-01  -0.310820551E-02   0.191763684E-04
   0.168158226E-01   0.146208983E-01  -0.818761947E-08   0.000000000E+00
