   0.849118471E+00   0.794402504E+01  -0.704929656E-10   0.000000000E+00
   0.544045329E+00   0.507966471E+01   0.387058944E+00   0.228267279E-02
   0.200651288E+00   0.186139679E+01   0.285183340E+00   0.336750923E-02
   0.652448535E-01   0.598083198E+00   0.138659388E+00   0.246393494E-02
   0.220111012E-01   0.198050380E+00   0.617656484E-01   0.147345220E-02
   0.807821564E-02   0.709642842E-01   0.275543798E-01   0.832990103E-03
   0.334351137E-02   0.287789330E-01   0.127867106E-01   0.474688248E-03
   0.164031913E-02   0.141463913E-01   0.643011788E-02   0.285625807E-03
   0.979347271E-03   0.875503011E-02   0.366991688E-02   0.191787243E-03
   0.690467074E-03   0.650982652E-02   0.244851992E-02   0.143597717E-03
   0.535884115E-03   0.531206792E-02   0.186403922E-02   0.120169636E-03
   0.432449713E-03   0.445990684E-02   0.153625454E-02   0.106176529E-03
   0.350405695E-03   0.372354081E-02   0.130224088E-02   0.954055067E-04
   0.281140266E-03   0.305709266E-02   0.110408664E-02   0.855138569E-04
   0.221944210E-03   0.245805434E-02   0.922940671E-03   0.753615313E-04
   0.171681866E-03   0.193187059E-02   0.754714827E-03   0.645411274E-04
   0.130303524E-03   0.148543902E-02   0.602912914E-03   0.540904002E-04
   0.971165355E-04   0.112074451E-02   0.471759064E-03   0.442105847E-04
   0.707267245E-04   0.824481482E-03   0.357943936E-03   0.350819100E-04
   0.503066985E-04   0.592688622E-03   0.263976603E-03   0.269092980E-04
   0.351846393E-04   0.418653013E-03   0.190860112E-03   0.201720450E-04
   0.238792654E-04   0.287392701E-03   0.132893663E-03   0.145423792E-04
   0.157769482E-04   0.192335559E-03   0.895262783E-04   0.101382075E-04
   0.101198038E-04   0.124772429E-03   0.579207517E-04   0.674882676E-05
   0.620774244E-05   0.781622293E-04   0.355793600E-04   0.425861163E-05
   0.372243244E-05   0.476430614E-04   0.210812086E-04   0.257326656E-05
   0.211457495E-05   0.277965300E-04   0.116233068E-04   0.143783041E-05
   0.119766742E-05   0.158423281E-04   0.618494232E-05   0.775321837E-06
   0.612970325E-06   0.833012200E-05   0.278102971E-05   0.342479211E-06
   0.322420249E-06   0.422501762E-05   0.113332544E-05   0.126985626E-06
   0.175330968E-06   0.213914836E-05   0.441029954E-06   0.403144043E-07
   0.112139020E-06   0.102496733E-05   0.158298121E-06   0.186220794E-08
   0.868301626E-07   0.578779748E-06   0.138557752E-06   0.429133146E-09
   0.778501530E-07   0.394984653E-06   0.181940067E-06   0.805190226E-08
   0.700867915E-07   0.326747511E-06   0.234728432E-06   0.209344897E-07
   0.660522801E-07   0.302236458E-06   0.262893707E-06   0.255393431E-07
   0.557877158E-07   0.257599510E-06   0.237696511E-06   0.233707897E-07
   0.464927155E-07   0.218173369E-06   0.202406909E-06   0.205965343E-07
   0.360812429E-07   0.174183725E-06   0.156605111E-06   0.171710983E-07
   0.255451305E-07   0.140368627E-06   0.133586127E-06   0.177311303E-07
   0.187658227E-07   0.101426863E-06   0.984789068E-07   0.121083019E-07
   0.110548797E-07   0.641787139E-07   0.617388380E-07   0.877821460E-08
   0.576626746E-08   0.384995502E-07   0.355409284E-07   0.652768106E-08
   0.358604324E-08   0.295094313E-07   0.254123105E-07   0.646225962E-08
   0.140217260E-08   0.130243381E-07   0.584097126E-08   0.539823253E-08
   0.162069791E-08   0.817275581E-08  -0.341762818E-08   0.486921081E-08
   0.895363694E-08   0.127515731E-07  -0.241590996E-07   0.779304443E-08
   0.178748483E-07   0.210054143E-07  -0.477005777E-07   0.117257075E-07
   0.250387266E-07   0.257993626E-07  -0.638019628E-07   0.116480914E-07
   0.486934546E-07   0.468826897E-07  -0.118738910E-06   0.188580405E-07
   0.658490720E-07   0.679007712E-07  -0.159891314E-06   0.238469013E-07
   0.103838993E-06   0.961021840E-07  -0.243961722E-06   0.358377541E-07
   0.138420646E-06   0.132537735E-06  -0.324393767E-06   0.464794603E-07
   0.149561231E-06   0.138900148E-06  -0.337465991E-06   0.499220292E-07
   0.178089209E-06   0.165450388E-06  -0.384563180E-06   0.566426728E-07
   0.203098111E-06   0.189092290E-06  -0.403160215E-06   0.601037158E-07
   0.236386043E-06   0.217034355E-06  -0.409928759E-06   0.650406875E-07
   0.258801606E-06   0.234811736E-06  -0.275133175E-06   0.427627391E-07
   0.349999539E-06   0.318720680E-06  -0.196949870E-06   0.375312368E-07
   0.593512596E-06   0.537126652E-06  -0.206163421E-06   0.387626251E-07
   0.116114995E-05   0.103620368E-05  -0.504420370E-06   0.743097672E-07
   0.243455634E-05   0.218142145E-05  -0.164313565E-05   0.216910493E-06
   0.491260198E-05   0.435957099E-05  -0.417524416E-05   0.524939423E-06
   0.928146437E-05   0.818422905E-05  -0.892972366E-05   0.108307643E-05
   0.166172067E-04   0.145378344E-04  -0.170559433E-04   0.201448847E-05
   0.285640872E-04   0.248535380E-04  -0.304310015E-04   0.347668129E-05
   0.471765379E-04   0.407483531E-04  -0.509120291E-04   0.564714128E-05
   0.754497305E-04   0.647673005E-04  -0.814057275E-04   0.873796762E-05
   0.115682829E-03   0.987449530E-04  -0.122791433E-03   0.126753048E-04
   0.172547574E-03   0.146380160E-03  -0.178476752E-03   0.177157708E-04
   0.251318386E-03   0.212008497E-03  -0.251819671E-03   0.239583551E-04
   0.356657547E-03   0.299392181E-03  -0.343818770E-03   0.312595985E-04
   0.494297186E-03   0.413147907E-03  -0.455939939E-03   0.394056915E-04
   0.668042805E-03   0.555967912E-03  -0.585858885E-03   0.479131304E-04
   0.885850575E-03   0.734602683E-03  -0.736740185E-03   0.569585463E-04
   0.114983541E-02   0.950245943E-03  -0.903881271E-03   0.657657802E-04
   0.145474577E-02   0.119859283E-02  -0.107718550E-02   0.733389388E-04
   0.180796802E-02   0.148568035E-02  -0.126429286E-02   0.804575466E-04
   0.219515245E-02   0.179931661E-02  -0.145647500E-02   0.862975139E-04
   0.262543466E-02   0.214669690E-02  -0.167995598E-02   0.934555865E-04
   0.313236960E-02   0.255556917E-02  -0.199536863E-02   0.104879931E-03
   0.384307350E-02   0.313119730E-02  -0.255837152E-02   0.127374791E-03
   0.516684167E-02   0.421439297E-02  -0.374309043E-02   0.174958608E-03
   0.829804968E-02   0.680479407E-02  -0.640693028E-02   0.271578989E-03
   0.166580081E-01   0.137798069E-01  -0.124829179E-01   0.460482348E-03
   0.404066369E-01   0.337129794E-01  -0.264180265E-01   0.811082777E-03
   0.111132421E+00   0.933368504E-01  -0.583217591E-01   0.142011710E-02
   0.331088662E+00   0.279375643E+00  -0.129039124E+00   0.233479007E-02
   0.101630044E+01   0.860265493E+00  -0.261450738E+00   0.312919309E-02
   0.273211908E+01   0.231688929E+01  -0.349250734E+00   0.207856926E-02
   0.423711443E+01   0.359532905E+01  -0.149599930E-05   0.000000000E+00
