   0.179475248E-01   0.188982919E+00   0.145757220E-07   0.000000000E+00
   0.163854826E-01   0.172397360E+00   0.694991788E-02   0.371580936E-04
   0.126739684E-01   0.132930323E+00   0.107084205E-01   0.113138136E-03
   0.863662455E-02   0.899783745E-01   0.108506847E-01   0.168590617E-03
   0.544235483E-02   0.559716038E-01   0.896164216E-02   0.179981012E-03
   0.332679180E-02   0.334434956E-01   0.663614320E-02   0.159258998E-03
   0.205775560E-02   0.199460331E-01   0.467318622E-02   0.126321684E-03
   0.133079663E-02   0.122642433E-01   0.326094055E-02   0.950918256E-04
   0.918144709E-03   0.797051750E-02   0.232340232E-02   0.714395210E-04
   0.678304641E-03   0.554519845E-02   0.172315538E-02   0.552354795E-04
   0.529468642E-03   0.411054073E-02   0.133523857E-02   0.449893632E-04
   0.428944652E-03   0.320226792E-02   0.107552379E-02   0.389132838E-04
   0.354544696E-03   0.257621659E-02   0.890275347E-03   0.346724592E-04
   0.295356702E-03   0.210766401E-02   0.747884042E-03   0.321132793E-04
   0.245755917E-03   0.173405826E-02   0.631047820E-03   0.295232785E-04
   0.203591713E-03   0.142556976E-02   0.531411963E-03   0.274514168E-04
   0.166773403E-03   0.116251071E-02   0.442920689E-03   0.246606378E-04
   0.135684371E-03   0.942586281E-03   0.366618158E-03   0.221275805E-04
   0.109018169E-03   0.755497022E-03   0.299104780E-03   0.193901760E-04
   0.865388865E-04   0.598535582E-03   0.240517780E-03   0.166211976E-04
   0.678265642E-04   0.468423561E-03   0.190439023E-03   0.139162430E-04
   0.525285832E-04   0.361944258E-03   0.148427134E-03   0.114510631E-04
   0.401988400E-04   0.276294973E-03   0.113918788E-03   0.922842901E-05
   0.302202589E-04   0.207557256E-03   0.854938262E-04   0.722693176E-05
   0.223694024E-04   0.153227316E-03   0.627213230E-04   0.547217860E-05
   0.163858058E-04   0.111456691E-03   0.451526103E-04   0.408167580E-05
   0.118414146E-04   0.799907575E-04   0.318660059E-04   0.295480322E-05
   0.832556816E-05   0.559948494E-04   0.215778655E-04   0.203959280E-05
   0.577951550E-05   0.385029307E-04   0.141937817E-04   0.135132632E-05
   0.396055748E-05   0.262677277E-04   0.912596715E-05   0.883225084E-06
   0.264231062E-05   0.173917724E-04   0.550066625E-05   0.528327632E-06
   0.176933304E-05   0.114118311E-04   0.321880998E-05   0.311394331E-06
   0.116347610E-05   0.742708608E-05   0.176686558E-05   0.172929475E-06
   0.757065322E-06   0.475490515E-05   0.869379221E-06   0.917783183E-07
   0.495390339E-06   0.302271087E-05   0.362732067E-06   0.487698593E-07
   0.334305696E-06   0.199815645E-05   0.132131191E-06   0.369971573E-07
   0.233013083E-06   0.137910024E-05   0.383329350E-07   0.406770724E-07
   0.169435083E-06   0.103067578E-05   0.819966761E-08   0.577030299E-07
   0.133017423E-06   0.800338285E-06   0.661529098E-08   0.704192900E-07
   0.113659354E-06   0.660116825E-06   0.265889479E-07   0.848170956E-07
   0.101775711E-06   0.555284430E-06   0.135686822E-07   0.958323909E-07
   0.103607860E-06   0.494079757E-06  -0.677748524E-08   0.110366969E-06
   0.107571836E-06   0.442482502E-06  -0.216150724E-07   0.117423539E-06
   0.116782182E-06   0.398589378E-06  -0.491411924E-07   0.121905018E-06
   0.136892865E-06   0.363666373E-06  -0.101061651E-06   0.126478980E-06
   0.160923165E-06   0.337151448E-06  -0.143556306E-06   0.126587537E-06
   0.199981059E-06   0.328427689E-06  -0.205525424E-06   0.129754241E-06
   0.219137647E-06   0.310789289E-06  -0.218572353E-06   0.120871860E-06
   0.270336898E-06   0.307336421E-06  -0.276086581E-06   0.114487726E-06
   0.300948813E-06   0.300796074E-06  -0.274343705E-06   0.992221700E-07
   0.357550363E-06   0.316812617E-06  -0.280141592E-06   0.853368576E-07
   0.421961317E-06   0.348191463E-06  -0.262952597E-06   0.703144778E-07
   0.505405467E-06   0.394317311E-06  -0.223577089E-06   0.491613292E-07
   0.640013809E-06   0.475326402E-06  -0.187939548E-06   0.262876991E-07
   0.863064543E-06   0.670009683E-06  -0.196976004E-06   0.220521628E-07
   0.122944562E-05   0.969241455E-06  -0.283801711E-06   0.277053047E-07
   0.179662663E-05   0.146696379E-05  -0.498567942E-06   0.620430427E-07
   0.281632106E-05   0.237309541E-05  -0.110253188E-05   0.160859514E-06
   0.444605212E-05   0.377963147E-05  -0.219880644E-05   0.345144656E-06
   0.670152758E-05   0.580580672E-05  -0.379336598E-05   0.609121287E-06
   0.103846278E-04   0.906191872E-05  -0.666603182E-05   0.108239658E-05
   0.157506838E-04   0.137981942E-04  -0.109874982E-04   0.177682091E-05
   0.233138599E-04   0.204780572E-04  -0.171629690E-04   0.273351793E-05
   0.337042438E-04   0.296687249E-04  -0.256575640E-04   0.402232354E-05
   0.477878384E-04   0.420318429E-04  -0.370482958E-04   0.569786198E-05
   0.669486981E-04   0.587260365E-04  -0.523908202E-04   0.791560979E-05
   0.920830134E-04   0.807186079E-04  -0.722393961E-04   0.106558527E-04
   0.124342856E-03   0.108959946E-03  -0.970865367E-04   0.139625463E-04
   0.165385558E-03   0.144604841E-03  -0.127658306E-03   0.179695562E-04
   0.216266213E-03   0.189007638E-03  -0.164332043E-03   0.224775958E-04
   0.278665917E-03   0.243240400E-03  -0.207422869E-03   0.276687879E-04
   0.355439202E-03   0.309937197E-03  -0.258514221E-03   0.335495606E-04
   0.447027269E-03   0.389174529E-03  -0.316333550E-03   0.400583922E-04
   0.554348167E-03   0.482598465E-03  -0.380788231E-03   0.466684396E-04
   0.683425809E-03   0.594188692E-03  -0.454721245E-03   0.542099442E-04
   0.833190163E-03   0.723984442E-03  -0.535921310E-03   0.616329853E-04
   0.101148745E-02   0.877651037E-03  -0.628111535E-03   0.698223666E-04
   0.122585846E-02   0.106186140E-02  -0.734720321E-03   0.781218478E-04
   0.149634760E-02   0.129249447E-02  -0.865567650E-03   0.871255543E-04
   0.185921160E-02   0.159891322E-02  -0.103795773E-02   0.973090209E-04
   0.238891575E-02   0.204172940E-02  -0.128383213E-02   0.109832166E-03
   0.323004602E-02   0.273960619E-02  -0.165760738E-02   0.126279832E-03
   0.465624128E-02   0.391622027E-02  -0.224256958E-02   0.146436156E-03
   0.718132267E-02   0.599687872E-02  -0.316252420E-02   0.172877306E-03
   0.116894161E-01   0.971106905E-02  -0.454959273E-02   0.202262629E-03
   0.196146518E-01   0.162492916E-01  -0.648364285E-02   0.228563076E-03
   0.328378864E-01   0.271789618E-01  -0.877819397E-02   0.237840068E-03
   0.528002530E-01   0.437032245E-01  -0.106466953E-01   0.209623686E-03
   0.780774355E-01   0.646581724E-01  -0.105268396E-01   0.135345588E-03
   0.101356246E+00   0.839683488E-01  -0.684178248E-02   0.433965470E-04
   0.111142524E+00   0.920923427E-01  -0.177353705E-07   0.000000000E+00
