   0.427680177E-03   0.104186274E-01   0.000000000E+00   0.000000000E+00
   0.400630670E-03   0.971319713E-02   0.117022509E-02   0.611252472E-05
   0.333473086E-03   0.796430558E-02   0.188079441E-02   0.196138626E-04
   0.255054911E-03   0.591826765E-02   0.203796825E-02   0.318676284E-04
   0.187564161E-03   0.414684229E-02   0.184871315E-02   0.385983112E-04
   0.137713796E-03   0.283045461E-02   0.154007087E-02   0.403796439E-04
   0.103294529E-03   0.192586775E-02   0.123854238E-02   0.391852336E-04
   0.794592852E-04   0.132183509E-02   0.983494218E-03   0.365222113E-04
   0.621920990E-04   0.917821773E-03   0.776068482E-03   0.331847586E-04
   0.487769721E-04   0.641767750E-03   0.605639827E-03   0.291897359E-04
   0.378414479E-04   0.449383078E-03   0.464745768E-03   0.249177210E-04
   0.287755811E-04   0.313059165E-03   0.348865084E-03   0.205049528E-04
   0.211689458E-04   0.214328888E-03   0.253262464E-03   0.162123342E-04
   0.150636515E-04   0.143734171E-03   0.177911090E-03   0.122967358E-04
   0.102315998E-04   0.931382165E-04   0.119346812E-03   0.879116578E-05
   0.659760735E-05   0.576493439E-04   0.759566974E-04   0.599365512E-05
   0.396471160E-05   0.335041404E-04   0.450067928E-04   0.375661557E-05
   0.219113281E-05   0.179148046E-04   0.244406692E-04   0.215558202E-05
   0.110206611E-05   0.870238455E-05   0.120053846E-04   0.110937140E-05
   0.478096467E-06   0.360462536E-05   0.502623197E-05   0.490043135E-06
   0.168286732E-06   0.117813818E-05   0.165149606E-05   0.168967233E-06
   0.456334242E-07   0.289554919E-06   0.394933522E-06   0.428654552E-07
   0.103825686E-07   0.975800845E-07   0.956083284E-07   0.125266393E-07
   0.148235566E-07   0.171515936E-06   0.193974643E-06   0.234161792E-07
   0.256604338E-07   0.281282098E-06   0.343012715E-06   0.414214085E-07
   0.319331477E-07   0.332336072E-06   0.416462740E-06   0.509664346E-07
   0.299130605E-07   0.300606047E-06   0.382447411E-06   0.478743942E-07
   0.248788332E-07   0.245107174E-06   0.314794391E-06   0.405955412E-07
   0.179206658E-07   0.174213440E-06   0.225224582E-06   0.298425036E-07
   0.112409362E-07   0.110215943E-06   0.142684328E-06   0.199818793E-07
   0.498883557E-08   0.491090475E-07   0.639322195E-07   0.940942169E-08
   0.305427350E-08   0.305586951E-07   0.387932317E-07   0.590219740E-08
   0.782937715E-09   0.872779715E-08   0.107656053E-07   0.202392036E-08
   0.305606096E-09   0.279550383E-08   0.290493185E-08   0.868062233E-09
   0.182808504E-09   0.696545543E-09  -0.765852604E-09   0.320306254E-09
   0.266788563E-09   0.186432181E-08   0.152757984E-08   0.380161319E-09
   0.546826695E-09   0.420072288E-08   0.450779991E-08   0.770055131E-09
   0.416043117E-09   0.348447671E-08   0.466778838E-08   0.620419993E-09
   0.656350085E-09   0.457773197E-08   0.500955988E-08   0.772421016E-09
   0.294134411E-09   0.223300445E-08   0.308320636E-08   0.356601776E-09
   0.327336602E-09   0.214207629E-08   0.239547537E-08   0.337891159E-09
   0.423427460E-09   0.267979527E-08   0.401120115E-08   0.460680244E-09
   0.291665220E-09   0.244974818E-08   0.347009621E-08   0.483020512E-09
   0.143526566E-09   0.121383881E-08   0.120311638E-08   0.270985012E-09
   0.170171863E-09   0.130635081E-08   0.182197724E-08   0.280857726E-09
   0.331764227E-09   0.621112661E-09  -0.190207028E-08   0.380433962E-09
   0.366468328E-09   0.555622215E-09  -0.194010896E-08   0.376919995E-09
   0.357336716E-09   0.501018449E-09  -0.182725801E-08   0.330056787E-09
   0.949342382E-09   0.130184719E-08  -0.500296826E-08   0.769074582E-09
   0.269024192E-09   0.318378490E-09  -0.119422416E-08   0.135647799E-09
   0.927377841E-09   0.115969889E-08  -0.451447812E-08   0.593086247E-09
   0.264220157E-08   0.339595418E-08  -0.130470061E-07   0.178074400E-08
   0.229784058E-08   0.316447935E-08  -0.111137002E-07   0.153141377E-08
   0.424411439E-08   0.540534240E-08  -0.209199644E-07   0.285944957E-08
   0.216400142E-08   0.263720956E-08  -0.103713322E-07   0.134311540E-08
   0.837498793E-09   0.893918162E-09  -0.385877241E-08   0.470648742E-09
   0.722235743E-10   0.197627095E-09  -0.520679277E-09   0.147552040E-09
   0.947219747E-09   0.143228474E-08  -0.494900343E-08   0.972716241E-09
   0.511332088E-08   0.643659082E-08  -0.253424624E-07   0.383657772E-08
   0.187311091E-07   0.221911698E-07  -0.892823380E-07   0.128366517E-07
   0.385232113E-07   0.444522286E-07  -0.179876821E-06   0.249836738E-07
   0.785598218E-07   0.881431177E-07  -0.358519003E-06   0.479146536E-07
   0.136194231E-06   0.150990118E-06  -0.611172538E-06   0.791748889E-07
   0.160898296E-06   0.173525578E-06  -0.702999444E-06   0.894280205E-07
   0.226870057E-06   0.239475895E-06  -0.964463311E-06   0.117847911E-06
   0.251508709E-06   0.258512642E-06  -0.103239859E-05   0.124310176E-06
   0.193905862E-06   0.194837710E-06  -0.758351973E-06   0.868581793E-07
   0.131858329E-06   0.128884082E-06  -0.472514159E-06   0.525627506E-07
   0.769422996E-07   0.708352133E-07  -0.245747316E-06   0.296348954E-07
   0.248617198E-06   0.221507506E-06  -0.937882362E-06   0.102926144E-06
   0.101294950E-05   0.897426105E-06  -0.386055217E-05   0.394782603E-06
   0.288847878E-05   0.251340725E-05  -0.106855441E-04   0.103288141E-05
   0.679185723E-05   0.576834691E-05  -0.241826128E-04   0.222507083E-05
   0.140754846E-04   0.117019945E-04  -0.481659445E-04   0.419143817E-05
   0.257936008E-04   0.209627942E-04  -0.843527159E-04   0.693395305E-05
   0.438505049E-04   0.348608519E-04  -0.136360919E-03   0.105789504E-04
   0.701142490E-04   0.546793963E-04  -0.206120836E-03   0.149631314E-04
   0.106776642E-03   0.818835979E-04  -0.294383557E-03   0.199626902E-04
   0.157106886E-03   0.118905213E-03  -0.402585632E-03   0.253485960E-04
   0.224337098E-03   0.168353698E-03  -0.528133998E-03   0.306049806E-04
   0.315572077E-03   0.235820989E-03  -0.674092153E-03   0.358612742E-04
   0.440610922E-03   0.329278060E-03  -0.842118636E-03   0.406807339E-04
   0.615375931E-03   0.461233518E-03  -0.103631080E-02   0.451113738E-04
   0.868026225E-03   0.653339957E-03  -0.126857148E-02   0.491511455E-04
   0.124161562E-02   0.938036013E-03  -0.154995476E-02   0.523746312E-04
   0.179797306E-02   0.136143004E-02  -0.187965413E-02   0.537890155E-04
   0.260582985E-02   0.197458966E-02  -0.221084640E-02   0.511922990E-04
   0.368489488E-02   0.279169786E-02  -0.239289575E-02   0.417516821E-04
   0.492110848E-02   0.372734014E-02  -0.217511458E-02   0.253678318E-04
   0.597792212E-02   0.452714087E-02  -0.134118320E-02   0.782381449E-05
   0.640109740E-02   0.484766671E-02  -0.321356386E-08   0.000000000E+00
