   0.283166446E-03   0.826306734E-02   0.000000000E+00   0.000000000E+00
   0.269570970E-03   0.780350529E-02   0.947956985E-03   0.502420789E-05
   0.234917810E-03   0.662614033E-02   0.158213137E-02   0.167421749E-04
   0.192204257E-03   0.517636491E-02   0.180923659E-02   0.287749572E-04
   0.152429464E-03   0.382502493E-02   0.173680868E-02   0.368969522E-04
   0.120319215E-03   0.273753819E-02   0.151953462E-02   0.404130042E-04
   0.960006873E-04   0.193532871E-02   0.126720895E-02   0.405963692E-04
   0.774318978E-04   0.136325369E-02   0.102775649E-02   0.385668427E-04
   0.626540859E-04   0.959927682E-03   0.817157619E-03   0.350682931E-04
   0.502110815E-04   0.673437666E-03   0.635695702E-03   0.308143754E-04
   0.395481984E-04   0.469366903E-03   0.483585987E-03   0.261293626E-04
   0.303446959E-04   0.323065440E-03   0.358048070E-03   0.212048108E-04
   0.224252435E-04   0.217425550E-03   0.255456893E-03   0.165155980E-04
   0.159343672E-04   0.142457895E-03   0.175416397E-03   0.122091114E-04
   0.107914339E-04   0.898092767E-04   0.114736569E-03   0.856603310E-05
   0.687281909E-05   0.536116313E-04   0.703409314E-04   0.562043533E-05
   0.409189306E-05   0.300428328E-04   0.400521094E-04   0.338969949E-05
   0.224814653E-05   0.154697664E-04   0.207705834E-04   0.187550324E-05
   0.113095643E-05   0.724849542E-05   0.962755348E-05   0.917464945E-06
   0.469128082E-06   0.280991435E-05   0.340236670E-05   0.344613113E-06
   0.156281018E-06   0.906650314E-06   0.775125500E-06   0.874359571E-07
   0.377042468E-07   0.337841755E-06   0.304049728E-07   0.856517968E-08
   0.139722935E-07   0.334370611E-06   0.104052511E-06   0.139419969E-07
   0.228699069E-07   0.443075578E-06   0.352618713E-06   0.403439380E-07
   0.378708762E-07   0.561961201E-06   0.584658267E-06   0.669898554E-07
   0.385900627E-07   0.501265447E-06   0.575735100E-06   0.701209757E-07
   0.342520110E-07   0.406596143E-06   0.492465915E-06   0.613705566E-07
   0.294463938E-07   0.331246781E-06   0.416023198E-06   0.538625429E-07
   0.198942463E-07   0.218286146E-06   0.273428583E-06   0.365200279E-07
   0.100258744E-07   0.109500775E-06   0.138537914E-06   0.194306740E-07
   0.640792841E-08   0.688822155E-07   0.878112161E-07   0.126464110E-07
   0.217947660E-08   0.255428461E-07   0.316894848E-07   0.529014965E-08
   0.656831367E-09   0.818017298E-08   0.992629712E-08   0.193576954E-08
   0.231104164E-09   0.218181762E-08   0.188565230E-08   0.723486604E-09
   0.237822886E-10   0.327962102E-10  -0.629184829E-10   0.101015628E-10
   0.141591627E-09   0.657192578E-09   0.923845056E-09   0.624778076E-10
   0.639945485E-09   0.382813292E-08   0.263427147E-08   0.822662771E-09
   0.480183171E-09   0.256786148E-08   0.295087554E-08   0.321978083E-09
   0.467359706E-09   0.326957839E-08   0.497556529E-08   0.498702191E-09
   0.247319054E-09   0.119285870E-08   0.168086178E-08   0.815728665E-10
   0.737813144E-09   0.493561059E-08   0.618107965E-08   0.804864453E-09
   0.291257463E-09   0.254269228E-08   0.370904818E-08   0.539491729E-09
   0.218946264E-09   0.146221701E-08   0.213729456E-08   0.310211357E-09
   0.807559158E-10   0.386933485E-09  -0.374259346E-09   0.235154840E-09
   0.160797889E-09   0.616834750E-09   0.342293943E-09   0.208398035E-09
   0.482965820E-10   0.266786843E-09   0.185152033E-09   0.976035641E-10
   0.185364293E-09   0.397323591E-09  -0.118566679E-08   0.248870174E-09
   0.102766462E-08   0.140077272E-08  -0.563270097E-08   0.906348718E-09
   0.144785994E-08   0.240286635E-08  -0.817780332E-08   0.131104561E-08
   0.929393840E-09   0.130429456E-08  -0.522024646E-08   0.760005225E-09
   0.180292481E-08   0.236892816E-08  -0.955254453E-08   0.124070143E-08
   0.138569500E-08   0.169521885E-08  -0.731013383E-08   0.978196413E-09
   0.208289919E-08   0.285149993E-08  -0.109143823E-07   0.142433854E-08
   0.413593826E-08   0.549708412E-08  -0.228180852E-07   0.327187921E-08
   0.130515931E-08   0.176804715E-08  -0.683780721E-08   0.888150276E-09
   0.703590186E-09   0.737705064E-09  -0.332764305E-08   0.334655859E-09
   0.111491146E-10   0.345514173E-10  -0.708935688E-11   0.158417220E-10
   0.127966682E-08   0.183935833E-08  -0.659853994E-08   0.116845511E-08
   0.632401065E-08   0.827419289E-08  -0.324938334E-07   0.482970508E-08
   0.155528497E-07   0.199062260E-07  -0.788616461E-07   0.114505800E-07
   0.348761873E-07   0.435121343E-07  -0.173338620E-06   0.240777922E-07
   0.712903585E-07   0.862206306E-07  -0.344520373E-06   0.474367461E-07
   0.132835652E-06   0.157492565E-06  -0.625572966E-06   0.795376849E-07
   0.221382436E-06   0.255847738E-06  -0.100920340E-05   0.126744652E-06
   0.295255774E-06   0.330518901E-06  -0.128419970E-05   0.155582754E-06
   0.340181003E-06   0.371940956E-06  -0.138750761E-05   0.161361854E-06
   0.339158333E-06   0.355957297E-06  -0.123046220E-05   0.141237805E-06
   0.296434166E-06   0.293076624E-06  -0.837049470E-06   0.936971603E-07
   0.205622825E-06   0.176316348E-06  -0.242021997E-06   0.323835678E-07
   0.272116694E-06   0.203084070E-06  -0.285778299E-06   0.463540424E-07
   0.766286973E-06   0.613541658E-06  -0.195960934E-05   0.228950995E-06
   0.225721124E-05   0.189611092E-05  -0.738749895E-05   0.763117157E-06
   0.573250509E-05   0.485747796E-05  -0.199240039E-04   0.190938499E-05
   0.120695649E-04   0.101394562E-04  -0.414857495E-04   0.371799615E-05
   0.230476271E-04   0.190948776E-04  -0.769346734E-04   0.646731223E-05
   0.401303150E-04   0.327307862E-04  -0.128135289E-03   0.100955604E-04
   0.657397759E-04   0.528728597E-04  -0.199087401E-03   0.146276898E-04
   0.102510712E-03   0.814638333E-04  -0.291804434E-03   0.199311417E-04
   0.152420340E-03   0.120118842E-03  -0.403143407E-03   0.254834504E-04
   0.220807371E-03   0.173310895E-03  -0.538138847E-03   0.312467673E-04
   0.312615302E-03   0.245380419E-03  -0.693690090E-03   0.368127694E-04
   0.437150011E-03   0.344422180E-03  -0.873187557E-03   0.419654971E-04
   0.607530063E-03   0.481561583E-03  -0.107747223E-02   0.464642508E-04
   0.843138259E-03   0.672877068E-03  -0.130721403E-02   0.499871057E-04
   0.117295771E-02   0.941677776E-03  -0.156342145E-02   0.521131296E-04
   0.163221697E-02   0.131584809E-02  -0.182842766E-02   0.514437816E-04
   0.225110189E-02   0.181905960E-02  -0.204631523E-02   0.465607445E-04
   0.302017992E-02   0.244310126E-02  -0.209739152E-02   0.360548875E-04
   0.383928441E-02   0.310710561E-02  -0.181024324E-02   0.208339934E-04
   0.450086594E-02   0.364326616E-02  -0.107521878E-02   0.620549372E-05
   0.475978851E-02   0.385321397E-02  -0.251009746E-08   0.000000000E+00
