   0.597268692E-03   0.132273128E-01  -0.697410749E-11   0.000000000E+00
   0.558712520E-03   0.123312660E-01   0.143976056E-02   0.758457645E-05
   0.462128286E-03   0.100954408E-01   0.230811327E-02   0.243176601E-04
   0.350389280E-03   0.749638304E-02   0.249417569E-02   0.393606388E-04
   0.254098675E-03   0.524127902E-02   0.224995054E-02   0.474778426E-04
   0.183520271E-03   0.357160391E-02   0.186260103E-02   0.492782492E-04
   0.135368435E-03   0.242789905E-02   0.148950471E-02   0.475465567E-04
   0.102742939E-03   0.166725495E-02   0.117931562E-02   0.441772972E-04
   0.797042449E-04   0.115990487E-02   0.930663140E-03   0.400828285E-04
   0.622702355E-04   0.814442057E-03   0.728813990E-03   0.354958429E-04
   0.484183693E-04   0.573608675E-03   0.563487352E-03   0.305583089E-04
   0.370138878E-04   0.402426376E-03   0.426904327E-03   0.254572042E-04
   0.276956544E-04   0.279784726E-03   0.316123274E-03   0.205077904E-04
   0.199825627E-04   0.190110732E-03   0.225673473E-03   0.157852992E-04
   0.139239628E-04   0.126029947E-03   0.155606089E-03   0.116977089E-04
   0.924250162E-05   0.802958311E-04   0.102168735E-03   0.818135049E-05
   0.580881533E-05   0.487592843E-04   0.634693934E-04   0.537981759E-05
   0.335389609E-05   0.272754532E-04   0.360977538E-04   0.322780488E-05
   0.179427286E-05   0.141270302E-04   0.189408820E-04   0.177568597E-05
   0.875610397E-06   0.664880372E-05   0.900855230E-05   0.886442479E-06
   0.352513212E-06   0.253811731E-05   0.345777653E-05   0.356990938E-06
   0.111801967E-06   0.744590409E-06   0.999407121E-06   0.109521089E-06
   0.264553162E-07   0.171978598E-06   0.201085214E-06   0.234611850E-07
   0.129760718E-07   0.133103384E-06   0.135390920E-06   0.161931872E-07
   0.212835314E-07   0.239751159E-06   0.272404577E-06   0.323845732E-07
   0.311876214E-07   0.329945010E-06   0.398444769E-06   0.497739556E-07
   0.368370401E-07   0.371404184E-06   0.464821170E-06   0.609452684E-07
   0.338106148E-07   0.330725186E-06   0.416351440E-06   0.543443512E-07
   0.237819204E-07   0.232647579E-06   0.292485709E-06   0.402037905E-07
   0.171163084E-07   0.165730626E-06   0.212134665E-06   0.307162615E-07
   0.925328703E-08   0.910031659E-07   0.113898253E-06   0.170275065E-07
   0.548602364E-08   0.546701067E-07   0.679610324E-07   0.106593578E-07
   0.224213226E-08   0.224322623E-07   0.277557657E-07   0.447585657E-08
   0.411459700E-09   0.539278355E-08   0.587082294E-08   0.152629742E-08
   0.250368754E-09   0.256023336E-08   0.203091455E-08   0.961840829E-09
   0.562747869E-10   0.123850763E-09  -0.295894254E-09   0.863757191E-10
   0.178201204E-09   0.913075449E-09   0.393563349E-09   0.183223617E-09
   0.453445642E-09   0.360153440E-08   0.474848738E-08   0.617233487E-09
   0.629217067E-09   0.412990575E-08   0.358722674E-08   0.765083219E-09
   0.500738007E-09   0.350010931E-08   0.334495320E-08   0.654133414E-09
   0.273951806E-09   0.195727101E-08   0.195961736E-08   0.366161435E-09
   0.309885950E-09   0.263483302E-08   0.359652597E-08   0.554498836E-09
   0.265920314E-09   0.272161027E-08   0.331493433E-08   0.705091874E-09
   0.133427269E-09   0.135884426E-08   0.139052425E-08   0.336497552E-09
   0.521764132E-09   0.124249555E-08  -0.159512914E-08   0.696046720E-09
   0.417171270E-09   0.161028257E-08   0.137740472E-09   0.692827740E-09
   0.469090211E-09   0.926583366E-09  -0.261358624E-08   0.658500976E-09
   0.191607485E-08   0.269533107E-08  -0.990763471E-08   0.172765957E-08
   0.102686859E-08   0.136061096E-08  -0.515477039E-08   0.863365712E-09
   0.114372001E-08   0.139391532E-08  -0.533475975E-08   0.842420633E-09
   0.130444378E-08   0.166468705E-08  -0.639890052E-08   0.938592759E-09
   0.487177321E-08   0.687630042E-08  -0.240662494E-07   0.367206532E-08
   0.271088663E-08   0.381558030E-08  -0.131120137E-07   0.194289718E-08
   0.105436759E-08   0.116455301E-08  -0.480904605E-08   0.636495578E-09
   0.728425709E-09   0.101200925E-08  -0.348882079E-08   0.512383858E-09
   0.190926545E-10   0.122108545E-09  -0.381745469E-10   0.705506972E-10
   0.136762057E-08   0.195524619E-08  -0.645091180E-08   0.128933075E-08
   0.371531739E-08   0.491744911E-08  -0.179583655E-07   0.310141313E-08
   0.178783939E-07   0.219367440E-07  -0.831684659E-07   0.132053133E-07
   0.392508106E-07   0.466294665E-07  -0.179832952E-06   0.255698005E-07
   0.767288100E-07   0.874312605E-07  -0.341509548E-06   0.476875144E-07
   0.114428573E-06   0.128474568E-06  -0.500501187E-06   0.688763322E-07
   0.173298687E-06   0.191738977E-06  -0.743551823E-06   0.976484529E-07
   0.211462279E-06   0.228393830E-06  -0.883634470E-06   0.114378075E-06
   0.261661711E-06   0.275754132E-06  -0.105827746E-05   0.131504123E-06
   0.245767154E-06   0.254315864E-06  -0.955140422E-06   0.116037683E-06
   0.164810686E-06   0.166369333E-06  -0.597834344E-06   0.706461094E-07
   0.964255307E-07   0.929089126E-07  -0.312452585E-06   0.380455631E-07
   0.152383606E-06   0.139268678E-06  -0.524128325E-06   0.628852064E-07
   0.659132979E-06   0.594748997E-06  -0.243192653E-05   0.264021850E-06
   0.203121954E-05   0.180571590E-05  -0.736600305E-05   0.756273437E-06
   0.513709256E-05   0.448876972E-05  -0.180852530E-04   0.176210824E-05
   0.109200719E-04   0.934124546E-05  -0.370541966E-04   0.343890497E-05
   0.207921421E-04   0.174189045E-04  -0.677328499E-04   0.595747542E-05
   0.362439387E-04   0.297273382E-04  -0.112747555E-03   0.939894016E-05
   0.591735479E-04   0.476303539E-04  -0.174954766E-03   0.137192719E-04
   0.921106766E-04   0.728941595E-04  -0.257158361E-03   0.189277125E-04
   0.136731076E-03   0.106768246E-03  -0.357440935E-03   0.245039500E-04
   0.197445785E-03   0.152648470E-03  -0.478941540E-03   0.304683435E-04
   0.279005530E-03   0.214444866E-03  -0.621390529E-03   0.365422820E-04
   0.388523913E-03   0.298180850E-03  -0.784514123E-03   0.423631645E-04
   0.539152708E-03   0.414725539E-03  -0.974511728E-03   0.478598449E-04
   0.750481617E-03   0.579898537E-03  -0.119730097E-02   0.529631725E-04
   0.105683343E-02   0.820733141E-03  -0.146851968E-02   0.580252490E-04
   0.151214446E-02   0.117926637E-02  -0.180335017E-02   0.622090010E-04
   0.219440158E-02   0.171547383E-02  -0.220328523E-02   0.641549705E-04
   0.318507990E-02   0.249201758E-02  -0.260801986E-02   0.612603762E-04
   0.451688655E-02   0.353468512E-02  -0.284174667E-02   0.504532072E-04
   0.603915332E-02   0.472526252E-02  -0.259131962E-02   0.306396796E-04
   0.733898627E-02   0.574239669E-02  -0.160017423E-02   0.944847397E-05
   0.786779821E-02   0.615626620E-02  -0.489187624E-08   0.000000000E+00
