   0.122048623E-03   0.463951752E-02   0.831186509E-09   0.000000000E+00
   0.116543793E-03   0.436580228E-02   0.579529733E-03   0.296994062E-05
   0.102461323E-03   0.366633432E-02   0.957812765E-03   0.978758544E-05
   0.852985759E-04   0.282195467E-02   0.108257227E-02   0.166352729E-04
   0.693808688E-04   0.205117278E-02   0.102764869E-02   0.211175266E-04
   0.564270158E-04   0.144511007E-02   0.890699099E-03   0.228860281E-04
   0.462061907E-04   0.100398937E-02   0.734437781E-03   0.226986322E-04
   0.378741570E-04   0.693855982E-03   0.586776005E-03   0.211491151E-04
   0.306980073E-04   0.477331632E-03   0.456238486E-03   0.187947626E-04
   0.242720871E-04   0.325500208E-03   0.344151427E-03   0.160012023E-04
   0.185876070E-04   0.218960486E-03   0.251434045E-03   0.129580594E-04
   0.136931712E-04   0.144098056E-03   0.177012465E-03   0.100278166E-04
   0.958004603E-05   0.916491917E-04   0.118595097E-03   0.730402598E-05
   0.632598540E-05   0.556910200E-04   0.749957544E-04   0.496971006E-05
   0.391738058E-05   0.319878163E-04   0.443943427E-04   0.316083697E-05
   0.222605058E-05   0.169020605E-04   0.239073979E-04   0.181878431E-05
   0.113749104E-05   0.799358259E-05   0.113525984E-04   0.916505485E-06
   0.503097567E-06   0.323416975E-05   0.446540616E-05   0.384010548E-06
   0.174004015E-06   0.102008300E-05   0.118631795E-05   0.109566642E-06
   0.437009504E-07   0.285585145E-06   0.118636102E-06   0.137272789E-07
   0.989164128E-08   0.187099246E-06   0.168781060E-07   0.242370102E-08
   0.124493678E-07   0.279108974E-06   0.205026041E-06   0.202874357E-07
   0.210589519E-07   0.349334755E-06   0.363355525E-06   0.382202217E-07
   0.268620912E-07   0.373092831E-06   0.441028220E-06   0.474478341E-07
   0.232573250E-07   0.291653464E-06   0.365757614E-06   0.404837444E-07
   0.182863218E-07   0.213786279E-06   0.276962652E-06   0.311853370E-07
   0.129590729E-07   0.147038648E-06   0.194084649E-06   0.229323600E-07
   0.620652107E-08   0.688846740E-07   0.895198866E-07   0.109734577E-07
   0.228914865E-08   0.256656687E-07   0.331352936E-07   0.429715641E-08
   0.818308976E-09   0.933257649E-08   0.124995525E-07   0.167780978E-08
   0.173748793E-09   0.222557173E-08   0.273830314E-08   0.516899079E-09
   0.105085957E-10   0.227690256E-09   0.948912268E-10   0.962217944E-10
   0.128062283E-09   0.793221377E-09   0.105173026E-08   0.122275551E-09
   0.491808427E-09   0.355411234E-08   0.382589915E-08   0.668921862E-09
   0.322032040E-09   0.220810259E-08   0.279508861E-08   0.340671907E-09
   0.165404718E-09   0.531067690E-09   0.686054658E-09  -0.256163753E-10
   0.432613667E-09   0.317251980E-08   0.459173144E-08   0.480561313E-09
   0.156229238E-09   0.913228826E-09   0.126612776E-08   0.102601948E-09
   0.212507012E-09   0.592981275E-09   0.228831912E-09   0.296267767E-10
   0.134920200E-09   0.570126113E-09   0.498487307E-09   0.642821144E-10
   0.569559261E-10   0.799081287E-10  -0.820349136E-10  -0.590604822E-11
   0.870186145E-10   0.290447638E-09   0.898604247E-10   0.405248196E-10
   0.263595645E-09   0.442772069E-09  -0.141169576E-08   0.204290349E-09
   0.146634857E-09   0.476503614E-09  -0.529891575E-09   0.181644977E-09
   0.131153227E-09   0.310541759E-09  -0.845852333E-09   0.178410661E-09
   0.132649777E-10   0.576947656E-10  -0.387905159E-10   0.225096209E-10
   0.816227988E-11   0.229721069E-10  -0.619127059E-11   0.562373498E-11
   0.974459263E-10   0.285208329E-09  -0.336313838E-09   0.100349729E-09
   0.366130737E-10   0.758544130E-10  -0.203615680E-09   0.402578179E-10
   0.249139404E-09   0.481892248E-09  -0.127157129E-08   0.210027232E-09
   0.237952102E-09   0.252264432E-09  -0.121795540E-08   0.130878641E-09
   0.482701490E-09   0.980611592E-09  -0.208583395E-08   0.349978491E-09
   0.144604595E-08   0.197567673E-08  -0.870349570E-08   0.116846710E-08
   0.178557935E-08   0.251830490E-08  -0.105489741E-07   0.140911560E-08
   0.685483559E-09   0.785022214E-09  -0.378854992E-08   0.423799468E-09
   0.312208837E-08   0.395193567E-08  -0.184759461E-07   0.244940557E-08
   0.287503377E-08   0.360043262E-08  -0.168614491E-07   0.219955232E-08
   0.208558415E-08   0.256098542E-08  -0.120891999E-07   0.154058943E-08
   0.483564910E-09   0.731145644E-09  -0.288538349E-08   0.400362937E-09
   0.102314344E-09   0.144211532E-09  -0.494799757E-09   0.876919162E-10
   0.796837596E-09   0.128595590E-08  -0.458196192E-08   0.865945982E-09
   0.815340861E-08   0.980028858E-08  -0.437990124E-07   0.559853541E-08
   0.247513476E-07   0.287434858E-07  -0.129943132E-06   0.161874016E-07
   0.549545405E-07   0.622976728E-07  -0.281712687E-06   0.343506024E-07
   0.866934542E-07   0.952736130E-07  -0.429026699E-06   0.501724244E-07
   0.162448529E-06   0.174173039E-06  -0.776349111E-06   0.868353141E-07
   0.217507491E-06   0.227002317E-06  -0.989685873E-06   0.107312637E-06
   0.256200167E-06   0.256338353E-06  -0.107867868E-05   0.113098679E-06
   0.240829252E-06   0.230270643E-06  -0.881546953E-06   0.902427999E-07
   0.194081608E-06   0.170132466E-06  -0.498990460E-06   0.501717068E-07
   0.141903428E-06   0.101893626E-06  -0.918297687E-07   0.149079060E-07
   0.272860433E-06   0.190809928E-06  -0.484227826E-06   0.614302493E-07
   0.981972335E-06   0.765919083E-06  -0.330283478E-05   0.324656781E-06
   0.287195962E-05   0.227649275E-05  -0.106000989E-04   0.940552241E-06
   0.694473965E-05   0.545393414E-05  -0.256607982E-04   0.211510769E-05
   0.142545614E-04   0.109930670E-04  -0.508796402E-04   0.390316382E-05
   0.264666814E-04   0.199911829E-04  -0.899411316E-04   0.642190889E-05
   0.451504202E-04   0.334446486E-04  -0.144365928E-03   0.954714869E-05
   0.726968792E-04   0.529699391E-04  -0.216606291E-03   0.132064015E-04
   0.111497640E-03   0.802402938E-04  -0.305910915E-03   0.170903404E-04
   0.165326797E-03   0.118030744E-03  -0.412701018E-03   0.210556245E-04
   0.239621382E-03   0.170540690E-03  -0.537322834E-03   0.247851385E-04
   0.342089275E-03   0.243679562E-03  -0.677701493E-03   0.280204767E-04
   0.485337747E-03   0.346795132E-03  -0.835656363E-03   0.306368202E-04
   0.687579450E-03   0.493086816E-03  -0.100918615E-02   0.321363113E-04
   0.972859270E-03   0.699505094E-03  -0.118853117E-02   0.320686486E-04
   0.136242167E-02   0.980616082E-03  -0.133947760E-02   0.293314952E-04
   0.185648119E-02   0.133598479E-02  -0.138492545E-02   0.229749803E-04
   0.239458005E-02   0.172206422E-02  -0.120766507E-02   0.134343964E-04
   0.283690216E-02   0.203906815E-02  -0.723438803E-03   0.403692820E-05
   0.301090372E-02   0.216379785E-02  -0.204926676E-08   0.000000000E+00
