   0.876093656E-02   0.111489058E+00   0.000000000E+00   0.000000000E+00
   0.765965926E-02   0.974560529E-01   0.100023644E-01   0.542559937E-04
   0.529740797E-02   0.673769712E-01   0.135286637E-01   0.145990256E-03
   0.314375432E-02   0.400042869E-01   0.115979183E-01   0.186050253E-03
   0.174141873E-02   0.222181808E-01   0.812575966E-02   0.172098997E-03
   0.964225503E-03   0.123611512E-01   0.526081258E-02   0.137924100E-03
   0.560132903E-03   0.721584074E-02   0.339660794E-02   0.106786116E-03
   0.350396673E-03   0.451443112E-02   0.228782510E-02   0.844580936E-04
   0.235979562E-03   0.301536499E-02   0.162971951E-02   0.696385250E-04
   0.168305298E-03   0.211369619E-02   0.121747714E-02   0.595252532E-04
   0.124275888E-03   0.152310531E-02   0.935381569E-03   0.513861596E-04
   0.931704562E-04   0.110922963E-02   0.725453428E-03   0.442566779E-04
   0.700477613E-04   0.807857374E-03   0.561310851E-03   0.375538730E-04
   0.519754576E-04   0.580830441E-03   0.426138780E-03   0.309883362E-04
   0.379516641E-04   0.411358633E-03   0.316998223E-03   0.247446060E-04
   0.271134359E-04   0.285474351E-03   0.229740879E-03   0.191129475E-04
   0.188740487E-04   0.193260275E-03   0.161545409E-03   0.143146735E-04
   0.126279338E-04   0.126401093E-03   0.108812332E-03   0.101579444E-04
   0.817254659E-05   0.800763664E-04   0.706516803E-04   0.693948505E-05
   0.501716613E-05   0.484188640E-04   0.433760397E-04   0.445032629E-05
   0.287350485E-05   0.273908081E-04   0.246691234E-04   0.264293544E-05
   0.155987493E-05   0.148013432E-04   0.132665900E-04   0.147056573E-05
   0.754665791E-06   0.716208297E-05   0.626706105E-05   0.726088672E-06
   0.320925125E-06   0.310351243E-05   0.255188274E-05   0.307697292E-06
   0.117352990E-06   0.120198888E-05   0.857123894E-06   0.106667819E-06
   0.356047707E-07   0.425968892E-06   0.217979334E-06   0.286354211E-07
   0.172142993E-07   0.221803887E-06   0.112417368E-06   0.142908396E-07
   0.220739746E-07   0.239204581E-06   0.193866825E-06   0.254603965E-07
   0.303688381E-07   0.293431015E-06   0.287740306E-06   0.395913951E-07
   0.368924944E-07   0.337092018E-06   0.353685181E-06   0.491254433E-07
   0.363121657E-07   0.320500845E-06   0.343759098E-06   0.471585757E-07
   0.301284473E-07   0.264706358E-06   0.285524806E-06   0.406290290E-07
   0.215916742E-07   0.185667560E-06   0.202850444E-06   0.289739930E-07
   0.168584027E-07   0.146577563E-06   0.155870055E-06   0.231407675E-07
   0.114175194E-07   0.972793686E-07   0.104397621E-06   0.154196442E-07
   0.625523366E-08   0.524320356E-07   0.570216052E-07   0.837562286E-08
   0.364867270E-08   0.273916001E-07   0.301477669E-07   0.378269771E-08
   0.175173420E-08   0.119200108E-07   0.130828912E-07   0.142867573E-08
   0.616826645E-09   0.204519712E-08   0.212852602E-08  -0.846349796E-10
   0.909145426E-09   0.919212317E-09  -0.161236435E-08  -0.222795844E-10
   0.607112083E-09   0.672838729E-09  -0.100013375E-08   0.231209732E-09
   0.186697102E-08   0.267254996E-08  -0.437778391E-08   0.143405599E-08
   0.120598798E-08   0.276673107E-08  -0.207987028E-08   0.144780299E-08
   0.183755444E-08   0.513214848E-08  -0.232316649E-10   0.212655094E-08
   0.798324351E-09   0.201693395E-08  -0.274142131E-08   0.129404054E-08
   0.106638187E-08   0.270954814E-08  -0.278187384E-08   0.160150559E-08
   0.280294543E-08   0.479000484E-08  -0.609264550E-08   0.255448618E-08
   0.242408382E-08   0.410095113E-08  -0.539531264E-08   0.220957075E-08
   0.147597534E-08   0.249652077E-08  -0.361573749E-08   0.138927347E-08
   0.286464991E-09   0.106353482E-08   0.379443560E-09   0.400845274E-09
   0.835885736E-10   0.541035772E-09   0.659810595E-09   0.657082930E-10
   0.100396835E-08   0.132646949E-08  -0.203393147E-08   0.122052493E-09
   0.159154534E-08   0.154752011E-08  -0.401330391E-08   0.235146763E-09
   0.797901389E-08   0.818464851E-08  -0.263084665E-07   0.357560559E-08
   0.179843269E-07   0.185623055E-07  -0.595143703E-07   0.826328250E-08
   0.401275031E-07   0.409205256E-07  -0.132717403E-06   0.192945731E-07
   0.580128585E-07   0.590031384E-07  -0.190641117E-06   0.280143659E-07
   0.906675979E-07   0.921744174E-07  -0.295849162E-06   0.437605649E-07
   0.161331869E-06   0.160003609E-06  -0.515114323E-06   0.758117622E-07
   0.191826118E-06   0.191440719E-06  -0.606950607E-06   0.883315394E-07
   0.220654897E-06   0.216365706E-06  -0.678625440E-06   0.952590824E-07
   0.221175227E-06   0.215872461E-06  -0.657593148E-06   0.944835392E-07
   0.218377863E-06   0.209825828E-06  -0.605894513E-06   0.832869347E-07
   0.164672940E-06   0.155586122E-06  -0.380107565E-06   0.543330572E-07
   0.146111958E-06   0.130807052E-06  -0.215950010E-06   0.327568266E-07
   0.292656978E-06   0.246489634E-06  -0.436472078E-06   0.580818096E-07
   0.880772518E-06   0.739216887E-06  -0.173056208E-05   0.208976360E-06
   0.233695732E-05   0.193859046E-05  -0.502826060E-05   0.576544778E-06
   0.532818058E-05   0.438349662E-05  -0.117548325E-04   0.128747115E-05
   0.108185777E-04   0.878116498E-05  -0.236981159E-04   0.249894674E-05
   0.202554384E-04   0.162603010E-04  -0.435026777E-04   0.440010263E-05
   0.351311974E-04   0.278354946E-04  -0.729966705E-04   0.706925493E-05
   0.577684732E-04   0.452304848E-04  -0.115275980E-03   0.106644493E-04
   0.902115644E-04   0.699473530E-04  -0.171532694E-03   0.150611122E-04
   0.136437215E-03   0.104835744E-03  -0.245777948E-03   0.204798507E-04
   0.200096882E-03   0.152746783E-03  -0.339581311E-03   0.266841762E-04
   0.284218171E-03   0.215946799E-03  -0.450933032E-03   0.333952084E-04
   0.396427524E-03   0.300567044E-03  -0.585468253E-03   0.407146144E-04
   0.542791153E-03   0.411692628E-03  -0.742085045E-03   0.483610747E-04
   0.735441921E-03   0.559198321E-03  -0.927258807E-03   0.566411036E-04
   0.995392562E-03   0.760044262E-03  -0.115552125E-02   0.662339153E-04
   0.136212015E-02   0.104556861E-02  -0.145694602E-02   0.776450615E-04
   0.191828073E-02   0.147969450E-02  -0.189539779E-02   0.927275687E-04
   0.284017227E-02   0.219778693E-02  -0.259497273E-02   0.114357652E-03
   0.449904148E-02   0.348456809E-02  -0.376906851E-02   0.144932230E-03
   0.762892887E-02   0.590397045E-02  -0.570482388E-02   0.182614662E-03
   0.135950986E-01   0.105100935E-01  -0.863638427E-02   0.218795336E-03
   0.242398120E-01   0.187337529E-01  -0.120891929E-01   0.226276097E-03
   0.404944606E-01   0.313096046E-01  -0.138884196E-01   0.170769577E-03
   0.581952520E-01   0.450250767E-01  -0.101583470E-01   0.618524064E-04
   0.664472580E-01   0.514243878E-01  -0.253744012E-07   0.000000000E+00
