   0.783868041E-02   0.978944302E-01   0.000000000E+00   0.000000000E+00
   0.699429680E-02   0.873756111E-01   0.880307984E-02   0.482943287E-04
   0.509689143E-02   0.637455285E-01   0.125561031E-01   0.137183626E-03
   0.322897173E-02   0.404837281E-01   0.115110427E-01   0.187083060E-03
   0.190606655E-02   0.240007397E-01   0.862211734E-02   0.185080382E-03
   0.111436821E-02   0.141046913E-01   0.592501462E-02   0.157912960E-03
   0.673964154E-03   0.855367631E-02   0.400751131E-02   0.127883308E-03
   0.432179164E-03   0.546284905E-02   0.278264773E-02   0.104266008E-03
   0.295247854E-03   0.368058658E-02   0.201747357E-02   0.877224084E-04
   0.212433268E-03   0.258644181E-02   0.152104418E-02   0.753683707E-04
   0.158096096E-03   0.186643959E-02   0.117587647E-02   0.655630429E-04
   0.119534190E-03   0.136294542E-02   0.917230383E-03   0.568282230E-04
   0.904725675E-04   0.995113282E-03   0.711894827E-03   0.482791220E-04
   0.681170422E-04   0.722328725E-03   0.546864991E-03   0.404441380E-04
   0.504310992E-04   0.517036940E-03   0.411440182E-03   0.326174595E-04
   0.365345659E-04   0.362738618E-03   0.301510736E-03   0.256094590E-04
   0.259021544E-04   0.249816338E-03   0.215714303E-03   0.193598880E-04
   0.177059337E-04   0.166566562E-03   0.148266015E-03   0.140753937E-04
   0.117488826E-04   0.107831875E-03   0.985553706E-04   0.987930525E-05
   0.741670920E-05   0.668414359E-04   0.621476065E-04   0.649391677E-05
   0.444980333E-05   0.394322706E-04   0.370674315E-04   0.404751609E-05
   0.246674199E-05   0.217090837E-04   0.203310010E-04   0.231049307E-05
   0.126899283E-05   0.111126110E-04   0.102490849E-04   0.121068945E-05
   0.597549672E-06   0.523433891E-05   0.466607935E-05   0.573959255E-06
   0.237493666E-06   0.216173976E-05   0.173901503E-05   0.224711059E-06
   0.782988465E-07   0.792103606E-06   0.497046983E-06   0.697377445E-07
   0.279885288E-07   0.329717864E-06   0.157006113E-06   0.211679065E-07
   0.229283419E-07   0.264562971E-06   0.176383097E-06   0.220392433E-07
   0.330944623E-07   0.336643865E-06   0.306861637E-06   0.420377795E-07
   0.443687291E-07   0.411606550E-06   0.421506968E-06   0.581018789E-07
   0.447440769E-07   0.401310558E-06   0.423907778E-06   0.594251048E-07
   0.436086971E-07   0.380116632E-06   0.411035984E-06   0.587712563E-07
   0.352024756E-07   0.297746936E-06   0.329175293E-06   0.473818673E-07
   0.247717953E-07   0.206781394E-06   0.229638630E-06   0.332814167E-07
   0.196213232E-07   0.162708304E-06   0.176830866E-06   0.257923141E-07
   0.114804495E-07   0.924013079E-07   0.103052855E-06   0.146911097E-07
   0.740004413E-08   0.562119098E-07   0.631627159E-07   0.832500646E-08
   0.491705343E-08   0.346706379E-07   0.372993973E-07   0.463251881E-08
   0.221891683E-08   0.104605826E-07   0.997780791E-08   0.625094754E-09
   0.152507729E-08   0.292116975E-08   0.280572759E-09  -0.222579150E-09
   0.111026321E-08   0.819192381E-09  -0.155177626E-08  -0.166003350E-09
   0.147554557E-08   0.127492084E-08  -0.382577925E-08   0.499191188E-09
   0.235024089E-08   0.344255313E-08  -0.628899333E-08   0.196259275E-08
   0.323764504E-08   0.464093430E-08  -0.981187487E-08   0.277759504E-08
   0.261097011E-08   0.640012798E-08  -0.140633127E-08   0.284161272E-08
   0.373720876E-08   0.689222679E-08  -0.669815536E-08   0.353329566E-08
   0.160048974E-08   0.423832214E-08  -0.312951065E-08   0.236754527E-08
   0.304525738E-08   0.630392138E-08  -0.369910924E-08   0.300014058E-08
   0.150030433E-08   0.377304143E-08   0.127006727E-08   0.122801080E-08
   0.316346643E-09   0.115576904E-08   0.108724463E-08   0.254408022E-09
   0.522780985E-09   0.632805863E-09   0.131730890E-09  -0.227578997E-09
   0.267989253E-08   0.279397461E-08  -0.703400982E-08   0.462667876E-09
   0.947248502E-08   0.107704041E-07  -0.300968352E-07   0.359760155E-08
   0.164779230E-07   0.164834510E-07  -0.533993898E-07   0.688787560E-08
   0.370008451E-07   0.398287590E-07  -0.123408626E-06   0.168238294E-07
   0.680984726E-07   0.745516076E-07  -0.229519088E-06   0.327199459E-07
   0.100708426E-06   0.105965128E-06  -0.334172910E-06   0.497560428E-07
   0.148420554E-06   0.156761516E-06  -0.488618298E-06   0.709749628E-07
   0.204973773E-06   0.215518398E-06  -0.665534799E-06   0.950136894E-07
   0.245583465E-06   0.254982297E-06  -0.780704397E-06   0.111306846E-06
   0.283590083E-06   0.289210703E-06  -0.873326826E-06   0.126231953E-06
   0.279257335E-06   0.282124176E-06  -0.819712966E-06   0.116136277E-06
   0.214870440E-06   0.216102805E-06  -0.564734307E-06   0.795947770E-07
   0.170632731E-06   0.167347466E-06  -0.335301962E-06   0.520754178E-07
   0.196275536E-06   0.174994085E-06  -0.248048849E-06   0.355834189E-07
   0.514807937E-06   0.451604450E-06  -0.917330624E-06   0.120030322E-06
   0.150518952E-05   0.131069032E-05  -0.325664291E-05   0.398210261E-06
   0.365020901E-05   0.316286469E-05  -0.834749244E-05   0.975667604E-06
   0.786725832E-05   0.676012996E-05  -0.182103086E-04   0.204771618E-05
   0.153241745E-04   0.130575463E-04  -0.351450981E-04   0.378268624E-05
   0.274263839E-04   0.230946825E-04  -0.613570664E-04   0.634177650E-05
   0.461554191E-04   0.383942061E-04  -0.998229880E-04   0.988095599E-05
   0.736632064E-04   0.606589565E-04  -0.152934532E-03   0.144284832E-04
   0.112927846E-03   0.921273531E-04  -0.223632640E-03   0.200752493E-04
   0.166884507E-03   0.135158189E-03  -0.313188008E-03   0.266443985E-04
   0.240110356E-03   0.193366999E-03  -0.424578931E-03   0.342056555E-04
   0.337461446E-03   0.271025667E-03  -0.559351814E-03   0.424498503E-04
   0.464507786E-03   0.372862414E-03  -0.717244693E-03   0.512121296E-04
   0.630644674E-03   0.507352350E-03  -0.902847911E-03   0.602310720E-04
   0.849115662E-03   0.686018320E-03  -0.112193148E-02   0.701464160E-04
   0.114439509E-02   0.929956848E-03  -0.139172364E-02   0.812817598E-04
   0.156210922E-02   0.127767853E-02  -0.174680713E-02   0.942712213E-04
   0.219236850E-02   0.180336519E-02  -0.225530076E-02   0.111761954E-03
   0.321414415E-02   0.265398249E-02  -0.303592510E-02   0.134878122E-03
   0.497939205E-02   0.411805045E-02  -0.427630730E-02   0.165235833E-03
   0.813312922E-02   0.672620581E-02  -0.619155029E-02   0.199705974E-03
   0.137176430E-01   0.113412263E-01  -0.883648358E-02   0.226263815E-03
   0.229296386E-01   0.189612582E-01  -0.115860924E-01   0.219730297E-03
   0.358273908E-01   0.296500903E-01  -0.124578299E-01   0.155739748E-03
   0.488371179E-01   0.404499657E-01  -0.865067635E-02   0.536342086E-04
   0.545955226E-01   0.452357531E-01  -0.239195703E-07   0.000000000E+00
