   0.110396557E-01   0.131850079E+00   0.806864975E-08   0.000000000E+00
   0.996144861E-02   0.118821107E+00   0.523569668E-02   0.271123445E-04
   0.746736955E-02   0.887079537E-01   0.780908857E-02   0.799612753E-04
   0.488530705E-02   0.575149134E-01   0.757533219E-02   0.113828901E-03
   0.295708724E-02   0.342176370E-01   0.597566925E-02   0.115677816E-03
   0.175376388E-02   0.196937453E-01   0.424983026E-02   0.978128955E-04
   0.106818019E-02   0.114570754E-01   0.290286657E-02   0.752264023E-04
   0.691826339E-03   0.698610675E-02   0.199193531E-02   0.558831089E-04
   0.483760319E-03   0.457172561E-02   0.141573697E-02   0.418829950E-04
   0.362738909E-03   0.322800153E-02   0.105748547E-02   0.329443574E-04
   0.285685819E-03   0.242664292E-02   0.827972894E-03   0.279048563E-04
   0.231400962E-03   0.190321996E-02   0.671756396E-03   0.244278090E-04
   0.189577695E-03   0.152735563E-02   0.556160114E-03   0.222500366E-04
   0.155338421E-03   0.123492675E-02   0.463356002E-03   0.205989836E-04
   0.126425948E-03   0.997851137E-03   0.385174702E-03   0.187180030E-04
   0.102031765E-03   0.800860231E-03   0.317693368E-03   0.169743416E-04
   0.812285725E-04   0.635384407E-03   0.258319575E-03   0.149656316E-04
   0.637621124E-04   0.498261768E-03   0.206968849E-03   0.128441388E-04
   0.495377899E-04   0.386173488E-03   0.163623889E-03   0.109387229E-04
   0.377782962E-04   0.294339436E-03   0.126605766E-03   0.900490704E-05
   0.283954578E-04   0.220572460E-03   0.960487450E-04   0.723468838E-05
   0.209941209E-04   0.163182223E-03   0.715983042E-04   0.567069583E-05
   0.152196553E-04   0.118074735E-03   0.519248097E-04   0.430170212E-05
   0.108947188E-04   0.839968416E-04   0.369070221E-04   0.321136872E-05
   0.752607275E-05   0.580102933E-04   0.251123602E-04   0.223919642E-05
   0.515678721E-05   0.395917232E-04   0.168211791E-04   0.156020155E-05
   0.345416674E-05   0.262564408E-04   0.108228796E-04   0.103345178E-05
   0.223094730E-05   0.168714960E-04   0.658138379E-05   0.643574424E-06
   0.140163331E-05   0.105509816E-04   0.378232085E-05   0.377165918E-06
   0.884493204E-06   0.648980040E-05   0.210191138E-05   0.212236898E-06
   0.526595102E-06   0.386166221E-05   0.102921888E-05   0.106855275E-06
   0.321827287E-06   0.229048965E-05   0.474847070E-06   0.493322005E-07
   0.191616977E-06   0.137032714E-05   0.188472484E-06   0.228604620E-07
   0.120513079E-06   0.849398589E-06   0.740197805E-07   0.124649775E-07
   0.799338906E-07   0.582413520E-06   0.526003525E-07   0.116648300E-07
   0.582379052E-07   0.431352333E-06   0.598360756E-07   0.155184772E-07
   0.449095765E-07   0.349548287E-06   0.757715526E-07   0.186848670E-07
   0.355289878E-07   0.302614353E-06   0.907961208E-07   0.253316372E-07
   0.295536644E-07   0.262505722E-06   0.954138173E-07   0.280628214E-07
   0.227183694E-07   0.211875133E-06   0.782020493E-07   0.284563129E-07
   0.208833040E-07   0.194841718E-06   0.789474939E-07   0.309357588E-07
   0.178973547E-07   0.154498863E-06   0.567095810E-07   0.299089002E-07
   0.176327930E-07   0.134392167E-06   0.418853077E-07   0.312819175E-07
   0.181904802E-07   0.996599567E-07   0.112820899E-07   0.296643705E-07
   0.241808369E-07   0.921493850E-07  -0.487961405E-08   0.316029940E-07
   0.318988320E-07   0.723704545E-07  -0.365071138E-07   0.302015017E-07
   0.476159876E-07   0.731532381E-07  -0.661416522E-07   0.327971641E-07
   0.649439116E-07   0.742074704E-07  -0.964062536E-07   0.333463142E-07
   0.885208209E-07   0.844654622E-07  -0.130662940E-06   0.354273055E-07
   0.114454920E-06   0.961451221E-07  -0.156972916E-06   0.354484371E-07
   0.137958310E-06   0.107954016E-06  -0.180570950E-06   0.346381910E-07
   0.169760170E-06   0.125388610E-06  -0.197592527E-06   0.342836870E-07
   0.199178587E-06   0.139177132E-06  -0.202755487E-06   0.293893745E-07
   0.226747389E-06   0.153469330E-06  -0.193114587E-06   0.246970018E-07
   0.262781413E-06   0.171789623E-06  -0.166730516E-06   0.161437050E-07
   0.318527555E-06   0.209334914E-06  -0.137424536E-06   0.982794912E-08
   0.411127843E-06   0.267198686E-06  -0.106955710E-06   0.130612610E-08
   0.584775819E-06   0.405673546E-06  -0.124554091E-06   0.580215831E-08
   0.948803518E-06   0.682323957E-06  -0.294218182E-06   0.328563345E-07
   0.155587622E-05   0.116703484E-05  -0.664353593E-06   0.939703284E-07
   0.260150227E-05   0.199293981E-05  -0.141187957E-05   0.213729336E-06
   0.437159406E-05   0.339077792E-05  -0.282084807E-05   0.431040149E-06
   0.720583375E-05   0.564829861E-05  -0.522010123E-05   0.785799841E-06
   0.116103211E-04   0.914238626E-05  -0.905652541E-05   0.133635456E-05
   0.177689890E-04   0.140225347E-04  -0.143404259E-04   0.207287735E-05
   0.269040338E-04   0.211807728E-04  -0.221875871E-04   0.313994724E-05
   0.397331678E-04   0.311858385E-04  -0.330339753E-04   0.456754424E-05
   0.568256401E-04   0.445378464E-04  -0.470841478E-04   0.634900925E-05
   0.800237540E-04   0.625773246E-04  -0.656980264E-04   0.863972855E-05
   0.110242603E-03   0.860615401E-04  -0.891064992E-04   0.113859205E-04
   0.149128231E-03   0.116155752E-03  -0.118007258E-03   0.146616294E-04
   0.197743720E-03   0.153593559E-03  -0.152303197E-03   0.184275505E-04
   0.258504006E-03   0.200491064E-03  -0.193351661E-03   0.226812899E-04
   0.333009957E-03   0.257905776E-03  -0.241070884E-03   0.273647183E-04
   0.422809273E-03   0.326940033E-03  -0.295248930E-03   0.324917200E-04
   0.530021614E-03   0.409306580E-03  -0.356076809E-03   0.377684992E-04
   0.658684701E-03   0.507686695E-03  -0.424908358E-03   0.436214468E-04
   0.812324812E-03   0.625098532E-03  -0.502747134E-03   0.494616397E-04
   0.100170611E-02   0.768898986E-03  -0.594594283E-03   0.557850399E-04
   0.124738691E-02   0.954034331E-03  -0.710433465E-03   0.627274057E-04
   0.159089477E-02   0.121044414E-02  -0.869260228E-03   0.709805390E-04
   0.211916631E-02   0.160105014E-02  -0.110641285E-02   0.811403588E-04
   0.300981337E-02   0.225481647E-02  -0.148309954E-02   0.943234991E-04
   0.460963091E-02   0.342528499E-02  -0.209349534E-02   0.111998990E-03
   0.757549424E-02   0.559244119E-02  -0.306396373E-02   0.133487876E-03
   0.130345058E-01   0.958254095E-02  -0.450016698E-02   0.155014757E-03
   0.226765480E-01   0.166382641E-01  -0.634771213E-02   0.167244099E-03
   0.381207317E-01   0.279539470E-01  -0.805733632E-02   0.153763933E-03
   0.588809438E-01   0.431830548E-01  -0.832360610E-02   0.103476501E-03
   0.789517835E-01   0.579166040E-01  -0.558806537E-02   0.342590756E-04
   0.876560286E-01   0.643077791E-01  -0.174233943E-07   0.000000000E+00
