   0.166835025E+00   0.175438154E+01   0.000000000E+00   0.000000000E+00
   0.121463008E+00   0.127420068E+01   0.110840783E+00   0.630690716E-03
   0.560037419E-01   0.583202481E+00   0.101304606E+00   0.115054322E-02
   0.216686968E-01   0.222840443E+00   0.577900559E-01   0.982238795E-03
   0.826981384E-02   0.836231187E-01   0.285049733E-01   0.644613989E-03
   0.336044049E-02   0.334325023E-01   0.136990752E-01   0.387638633E-03
   0.153024949E-02   0.151566500E-01   0.683053443E-02   0.233280298E-03
   0.812777900E-03   0.820191763E-02   0.372589868E-02   0.149630374E-03
   0.505309610E-03   0.530371070E-02   0.230632955E-02   0.107213928E-03
   0.354483462E-03   0.388707593E-02   0.162273925E-02   0.851095829E-04
   0.266237621E-03   0.302864844E-02   0.125087379E-02   0.729238745E-04
   0.205285934E-03   0.239926344E-02   0.100793666E-02   0.641307488E-04
   0.158872645E-03   0.189125829E-02   0.821879890E-03   0.567025636E-04
   0.121544050E-03   0.146589626E-02   0.663484388E-03   0.489442136E-04
   0.916993595E-04   0.111503643E-02   0.527017808E-03   0.413757116E-04
   0.678903671E-04   0.829669880E-03   0.409013068E-03   0.340684892E-04
   0.491876999E-04   0.602808199E-03   0.309003401E-03   0.271708632E-04
   0.346845227E-04   0.426325772E-03   0.225919415E-03   0.208936490E-04
   0.239967721E-04   0.295293634E-03   0.161420161E-03   0.156207589E-04
   0.160595337E-04   0.198285939E-03   0.110907531E-03   0.112037787E-04
   0.103615248E-04   0.128700907E-03   0.730204265E-04   0.766198355E-05
   0.648172954E-05   0.811198843E-04   0.463910874E-04   0.503894898E-05
   0.386145075E-05   0.487125908E-04   0.276977335E-04   0.312189786E-05
   0.218145033E-05   0.281443881E-04   0.156593305E-04   0.181219309E-05
   0.115268995E-05   0.153398087E-04   0.813888073E-05   0.967006827E-06
   0.588456885E-06   0.803754483E-05   0.399951386E-05   0.478422010E-06
   0.264680068E-06   0.384463328E-05   0.164912421E-05   0.197068488E-06
   0.121239680E-06   0.176097001E-05   0.616910881E-06   0.673991778E-07
   0.551201680E-07   0.745817829E-06   0.179916370E-06   0.138907925E-07
   0.370025255E-07   0.390973042E-06   0.119685524E-06   0.102322355E-07
   0.371604756E-07   0.287093485E-06   0.167244025E-06   0.175120878E-07
   0.405374010E-07   0.272231176E-06   0.223289362E-06   0.257565258E-07
   0.388137735E-07   0.254924515E-06   0.237820046E-06   0.287254860E-07
   0.376525691E-07   0.250289673E-06   0.247145437E-06   0.315608553E-07
   0.325555334E-07   0.214392543E-06   0.213057405E-06   0.262016364E-07
   0.250250398E-07   0.163096800E-06   0.162199996E-06   0.194796375E-07
   0.184723934E-07   0.112559839E-06   0.107270132E-06   0.117856969E-07
   0.139693501E-07   0.809101905E-07   0.789638648E-07   0.767720998E-08
   0.917994214E-08   0.512775955E-07   0.491408834E-07   0.456673188E-08
   0.582375348E-08   0.274133889E-07   0.272250151E-07   0.142273782E-08
   0.372417475E-08   0.109588969E-07   0.856782023E-08  -0.404438455E-09
   0.212588325E-08   0.649639986E-08   0.591796168E-08  -0.271072970E-09
   0.209480944E-08   0.349275053E-08  -0.124409882E-08  -0.374048674E-10
   0.304572989E-08   0.264553401E-08  -0.704614678E-08   0.707253922E-09
   0.733691718E-09   0.584958249E-09  -0.168201142E-08   0.221886107E-09
   0.812722389E-09   0.138297840E-08  -0.128314595E-09   0.448411253E-09
   0.181063081E-09   0.130958355E-08   0.129869626E-08   0.173749876E-09
   0.522447641E-09   0.776425424E-09   0.664337418E-09  -0.195725255E-09
   0.173121972E-08   0.200533323E-08  -0.178807047E-08  -0.166574962E-09
   0.630506847E-08   0.728829708E-08  -0.128766757E-07   0.106855502E-08
   0.111805907E-07   0.118355894E-07  -0.245965524E-07   0.217602181E-08
   0.252455479E-07   0.233590587E-07  -0.628893275E-07   0.730206517E-08
   0.371747788E-07   0.347011522E-07  -0.938002174E-07   0.114277006E-07
   0.616326687E-07   0.577902171E-07  -0.159367900E-06   0.213514042E-07
   0.855603801E-07   0.815584258E-07  -0.220680036E-06   0.294887190E-07
   0.123055671E-06   0.114386509E-06  -0.317156633E-06   0.450834214E-07
   0.155167911E-06   0.144052294E-06  -0.395129916E-06   0.569649359E-07
   0.192004407E-06   0.177042764E-06  -0.478775121E-06   0.712144370E-07
   0.202776647E-06   0.185834423E-06  -0.478820368E-06   0.721665074E-07
   0.192014568E-06   0.174936375E-06  -0.393822660E-06   0.605383690E-07
   0.190514143E-06   0.172191861E-06  -0.274193440E-06   0.457472247E-07
   0.242387983E-06   0.212663664E-06  -0.184044339E-06   0.343136897E-07
   0.477785420E-06   0.406592363E-06  -0.305116458E-06   0.468457841E-07
   0.109513030E-05   0.910299548E-06  -0.949805212E-06   0.119826552E-06
   0.243600016E-05   0.199503415E-05  -0.260576462E-05   0.307409522E-06
   0.533513139E-05   0.433811965E-05  -0.662012508E-05   0.755236954E-06
   0.103338298E-04   0.834395996E-05  -0.134910561E-04   0.149106927E-05
   0.191332165E-04   0.153146229E-04  -0.255899286E-04   0.273837668E-05
   0.331944648E-04   0.263959082E-04  -0.443730896E-04   0.457292299E-05
   0.548546122E-04   0.431658227E-04  -0.718835290E-04   0.716594968E-05
   0.870687145E-04   0.680942685E-04  -0.111050445E-03   0.105982899E-04
   0.133080393E-03   0.103347760E-03  -0.163427670E-03   0.148827039E-04
   0.197293135E-03   0.152216351E-03  -0.231659200E-03   0.200695104E-04
   0.284635695E-03   0.218347792E-03  -0.317751779E-03   0.261841469E-04
   0.398710603E-03   0.304245739E-03  -0.420331635E-03   0.327940725E-04
   0.547072850E-03   0.415787596E-03  -0.543325150E-03   0.400464014E-04
   0.731332460E-03   0.554183673E-03  -0.681432430E-03   0.471898056E-04
   0.958181918E-03   0.724633224E-03  -0.837149972E-03   0.543865281E-04
   0.122710026E-02   0.926923472E-03  -0.100561650E-02   0.611565629E-04
   0.155038526E-02   0.117084943E-02  -0.120104849E-02   0.688663349E-04
   0.194825581E-02   0.147265219E-02  -0.144977344E-02   0.781219715E-04
   0.249217614E-02   0.188702636E-02  -0.183151814E-02   0.933425108E-04
   0.338758482E-02   0.257156370E-02  -0.253730058E-02   0.120987839E-03
   0.520642661E-02   0.396454846E-02  -0.399807934E-02   0.172685890E-03
   0.953584444E-02   0.728496350E-02  -0.717435079E-02   0.268966280E-03
   0.207778979E-01   0.159225781E-01  -0.141028501E-01   0.436709204E-03
   0.513147525E-01   0.394403562E-01  -0.288289692E-01   0.702730962E-03
   0.134982675E+00   0.104030095E+00  -0.574739389E-01   0.103395921E-02
   0.348862529E+00   0.269465953E+00  -0.992037728E-01   0.117415085E-02
   0.753226221E+00   0.582649529E+00  -0.107063122E+00   0.627950940E-03
   0.103130209E+01   0.798163533E+00  -0.320991234E-06   0.000000000E+00
