   0.116562514E-03   0.503621716E-02   0.000000000E+00   0.000000000E+00
   0.114030896E-03   0.481116679E-02   0.650429633E-03   0.346887759E-05
   0.107152417E-03   0.421376945E-02   0.112989533E-02   0.120278182E-04
   0.978395037E-04   0.343824015E-02   0.136825757E-02   0.218129553E-04
   0.877536295E-04   0.266068382E-02   0.139759691E-02   0.297437782E-04
   0.779767797E-04   0.198780047E-02   0.129613793E-02   0.343680476E-04
   0.685725390E-04   0.145267986E-02   0.113063992E-02   0.359142723E-04
   0.594314479E-04   0.104712753E-02   0.945667503E-03   0.349019429E-04
   0.504420168E-04   0.746378733E-03   0.764592667E-03   0.322508422E-04
   0.413914786E-04   0.525068492E-03   0.596148253E-03   0.281458215E-04
   0.330129878E-04   0.364881213E-03   0.452175707E-03   0.235794523E-04
   0.251573238E-04   0.247269461E-03   0.328628026E-03   0.188353642E-04
   0.183067659E-04   0.162827593E-03   0.228885867E-03   0.142373628E-04
   0.126287941E-04   0.102850980E-03   0.151277491E-03   0.101430051E-04
   0.819696652E-05   0.617156984E-04   0.940353057E-04   0.673748900E-05
   0.488300111E-05   0.340880433E-04   0.532522754E-04   0.405895707E-05
   0.270694954E-05   0.173616063E-04   0.277529398E-04   0.224957034E-05
   0.130115325E-05   0.754934399E-05   0.121045687E-04   0.103367779E-05
   0.534078765E-06   0.271355339E-05   0.417422780E-05   0.375168270E-06
   0.179054311E-06   0.781314043E-06   0.936233846E-06   0.879963409E-07
   0.430072866E-07   0.274674790E-06   0.333154446E-07   0.489514917E-08
   0.167116756E-07   0.366015399E-06   0.162975127E-06   0.196351895E-07
   0.310186437E-07   0.590559353E-06   0.558011891E-06   0.615993017E-07
   0.456009630E-07   0.679671018E-06   0.787330862E-06   0.882607054E-07
   0.497611872E-07   0.652171195E-06   0.823740038E-06   0.967084617E-07
   0.464163961E-07   0.558289571E-06   0.745238196E-06   0.901753694E-07
   0.337282557E-07   0.384083279E-06   0.520684580E-06   0.641440252E-07
   0.226148575E-07   0.249179323E-06   0.344040359E-06   0.437687184E-07
   0.120504184E-07   0.134676341E-06   0.189604677E-06   0.263051732E-07
   0.646722187E-08   0.716963129E-07   0.101099296E-06   0.143183163E-07
   0.259968336E-08   0.295220897E-07   0.409403960E-07   0.614166140E-08
   0.281833334E-09   0.343176754E-08   0.337857120E-08   0.117652366E-08
   0.320428510E-10   0.552486557E-09   0.333876204E-09   0.174786602E-09
   0.178788928E-09   0.652544074E-09   0.124952340E-09   0.134378800E-09
   0.716353088E-09   0.428874092E-08   0.395350108E-08   0.860453375E-09
   0.107278930E-08   0.584406257E-08   0.491123675E-08   0.108870657E-08
   0.135975542E-08   0.106103304E-07   0.148539865E-07   0.207195283E-08
   0.558864344E-09   0.317952709E-08   0.367052966E-08   0.502501263E-09
   0.507410391E-09   0.338461925E-08   0.510866283E-08   0.523737220E-09
   0.135299633E-09   0.732747918E-09   0.112389431E-08   0.750875265E-10
   0.416107926E-09   0.238411446E-08   0.262795830E-08   0.415305262E-09
   0.223433744E-09   0.377736703E-09  -0.636648678E-09   0.446116026E-10
   0.160692182E-09   0.106492348E-08   0.186069793E-08   0.167666089E-09
   0.712588669E-10   0.196840141E-09   0.207336634E-09  -0.138344960E-13
   0.211998266E-09   0.487564544E-09  -0.148426815E-08   0.285208329E-09
   0.319628463E-09   0.645313469E-09  -0.231377340E-08   0.404998007E-09
   0.601947450E-10   0.537529965E-09   0.804943112E-09   0.131301664E-09
   0.267575045E-09   0.488585505E-09  -0.147814394E-08   0.208451950E-09
   0.135947065E-08   0.230197972E-08  -0.882592488E-08   0.126384481E-08
   0.588995464E-09   0.972374514E-09  -0.340093598E-08   0.438195424E-09
   0.678055778E-09   0.993691573E-09  -0.353461460E-08   0.359575397E-09
   0.204388151E-08   0.287318058E-08  -0.126470523E-07   0.151896407E-08
   0.187750437E-08   0.272194911E-08  -0.118100800E-07   0.146804657E-08
   0.141602130E-08   0.216288920E-08  -0.845926884E-08   0.102240005E-08
   0.248497045E-08   0.347712437E-08  -0.158008806E-07   0.200107220E-08
   0.473694994E-08   0.668832989E-08  -0.305286889E-07   0.407086187E-08
   0.296305847E-08   0.503047515E-08  -0.182679578E-07   0.247500243E-08
   0.101115316E-08   0.193230942E-08  -0.651793197E-08   0.100481035E-08
   0.797841515E-10   0.458516780E-09  -0.228870492E-09   0.272838557E-09
   0.159093594E-08   0.250661869E-08  -0.100766249E-07   0.149510404E-08
   0.110924594E-07   0.160246039E-07  -0.675424658E-07   0.971355618E-08
   0.451763178E-07   0.626556300E-07  -0.269001077E-06   0.353605678E-07
   0.720309217E-07   0.978622268E-07  -0.418859742E-06   0.540412159E-07
   0.141954331E-06   0.185213793E-06  -0.798029703E-06   0.992138851E-07
   0.221068078E-06   0.281020846E-06  -0.119974061E-05   0.143709400E-06
   0.341907139E-06   0.423740119E-06  -0.178306800E-05   0.207853446E-06
   0.438306131E-06   0.527262898E-06  -0.215907517E-05   0.242724042E-06
   0.401807910E-06   0.464818044E-06  -0.178256130E-05   0.194866828E-06
   0.336514830E-06   0.367018430E-06  -0.120497543E-05   0.127441282E-06
   0.231211345E-06   0.219897132E-06  -0.408991752E-06   0.453475337E-07
   0.229479411E-06   0.174577522E-06  -0.267609863E-06   0.471540211E-07
   0.677246931E-06   0.567117524E-06  -0.222702215E-05   0.252828698E-06
   0.230227465E-05   0.208592405E-05  -0.976253887E-05   0.957772727E-06
   0.590836635E-05   0.538998756E-05  -0.256097574E-04   0.231252102E-05
   0.132432879E-04   0.119808565E-04  -0.565591799E-04   0.475102479E-05
   0.250528010E-04   0.222621256E-04  -0.102432583E-03   0.802550767E-05
   0.439862742E-04   0.383852785E-04  -0.171050458E-03   0.124819890E-04
   0.716104041E-04   0.614622331E-04  -0.262212387E-03   0.177266393E-04
   0.110444184E-03   0.935633143E-04  -0.377411110E-03   0.235364223E-04
   0.163252291E-03   0.137062729E-03  -0.515354914E-03   0.294554211E-04
   0.233812345E-03   0.195593850E-03  -0.673886505E-03   0.350087248E-04
   0.326882815E-03   0.273807644E-03  -0.848285796E-03   0.397243348E-04
   0.450608117E-03   0.379342557E-03  -0.103743700E-02   0.434712165E-04
   0.614523306E-03   0.521168171E-03  -0.123284140E-02   0.455954396E-04
   0.831799931E-03   0.710994704E-03  -0.142334693E-02   0.456520684E-04
   0.111481152E-02   0.959224009E-03  -0.158575026E-02   0.427878440E-04
   0.146865682E-02   0.126981642E-02  -0.167247606E-02   0.366312961E-04
   0.187500473E-02   0.162600307E-02  -0.160854217E-02   0.267323921E-04
   0.227963016E-02   0.197996781E-02  -0.131210673E-02   0.146139901E-04
   0.258957827E-02   0.225096545E-02  -0.749340223E-03   0.419634944E-05
   0.270520081E-02   0.235186168E-02  -0.172176395E-08   0.000000000E+00
