   0.945547640E-06   0.265098701E-03   0.216852187E-11   0.000000000E+00
   0.101774913E-05   0.263991969E-03   0.544757313E-05  -0.120379502E-07
   0.124230132E-05   0.260669622E-03   0.107502965E-04  -0.472797943E-07
   0.160560580E-05   0.254815444E-03   0.157603481E-04  -0.103343460E-06
   0.209033419E-05   0.247470336E-03   0.203876352E-04  -0.178336066E-06
   0.266207121E-05   0.236955937E-03   0.244223684E-04  -0.270109467E-06
   0.333996832E-05   0.226022166E-03   0.279267551E-04  -0.372772348E-06
   0.407325388E-05   0.212417799E-03   0.306541478E-04  -0.477785363E-06
   0.487123725E-05   0.199391288E-03   0.328451351E-04  -0.587434954E-06
   0.568954692E-05   0.185117708E-03   0.343016691E-04  -0.691639798E-06
   0.649608955E-05   0.169918072E-03   0.350132941E-04  -0.797971438E-06
   0.731187174E-05   0.154754380E-03   0.351442432E-04  -0.892435310E-06
   0.810689016E-05   0.139524927E-03   0.346632914E-04  -0.978758749E-06
   0.885319423E-05   0.124678583E-03   0.336601406E-04  -0.105496895E-05
   0.957211250E-05   0.110230023E-03   0.322097658E-04  -0.111723762E-05
   0.102622134E-04   0.974719005E-04   0.305770955E-04  -0.116300737E-05
   0.109034418E-04   0.846467956E-04   0.285428323E-04  -0.119969820E-05
   0.115064704E-04   0.727759689E-04   0.262731155E-04  -0.123530151E-05
   0.120706591E-04   0.620949359E-04   0.239256224E-04  -0.125566612E-05
   0.125855559E-04   0.523456547E-04   0.215417367E-04  -0.124987048E-05
   0.130652188E-04   0.436162591E-04   0.191092840E-04  -0.124022256E-05
   0.135417004E-04   0.361150996E-04   0.167800481E-04  -0.122903134E-05
   0.140217699E-04   0.294166566E-04   0.144530022E-04  -0.121417531E-05
   0.144057603E-04   0.239610454E-04   0.124098406E-04  -0.116210481E-05
   0.148239469E-04   0.192854804E-04   0.103909169E-04  -0.111740121E-05
   0.152509028E-04   0.155353173E-04   0.854218342E-05  -0.106832613E-05
   0.155966773E-04   0.125177221E-04   0.693932861E-05  -0.999905524E-06
   0.159624342E-04   0.101739834E-04   0.546847787E-05  -0.929691055E-06
   0.163507011E-04   0.859617012E-05   0.417779484E-05  -0.853581810E-06
   0.166814498E-04   0.741860413E-05   0.307694177E-05  -0.769884764E-06
   0.170139992E-04   0.672480746E-05   0.213254089E-05  -0.685565624E-06
   0.173399530E-04   0.644552438E-05   0.133452488E-05  -0.599227633E-06
   0.176007179E-04   0.642207533E-05   0.694589403E-06  -0.508578466E-06
   0.179445669E-04   0.672858278E-05   0.130093454E-06  -0.421442905E-06
   0.182048025E-04   0.712671772E-05  -0.292019593E-06  -0.336373375E-06
   0.184458659E-04   0.769217422E-05  -0.624450990E-06  -0.254354518E-06
   0.187070309E-04   0.835347419E-05  -0.889610021E-06  -0.175281372E-06
   0.188508111E-04   0.896196798E-05  -0.104541061E-05  -0.105422451E-06
   0.190358969E-04   0.966797779E-05  -0.117684215E-05  -0.361577150E-07
   0.191407926E-04   0.102642634E-04  -0.123647499E-05   0.191117078E-07
   0.192287807E-04   0.108427839E-04  -0.127186513E-05   0.699546305E-07
   0.192286916E-04   0.113934138E-04  -0.122182473E-05   0.110583379E-06
   0.191006638E-04   0.117536274E-04  -0.112573218E-05   0.138229055E-06
   0.190578612E-04   0.121123712E-04  -0.106191055E-05   0.161897532E-06
   0.189048860E-04   0.125080041E-04  -0.897278653E-06   0.175382397E-06
   0.187267124E-04   0.126978885E-04  -0.763844980E-06   0.178516174E-06
   0.184114506E-04   0.128122711E-04  -0.555218094E-06   0.170302556E-06
   0.179910512E-04   0.126978248E-04  -0.339198948E-06   0.149646226E-06
   0.174857578E-04   0.125717315E-04  -0.743347641E-07   0.120208682E-06
   0.169932882E-04   0.125103797E-04   0.203675270E-06   0.855683453E-07
   0.163570967E-04   0.123016252E-04   0.524217285E-06   0.388455170E-07
   0.156215847E-04   0.120040058E-04   0.865036498E-06  -0.152076147E-07
   0.148489289E-04   0.115352568E-04   0.118800494E-05  -0.792376511E-07
   0.139948788E-04   0.111713516E-04   0.155999567E-05  -0.147949081E-06
   0.131032857E-04   0.107414935E-04   0.192183961E-05  -0.221172741E-06
   0.121474050E-04   0.103098355E-04   0.229132684E-05  -0.300143199E-06
   0.112205771E-04   0.100917423E-04   0.267508153E-05  -0.381655241E-06
   0.102723343E-04   0.973670285E-05   0.297072938E-05  -0.458557679E-06
   0.935819662E-05   0.945324336E-05   0.326763552E-05  -0.542077601E-06
   0.851834557E-05   0.955185260E-05   0.354491908E-05  -0.625021642E-06
   0.778156664E-05   0.954138795E-05   0.370894941E-05  -0.701539932E-06
   0.716792238E-05   0.983476639E-05   0.384331179E-05  -0.776524530E-06
   0.678554125E-05   0.103275061E-04   0.382503094E-05  -0.841775829E-06
   0.657675582E-05   0.111406889E-04   0.375238096E-05  -0.906187381E-06
   0.668323264E-05   0.120965506E-04   0.352775669E-05  -0.952293419E-06
   0.711699613E-05   0.136892868E-04   0.317404465E-05  -0.999325266E-06
   0.788514444E-05   0.155049856E-04   0.272237662E-05  -0.103600405E-05
   0.904516855E-05   0.177675029E-04   0.212772648E-05  -0.105905906E-05
   0.107966171E-04   0.206357527E-04   0.133870844E-05  -0.107193114E-05
   0.128369611E-04   0.238834928E-04   0.529612407E-06  -0.108486972E-05
   0.154791160E-04   0.276816281E-04  -0.434563503E-06  -0.107928406E-05
   0.187029254E-04   0.320441723E-04  -0.151771565E-05  -0.106139998E-05
   0.223218412E-04   0.368593719E-04  -0.259384706E-05  -0.104348135E-05
   0.264775917E-04   0.422188059E-04  -0.371433271E-05  -0.101363105E-05
   0.310885443E-04   0.480860253E-04  -0.482290352E-05  -0.984299163E-06
   0.364192856E-04   0.545868643E-04  -0.598446422E-05  -0.936293532E-06
   0.419415301E-04   0.613031953E-04  -0.698236045E-05  -0.882447125E-06
   0.478263719E-04   0.683828548E-04  -0.785689554E-05  -0.825814539E-06
   0.540844048E-04   0.758046372E-04  -0.863092737E-05  -0.758709859E-06
   0.604222114E-04   0.833283193E-04  -0.919223476E-05  -0.690329102E-06
   0.669582805E-04   0.910074305E-04  -0.954873576E-05  -0.616907698E-06
   0.731787513E-04   0.983267673E-04  -0.961412661E-05  -0.536534174E-06
   0.796718232E-04   0.105786574E-03  -0.950363847E-05  -0.447610745E-06
   0.857283012E-04   0.112813483E-03  -0.910704057E-05  -0.366865038E-06
   0.909752489E-04   0.118983495E-03  -0.836968866E-05  -0.286970050E-06
   0.960002872E-04   0.124770406E-03  -0.743396185E-05  -0.208484110E-06
   0.100378449E-03   0.129743508E-03  -0.627566669E-05  -0.137894077E-06
   0.103558996E-03   0.133455353E-03  -0.487689886E-05  -0.793100980E-07
   0.106313368E-03   0.136576564E-03  -0.335533127E-05  -0.363478030E-07
   0.107804968E-03   0.138317759E-03  -0.170365422E-05  -0.917202492E-08
   0.108338398E-03   0.138919582E-03   0.580572743E-11   0.000000000E+00
