   0.373411138E-03   0.969719607E-02  -0.584614258E-11   0.000000000E+00
   0.350715040E-03   0.906560104E-02   0.108226866E-02   0.563981212E-05
   0.294180878E-03   0.749437837E-02   0.174941472E-02   0.182537133E-04
   0.227943645E-03   0.564273121E-02   0.191311305E-02   0.299200819E-04
   0.169967389E-03   0.401077094E-02   0.174970529E-02   0.366033928E-04
   0.126546365E-03   0.277684210E-02   0.146601687E-02   0.383778788E-04
   0.959669560E-04   0.191102084E-02   0.117965473E-02   0.372875511E-04
   0.744306089E-04   0.132108340E-02   0.932505878E-03   0.345890912E-04
   0.584824775E-04   0.917614729E-03   0.727834587E-03   0.310365140E-04
   0.459702896E-04   0.638893398E-03   0.560293556E-03   0.270264718E-04
   0.356226083E-04   0.442565884E-03   0.422306272E-03   0.227315613E-04
   0.269841094E-04   0.303156703E-03   0.310330768E-03   0.183870598E-04
   0.198219823E-04   0.203842748E-03   0.221056107E-03   0.142402741E-04
   0.140196598E-04   0.133428097E-03   0.151589164E-03   0.105941917E-04
   0.944983185E-05   0.840972862E-04   0.989733308E-04   0.743547571E-05
   0.602855380E-05   0.505767603E-04   0.610163297E-04   0.489434569E-05
   0.357845033E-05   0.284526996E-04   0.347406421E-04   0.295848668E-05
   0.198069210E-05   0.149147627E-04   0.182436634E-04   0.164922290E-05
   0.984530402E-06   0.703002661E-05   0.839007862E-05   0.805929346E-06
   0.410350623E-06   0.280976201E-05   0.301915679E-05   0.309155922E-06
   0.139360594E-06   0.974502086E-06   0.737425296E-06   0.843927310E-07
   0.349635023E-07   0.359447569E-06   0.528550217E-07   0.947977163E-08
   0.128091884E-07   0.281748015E-06   0.688001620E-07   0.913059139E-08
   0.175614456E-07   0.346420308E-06   0.249887393E-06   0.291199846E-07
   0.283048252E-07   0.429324928E-06   0.427022940E-06   0.507896303E-07
   0.299638145E-07   0.391901068E-06   0.434099462E-06   0.528357980E-07
   0.302939078E-07   0.359009761E-06   0.426669914E-06   0.538885381E-07
   0.209889990E-07   0.237922066E-06   0.283575957E-06   0.359303947E-07
   0.142152361E-07   0.157475512E-06   0.192852809E-06   0.258965187E-07
   0.830337932E-08   0.903056403E-07   0.112896309E-06   0.157967630E-07
   0.432449765E-08   0.470677612E-07   0.591583813E-07   0.870273986E-08
   0.161016167E-08   0.182500557E-07   0.222489671E-07   0.347676599E-08
   0.552969781E-09   0.718496773E-08   0.803283839E-08   0.152981194E-08
   0.468083246E-10   0.721407378E-09   0.311284110E-09   0.306641879E-09
   0.845548215E-10   0.238939979E-09  -0.133084252E-09   0.723128085E-10
   0.222891358E-09   0.104985021E-08   0.178100723E-08   0.897246721E-10
   0.435849301E-09   0.238409537E-08   0.293205193E-08   0.276715317E-09
   0.376734449E-09   0.261930544E-08   0.400439326E-08   0.398363759E-09
   0.612419837E-09   0.370891140E-08   0.584401860E-08   0.446292059E-09
   0.488131202E-09   0.348361162E-08   0.500316277E-08   0.518825705E-09
   0.218501550E-09   0.104658293E-08   0.146086154E-08   0.645072190E-10
   0.193474348E-09   0.896767216E-09   0.676570355E-09   0.282825541E-09
   0.177896309E-09   0.161753932E-08   0.216128671E-08   0.327639166E-09
   0.145310916E-09   0.102330799E-08   0.154526159E-08   0.177512810E-09
   0.460647520E-09   0.980827086E-09  -0.967496416E-09   0.451286425E-09
   0.550639118E-10   0.173883838E-09  -0.105177346E-09   0.874961700E-10
   0.108117258E-09   0.143725018E-09  -0.580390458E-09   0.919723464E-10
   0.225041694E-09   0.605612227E-09  -0.531039934E-09   0.301851710E-09
   0.164206676E-09   0.292098373E-09  -0.639408415E-09   0.160116670E-09
   0.237061215E-08   0.286850765E-08  -0.120452404E-07   0.177585824E-08
   0.443548531E-09   0.529766120E-09  -0.207660311E-08   0.307358305E-09
   0.151250412E-08   0.203595207E-08  -0.743692130E-08   0.993580773E-09
   0.258687627E-08   0.318008664E-08  -0.131893723E-07   0.181807758E-08
   0.893361607E-09   0.111875231E-08  -0.422346425E-08   0.509467468E-09
   0.155009461E-08   0.186490468E-08  -0.783659182E-08   0.106692011E-08
   0.121712573E-08   0.208326623E-08  -0.587822857E-08   0.930346189E-09
   0.342394550E-10   0.630436120E-10  -0.157695398E-09   0.339860917E-10
   0.369190206E-09   0.567585534E-09  -0.196406358E-08   0.363324398E-09
   0.670862832E-08   0.864351524E-08  -0.328284173E-07   0.472560879E-08
   0.161726685E-07   0.191923082E-07  -0.763567627E-07   0.107246594E-07
   0.321613420E-07   0.376683928E-07  -0.149393927E-06   0.202643253E-07
   0.737926129E-07   0.828384614E-07  -0.332309696E-06   0.441727686E-07
   0.114478162E-06   0.125786912E-06  -0.500831561E-06   0.647392469E-07
   0.180102077E-06   0.194054920E-06  -0.763138644E-06   0.950972492E-07
   0.241043011E-06   0.253743991E-06  -0.974986847E-06   0.116607907E-06
   0.303008932E-06   0.308150931E-06  -0.114389729E-05   0.135028827E-06
   0.290351807E-06   0.285521082E-06  -0.967424057E-06   0.110286372E-06
   0.250281204E-06   0.230274622E-06  -0.619190359E-06   0.701584497E-07
   0.191577115E-06   0.153280581E-06  -0.178743008E-06   0.251645922E-07
   0.289042788E-06   0.210670237E-06  -0.281613637E-06   0.438772325E-07
   0.868241102E-06   0.677924504E-06  -0.212284726E-05   0.238779535E-06
   0.236273922E-05   0.188872889E-05  -0.693844959E-05   0.704197589E-06
   0.575656168E-05   0.461669924E-05  -0.178817882E-04   0.169296800E-05
   0.120429304E-04   0.956315762E-05  -0.372349714E-04   0.330548551E-05
   0.226811153E-04   0.177646034E-04  -0.681204765E-04   0.568585256E-05
   0.392935763E-04   0.303153683E-04  -0.112904527E-03   0.882601216E-05
   0.644559550E-04   0.490374732E-04  -0.175667330E-03   0.128228048E-04
   0.100221529E-03   0.753993227E-04  -0.256377418E-03   0.173997978E-04
   0.149940039E-03   0.111851768E-03  -0.356408360E-03   0.224359537E-04
   0.218040586E-03   0.161997188E-03  -0.477094523E-03   0.276527608E-04
   0.310619478E-03   0.230716629E-03  -0.618926599E-03   0.328329006E-04
   0.437278562E-03   0.325743225E-03  -0.783700380E-03   0.378747827E-04
   0.614198681E-03   0.459773612E-03  -0.979339588E-03   0.426515617E-04
   0.865867361E-03   0.651623763E-03  -0.121099479E-02   0.470015657E-04
   0.123077957E-02   0.930149399E-03  -0.148740283E-02   0.502441071E-04
   0.176338374E-02   0.133585988E-02  -0.180351641E-02   0.516691580E-04
   0.251904433E-02   0.190960197E-02  -0.210835482E-02   0.488659352E-04
   0.351428520E-02   0.266317464E-02  -0.226490526E-02   0.395108000E-04
   0.463629933E-02   0.351210288E-02  -0.204167631E-02   0.238262164E-04
   0.558361504E-02   0.422856724E-02  -0.125085737E-02   0.729506201E-05
   0.596215529E-02   0.451504579E-02  -0.244641041E-08   0.000000000E+00
