   0.139147654E+00   0.155733502E+01  -0.528714919E-10   0.000000000E+00
   0.985125229E-01   0.109956908E+01   0.987099707E-01   0.552058627E-03
   0.430146717E-01   0.476106077E+00   0.853882208E-01   0.953265757E-03
   0.158483423E-01   0.172910824E+00   0.463238545E-01   0.773959386E-03
   0.583583629E-02   0.624510907E-01   0.219806992E-01   0.488942780E-03
   0.231932546E-02   0.243713744E-01   0.102659818E-01   0.285802438E-03
   0.104985829E-02   0.109949233E-01   0.503590191E-02   0.169617866E-03
   0.563402195E-03   0.603845809E-02   0.274764444E-02   0.109058972E-03
   0.356298842E-03   0.398680847E-02   0.172608171E-02   0.790416234E-04
   0.252914499E-03   0.295897922E-02   0.123598217E-02   0.639012142E-04
   0.190413455E-03   0.230760430E-02   0.962700462E-03   0.550993100E-04
   0.146079226E-03   0.181462639E-02   0.776507426E-03   0.485248966E-04
   0.111788249E-03   0.141205883E-02   0.628773647E-03   0.423004021E-04
   0.844504684E-04   0.107800553E-02   0.502356095E-03   0.362356623E-04
   0.625619505E-04   0.803578645E-03   0.391887326E-03   0.301388482E-04
   0.453661669E-04   0.584761612E-03   0.297829538E-03   0.242683946E-04
   0.321738007E-04   0.415217015E-03   0.220165530E-03   0.189168350E-04
   0.222132803E-04   0.286899565E-03   0.157560702E-03   0.142223216E-04
   0.148887393E-04   0.192429885E-03   0.108777938E-03   0.102953209E-04
   0.965561412E-05   0.124997096E-03   0.722337572E-04   0.713364534E-05
   0.600184512E-05   0.782425996E-04   0.457630304E-04   0.469068937E-05
   0.355755469E-05   0.468792168E-04   0.274262220E-04   0.291684796E-05
   0.200552518E-05   0.268497843E-04   0.155121943E-04   0.170108126E-05
   0.106559639E-05   0.146561715E-04   0.821075628E-05   0.923728692E-06
   0.527951272E-06   0.750865684E-05   0.396761880E-05   0.455045125E-06
   0.227916004E-06   0.349337733E-05   0.161235482E-05   0.186724705E-06
   0.938387643E-07   0.148532934E-05   0.544237537E-06   0.589833675E-07
   0.420975326E-07   0.634703952E-06   0.177195474E-06   0.160376086E-07
   0.270430398E-07   0.301228340E-06   0.957163024E-07   0.840956371E-08
   0.274010912E-07   0.221441411E-06   0.132932968E-06   0.137364680E-07
   0.306255430E-07   0.222629694E-06   0.191782533E-06   0.254475019E-07
   0.300592227E-07   0.216057018E-06   0.206516717E-06   0.278244343E-07
   0.286683957E-07   0.204169382E-06   0.202170824E-06   0.265088733E-07
   0.233131239E-07   0.165769109E-06   0.165322575E-06   0.213551257E-07
   0.179382482E-07   0.128024823E-06   0.128382126E-06   0.166082152E-07
   0.133728157E-07   0.912918878E-07   0.899623558E-07   0.108743876E-07
   0.931221944E-08   0.635014743E-07   0.631664392E-07   0.761956009E-08
   0.672592471E-08   0.391638189E-07   0.335507870E-07   0.391997634E-08
   0.331430638E-08   0.149825325E-07   0.137571519E-07   0.699839631E-09
   0.246936827E-08   0.959839763E-08   0.794969424E-08   0.265065914E-09
   0.191137484E-08   0.307526249E-08  -0.484806417E-09  -0.194540592E-09
   0.277853340E-08   0.198716821E-08  -0.533353228E-08   0.222224197E-09
   0.138775313E-08   0.106243225E-08  -0.303189140E-08   0.221438604E-09
   0.206349826E-08   0.192286187E-08  -0.426719948E-08   0.903713437E-09
   0.127982147E-08   0.317793614E-08  -0.358836788E-11   0.118378829E-08
   0.197469552E-08   0.243845943E-08  -0.444918591E-08   0.131560929E-08
   0.678557321E-09   0.231577491E-08   0.467769823E-09   0.883274009E-09
   0.847943937E-09   0.217161711E-08   0.145559176E-08   0.474546735E-09
   0.404085432E-09   0.178066561E-08   0.101495246E-08   0.151909221E-09
   0.804708356E-09   0.109653375E-08   0.403723693E-09  -0.253816690E-09
   0.337055051E-08   0.333977068E-08  -0.689170720E-08   0.435213088E-09
   0.968530500E-08   0.992900251E-08  -0.241249225E-07   0.275631895E-08
   0.182416304E-07   0.171339050E-07  -0.476542787E-07   0.595964922E-08
   0.262221445E-07   0.242126212E-07  -0.688187143E-07   0.882601725E-08
   0.463099603E-07   0.419136121E-07  -0.123466549E-06   0.174933046E-07
   0.801650089E-07   0.735930357E-07  -0.214298083E-06   0.304899999E-07
   0.101854269E-06   0.932815638E-07  -0.270208460E-06   0.385943508E-07
   0.128034458E-06   0.115748684E-06  -0.334315843E-06   0.486385900E-07
   0.156635309E-06   0.139527970E-06  -0.398705879E-06   0.604749673E-07
   0.175867484E-06   0.157741411E-06  -0.431966384E-06   0.650097007E-07
   0.157446436E-06   0.139870025E-06  -0.335723456E-06   0.513046317E-07
   0.160713924E-06   0.140604428E-06  -0.252482465E-06   0.414534043E-07
   0.205791054E-06   0.172335845E-06  -0.165024858E-06   0.295223579E-07
   0.421253219E-06   0.338336235E-06  -0.294913292E-06   0.421638902E-07
   0.100977229E-05   0.791135164E-06  -0.941313033E-06   0.111772380E-06
   0.243857107E-05   0.189429420E-05  -0.286265026E-05   0.320668477E-06
   0.530675243E-05   0.408616597E-05  -0.689244007E-05   0.748229525E-06
   0.103669627E-04   0.793518029E-05  -0.139550339E-04   0.146075388E-05
   0.193809246E-04   0.146907396E-04  -0.264124828E-04   0.267958126E-05
   0.336440935E-04   0.252582704E-04  -0.452288295E-04   0.440837903E-05
   0.560888911E-04   0.417561423E-04  -0.736540169E-04   0.690442721E-05
   0.889490984E-04   0.656975972E-04  -0.112601585E-03   0.100640118E-04
   0.136666975E-03   0.100136152E-03  -0.165568315E-03   0.141141390E-04
   0.202958952E-03   0.147638275E-03  -0.233531347E-03   0.189306429E-04
   0.292868441E-03   0.211840612E-03  -0.318469014E-03   0.243550949E-04
   0.409812463E-03   0.294826343E-03  -0.418190059E-03   0.301663204E-04
   0.560918998E-03   0.401831232E-03  -0.535889994E-03   0.363430117E-04
   0.747869024E-03   0.534063496E-03  -0.666827080E-03   0.423458296E-04
   0.975559989E-03   0.695273746E-03  -0.812382263E-03   0.481906682E-04
   0.124801137E-02   0.888501003E-03  -0.975297589E-03   0.542125563E-04
   0.158002961E-02   0.112487434E-02  -0.117500569E-02   0.614139717E-04
   0.201810757E-02   0.143835705E-02  -0.146635168E-02   0.725164937E-04
   0.270957872E-02   0.193533115E-02  -0.199313508E-02   0.924761625E-04
   0.408245996E-02   0.292419060E-02  -0.309142913E-02   0.130746237E-03
   0.737009011E-02   0.529447244E-02  -0.553518301E-02   0.204142794E-03
   0.161462631E-01   0.116292145E-01  -0.110500576E-01   0.337432604E-03
   0.408516414E-01   0.294926818E-01  -0.232206937E-01   0.557992200E-03
   0.111697838E+00   0.808142051E-01  -0.481066629E-01   0.851438032E-03
   0.303601146E+00   0.220060468E+00  -0.872281939E-01   0.101417874E-02
   0.692579687E+00   0.502633870E+00  -0.993818194E-01   0.572345860E-03
   0.974966228E+00   0.707887173E+00  -0.360738682E-06   0.000000000E+00
