   0.535810227E-02   0.719444677E-01   0.000000000E+00   0.000000000E+00
   0.479646865E-02   0.644153282E-01   0.667334069E-02   0.360966769E-04
   0.352426013E-02   0.473894589E-01   0.958373770E-02   0.103264523E-03
   0.225833454E-02   0.304425899E-01   0.886936672E-02   0.142268342E-03
   0.135167339E-02   0.182847176E-01   0.672132336E-02   0.142436329E-03
   0.802138296E-03   0.108822333E-01   0.468045846E-02   0.123718259E-03
   0.492930005E-03   0.666823937E-02   0.321172434E-02   0.101548627E-03
   0.321356900E-03   0.429331278E-02   0.226468057E-02   0.843263479E-04
   0.222487404E-03   0.290078274E-02   0.166090892E-02   0.716529757E-04
   0.161494128E-03   0.203433190E-02   0.125963835E-02   0.619475031E-04
   0.120614844E-03   0.145827979E-02   0.973289425E-03   0.539627545E-04
   0.910672024E-04   0.105420419E-02   0.754475244E-03   0.464460027E-04
   0.687131542E-04   0.761593867E-03   0.581077999E-03   0.389749839E-04
   0.512476581E-04   0.544696348E-03   0.440032658E-03   0.321373736E-04
   0.376089265E-04   0.384587329E-03   0.326778652E-03   0.255792547E-04
   0.268548465E-04   0.265116221E-03   0.235117026E-03   0.196969522E-04
   0.186079815E-04   0.178114380E-03   0.163707853E-03   0.145500971E-04
   0.125291117E-04   0.116517534E-03   0.110452689E-03   0.103811453E-04
   0.797464781E-05   0.724993297E-04   0.701888785E-04   0.694176561E-05
   0.486644149E-05   0.434110916E-04   0.426598708E-04   0.439405176E-05
   0.276791502E-05   0.242615661E-04   0.240127538E-04   0.258643695E-05
   0.146020443E-05   0.126411778E-04   0.124657636E-04   0.139992540E-05
   0.697928499E-06   0.603207491E-05   0.580917913E-05   0.679708251E-06
   0.285686411E-06   0.247882917E-05   0.225317081E-05   0.275393262E-06
   0.913823399E-07   0.848009790E-06   0.638615575E-06   0.827619573E-07
   0.311310799E-07   0.327979393E-06   0.192387049E-06   0.260998707E-07
   0.171260179E-07   0.216109456E-06   0.136593926E-06   0.179707875E-07
   0.271867133E-07   0.288882518E-06   0.265295739E-06   0.347458737E-07
   0.367633746E-07   0.354270838E-06   0.366129797E-06   0.484935931E-07
   0.390944059E-07   0.359197344E-06   0.388356426E-06   0.529556630E-07
   0.361597401E-07   0.327727122E-06   0.363529352E-06   0.539152545E-07
   0.295077260E-07   0.264663868E-06   0.296067356E-06   0.449824746E-07
   0.238971634E-07   0.207570096E-06   0.233991855E-06   0.341751765E-07
   0.167495102E-07   0.143582696E-06   0.163297614E-06   0.241731488E-07
   0.106663487E-07   0.910250222E-07   0.101153766E-06   0.149655879E-07
   0.540251044E-08   0.430347562E-07   0.468448249E-07   0.648270904E-08
   0.222605401E-08   0.175867552E-07   0.198632879E-07   0.270096479E-08
   0.160249203E-08   0.996782745E-08   0.993386085E-08   0.114506826E-08
   0.730918437E-09   0.197384775E-08   0.112681009E-08  -0.677290585E-10
   0.527096367E-09   0.465229716E-09  -0.271492662E-09  -0.911687323E-10
   0.340787287E-09   0.403277051E-09  -0.103727238E-08   0.221354046E-09
   0.122703636E-08   0.219390817E-08  -0.250646170E-08   0.114284671E-08
   0.118869059E-08   0.408940304E-08   0.120080168E-08   0.157669022E-08
   0.122954347E-08   0.420293667E-08   0.913207704E-10   0.187546156E-08
   0.131365563E-08   0.376713594E-08  -0.281871926E-08   0.213092810E-08
   0.423097024E-08   0.632599884E-08  -0.120062156E-07   0.363655506E-08
   0.216630203E-08   0.539044764E-08  -0.368521857E-08   0.283640000E-08
   0.198864791E-08   0.598038641E-08  -0.465006311E-09   0.265585798E-08
   0.162691538E-08   0.337379258E-08  -0.254915622E-08   0.167067937E-08
   0.787634846E-09   0.162461655E-08  -0.782105491E-09   0.706235570E-09
   0.109773879E-08   0.138578204E-08  -0.262711786E-08   0.668054556E-09
   0.112804222E-08   0.282587598E-08  -0.172968828E-08   0.516119036E-09
   0.147922041E-08   0.229852515E-08  -0.245625387E-08   0.191178129E-09
   0.460786609E-08   0.459735583E-08  -0.152942192E-07   0.181895854E-08
   0.169593903E-07   0.183730489E-07  -0.596973351E-07   0.844455972E-08
   0.355149794E-07   0.398487998E-07  -0.126880693E-06   0.187445597E-07
   0.670840308E-07   0.715343162E-07  -0.234496994E-06   0.356483767E-07
   0.910881397E-07   0.972980700E-07  -0.315939388E-06   0.466450025E-07
   0.154410131E-06   0.161620662E-06  -0.525517407E-06   0.762401626E-07
   0.191656355E-06   0.199151145E-06  -0.642297266E-06   0.926121686E-07
   0.234237987E-06   0.239374259E-06  -0.765557559E-06   0.107822856E-06
   0.242995469E-06   0.245402703E-06  -0.769337589E-06   0.109089981E-06
   0.234251047E-06   0.234351418E-06  -0.705160062E-06   0.991868490E-07
   0.181026820E-06   0.177629829E-06  -0.480231279E-06   0.665249118E-07
   0.139418148E-06   0.130416808E-06  -0.265217665E-06   0.379165819E-07
   0.192028253E-06   0.166221469E-06  -0.279652767E-06   0.393640711E-07
   0.651716562E-06   0.559093166E-06  -0.141321050E-05   0.174188983E-06
   0.179455060E-05   0.154260806E-05  -0.428768226E-05   0.498638940E-06
   0.426774113E-05   0.361665388E-05  -0.104006940E-04   0.116449132E-05
   0.930470833E-05   0.781357994E-05  -0.227023993E-04   0.242937790E-05
   0.177537368E-04   0.147181954E-04  -0.423766469E-04   0.435442371E-05
   0.312169868E-04   0.255425693E-04  -0.721254328E-04   0.708250491E-05
   0.520661197E-04   0.420616379E-04  -0.115688046E-03   0.108691029E-04
   0.819703346E-04   0.655451440E-04  -0.173881985E-03   0.154724657E-04
   0.124207407E-03   0.983088030E-04  -0.249732082E-03   0.211247843E-04
   0.182915508E-03   0.143724188E-03  -0.346928282E-03   0.276746632E-04
   0.260680448E-03   0.203838703E-03  -0.462749013E-03   0.347291752E-04
   0.364626379E-03   0.284447946E-03  -0.602475542E-03   0.425029248E-04
   0.501850795E-03   0.391678506E-03  -0.767219637E-03   0.506616816E-04
   0.683139078E-03   0.534783816E-03  -0.960586069E-03   0.592552460E-04
   0.928676862E-03   0.730624481E-03  -0.119585369E-02   0.686167841E-04
   0.127448235E-02   0.100862747E-02  -0.149868184E-02   0.798493784E-04
   0.179142191E-02   0.142573472E-02  -0.192096597E-02   0.933313131E-04
   0.261691934E-02   0.209085667E-02  -0.255394890E-02   0.111917885E-03
   0.402340852E-02   0.321967970E-02  -0.354321511E-02   0.134911330E-03
   0.649856357E-02   0.519957067E-02  -0.505096186E-02   0.161105228E-03
   0.108204102E-01   0.865118951E-02  -0.710646017E-02   0.180197690E-03
   0.178561192E-01   0.142734107E-01  -0.920495018E-02   0.173439679E-03
   0.275863707E-01   0.220591594E-01  -0.979873165E-02   0.121647950E-03
   0.372897424E-01   0.298364833E-01  -0.675474480E-02   0.416243711E-04
   0.415651910E-01   0.332656614E-01  -0.188422611E-07   0.000000000E+00
