   0.939503570E-05   0.616255275E-03   0.313526462E-11   0.000000000E+00
   0.959104273E-05   0.612733769E-03   0.167187991E-04  -0.459412881E-07
   0.101557926E-04   0.601984386E-03   0.328385540E-04  -0.179725831E-06
   0.110376523E-04   0.585486705E-03   0.478842994E-04  -0.393858954E-06
   0.122132460E-04   0.562249450E-03   0.612711374E-04  -0.668387372E-06
   0.136129511E-04   0.535262865E-03   0.728346859E-04  -0.995062010E-06
   0.151652157E-04   0.504111522E-03   0.821928188E-04  -0.133592300E-05
   0.167741582E-04   0.470014173E-03   0.892520911E-04  -0.169948703E-05
   0.183929969E-04   0.433898065E-03   0.940328828E-04  -0.203686841E-05
   0.199512342E-04   0.397171272E-03   0.966621665E-04  -0.236377423E-05
   0.214216416E-04   0.360769220E-03   0.973426213E-04  -0.262459071E-05
   0.227095879E-04   0.324596127E-03   0.961233454E-04  -0.289046875E-05
   0.238255143E-04   0.288854411E-03   0.932368712E-04  -0.306818697E-05
   0.247479020E-04   0.254611863E-03   0.890222436E-04  -0.322364031E-05
   0.255246941E-04   0.223143768E-03   0.839796121E-04  -0.332666764E-05
   0.261119840E-04   0.193417174E-03   0.780568444E-04  -0.339332269E-05
   0.265470553E-04   0.166436323E-03   0.716889481E-04  -0.342457884E-05
   0.268474778E-04   0.141368946E-03   0.648551359E-04  -0.345796411E-05
   0.270496967E-04   0.119320066E-03   0.581286986E-04  -0.341084865E-05
   0.271671925E-04   0.997955722E-04   0.514164094E-04  -0.336168932E-05
   0.272110137E-04   0.824099261E-04   0.448202518E-04  -0.329787531E-05
   0.272249035E-04   0.678275246E-04   0.386602405E-04  -0.319654828E-05
   0.272330490E-04   0.549634351E-04   0.327712150E-04  -0.310361020E-05
   0.272436373E-04   0.450072184E-04   0.276130922E-04  -0.296090593E-05
   0.272245252E-04   0.361385937E-04   0.227187811E-04  -0.281161670E-05
   0.272716497E-04   0.294273050E-04   0.183913289E-04  -0.265093468E-05
   0.273058904E-04   0.240991831E-04   0.146468210E-04  -0.246842274E-05
   0.274258364E-04   0.204774315E-04   0.113467750E-04  -0.227285886E-05
   0.275321418E-04   0.175961868E-04   0.848818581E-05  -0.207496373E-05
   0.276505725E-04   0.158080074E-04   0.617525393E-05  -0.185652584E-05
   0.278524731E-04   0.148827912E-04   0.418359969E-05  -0.163546838E-05
   0.279956239E-04   0.143251682E-04   0.257313695E-05  -0.142160980E-05
   0.283122154E-04   0.145902695E-04   0.124460928E-05  -0.119946026E-05
   0.285138467E-04   0.149967864E-04   0.234478961E-06  -0.987197041E-06
   0.287906223E-04   0.157092909E-04  -0.577074502E-06  -0.781380606E-06
   0.289718701E-04   0.164488774E-04  -0.113798853E-05  -0.586025919E-06
   0.292799432E-04   0.174906436E-04  -0.158628950E-05  -0.403323838E-06
   0.295368809E-04   0.183776665E-04  -0.188893500E-05  -0.237024693E-06
   0.296936596E-04   0.190743940E-04  -0.206248797E-05  -0.926247452E-07
   0.299112307E-04   0.198582293E-04  -0.219316757E-05   0.398526367E-07
   0.300495412E-04   0.205175984E-04  -0.217656111E-05   0.146882698E-06
   0.301780528E-04   0.211067745E-04  -0.212006671E-05   0.237678648E-06
   0.301857872E-04   0.213422973E-04  -0.201223565E-05   0.298058723E-06
   0.303112574E-04   0.218678488E-04  -0.185714885E-05   0.354149279E-06
   0.301445052E-04   0.217506476E-04  -0.163513334E-05   0.367316630E-06
   0.299796011E-04   0.217614852E-04  -0.134510560E-05   0.369851108E-06
   0.297235729E-04   0.216060853E-04  -0.102079832E-05   0.354051934E-06
   0.293232551E-04   0.212581454E-04  -0.628323676E-06   0.310067946E-06
   0.287640833E-04   0.206549139E-04  -0.186950246E-06   0.242297403E-06
   0.281314096E-04   0.200989016E-04   0.313621939E-06   0.165851276E-06
   0.274439062E-04   0.194247041E-04   0.827691849E-06   0.700008513E-07
   0.265396029E-04   0.187081077E-04   0.146152252E-05  -0.431444782E-07
   0.255729501E-04   0.178695700E-04   0.207269545E-05  -0.162365524E-06
   0.244454131E-04   0.171135780E-04   0.278586981E-05  -0.296270201E-06
   0.232155253E-04   0.161302505E-04   0.345505555E-05  -0.436581388E-06
   0.219243848E-04   0.153026976E-04   0.413019598E-05  -0.573009913E-06
   0.206503064E-04   0.145648710E-04   0.477522190E-05  -0.709131939E-06
   0.193326650E-04   0.139570166E-04   0.537576534E-05  -0.841766735E-06
   0.180861025E-04   0.132851155E-04   0.582821212E-05  -0.957158704E-06
   0.169342384E-04   0.129385671E-04   0.618536023E-05  -0.106318691E-05
   0.160232066E-04   0.129273058E-04   0.632161982E-05  -0.114015779E-05
   0.153076380E-04   0.132801670E-04   0.632201227E-05  -0.120382470E-05
   0.150109308E-04   0.141206747E-04   0.598464248E-05  -0.123129814E-05
   0.150968854E-04   0.154671088E-04   0.543530723E-05  -0.124163978E-05
   0.158130533E-04   0.173022090E-04   0.448891251E-05  -0.120701964E-05
   0.170799922E-04   0.199613096E-04   0.325045835E-05  -0.115431294E-05
   0.192058742E-04   0.234304298E-04   0.156946726E-05  -0.106265770E-05
   0.220776656E-04   0.276641604E-04  -0.412123853E-06  -0.943630539E-06
   0.259848039E-04   0.330360235E-04  -0.284962584E-05  -0.799699023E-06
   0.310872492E-04   0.395986426E-04  -0.569311487E-05  -0.649641549E-06
   0.369905174E-04   0.468723010E-04  -0.867673862E-05  -0.461554208E-06
   0.444212565E-04   0.557627245E-04  -0.121358989E-04  -0.290095642E-06
   0.527014236E-04   0.654357427E-04  -0.155735215E-04  -0.104176983E-06
   0.623900196E-04   0.766636222E-04  -0.192081588E-04   0.269035159E-07
   0.735088324E-04   0.891528907E-04  -0.229401703E-04   0.166302968E-06
   0.856982806E-04   0.102626327E-03  -0.264783357E-04   0.319581517E-06
   0.993840295E-04   0.117543626E-03  -0.299519888E-04   0.431642491E-06
   0.114013623E-03   0.133360707E-03  -0.330221155E-04   0.522271932E-06
   0.129629072E-03   0.150128297E-03  -0.356046658E-04   0.561959553E-06
   0.145927508E-03   0.167492559E-03  -0.375217423E-04   0.589942829E-06
   0.162805532E-03   0.185352023E-03  -0.387315413E-04   0.571601618E-06
   0.180030096E-03   0.203444390E-03  -0.390968416E-04   0.523281756E-06
   0.197721325E-03   0.221861672E-03  -0.386100874E-04   0.490900163E-06
   0.214512242E-03   0.239327928E-03  -0.369748559E-04   0.414104278E-06
   0.230722915E-03   0.255943422E-03  -0.343648062E-04   0.324582004E-06
   0.245712610E-03   0.271237717E-03  -0.306986149E-04   0.243369584E-06
   0.258489366E-03   0.284404116E-03  -0.259275130E-04   0.163532007E-06
   0.269291864E-03   0.295375765E-03  -0.203236577E-04   0.943767446E-07
   0.277502171E-03   0.303727109E-03  -0.140032462E-04   0.450044553E-07
   0.282458583E-03   0.308777177E-03  -0.713387635E-05   0.112784893E-07
   0.284307753E-03   0.310632080E-03  -0.103692515E-10   0.000000000E+00
