   0.159061795E-07   0.160801949E-05   0.000000000E+00   0.000000000E+00
   0.140473935E-07   0.158792170E-05   0.493514918E-08   0.640437464E-12
   0.169838064E-07   0.156452961E-05   0.981105686E-08   0.309544773E-11
   0.150265951E-07   0.157482407E-05   0.147101344E-07   0.629763472E-11
   0.161666751E-07   0.155040584E-05   0.193828225E-07   0.107273270E-10
   0.141003857E-07   0.149933078E-05   0.233254678E-07   0.133958166E-10
   0.136342084E-07   0.149110690E-05   0.276620824E-07   0.205473676E-10
   0.143268748E-07   0.143903401E-05   0.312265627E-07   0.245501015E-10
   0.154225113E-07   0.141194892E-05   0.350379885E-07   0.313280651E-10
   0.131597462E-07   0.136592837E-05   0.378081175E-07   0.284460962E-10
   0.133301468E-07   0.133683557E-05   0.409559284E-07   0.344768832E-10
   0.127002471E-07   0.127828446E-05   0.429000231E-07   0.321819828E-10
   0.115204450E-07   0.123029645E-05   0.446323902E-07   0.304741475E-10
   0.125490969E-07   0.116357842E-05   0.459556802E-07   0.174519201E-10
   0.122995267E-07   0.110792905E-05   0.469050647E-07   0.960656207E-11
   0.115006795E-07   0.104829144E-05   0.471753481E-07  -0.154772386E-11
   0.121455379E-07   0.102424974E-05   0.488859868E-07  -0.133424467E-11
   0.128272672E-07   0.946393300E-06   0.481644058E-07  -0.259377173E-10
   0.117284147E-07   0.894512823E-06   0.476023629E-07  -0.384262483E-10
   0.121924977E-07   0.829902888E-06   0.465865035E-07  -0.566787138E-10
   0.109700773E-07   0.785997315E-06   0.456793749E-07  -0.670858230E-10
   0.126101707E-07   0.704140859E-06   0.435287291E-07  -0.106125823E-09
   0.109391785E-07   0.649537185E-06   0.413989731E-07  -0.142283851E-09
   0.109495515E-07   0.605219611E-06   0.399734006E-07  -0.141429937E-09
   0.112753300E-07   0.553427526E-06   0.380020566E-07  -0.162190789E-09
   0.120591537E-07   0.496703137E-06   0.356076342E-07  -0.179242426E-09
   0.113882512E-07   0.450775076E-06   0.332469732E-07  -0.202991984E-09
   0.125723911E-07   0.403498575E-06   0.310303321E-07  -0.203872585E-09
   0.125438078E-07   0.373858882E-06   0.295014804E-07  -0.206447678E-09
   0.127624213E-07   0.326982473E-06   0.267121809E-07  -0.213679283E-09
   0.132040050E-07   0.295848110E-06   0.248827003E-07  -0.200216760E-09
   0.130061002E-07   0.251378680E-06   0.218348752E-07  -0.223872920E-09
   0.123794113E-07   0.221246395E-06   0.195979961E-07  -0.209896697E-09
   0.137590419E-07   0.195468942E-06   0.179709545E-07  -0.184912974E-09
   0.136420679E-07   0.165195033E-06   0.155905280E-07  -0.179696077E-09
   0.132080640E-07   0.147488748E-06   0.141033132E-07  -0.157027252E-09
   0.158217457E-07   0.119897408E-06   0.120764767E-07  -0.156580290E-09
   0.153180633E-07   0.102736465E-06   0.104953761E-07  -0.127907365E-09
   0.160894764E-07   0.913537974E-07   0.948069179E-08  -0.103660802E-09
   0.168177969E-07   0.749602194E-07   0.793529953E-08  -0.910455253E-10
   0.186454532E-07   0.560863036E-07   0.598061689E-08  -0.794476013E-10
   0.193374969E-07   0.516409813E-07   0.548100365E-08  -0.586167018E-10
   0.240085534E-07   0.364506292E-07   0.334766992E-08  -0.487432941E-10
   0.240308147E-07   0.301552312E-07   0.252337551E-08  -0.397771711E-10
   0.256198209E-07   0.271075269E-07   0.191781901E-08  -0.302798481E-10
   0.285523445E-07   0.226727241E-07   0.804320055E-09  -0.256875458E-10
   0.321206706E-07   0.210388631E-07  -0.777578765E-10  -0.250988102E-10
   0.363307535E-07   0.184831883E-07  -0.165734015E-08  -0.209051127E-10
   0.431248068E-07   0.220643290E-07  -0.234813724E-08  -0.267649479E-10
   0.515886498E-07   0.261747175E-07  -0.358384034E-08  -0.285836910E-10
   0.586345017E-07   0.302418002E-07  -0.474069761E-08  -0.318050586E-10
   0.608449042E-07   0.328138441E-07  -0.540586065E-08  -0.493570462E-10
   0.674988954E-07   0.384240941E-07  -0.618091800E-08  -0.644823778E-10
   0.795756065E-07   0.472922501E-07  -0.750114282E-08  -0.808018583E-10
   0.880301840E-07   0.564582088E-07  -0.921578458E-08  -0.785836743E-10
   0.102587293E-06   0.678904115E-07  -0.107389742E-07  -0.912890250E-10
   0.115481562E-06   0.797151856E-07  -0.124678765E-07  -0.887939861E-10
   0.129629385E-06   0.929550694E-07  -0.141907917E-07  -0.868026206E-10
   0.144045742E-06   0.107676719E-06  -0.160531375E-07  -0.864723987E-10
   0.156220835E-06   0.119255844E-06  -0.170811862E-07  -0.106105812E-09
   0.183368854E-06   0.142704181E-06  -0.204499013E-07  -0.594806288E-10
   0.193314605E-06   0.155198506E-06  -0.210841584E-07  -0.101622745E-09
   0.229954296E-06   0.185386838E-06  -0.253577515E-07  -0.259910860E-10
   0.247650945E-06   0.202321459E-06  -0.266748934E-07  -0.387864914E-10
   0.279648845E-06   0.229953685E-06  -0.298828873E-07   0.928634340E-11
   0.295490366E-06   0.249193164E-06  -0.310356469E-07  -0.280191397E-12
   0.320703577E-06   0.272910142E-06  -0.329649659E-07   0.156773743E-10
   0.353006470E-06   0.294123140E-06  -0.347587097E-07   0.468453297E-10
   0.375558045E-06   0.321207068E-06  -0.363595696E-07   0.464850866E-10
   0.412737933E-06   0.349584667E-06  -0.385156369E-07   0.834169747E-10
   0.450261751E-06   0.379736548E-06  -0.404585521E-07   0.112450139E-09
   0.482239159E-06   0.410676279E-06  -0.421043076E-07   0.138107664E-09
   0.507114635E-06   0.431196668E-06  -0.422321911E-07   0.141603396E-09
   0.541459201E-06   0.464261348E-06  -0.433802292E-07   0.153731666E-09
   0.574430032E-06   0.491504807E-06  -0.435626220E-07   0.152397428E-09
   0.626750079E-06   0.533742934E-06  -0.452813751E-07   0.191811012E-09
   0.636124923E-06   0.549900335E-06  -0.434313101E-07   0.158294794E-09
   0.672913359E-06   0.576731850E-06  -0.429026130E-07   0.167047431E-09
   0.700449107E-06   0.598624297E-06  -0.413539709E-07   0.153624932E-09
   0.734307207E-06   0.631798457E-06  -0.402187545E-07   0.140122372E-09
   0.760261116E-06   0.652602068E-06  -0.381094267E-07   0.129928748E-09
   0.799650593E-06   0.685801865E-06  -0.364100110E-07   0.121309532E-09
   0.815892690E-06   0.695386575E-06  -0.329270406E-07   0.988675322E-10
   0.841700455E-06   0.723683058E-06  -0.301863636E-07   0.832034996E-10
   0.859254442E-06   0.736191339E-06  -0.263681361E-07   0.622825402E-10
   0.896398205E-06   0.766330857E-06  -0.230555788E-07   0.482462889E-10
   0.886459588E-06   0.760877072E-06  -0.182695548E-07   0.294868088E-10
   0.892201456E-06   0.757832822E-06  -0.136757743E-07   0.168381680E-10
   0.909802395E-06   0.781312679E-06  -0.942146094E-08   0.784535891E-11
   0.917816806E-06   0.785980433E-06  -0.474068962E-08   0.184125762E-11
   0.913029055E-06   0.778840558E-06   0.906553741E-15   0.000000000E+00
