   0.107908199E-03   0.457504485E-02  -0.675937442E-12   0.000000000E+00
   0.104774554E-03   0.434851414E-02   0.588384166E-03   0.308492713E-05
   0.964461869E-04   0.375413988E-02   0.100521022E-02   0.105282315E-04
   0.856017359E-04   0.300095999E-02   0.118907774E-02   0.186196885E-04
   0.745032667E-04   0.226900587E-02   0.118373998E-02   0.247562530E-04
   0.643932872E-04   0.165689539E-02   0.107082759E-02   0.280163531E-04
   0.553812024E-04   0.118796888E-02   0.915210112E-03   0.286349950E-04
   0.470968807E-04   0.841079338E-03   0.751261017E-03   0.274465219E-04
   0.392613983E-04   0.590095529E-03   0.596907455E-03   0.248161050E-04
   0.318376733E-04   0.409542088E-03   0.459593954E-03   0.214584998E-04
   0.248867291E-04   0.279773987E-03   0.341638282E-03   0.177218208E-04
   0.186185734E-04   0.186541816E-03   0.243760369E-03   0.138133946E-04
   0.133266185E-04   0.120839293E-03   0.166882426E-03   0.102767453E-04
   0.895415633E-05   0.745018551E-04   0.107321524E-03   0.715001579E-05
   0.561847901E-05   0.432524139E-04   0.642977830E-04   0.457694068E-05
   0.326080453E-05   0.232457569E-04   0.353705400E-04   0.268056283E-05
   0.174659692E-05   0.114239228E-04   0.177177772E-04   0.142806118E-05
   0.807829167E-06   0.476570222E-05   0.735300955E-05   0.625747532E-06
   0.314684087E-06   0.162015897E-05   0.234503545E-05   0.211253507E-06
   0.840344327E-07   0.408906459E-06   0.314953297E-06   0.313968869E-07
   0.192810070E-07   0.219078487E-06   0.880851569E-08   0.125164312E-08
   0.151141784E-07   0.350148099E-06   0.230984995E-06   0.239540547E-07
   0.284615744E-07   0.489533647E-06   0.507110485E-06   0.542652145E-07
   0.387215913E-07   0.544945294E-06   0.655308384E-06   0.713383628E-07
   0.360883199E-07   0.459883466E-06   0.583844383E-06   0.670118467E-07
   0.268558971E-07   0.322216522E-06   0.425607794E-06   0.509980538E-07
   0.208218474E-07   0.237217137E-06   0.322847967E-06   0.393972996E-07
   0.127583508E-07   0.141206002E-06   0.197084233E-06   0.247933709E-07
   0.607364870E-08   0.676008511E-07   0.937303355E-07   0.124145876E-07
   0.245113330E-08   0.270647202E-07   0.372941109E-07   0.500600938E-08
   0.476389539E-09   0.609476380E-08   0.788702437E-08   0.130869937E-08
   0.542602213E-10   0.887808771E-09   0.595948513E-09   0.354367119E-09
   0.741393613E-10   0.315009158E-09  -0.213672934E-10   0.105295959E-09
   0.201561309E-09   0.994380134E-09   0.151829604E-08   0.868981762E-10
   0.382749527E-09   0.276953349E-08   0.447495418E-08   0.432480357E-09
   0.515996468E-09   0.390251120E-08   0.650759846E-08   0.649346521E-09
   0.321059263E-09   0.148907520E-08   0.165788394E-08   0.153741520E-09
   0.736092021E-09   0.458798510E-08   0.517383647E-08   0.806791911E-09
   0.666706301E-09   0.322613114E-08   0.145701706E-08   0.702903402E-09
   0.173789247E-09   0.671171785E-09   0.915592602E-09   0.190591362E-10
   0.518246612E-09   0.337637629E-08   0.404780076E-08   0.617897622E-09
   0.573855477E-10   0.159261090E-09   0.157730398E-09  -0.561426123E-11
   0.712322840E-10   0.276043216E-09   0.468370343E-09   0.112153412E-10
   0.110971440E-09   0.228412428E-09  -0.674298506E-09   0.152749632E-09
   0.465788103E-10   0.177697843E-09  -0.288385399E-09   0.952650736E-10
   0.257221206E-10   0.289009816E-09   0.386228327E-09   0.838089251E-10
   0.875878797E-11   0.249696739E-10  -0.519751811E-10   0.161343230E-10
   0.959283260E-11   0.522215188E-10  -0.601503014E-10   0.291513931E-10
   0.161581182E-10   0.796504251E-10   0.279095115E-10   0.222004810E-10
   0.641871611E-09   0.965062474E-09  -0.405295486E-08   0.543989520E-09
   0.265312244E-09   0.283942175E-09  -0.132787870E-08   0.972726483E-10
   0.130476663E-08   0.246658560E-08  -0.741950013E-08   0.113455645E-08
   0.111932996E-08   0.145714651E-08  -0.689555169E-08   0.857186766E-09
   0.364192121E-08   0.563870817E-08  -0.230791759E-07   0.316079385E-08
   0.459839278E-08   0.649594334E-08  -0.294212832E-07   0.395662747E-08
   0.207346895E-08   0.280115486E-08  -0.127724382E-07   0.158578406E-08
   0.234819186E-08   0.321986371E-08  -0.147213104E-07   0.190707561E-08
   0.219527085E-08   0.321056493E-08  -0.139231329E-07   0.185957827E-08
   0.320705879E-09   0.542339562E-09  -0.205243511E-08   0.298526814E-09
   0.489496721E-09   0.942301792E-09  -0.344057627E-08   0.639769737E-09
   0.723942684E-08   0.961709912E-08  -0.423715996E-07   0.564644642E-08
   0.209844924E-07   0.272621214E-07  -0.120935070E-06   0.158298530E-07
   0.365355390E-07   0.462487328E-07  -0.205400667E-06   0.260464539E-07
   0.871822081E-07   0.108513888E-06  -0.479566381E-06   0.590635238E-07
   0.160456608E-06   0.193398975E-06  -0.853130302E-06   0.100201305E-06
   0.245866602E-06   0.288964088E-06  -0.125973179E-05   0.144105385E-06
   0.319175371E-06   0.363255339E-06  -0.155041971E-05   0.171279098E-06
   0.349321880E-06   0.383325357E-06  -0.156374438E-05   0.167606089E-06
   0.314795813E-06   0.328916997E-06  -0.120719972E-05   0.124776662E-06
   0.208570015E-06   0.195201110E-06  -0.502044202E-06   0.531292379E-07
   0.164130554E-06   0.122490931E-06  -0.998004168E-07   0.216592557E-07
   0.406010457E-06   0.316352072E-06  -0.111425425E-05   0.131817330E-06
   0.134821494E-05   0.113566421E-05  -0.518464003E-05   0.513402085E-06
   0.392366519E-05   0.337953338E-05  -0.162406923E-04   0.145860497E-05
   0.917087345E-05   0.782655661E-05  -0.375526761E-04   0.313326063E-05
   0.183290231E-04   0.153683286E-04  -0.722343757E-04   0.561402794E-05
   0.333143726E-04   0.274123777E-04  -0.124970451E-03   0.902818374E-05
   0.557576932E-04   0.450587904E-04  -0.196862064E-03   0.131342013E-04
   0.878216379E-04   0.698320800E-04  -0.289015908E-03   0.178182036E-04
   0.132471803E-03   0.104173472E-03  -0.402401696E-03   0.227191049E-04
   0.193044383E-03   0.150892098E-03  -0.534389343E-03   0.274370013E-04
   0.274667400E-03   0.214406537E-03  -0.683741178E-03   0.317224185E-04
   0.384649175E-03   0.301120832E-03  -0.847696851E-03   0.351850431E-04
   0.533712446E-03   0.420043711E-03  -0.102318090E-02   0.375064992E-04
   0.735889887E-03   0.582604669E-03  -0.120190775E-02   0.382345679E-04
   0.100738928E-02   0.801506976E-03  -0.136612903E-02   0.366945096E-04
   0.135712756E-02   0.108333735E-02  -0.147436187E-02   0.321929438E-04
   0.177513424E-02   0.141927344E-02  -0.145438791E-02   0.240096724E-04
   0.220342982E-02   0.176291610E-02  -0.121342146E-02   0.134640768E-04
   0.253967452E-02   0.203233119E-02  -0.704219390E-03   0.392192760E-05
   0.266901404E-02   0.213596760E-02  -0.235440334E-08   0.000000000E+00
