   0.427527169E-06   0.222068356E-04   0.139643656E-13   0.000000000E+00
   0.427934083E-06   0.221649716E-04   0.147795475E-06   0.248928961E-09
   0.425259941E-06   0.220353104E-04   0.293438120E-06   0.989809013E-09
   0.421117647E-06   0.217358374E-04   0.433427260E-06   0.219901297E-08
   0.409195053E-06   0.212836785E-04   0.565244477E-06   0.377528186E-08
   0.404887828E-06   0.207484281E-04   0.688270973E-06   0.570680170E-08
   0.384823522E-06   0.200133309E-04   0.794355685E-06   0.778008502E-08
   0.373692870E-06   0.192706375E-04   0.890274805E-06   0.100887956E-07
   0.355233510E-06   0.184869277E-04   0.972080102E-06   0.124093189E-07
   0.331486433E-06   0.175193290E-04   0.103301238E-05   0.144269094E-07
   0.305634472E-06   0.164992653E-04   0.107655137E-05   0.161795377E-07
   0.293084724E-06   0.155204616E-04   0.110944779E-05   0.181794082E-07
   0.268981637E-06   0.145357317E-04   0.112705970E-05   0.195134984E-07
   0.253000962E-06   0.134823022E-04   0.112972293E-05   0.204514130E-07
   0.228146206E-06   0.125214210E-04   0.112045109E-05   0.211530544E-07
   0.212092033E-06   0.114431496E-04   0.109357973E-05   0.212467199E-07
   0.193922958E-06   0.103595803E-04   0.105097854E-05   0.209138289E-07
   0.167814775E-06   0.945528700E-05   0.100862633E-05   0.200138874E-07
   0.147167924E-06   0.834749699E-05   0.939093468E-06   0.180760384E-07
   0.129279755E-06   0.758999340E-05   0.890227000E-06   0.170356014E-07
   0.124246569E-06   0.665920288E-05   0.823805692E-06   0.155099613E-07
   0.105040478E-06   0.584732516E-05   0.752073333E-06   0.128793305E-07
   0.936248341E-07   0.516211730E-05   0.687346812E-06   0.114454579E-07
   0.830513045E-07   0.446669628E-05   0.617022351E-06   0.907915609E-08
   0.724522167E-07   0.383645147E-05   0.545857347E-06   0.679365098E-08
   0.677893439E-07   0.326833765E-05   0.481698976E-06   0.503859621E-08
   0.622185112E-07   0.277762547E-05   0.420753480E-06   0.333406591E-08
   0.579052930E-07   0.233898299E-05   0.361724972E-06   0.163449287E-08
   0.547655858E-07   0.192922380E-05   0.304639769E-06   0.405036941E-10
   0.531037401E-07   0.154234874E-05   0.250620388E-06  -0.138319056E-08
   0.525067456E-07   0.126486441E-05   0.204866595E-06  -0.208314499E-08
   0.527473780E-07   0.102006493E-05   0.167363922E-06  -0.253680765E-08
   0.538010561E-07   0.814981092E-06   0.133510795E-06  -0.273442136E-08
   0.558075754E-07   0.633713000E-06   0.997410581E-07  -0.288232838E-08
   0.574319081E-07   0.484977249E-06   0.715083459E-07  -0.255753396E-08
   0.572103396E-07   0.338368494E-06   0.487069443E-07  -0.239608622E-08
   0.590812590E-07   0.263690680E-06   0.311916004E-07  -0.163858016E-08
   0.606744948E-07   0.198912517E-06   0.173644175E-07  -0.924827770E-09
   0.594391558E-07   0.143013168E-06   0.800985411E-08  -0.270123507E-09
   0.603754344E-07   0.965101847E-07  -0.304847791E-08   0.473940664E-09
   0.573323362E-07   0.701529927E-07  -0.568207037E-08   0.102993036E-08
   0.557661259E-07   0.404389020E-07  -0.121701857E-07   0.170029479E-08
   0.536268772E-07   0.316092503E-07  -0.144729064E-07   0.220124297E-08
   0.509661291E-07   0.242709710E-07  -0.162219038E-07   0.272469336E-08
   0.470591814E-07   0.174745214E-07  -0.158133577E-07   0.282073054E-08
   0.439447518E-07   0.202884962E-07  -0.154112776E-07   0.305909520E-08
   0.417492600E-07   0.219438441E-07  -0.140900163E-07   0.281435830E-08
   0.395393762E-07   0.320428164E-07  -0.129319444E-07   0.275497314E-08
   0.382099685E-07   0.377056928E-07  -0.109321228E-07   0.219976615E-08
   0.453297773E-07   0.460267486E-07  -0.122217783E-07   0.161400693E-08
   0.514736413E-07   0.654810748E-07  -0.129936195E-07   0.107601117E-08
   0.610979356E-07   0.835789677E-07  -0.147250061E-07   0.458969363E-09
   0.811983867E-07   0.107235145E-06  -0.197240624E-07  -0.203655662E-09
   0.114476343E-06   0.156360116E-06  -0.303229832E-07  -0.420542268E-09
   0.147076818E-06   0.190498653E-06  -0.389464283E-07  -0.102254027E-08
   0.203916983E-06   0.235793877E-06  -0.547324568E-07  -0.143204026E-08
   0.247586314E-06   0.283712211E-06  -0.666226967E-07  -0.172672043E-08
   0.350718636E-06   0.370493751E-06  -0.971920926E-07  -0.120756916E-08
   0.458304811E-06   0.457484305E-06  -0.126566434E-06  -0.787527876E-09
   0.573542422E-06   0.561345757E-06  -0.159214835E-06   0.780276260E-10
   0.720223056E-06   0.684020904E-06  -0.198026655E-06   0.105246323E-08
   0.871083614E-06   0.820549758E-06  -0.237435259E-06   0.204865369E-08
   0.107011533E-05   0.968791596E-06  -0.285309056E-06   0.376689613E-08
   0.132090327E-05   0.117520972E-05  -0.348726303E-06   0.633656017E-08
   0.157506611E-05   0.138951555E-05  -0.407927473E-06   0.824751201E-08
   0.192886000E-05   0.166577195E-05  -0.489252216E-06   0.118315615E-07
   0.224534278E-05   0.192035714E-05  -0.553356585E-06   0.139720866E-07
   0.259892772E-05   0.220993934E-05  -0.623085612E-06   0.163202465E-07
   0.304068317E-05   0.256575663E-05  -0.708662014E-06   0.195362819E-07
   0.345904687E-05   0.292247591E-05  -0.783656219E-06   0.215912106E-07
   0.398172961E-05   0.329947170E-05  -0.860534044E-06   0.248665266E-07
   0.442641704E-05   0.369187660E-05  -0.925813936E-06   0.255966466E-07
   0.498533336E-05   0.410886423E-05  -0.992426976E-06   0.279391106E-07
   0.563246385E-05   0.463425658E-05  -0.107327912E-05   0.296221234E-07
   0.621068921E-05   0.510431028E-05  -0.112581768E-05   0.299569116E-07
   0.675971069E-05   0.553006203E-05  -0.115506236E-05   0.297807627E-07
   0.736453831E-05   0.600972771E-05  -0.118378739E-05   0.292763662E-07
   0.810005167E-05   0.658703539E-05  -0.121694939E-05   0.287808284E-07
   0.866751907E-05   0.703673459E-05  -0.120954792E-05   0.269115397E-07
   0.927353722E-05   0.753609856E-05  -0.119693357E-05   0.245207676E-07
   0.994043603E-05   0.804171395E-05  -0.117052502E-05   0.226204691E-07
   0.104790179E-04   0.848001582E-05  -0.111751569E-05   0.195177172E-07
   0.109938337E-04   0.889648254E-05  -0.104763069E-05   0.163432414E-07
   0.115295188E-04   0.931751765E-05  -0.964930223E-06   0.133484983E-07
   0.119225597E-04   0.962185641E-05  -0.856798408E-06   0.102841407E-07
   0.123234668E-04   0.994242509E-05  -0.741640179E-06   0.748347961E-08
   0.126629939E-04   0.102169761E-04  -0.611369614E-06   0.494018515E-08
   0.129892023E-04   0.104697838E-04  -0.470718334E-06   0.287449664E-08
   0.131454817E-04   0.105891331E-04  -0.318012241E-06   0.130540034E-08
   0.132673968E-04   0.106858242E-04  -0.160509046E-06   0.328248678E-09
   0.132572059E-04   0.106877660E-04  -0.466102580E-12   0.000000000E+00
