   0.719921151E-02   0.887987092E-01   0.107535225E-07   0.000000000E+00
   0.652037002E-02   0.804757699E-01   0.797074474E-02   0.442107557E-04
   0.494021131E-02   0.610876195E-01   0.118288742E-01   0.130426692E-03
   0.329181505E-02   0.408610739E-01   0.114272302E-01   0.187991114E-03
   0.204595970E-02   0.255279727E-01   0.903852936E-02   0.196847759E-03
   0.125081476E-02   0.156803019E-01   0.652107829E-02   0.176427566E-03
   0.782569230E-03   0.981774926E-02   0.458433758E-02   0.148768653E-03
   0.514234882E-03   0.640035933E-02   0.327514904E-02   0.124078972E-03
   0.356559030E-03   0.435825856E-02   0.241650571E-02   0.106724605E-03
   0.259048160E-03   0.307646650E-02   0.184048433E-02   0.921911196E-04
   0.194204113E-03   0.222528330E-02   0.143151591E-02   0.809262929E-04
   0.147807004E-03   0.162832765E-02   0.112154265E-02   0.702612742E-04
   0.113003451E-03   0.119504391E-02   0.877195504E-03   0.604938796E-04
   0.856897095E-04   0.871257507E-03   0.676929601E-03   0.507140830E-04
   0.642359300E-04   0.628994894E-03   0.514379935E-03   0.414275200E-04
   0.472339125E-04   0.446918042E-03   0.382157945E-03   0.328111782E-04
   0.340101215E-04   0.311720331E-03   0.277183251E-03   0.252685459E-04
   0.236691958E-04   0.211145831E-03   0.193737185E-03   0.186849957E-04
   0.159383835E-04   0.138767587E-03   0.130629443E-03   0.132512077E-04
   0.103181055E-04   0.880363878E-04   0.844660317E-04   0.895721678E-05
   0.635288461E-05   0.531735350E-04   0.516863911E-04   0.573842181E-05
   0.364543234E-05   0.301319615E-04   0.293336416E-04   0.339983035E-05
   0.199033070E-05   0.162739580E-04   0.157527993E-04   0.189112916E-05
   0.970795440E-06   0.789619116E-05   0.744313729E-05   0.932376736E-06
   0.419713928E-06   0.345501098E-05   0.304311993E-05   0.396358786E-06
   0.146411324E-06   0.127804390E-05   0.931605086E-06   0.126698936E-06
   0.475833488E-07   0.493833113E-06   0.250114766E-06   0.365053978E-07
   0.263907509E-07   0.311508131E-06   0.169657994E-06   0.204768611E-07
   0.341491635E-07   0.361597671E-06   0.300781551E-06   0.419974455E-07
   0.431206324E-07   0.413343912E-06   0.403304114E-06   0.556399833E-07
   0.541353238E-07   0.485862529E-06   0.511989981E-06   0.721852018E-07
   0.549144694E-07   0.469512884E-06   0.512845361E-06   0.720825497E-07
   0.496239352E-07   0.413924198E-06   0.448958190E-06   0.620209022E-07
   0.413559462E-07   0.334888796E-06   0.373158315E-06   0.518467687E-07
   0.277278236E-07   0.215441887E-06   0.240735972E-06   0.319658469E-07
   0.204332409E-07   0.157564429E-06   0.174120885E-06   0.236598332E-07
   0.127644944E-07   0.930984427E-07   0.101390263E-06   0.130737039E-07
   0.938215372E-08   0.602535977E-07   0.639127151E-07   0.709415726E-08
   0.456902605E-08   0.261773572E-07   0.291027966E-07   0.242135623E-08
   0.408269329E-08   0.190108995E-07   0.124612818E-07   0.197405936E-08
   0.198868189E-08   0.304864445E-08  -0.195522554E-08  -0.179906742E-09
   0.351072260E-08   0.315381898E-08  -0.104474625E-07   0.104213049E-08
   0.231635022E-08   0.261232036E-08  -0.768747466E-08   0.144958090E-08
   0.342384321E-08   0.422120294E-08  -0.111817053E-07   0.247790743E-08
   0.178183257E-08   0.369396402E-08  -0.429153646E-08   0.215163198E-08
   0.250405940E-08   0.524005772E-08  -0.430524549E-08   0.276850431E-08
   0.137988609E-08   0.346977203E-08  -0.387621935E-08   0.213080487E-08
   0.261084154E-09   0.170575665E-08   0.469778605E-09   0.795142230E-09
   0.127139554E-08   0.245699394E-08  -0.164738483E-10   0.747965911E-09
   0.927085408E-09   0.176861770E-08   0.228659403E-08  -0.330767441E-09
   0.325502669E-08   0.543793544E-08  -0.245225218E-08  -0.221358751E-09
   0.575400527E-08   0.657683730E-08  -0.135519045E-07   0.596125982E-09
   0.184255455E-07   0.201871089E-07  -0.598119172E-07   0.711473058E-08
   0.270935576E-07   0.286280173E-07  -0.876958737E-07   0.104433919E-07
   0.612739512E-07   0.690026383E-07  -0.205776018E-06   0.274231766E-07
   0.113756521E-06   0.125303998E-06  -0.385616829E-06   0.560820546E-07
   0.145435862E-06   0.159930835E-06  -0.489406091E-06   0.717897706E-07
   0.222355723E-06   0.241042301E-06  -0.736847880E-06   0.107711458E-06
   0.273820206E-06   0.294822286E-06  -0.893103959E-06   0.131566168E-06
   0.313648371E-06   0.334149519E-06  -0.998202268E-06   0.147141705E-06
   0.345624017E-06   0.368641025E-06  -0.106734831E-05   0.151032566E-06
   0.291358276E-06   0.305112195E-06  -0.836182949E-06   0.119440116E-06
   0.222272135E-06   0.230786426E-06  -0.541596819E-06   0.792084549E-07
   0.184886076E-06   0.182590369E-06  -0.300174491E-06   0.463270773E-07
   0.303395836E-06   0.276512850E-06  -0.449877859E-06   0.639676614E-07
   0.842060558E-06   0.765155960E-06  -0.171037993E-05   0.223965031E-06
   0.236818755E-05   0.214627607E-05  -0.554109647E-05   0.686327326E-06
   0.535603567E-05   0.485167311E-05  -0.129584532E-04   0.154145789E-05
   0.108950107E-04   0.974755403E-05  -0.263057336E-04   0.301767841E-05
   0.204564985E-04   0.181484302E-04  -0.487320467E-04   0.535605432E-05
   0.354894728E-04   0.311303884E-04  -0.823081427E-04   0.866176742E-05
   0.578489817E-04   0.502170078E-04  -0.129529362E-03   0.130224416E-04
   0.903667969E-04   0.777129899E-04  -0.194232678E-03   0.186549805E-04
   0.136939110E-03   0.116818344E-03  -0.281332002E-03   0.256526873E-04
   0.198905051E-03   0.168650455E-03  -0.387497683E-03   0.334887372E-04
   0.281934859E-03   0.238039749E-03  -0.517986482E-03   0.424345162E-04
   0.390984467E-03   0.329723727E-03  -0.673781848E-03   0.519461209E-04
   0.532537349E-03   0.449520070E-03  -0.855543592E-03   0.620832652E-04
   0.717547140E-03   0.608044385E-03  -0.106971571E-02   0.724947531E-04
   0.960808946E-03   0.818827655E-03  -0.132257584E-02   0.838579581E-04
   0.128957792E-02   0.110686687E-02  -0.163334282E-02   0.964696737E-04
   0.175430404E-02   0.151695730E-02  -0.204038061E-02   0.111733483E-03
   0.244871993E-02   0.213138387E-02  -0.261051906E-02   0.130321161E-03
   0.355079887E-02   0.310483645E-02  -0.345707615E-02   0.154425332E-03
   0.538568432E-02   0.472031580E-02  -0.473681511E-02   0.183748096E-03
   0.851578917E-02   0.746982032E-02  -0.660275575E-02   0.214013009E-03
   0.137345530E-01   0.120525127E-01  -0.897863414E-02   0.231639497E-03
   0.218013469E-01   0.191446524E-01  -0.111636119E-01   0.213694861E-03
   0.323418677E-01   0.284319073E-01  -0.113952057E-01   0.144135236E-03
   0.423711762E-01   0.372882336E-01  -0.760818971E-02   0.478568254E-04
   0.466674976E-01   0.410824567E-01  -0.203461550E-07   0.000000000E+00
