   0.141410492E-03   0.513103232E-02   0.893462360E-09   0.000000000E+00
   0.134881193E-03   0.482661044E-02   0.630769297E-03   0.324231905E-05
   0.118389595E-03   0.406505214E-02   0.104514335E-02   0.107754104E-04
   0.981880366E-04   0.313670072E-02   0.118354009E-02   0.182859476E-04
   0.794782682E-04   0.228696247E-02   0.112598657E-02   0.231903596E-04
   0.642719751E-04   0.161560264E-02   0.977565767E-03   0.252549453E-04
   0.523841190E-04   0.112647528E-02   0.807864417E-03   0.251240217E-04
   0.428139610E-04   0.781133887E-03   0.647075765E-03   0.235138723E-04
   0.347132336E-04   0.539353641E-03   0.505095348E-03   0.209804002E-04
   0.275757466E-04   0.370197638E-03   0.383904931E-03   0.179896160E-04
   0.212136110E-04   0.250448327E-03   0.282253168E-03   0.146408474E-04
   0.157425966E-04   0.166207334E-03   0.200491413E-03   0.114190671E-04
   0.111601521E-04   0.107036169E-03   0.136286311E-03   0.843820635E-05
   0.750231902E-05   0.661878585E-04   0.879187573E-04   0.588660077E-05
   0.467482459E-05   0.383720653E-04   0.524172319E-04   0.376220578E-05
   0.274921490E-05   0.209954596E-04   0.293602279E-04   0.225519011E-05
   0.144124033E-05   0.102407612E-04   0.143856669E-04   0.117022205E-05
   0.675768945E-06   0.441508382E-05   0.611012092E-05   0.528749410E-06
   0.260329841E-06   0.154755787E-05   0.193897154E-05   0.179088516E-06
   0.730398781E-07   0.431557822E-06   0.306051220E-06   0.320744746E-07
   0.171912919E-07   0.197422054E-06   0.108680984E-07   0.327952798E-08
   0.108717906E-07   0.268101161E-06   0.154077469E-06   0.167125513E-07
   0.200543013E-07   0.356293640E-06   0.345929863E-06   0.368772284E-07
   0.267332041E-07   0.385995946E-06   0.440201518E-06   0.485015121E-07
   0.254126604E-07   0.324664711E-06   0.396390419E-06   0.442738006E-07
   0.203044142E-07   0.243157046E-06   0.306876785E-06   0.356253764E-07
   0.158837352E-07   0.180592721E-06   0.237027592E-06   0.282558954E-07
   0.807699596E-08   0.894878625E-07   0.118147788E-06   0.143689487E-07
   0.355537910E-08   0.397528481E-07   0.527759241E-07   0.685993795E-08
   0.199426853E-08   0.226625509E-07   0.301014360E-07   0.417742063E-08
   0.480568307E-09   0.627455465E-08   0.783184806E-08   0.144144163E-08
   0.218081091E-10   0.448625581E-09   0.397250371E-09   0.139708509E-09
   0.104643835E-09   0.620400342E-09   0.101216246E-08   0.895354693E-10
   0.266080991E-09   0.147298929E-08   0.128277877E-08   0.255202248E-09
   0.389116267E-09   0.221673746E-08   0.209591478E-08   0.360575098E-09
   0.408513695E-09   0.216128626E-08   0.190993132E-08   0.333250066E-09
   0.794508126E-09   0.447068693E-08   0.292602764E-08   0.913970566E-09
   0.310054010E-09   0.196081729E-08   0.288480506E-08   0.241597214E-09
   0.199476990E-09   0.111360010E-08   0.178750736E-08   0.984322485E-10
   0.254027799E-09   0.100622000E-08   0.722393645E-09   0.120870966E-09
   0.175030435E-09   0.903043029E-09   0.131680267E-08   0.807685030E-10
   0.109805810E-09   0.214904455E-09  -0.386037508E-09   0.604230485E-10
   0.144217485E-09   0.276541345E-09  -0.670869638E-09   0.109827404E-09
   0.101897310E-09   0.108888322E-09  -0.424024260E-09   0.415123699E-10
   0.915187284E-11   0.162186028E-10  -0.630195895E-10   0.115890301E-10
   0.212330487E-09   0.404629635E-09  -0.130986466E-08   0.228835298E-09
   0.549078942E-10   0.122861998E-09  -0.354001023E-09   0.753159410E-10
   0.171748088E-09   0.227029728E-09  -0.984648252E-09   0.126483352E-09
   0.212455470E-09   0.302318948E-09  -0.113940879E-08   0.145101792E-09
   0.635660635E-09   0.100922570E-08  -0.373463660E-08   0.549561396E-09
   0.186633237E-09   0.274424566E-09  -0.821227975E-09   0.922726548E-10
   0.527294375E-09   0.676010303E-09  -0.299455039E-08   0.371114639E-09
   0.182347903E-08   0.256592325E-08  -0.109100320E-07   0.151208523E-08
   0.117246890E-08   0.149823509E-08  -0.665949429E-08   0.826809565E-09
   0.408817158E-08   0.582642290E-08  -0.242410163E-07   0.335878680E-08
   0.312619242E-08   0.423327506E-08  -0.181774933E-07   0.240739317E-08
   0.200835615E-08   0.256915267E-08  -0.115522347E-07   0.148747914E-08
   0.868365491E-09   0.104996478E-08  -0.496128250E-08   0.649623799E-09
   0.168625044E-09   0.196094904E-09  -0.952979695E-09   0.116085863E-09
   0.224995717E-09   0.524623178E-09  -0.142865164E-08   0.364942188E-09
   0.236832443E-08   0.291197200E-08  -0.125872166E-07   0.166858338E-08
   0.148998280E-07   0.176401933E-07  -0.781420297E-07   0.100989874E-07
   0.327227561E-07   0.378521854E-07  -0.168004433E-06   0.211935163E-07
   0.659443060E-07   0.749072768E-07  -0.330629121E-06   0.395311197E-07
   0.131004498E-06   0.144917337E-06  -0.637409357E-06   0.747906057E-07
   0.189098301E-06   0.202210515E-06  -0.881137055E-06   0.100398687E-06
   0.247503607E-06   0.258366555E-06  -0.109325117E-05   0.119269302E-06
   0.274771907E-06   0.275918921E-06  -0.111058296E-05   0.117125886E-06
   0.263787712E-06   0.251771894E-06  -0.901320220E-06   0.921522059E-07
   0.184775672E-06   0.157923949E-06  -0.375511917E-06   0.396345001E-07
   0.156745429E-06   0.108080684E-06  -0.523850403E-07   0.135319764E-07
   0.419523644E-06   0.310819047E-06  -0.102840966E-05   0.117523008E-06
   0.136632138E-05   0.108332631E-05  -0.467588234E-05   0.454298970E-06
   0.382113285E-05   0.306602283E-05  -0.140341435E-04   0.124469511E-05
   0.862896286E-05   0.683725330E-05  -0.312853408E-04   0.258321688E-05
   0.173678000E-04   0.135178907E-04  -0.608857699E-04   0.468941835E-05
   0.313326018E-04   0.239185792E-04  -0.104389015E-03   0.748147886E-05
   0.526645235E-04   0.394645649E-04  -0.165207239E-03   0.109887696E-04
   0.830667996E-04   0.613098236E-04  -0.242387134E-03   0.148763866E-04
   0.126213024E-03   0.921427127E-04  -0.339463120E-03   0.190857318E-04
   0.185373414E-03   0.134451111E-03  -0.453531451E-03   0.232808543E-04
   0.266596733E-03   0.193030515E-03  -0.585557544E-03   0.271732843E-04
   0.378669909E-03   0.274675112E-03  -0.735807116E-03   0.306312504E-04
   0.534893770E-03   0.389518129E-03  -0.903739594E-03   0.333302305E-04
   0.755081768E-03   0.552111305E-03  -0.108908175E-02   0.350004157E-04
   0.106498273E-02   0.781002163E-03  -0.128074095E-02   0.347854948E-04
   0.148766441E-02   0.109238725E-02  -0.144179061E-02   0.317703925E-04
   0.202062330E-02   0.148381502E-02  -0.148780167E-02   0.248384677E-04
   0.260091713E-02   0.190903503E-02  -0.129566586E-02   0.144933865E-04
   0.307420036E-02   0.225552521E-02  -0.774696295E-03   0.434546746E-05
   0.326240133E-02   0.239324570E-02  -0.188473193E-08   0.000000000E+00
