   0.767779276E-01   0.882888615E+00   0.000000000E+00   0.000000000E+00
   0.573156998E-01   0.657356918E+00   0.614085048E-01   0.340178784E-03
   0.277283508E-01   0.315539032E+00   0.586563647E-01   0.647912209E-03
   0.111868996E-01   0.125671580E+00   0.346439257E-01   0.571191660E-03
   0.441387575E-02   0.488039143E-01   0.174833536E-01   0.382333266E-03
   0.185267814E-02   0.202341042E-01   0.856967177E-02   0.233471685E-03
   0.875429600E-03   0.958304666E-02   0.439064717E-02   0.143502562E-03
   0.481501338E-03   0.539821759E-02   0.248545152E-02   0.954649731E-04
   0.306147384E-03   0.356288790E-02   0.159937283E-02   0.712385736E-04
   0.215736509E-03   0.260266848E-02   0.115366362E-02   0.581923232E-04
   0.160447205E-03   0.198913459E-02   0.893650402E-03   0.500061396E-04
   0.121480589E-03   0.153264857E-02   0.711675908E-03   0.438114439E-04
   0.919152153E-04   0.117085595E-02   0.567875279E-03   0.379819212E-04
   0.687115826E-04   0.878908730E-03   0.446758175E-03   0.321553853E-04
   0.504053060E-04   0.645143038E-03   0.343440974E-03   0.263095772E-04
   0.361690909E-04   0.462118915E-03   0.256831001E-03   0.208970869E-04
   0.254189890E-04   0.323115411E-03   0.186949896E-03   0.161258322E-04
   0.172931868E-04   0.219026537E-03   0.131013643E-03   0.118743446E-04
   0.113976394E-04   0.144019767E-03   0.885016780E-04   0.839160748E-05
   0.727319548E-05   0.917016223E-04   0.575459562E-04   0.570308566E-05
   0.440641770E-05   0.557225976E-04   0.352782445E-04   0.364780840E-05
   0.253826920E-05   0.323917702E-04   0.204598255E-04   0.218495438E-05
   0.138319626E-05   0.179411963E-04   0.111495528E-04   0.123004656E-05
   0.697959933E-06   0.931065188E-05   0.555700399E-05   0.630833199E-06
   0.316275418E-06   0.444889611E-05   0.243666295E-05   0.280330823E-06
   0.128676803E-06   0.193232017E-05   0.898808992E-06   0.103396466E-06
   0.504832407E-07   0.802579223E-06   0.289101905E-06   0.314686091E-07
   0.242974831E-07   0.339993619E-06   0.102549002E-06   0.983516113E-08
   0.220899778E-07   0.219637968E-06   0.115446831E-06   0.122456498E-07
   0.251175134E-07   0.207089968E-06   0.167959925E-06   0.222584919E-07
   0.265819438E-07   0.204042749E-06   0.189947372E-06   0.239547759E-07
   0.257229118E-07   0.199273558E-06   0.200212313E-06   0.283878734E-07
   0.256617181E-07   0.201865404E-06   0.204135603E-06   0.288877509E-07
   0.196268797E-07   0.147937698E-06   0.154568880E-06   0.207469402E-07
   0.144575463E-07   0.108933413E-06   0.113145887E-06   0.149681547E-07
   0.984934267E-08   0.721331830E-07   0.735342169E-07   0.923456867E-08
   0.580363313E-08   0.411765164E-07   0.404141112E-07   0.504602271E-08
   0.403188327E-08   0.250307597E-07   0.239538309E-07   0.251724996E-08
   0.275503198E-08   0.142674308E-07   0.120557209E-07   0.115753107E-08
   0.183521331E-08   0.687872559E-08   0.402962774E-08   0.388159865E-09
   0.132206435E-08   0.102654973E-08  -0.186675275E-08  -0.923718324E-10
   0.614395090E-09   0.414678708E-09  -0.123070476E-08   0.431075176E-10
   0.427063829E-09   0.105783371E-08  -0.201146530E-10   0.345264206E-09
   0.105851461E-08   0.184755633E-08  -0.167065495E-08   0.901441088E-09
   0.702212288E-09   0.251308885E-08   0.220002530E-09   0.102972786E-08
   0.291956681E-08   0.437241177E-08  -0.357310870E-08   0.188549709E-08
   0.126680688E-08   0.263858002E-08  -0.184335125E-08   0.130431121E-08
   0.126550670E-08   0.184847138E-08  -0.205699591E-08   0.859305016E-09
   0.735746242E-09   0.163119629E-08   0.161965746E-09   0.532766331E-09
   0.528422361E-09   0.173072712E-08   0.103518316E-08   0.285186701E-10
   0.156679414E-08   0.192643745E-08  -0.293381075E-08   0.207573028E-09
   0.260904409E-08   0.286041146E-08  -0.419411794E-08   0.998244543E-10
   0.953628732E-08   0.881290063E-08  -0.253201726E-07   0.298046166E-08
   0.186297360E-07   0.173878139E-07  -0.509504972E-07   0.658090205E-08
   0.284026100E-07   0.263279514E-07  -0.780235965E-07   0.103915525E-07
   0.528261346E-07   0.499747124E-07  -0.147248386E-06   0.206592077E-07
   0.941747516E-07   0.862696794E-07  -0.259734293E-06   0.376863838E-07
   0.126224762E-06   0.114233245E-06  -0.343794284E-06   0.512960341E-07
   0.147346370E-06   0.133299451E-06  -0.395717990E-06   0.589183635E-07
   0.169201357E-06   0.153228996E-06  -0.443717795E-06   0.654084289E-07
   0.173119261E-06   0.154306449E-06  -0.426519563E-06   0.645144596E-07
   0.156578920E-06   0.138688534E-06  -0.329363900E-06   0.496665571E-07
   0.154194822E-06   0.132885717E-06  -0.212950596E-06   0.349737235E-07
   0.230335871E-06   0.190271663E-06  -0.182979349E-06   0.307545740E-07
   0.546181923E-06   0.429863320E-06  -0.509976076E-06   0.643475460E-07
   0.131584045E-05   0.101570299E-05  -0.152763835E-05   0.173938787E-06
   0.314578506E-05   0.241452699E-05  -0.428791691E-05   0.468632663E-06
   0.677945718E-05   0.517164926E-05  -0.990139506E-05   0.104564697E-05
   0.131331417E-04   0.990288481E-05  -0.194289387E-04   0.199057808E-05
   0.239293659E-04   0.179052713E-04  -0.352534698E-04   0.347766286E-05
   0.411087094E-04   0.304711502E-04  -0.592443575E-04   0.560362378E-05
   0.669526853E-04   0.491737737E-04  -0.931514223E-04   0.842091322E-05
   0.104803301E-03   0.762759446E-04  -0.139497832E-03   0.120435679E-04
   0.158676674E-03   0.114631883E-03  -0.200875307E-03   0.164592511E-04
   0.231757353E-03   0.166294471E-03  -0.276732404E-03   0.214291522E-04
   0.330172101E-03   0.235598563E-03  -0.370350666E-03   0.270184446E-04
   0.457971677E-03   0.325360859E-03  -0.480394519E-03   0.330461007E-04
   0.619810715E-03   0.438953924E-03  -0.606058107E-03   0.391101821E-04
   0.820154324E-03   0.579857617E-03  -0.746956037E-03   0.451603009E-04
   0.106752291E-02   0.754404347E-03  -0.908919319E-03   0.516749715E-04
   0.137629942E-02   0.973604852E-03  -0.110653567E-02   0.589773044E-04
   0.179200480E-02   0.127026695E-02  -0.138829241E-02   0.698193617E-04
   0.243975571E-02   0.173423544E-02  -0.187143451E-02   0.879659710E-04
   0.367386988E-02   0.261843228E-02  -0.283390307E-02   0.121462574E-03
   0.647216477E-02   0.462099072E-02  -0.489312783E-02   0.182482501E-03
   0.135266483E-01   0.966774765E-02  -0.935145468E-02   0.288443262E-03
   0.322226174E-01   0.230555348E-01  -0.186973419E-01   0.453367946E-03
   0.819582418E-01   0.587227829E-01  -0.363831520E-01   0.648063666E-03
   0.203346640E+00   0.145912096E+00  -0.606133975E-01   0.707970059E-03
   0.419073403E+00   0.301043719E+00  -0.626094118E-01   0.361804239E-03
   0.560015142E+00   0.402454883E+00  -0.152908129E-06   0.000000000E+00
