   0.968903885E-03   0.133384643E-01   0.193870822E-10   0.000000000E+00
   0.927129877E-03   0.127117559E-01   0.483267766E-03   0.157720945E-05
   0.818088418E-03   0.110745477E-01   0.843078073E-03   0.529276849E-05
   0.675786403E-03   0.894276891E-02   0.102265947E-02   0.907168942E-05
   0.534630439E-03   0.682271132E-02   0.104155170E-02   0.111699255E-04
   0.415193936E-03   0.504109822E-02   0.961095968E-03   0.114723753E-04
   0.323052955E-03   0.368425460E-02   0.838783162E-03   0.106314628E-04
   0.256216823E-03   0.271974108E-02   0.714738679E-03   0.924308551E-05
   0.207389807E-03   0.204613502E-02   0.603792840E-03   0.813619044E-05
   0.171365362E-03   0.157945673E-02   0.511530321E-03   0.743522060E-05
   0.143519326E-03   0.124741206E-02   0.435390248E-03   0.730889587E-05
   0.120949182E-03   0.100127840E-02   0.371468748E-03   0.719801255E-05
   0.101943362E-03   0.811172009E-03   0.316545105E-03   0.726747157E-05
   0.854848986E-04   0.658697390E-03   0.268141885E-03   0.723607536E-05
   0.711864632E-04   0.534474850E-03   0.225557145E-03   0.699707243E-05
   0.586585775E-04   0.430343411E-03   0.187308629E-03   0.668395205E-05
   0.478324291E-04   0.343952765E-03   0.153720641E-03   0.619672937E-05
   0.385790372E-04   0.272205623E-03   0.124467115E-03   0.563321055E-05
   0.306843467E-04   0.213274194E-03   0.992919813E-04   0.488553178E-05
   0.240549216E-04   0.164076773E-03   0.775642475E-04   0.415410659E-05
   0.186057277E-04   0.124822065E-03   0.596506397E-04   0.343444071E-05
   0.142017416E-04   0.937505465E-04   0.451116575E-04   0.278555103E-05
   0.106341513E-04   0.688558066E-04   0.331902993E-04   0.216496301E-05
   0.782729512E-05   0.496940338E-04   0.238431530E-04   0.163536833E-05
   0.567509051E-05   0.352996503E-04   0.167489980E-04   0.120125117E-05
   0.403386775E-05   0.245129868E-04   0.113903043E-04   0.847049421E-06
   0.281274674E-05   0.165805250E-04   0.745754460E-05   0.569834071E-06
   0.190525543E-05   0.109554403E-04   0.463670085E-05   0.360517163E-06
   0.127957458E-05   0.711568418E-05   0.277999493E-05   0.220233247E-06
   0.842833174E-06   0.456019234E-05   0.157493457E-05   0.128035424E-06
   0.541563793E-06   0.290424509E-05   0.810721872E-06   0.687677613E-07
   0.344996010E-06   0.182905478E-05   0.362780071E-06   0.331834578E-07
   0.226729696E-06   0.122052211E-05   0.159373769E-06   0.191546103E-07
   0.144421250E-06   0.846199612E-06   0.471350354E-07   0.139869485E-07
   0.992587488E-07   0.650187815E-06   0.232783091E-07   0.169522512E-07
   0.729774072E-07   0.531313617E-06   0.271421836E-07   0.220560601E-07
   0.575664423E-07   0.462623234E-06   0.458131808E-07   0.273078999E-07
   0.474019402E-07   0.399493587E-06   0.549161072E-07   0.312475663E-07
   0.422456168E-07   0.360605668E-06   0.662410287E-07   0.349998537E-07
   0.399574667E-07   0.320181613E-06   0.623432825E-07   0.393717414E-07
   0.363173207E-07   0.268993773E-06   0.495233721E-07   0.395124182E-07
   0.374902278E-07   0.231732457E-06   0.347122047E-07   0.409564080E-07
   0.438153229E-07   0.208461785E-06   0.192123117E-07   0.436725998E-07
   0.466623824E-07   0.171120718E-06  -0.507912334E-08   0.425808437E-07
   0.584420761E-07   0.147584700E-06  -0.352206690E-07   0.436295942E-07
   0.768437047E-07   0.139684317E-06  -0.621033323E-07   0.454334028E-07
   0.885377460E-07   0.122912539E-06  -0.849209769E-07   0.429118785E-07
   0.119283285E-06   0.127279762E-06  -0.123558593E-06   0.449701112E-07
   0.140639898E-06   0.127521147E-06  -0.142323898E-06   0.423927595E-07
   0.181535810E-06   0.143277333E-06  -0.183359077E-06   0.430988472E-07
   0.206656694E-06   0.150438012E-06  -0.188438577E-06   0.381432876E-07
   0.241476926E-06   0.163618679E-06  -0.201618619E-06   0.333669270E-07
   0.280323775E-06   0.184215949E-06  -0.201693410E-06   0.291311935E-07
   0.315995095E-06   0.199525715E-06  -0.189426160E-06   0.212444000E-07
   0.343937586E-06   0.209260179E-06  -0.148090649E-06   0.965870584E-08
   0.390818826E-06   0.236683164E-06  -0.112282343E-06   0.209360174E-08
   0.474569219E-06   0.297628304E-06  -0.944842355E-07  -0.163664804E-09
   0.612750341E-06   0.402835497E-06  -0.114028445E-06   0.689459334E-08
   0.849300022E-06   0.593099742E-06  -0.215413706E-06   0.317310764E-07
   0.129080547E-05   0.938277708E-06  -0.501339230E-06   0.904419082E-07
   0.201411012E-05   0.154426482E-05  -0.106626464E-05   0.199810216E-06
   0.318781440E-05   0.248998253E-05  -0.205030665E-05   0.378745256E-06
   0.496806297E-05   0.392772972E-05  -0.360034028E-05   0.651839798E-06
   0.773356169E-05   0.613741486E-05  -0.607542552E-05   0.106259563E-05
   0.116592755E-04   0.922384334E-05  -0.955091127E-05   0.163292225E-05
   0.169935774E-04   0.135106102E-04  -0.142645576E-04   0.236468622E-05
   0.245106166E-04   0.194883251E-04  -0.208314905E-04   0.335479035E-05
   0.344519758E-04   0.273616388E-04  -0.292845270E-04   0.458717341E-05
   0.478951515E-04   0.379422927E-04  -0.404572420E-04   0.615154249E-05
   0.647847191E-04   0.512226798E-04  -0.539356188E-04   0.798319707E-05
   0.861587032E-04   0.679714794E-04  -0.703155820E-04   0.101448104E-04
   0.112616624E-03   0.886860580E-04  -0.896738566E-04   0.126151226E-04
   0.145645419E-03   0.114452763E-03  -0.112723341E-03   0.154304962E-04
   0.185591605E-03   0.145591344E-03  -0.139036973E-03   0.185166136E-04
   0.232697712E-03   0.182333490E-03  -0.167967781E-03   0.216955123E-04
   0.290322641E-03   0.226935066E-03  -0.201124843E-03   0.252133505E-04
   0.358443940E-03   0.279459986E-03  -0.237188724E-03   0.288060673E-04
   0.440263451E-03   0.342100771E-03  -0.276835664E-03   0.322889355E-04
   0.540664711E-03   0.418126758E-03  -0.321289350E-03   0.358628531E-04
   0.666056294E-03   0.511885039E-03  -0.371474598E-03   0.393278169E-04
   0.830567093E-03   0.632999872E-03  -0.431110908E-03   0.424259379E-04
   0.105356844E-02   0.794823456E-03  -0.503613905E-03   0.452377935E-04
   0.136942486E-02   0.102100254E-02  -0.594219484E-03   0.472356587E-04
   0.182576326E-02   0.134497683E-02  -0.706333085E-03   0.482683645E-04
   0.248485850E-02   0.181073905E-02  -0.836703111E-03   0.475171983E-04
   0.341035565E-02   0.246213935E-02  -0.968075241E-03   0.438265961E-04
   0.463132933E-02   0.332261226E-02  -0.106090831E-02   0.368866458E-04
   0.607891520E-02   0.434281118E-02  -0.105055934E-02   0.263576312E-04
   0.753901294E-02   0.537227280E-02  -0.871817756E-03   0.141338023E-04
   0.866115093E-02   0.616494799E-02  -0.501912204E-03   0.399749661E-05
   0.908455253E-02   0.646383455E-02  -0.174509807E-08   0.000000000E+00
