   0.161343861E+01   0.178324757E+02   0.151781262E-05   0.000000000E+00
   0.753204823E+00   0.832387257E+01   0.531395018E+00   0.301698688E-02
   0.179143086E+00   0.197878087E+01   0.256366670E+00   0.294245477E-02
   0.434784926E-01   0.479353398E+00   0.957417190E-01   0.168306532E-02
   0.118706981E-01   0.130094796E+00   0.361068621E-01   0.877464598E-03
   0.363379857E-02   0.391598083E-01   0.142081287E-01   0.456758571E-03
   0.131152349E-02   0.136202592E-01   0.592595572E-02   0.246898329E-03
   0.633556338E-03   0.627597841E-02   0.275028567E-02   0.144693317E-03
   0.429880980E-03   0.417927606E-02   0.154233049E-02   0.959315876E-04
   0.356852019E-03   0.352014718E-02   0.108602259E-02   0.726555809E-04
   0.313416065E-03   0.316839083E-02   0.900829094E-03   0.616586331E-04
   0.272745732E-03   0.282748858E-02   0.799387344E-03   0.547422533E-04
   0.231039026E-03   0.244869990E-02   0.713965565E-03   0.496139473E-04
   0.189736325E-03   0.205046823E-02   0.624675245E-03   0.445047190E-04
   0.151296204E-03   0.166659395E-02   0.531816913E-03   0.390015921E-04
   0.117391217E-03   0.131728605E-02   0.439433992E-03   0.333049611E-04
   0.889262155E-04   0.101535430E-02   0.352966134E-03   0.277158560E-04
   0.657065029E-04   0.761650328E-03   0.274397433E-03   0.224242831E-04
   0.473916079E-04   0.559051172E-03   0.207784586E-03   0.175626792E-04
   0.334197757E-04   0.400159770E-03   0.152526220E-03   0.133805534E-04
   0.230207916E-04   0.279718195E-03   0.108753382E-03   0.986215218E-05
   0.154789996E-04   0.191313869E-03   0.754306966E-04   0.704950753E-05
   0.101417127E-04   0.126931220E-03   0.503134725E-04   0.484492693E-05
   0.642323403E-05   0.816899264E-04   0.321902226E-04   0.317636227E-05
   0.395983534E-05   0.510833925E-04   0.198153284E-04   0.199345459E-05
   0.234310596E-05   0.306633265E-04   0.114795575E-04   0.117044635E-05
   0.137129200E-05   0.178785285E-04   0.638139318E-05   0.653768211E-06
   0.764832123E-06   0.994532729E-05   0.325474775E-05   0.334835335E-06
   0.415668239E-06   0.515449892E-05   0.144702142E-05   0.142637617E-06
   0.224234611E-06   0.259358035E-05   0.581394715E-06   0.526207700E-07
   0.131216339E-06   0.125906774E-05   0.207923819E-06   0.132281412E-07
   0.818200263E-07   0.567356324E-06   0.548915615E-07  -0.523405930E-09
   0.601400956E-07   0.257563158E-06   0.266861058E-07  -0.150665747E-08
   0.462817837E-07   0.150958144E-06   0.497039565E-07   0.388800636E-08
   0.393742390E-07   0.115726920E-06   0.733449141E-07   0.689853552E-08
   0.313708455E-07   0.102964691E-06   0.890233309E-07   0.105355067E-07
   0.266408797E-07   0.879471713E-07   0.780551659E-07   0.820224155E-08
   0.222219718E-07   0.809867018E-07   0.755492806E-07   0.807765499E-08
   0.163971325E-07   0.599978094E-07   0.528950572E-07   0.549416113E-08
   0.119607799E-07   0.440169643E-07   0.363784132E-07   0.395059452E-08
   0.766728014E-08   0.297584428E-07   0.277414021E-07   0.237444442E-08
   0.540560796E-08   0.177041208E-07   0.128418582E-07   0.124147526E-08
   0.284333712E-08   0.123685169E-07   0.102310080E-07   0.135436728E-08
   0.947629197E-09   0.393592359E-08   0.293779667E-08   0.518772414E-09
   0.408874601E-09   0.195445971E-08   0.212047310E-09   0.615675066E-09
   0.370997427E-09   0.193567407E-08  -0.132382449E-08   0.117387911E-08
   0.158158575E-08   0.214813345E-08  -0.420198853E-08   0.133933475E-08
   0.452333770E-08   0.429080371E-08  -0.107928786E-07   0.212615281E-08
   0.824069701E-08   0.692723878E-08  -0.179262418E-07   0.280011192E-08
   0.160809677E-07   0.130146116E-07  -0.335206600E-07   0.465201300E-08
   0.276535239E-07   0.226345982E-07  -0.582817385E-07   0.824588042E-08
   0.396427993E-07   0.318340341E-07  -0.827336635E-07   0.116280878E-07
   0.536002283E-07   0.422563389E-07  -0.110575670E-06   0.156814881E-07
   0.721787359E-07   0.567674263E-07  -0.147088883E-06   0.211123865E-07
   0.785172105E-07   0.596924110E-07  -0.148476445E-06   0.220580887E-07
   0.941195353E-07   0.707834360E-07  -0.165948535E-06   0.267165241E-07
   0.108079355E-06   0.791579353E-07  -0.153702430E-06   0.255760106E-07
   0.135879617E-06   0.970597540E-07  -0.106498007E-06   0.196579499E-07
   0.192053989E-06   0.137073030E-06  -0.578807153E-07   0.155383812E-07
   0.389843422E-06   0.282603679E-06  -0.694808833E-07   0.148912482E-07
   0.852754624E-06   0.638232052E-06  -0.288234020E-06   0.394053394E-07
   0.176955086E-05   0.133468438E-05  -0.876255399E-06   0.104947219E-06
   0.355406542E-05   0.267189080E-05  -0.220988977E-05   0.253426464E-06
   0.665698326E-05   0.500477972E-05  -0.469895940E-05   0.523618041E-06
   0.121471348E-04   0.913461372E-05  -0.937833283E-05   0.102473393E-05
   0.212872856E-04   0.159731298E-04  -0.173268691E-04   0.184418536E-05
   0.353364594E-04   0.263479706E-04  -0.292283330E-04   0.303839079E-05
   0.567816060E-04   0.421228906E-04  -0.471103303E-04   0.475004936E-05
   0.878685823E-04   0.648005080E-04  -0.719885575E-04   0.701695899E-05
   0.132287663E-03   0.970496185E-04  -0.106156476E-03   0.997005736E-05
   0.194264052E-03   0.141725031E-03  -0.151573113E-03   0.136700755E-04
   0.277398241E-03   0.201210321E-03  -0.208740239E-03   0.180098741E-04
   0.387616979E-03   0.279676286E-03  -0.280093693E-03   0.229937141E-04
   0.527594646E-03   0.378549739E-03  -0.363611878E-03   0.283154077E-04
   0.701714773E-03   0.500747585E-03  -0.459355535E-03   0.336839039E-04
   0.909822935E-03   0.645867141E-03  -0.563367677E-03   0.385497478E-04
   0.115185359E-02   0.812996528E-03  -0.672816997E-03   0.427797168E-04
   0.141613628E-02   0.993782072E-03  -0.779589580E-03   0.453140165E-04
   0.169224653E-02   0.117946323E-02  -0.881325512E-03   0.466342208E-04
   0.196230202E-02   0.135706330E-02  -0.981138321E-03   0.466951133E-04
   0.220923428E-02   0.151346996E-02  -0.109882769E-02   0.461200143E-04
   0.247446820E-02   0.167620787E-02  -0.131507649E-02   0.496805478E-04
   0.296979840E-02   0.199344335E-02  -0.183770200E-02   0.644263564E-04
   0.446956512E-02   0.301059196E-02  -0.318861031E-02   0.105514053E-03
   0.956186280E-02   0.655859755E-02  -0.666909711E-02   0.203884541E-03
   0.269997250E-01   0.188425407E-01  -0.156166460E-01   0.416212657E-03
   0.886380821E-01   0.624810420E-01  -0.390560217E-01   0.853779435E-03
   0.324845046E+00   0.230149135E+00  -0.102606229E+00   0.170590437E-02
   0.134338868E+01   0.954190135E+00  -0.274384230E+00   0.306293648E-02
   0.571228218E+01   0.406224203E+01  -0.573768854E+00   0.321381004E-02
   0.123761444E+02   0.880435753E+01  -0.370457042E-05   0.000000000E+00
