   0.162107378E+00   0.158862150E+01   0.000000000E+00   0.000000000E+00
   0.124580748E+00   0.121850419E+01   0.103577226E+00   0.600259926E-03
   0.641116500E-01   0.623396993E+00   0.105594262E+00   0.122086378E-02
   0.274799410E-01   0.264581472E+00   0.666798949E-01   0.115160178E-02
   0.113492738E-01   0.107905805E+00   0.356087871E-01   0.817362219E-03
   0.487871887E-02   0.458482690E-01   0.181765780E-01   0.519789231E-03
   0.229423889E-02   0.215122011E-01   0.946248136E-02   0.325286383E-03
   0.122458709E-02   0.116630821E-01   0.527267903E-02   0.212653074E-03
   0.750894193E-03   0.739143929E-02   0.326190237E-02   0.152061766E-03
   0.517476932E-03   0.529575069E-02   0.226210454E-02   0.119201475E-03
   0.383934996E-03   0.406787405E-02   0.171475019E-02   0.101157086E-03
   0.295370381E-03   0.321369502E-02   0.136966782E-02   0.885793706E-04
   0.229578232E-03   0.254516304E-02   0.111510267E-02   0.782485513E-04
   0.177933587E-03   0.199759053E-02   0.907736772E-03   0.687253487E-04
   0.136109491E-03   0.154208380E-02   0.728649029E-03   0.586484821E-04
   0.102678976E-03   0.116888364E-02   0.574615959E-03   0.491835453E-04
   0.759861068E-04   0.868054864E-03   0.442862860E-03   0.400455974E-04
   0.550991499E-04   0.630742463E-03   0.332829746E-03   0.316529331E-04
   0.391824142E-04   0.448937324E-03   0.244273164E-03   0.243635805E-04
   0.270864421E-04   0.310606469E-03   0.173087232E-03   0.180952757E-04
   0.181507039E-04   0.209128368E-03   0.118495176E-03   0.128697266E-04
   0.117908940E-04   0.136648086E-03   0.781530325E-04   0.881455526E-05
   0.744959016E-05   0.869051437E-04   0.498882837E-04   0.581755012E-05
   0.445135674E-05   0.527071352E-04   0.298294399E-04   0.360004833E-05
   0.253355938E-05   0.305352987E-04   0.167557300E-04   0.208025972E-05
   0.136964991E-05   0.170038929E-04   0.884980000E-05   0.112536509E-05
   0.698459132E-06   0.901468957E-05   0.430387809E-05   0.553145867E-06
   0.337953679E-06   0.450937569E-05   0.187199760E-05   0.236757401E-06
   0.150974202E-06   0.205696006E-05   0.636939149E-06   0.726522131E-07
   0.782167646E-07   0.963715820E-06   0.221332343E-06   0.154192961E-07
   0.562984823E-07   0.526891824E-06   0.153299126E-06   0.620856166E-08
   0.537214397E-07   0.394293835E-06   0.217051550E-06   0.182695032E-07
   0.558291831E-07   0.363449033E-06   0.286802418E-06   0.303123180E-07
   0.587366209E-07   0.361477305E-06   0.319860106E-06   0.341287816E-07
   0.539758176E-07   0.334263206E-06   0.322889747E-06   0.368516488E-07
   0.459531542E-07   0.290588389E-06   0.288183799E-06   0.349162903E-07
   0.383318088E-07   0.229670079E-06   0.224339175E-06   0.242363818E-07
   0.300549203E-07   0.177849401E-06   0.170087375E-06   0.184110451E-07
   0.203951824E-07   0.118504559E-06   0.120177717E-06   0.120965344E-07
   0.136409790E-07   0.707340888E-07   0.673700740E-07   0.550342927E-08
   0.813372392E-08   0.375795111E-07   0.353668597E-07   0.205247641E-08
   0.586438054E-08   0.204421067E-07   0.148728381E-07   0.332388450E-09
   0.380236553E-08   0.145781955E-07   0.883941009E-08   0.869433137E-09
   0.171501180E-08   0.490657825E-08   0.162864622E-08   0.218134538E-09
   0.255145488E-09   0.194709915E-08   0.115540377E-08   0.441990611E-09
   0.119895871E-09   0.398618166E-09  -0.393394595E-09   0.222536697E-09
   0.687272905E-09   0.693397506E-09  -0.149838919E-08   0.161972838E-09
   0.259756616E-08   0.259769051E-08  -0.470592809E-08   0.226459407E-09
   0.807000067E-08   0.816313062E-08  -0.178456521E-07   0.151690893E-08
   0.208317203E-07   0.213568239E-07  -0.519205940E-07   0.624587093E-08
   0.354876057E-07   0.371783919E-07  -0.906225424E-07   0.117532961E-07
   0.519767376E-07   0.488214411E-07  -0.129628788E-06   0.161978964E-07
   0.831807583E-07   0.776419569E-07  -0.208858964E-06   0.276865073E-07
   0.137808897E-06   0.137461782E-06  -0.353709282E-06   0.483366911E-07
   0.154290689E-06   0.146088453E-06  -0.385838092E-06   0.534716449E-07
   0.209942286E-06   0.201810224E-06  -0.524015206E-06   0.748355191E-07
   0.224742365E-06   0.216104368E-06  -0.541400084E-06   0.772679201E-07
   0.241186029E-06   0.229029254E-06  -0.541862562E-06   0.786426497E-07
   0.243365065E-06   0.231816784E-06  -0.472276241E-06   0.684008512E-07
   0.247885737E-06   0.234937417E-06  -0.345767745E-06   0.575930770E-07
   0.316532237E-06   0.293036237E-06  -0.232658323E-06   0.401173423E-07
   0.576542448E-06   0.515864429E-06  -0.346038490E-06   0.515818854E-07
   0.118418336E-05   0.104607182E-05  -0.914169277E-06   0.122395036E-06
   0.272586794E-05   0.238494067E-05  -0.292724076E-05   0.369287761E-06
   0.553660539E-05   0.479749360E-05  -0.673133582E-05   0.818380613E-06
   0.106052748E-04   0.915192322E-05  -0.138436590E-04   0.163023913E-05
   0.193648684E-04   0.165533329E-04  -0.261184468E-04   0.298980081E-05
   0.334090182E-04   0.283681384E-04  -0.454712608E-04   0.502847479E-05
   0.546172450E-04   0.460520350E-04  -0.735228969E-04   0.781460221E-05
   0.864634349E-04   0.723780468E-04  -0.114041017E-03   0.116880756E-04
   0.131441790E-03   0.109386878E-03  -0.168089609E-03   0.164682006E-04
   0.194949243E-03   0.161288757E-03  -0.240356138E-03   0.225258245E-04
   0.279051776E-03   0.229589365E-03  -0.328511407E-03   0.294335405E-04
   0.391698472E-03   0.320908992E-03  -0.439155789E-03   0.373566218E-04
   0.535672414E-03   0.437449489E-03  -0.568909512E-03   0.458154791E-04
   0.715814705E-03   0.583103567E-03  -0.717004063E-03   0.544719514E-04
   0.940059719E-03   0.764551514E-03  -0.887226954E-03   0.636809782E-04
   0.121043867E-02   0.983968144E-03  -0.107558817E-02   0.726101207E-04
   0.153298827E-02   0.124661659E-02  -0.128563272E-02   0.818535627E-04
   0.192422757E-02   0.156706746E-02  -0.153655361E-02   0.919837184E-04
   0.242435816E-02   0.197867351E-02  -0.187419530E-02   0.106500585E-03
   0.313978130E-02   0.256996765E-02  -0.240821741E-02   0.128974396E-03
   0.436079176E-02   0.358107733E-02  -0.339108403E-02   0.168367304E-03
   0.683014514E-02   0.562729454E-02  -0.535605103E-02   0.238752415E-03
   0.124794310E-01   0.103142066E-01  -0.942160375E-02   0.362118124E-03
   0.262863617E-01   0.217948556E-01  -0.177659709E-01   0.563801266E-03
   0.610739626E-01   0.508008301E-01  -0.342015661E-01   0.853561214E-03
   0.147902757E+00   0.123403095E+00  -0.630379692E-01   0.116075901E-02
   0.344202191E+00   0.287924588E+00  -0.983552635E-01   0.119184412E-02
   0.665828526E+00   0.557918787E+00  -0.953296795E-01   0.572975376E-03
   0.864071310E+00   0.724470079E+00  -0.341221408E-06   0.000000000E+00
