   0.203285745E-03   0.661406247E-02   0.000000000E+00   0.000000000E+00
   0.193969856E-03   0.624348270E-02   0.784946373E-03   0.411883366E-05
   0.170314539E-03   0.529970601E-02   0.131094235E-02   0.137424304E-04
   0.141027689E-03   0.413559796E-02   0.150044716E-02   0.235937696E-04
   0.113602458E-03   0.305082649E-02   0.144242297E-02   0.302756362E-04
   0.912416363E-04   0.218081288E-02   0.126448984E-02   0.333688804E-04
   0.739472816E-04   0.153741869E-02   0.105499220E-02   0.334035285E-04
   0.602877881E-04   0.107876013E-02   0.853931007E-03   0.317161139E-04
   0.490314633E-04   0.754665525E-03   0.675352756E-03   0.286695031E-04
   0.392250913E-04   0.525031064E-03   0.520639936E-03   0.248364704E-04
   0.307035989E-04   0.361962506E-03   0.391377689E-03   0.207601624E-04
   0.232982347E-04   0.245644886E-03   0.285315531E-03   0.166589925E-04
   0.169095110E-04   0.162219309E-03   0.199243557E-03   0.126724317E-04
   0.117515592E-04   0.103785373E-03   0.133350273E-03   0.913825534E-05
   0.772780913E-05   0.634503085E-04   0.843849775E-04   0.621172194E-05
   0.477929052E-05   0.366606764E-04   0.500196402E-04   0.391666208E-05
   0.268417148E-05   0.192850966E-04   0.266093812E-04   0.221911046E-05
   0.138051314E-05   0.924058440E-05   0.127173707E-04   0.112292685E-05
   0.632449996E-06   0.389753222E-05   0.519807236E-05   0.487013608E-06
   0.225931558E-06   0.128751640E-05   0.142807426E-05   0.144499410E-06
   0.600760686E-07   0.389399901E-06   0.158395835E-06   0.203138679E-07
   0.151654191E-07   0.252321485E-06   0.228400641E-07   0.413458645E-08
   0.154831739E-07   0.327880514E-06   0.214793900E-06   0.245146179E-07
   0.295521527E-07   0.483298265E-06   0.485868327E-06   0.538983329E-07
   0.349254492E-07   0.476731543E-06   0.541965221E-06   0.615384721E-07
   0.347523716E-07   0.427470809E-06   0.526291387E-06   0.629381702E-07
   0.289708773E-07   0.335924312E-06   0.424222947E-06   0.521257064E-07
   0.187628650E-07   0.211806324E-06   0.275148835E-06   0.360078012E-07
   0.109302105E-07   0.121680628E-06   0.157500367E-06   0.212980726E-07
   0.509013898E-08   0.571956882E-07   0.734092467E-07   0.104851052E-07
   0.190835903E-08   0.219144489E-07   0.280333001E-07   0.424543156E-08
   0.839166958E-09   0.988531745E-08   0.126487905E-07   0.201634953E-08
   0.984267043E-10   0.139514689E-08   0.966551950E-09   0.532557054E-09
   0.141332918E-09   0.825096103E-09   0.634159392E-09   0.208421308E-09
   0.336266792E-09   0.126581834E-08  -0.198710839E-10   0.290165364E-09
   0.251356630E-09   0.142022183E-08   0.242077691E-08   0.148786886E-09
   0.347596285E-09   0.244522269E-08   0.348917317E-08   0.374036219E-09
   0.737594819E-09   0.423175539E-08   0.357798058E-08   0.774927011E-09
   0.753515861E-09   0.533202948E-08   0.614947293E-08   0.980788672E-09
   0.498834363E-09   0.278349832E-08   0.262029998E-08   0.463822730E-09
   0.512289600E-09   0.368865738E-08   0.473964779E-08   0.648000265E-09
   0.464688371E-09   0.261774291E-08   0.204138861E-08   0.517472898E-09
   0.227462243E-09   0.134318812E-08   0.161052660E-08   0.204160938E-09
   0.333097383E-09   0.199971106E-08   0.122565402E-08   0.476709727E-09
   0.314094098E-10   0.919151769E-10   0.718624812E-11   0.300341731E-10
   0.330918730E-10   0.696776595E-10  -0.221568972E-09   0.487367681E-10
   0.105548646E-09   0.113786779E-09  -0.518156240E-09   0.568580148E-10
   0.191018312E-09   0.473006967E-09  -0.584671478E-09   0.138130951E-09
   0.866266989E-10   0.131225530E-09  -0.252729615E-09   0.445359860E-10
   0.156437163E-08   0.192918881E-08  -0.867051142E-08   0.112367737E-08
   0.134088962E-08   0.197384509E-08  -0.757479057E-08   0.106111786E-08
   0.387460641E-08   0.573303138E-08  -0.228189396E-07   0.336937966E-08
   0.360924224E-08   0.462630823E-08  -0.202099226E-07   0.266908651E-08
   0.164784109E-08   0.194781080E-08  -0.883095019E-08   0.107326437E-08
   0.235562037E-08   0.298776981E-08  -0.128722677E-07   0.161642155E-08
   0.647199350E-09   0.792148958E-09  -0.338510486E-08   0.382794324E-09
   0.121745669E-08   0.184303062E-08  -0.651057830E-08   0.873274564E-09
   0.473885153E-09   0.115282150E-08  -0.264973998E-08   0.566763525E-09
   0.573570469E-09   0.149816226E-08  -0.364769992E-08   0.103717779E-08
   0.608209128E-08   0.797772692E-08  -0.323224860E-07   0.483270091E-08
   0.145081023E-07   0.183200264E-07  -0.755147340E-07   0.107873017E-07
   0.402615612E-07   0.484861680E-07  -0.203445268E-06   0.268302589E-07
   0.852521680E-07   0.100910221E-06  -0.421164458E-06   0.523188142E-07
   0.143806488E-06   0.165867263E-06  -0.690446882E-06   0.853146958E-07
   0.239018874E-06   0.268050712E-06  -0.110601673E-05   0.132329063E-06
   0.282853108E-06   0.309352544E-06  -0.124208714E-05   0.143810482E-06
   0.323433738E-06   0.343367333E-06  -0.131721708E-05   0.147203053E-06
   0.305817849E-06   0.309948007E-06  -0.107587141E-05   0.116519324E-06
   0.234853985E-06   0.218264020E-06  -0.562717901E-06   0.610144966E-07
   0.181534347E-06   0.139476228E-06  -0.961057509E-07   0.174115140E-07
   0.344561215E-06   0.255311051E-06  -0.589638034E-06   0.791370240E-07
   0.114877014E-05   0.934922753E-06  -0.365734968E-05   0.386619831E-06
   0.328641136E-05   0.274748413E-05  -0.117921963E-04   0.112690361E-05
   0.755602241E-05   0.626601877E-05  -0.271581812E-04   0.242566330E-05
   0.154453101E-04   0.126325303E-04  -0.541998634E-04   0.453003850E-05
   0.283979189E-04   0.228538556E-04  -0.956160657E-04   0.746457954E-05
   0.485831624E-04   0.384326595E-04  -0.155462272E-03   0.113219621E-04
   0.777064561E-04   0.605944806E-04  -0.233705461E-03   0.157931609E-04
   0.118298325E-03   0.911808747E-04  -0.330768089E-03   0.206576824E-04
   0.174601329E-03   0.133655732E-03  -0.449886167E-03   0.257975207E-04
   0.250649668E-03   0.191401268E-03  -0.587917806E-03   0.307269693E-04
   0.354219344E-03   0.270901131E-03  -0.746921403E-03   0.353687174E-04
   0.495708198E-03   0.380815269E-03  -0.926591340E-03   0.393748051E-04
   0.691680587E-03   0.534504128E-03  -0.112716272E-02   0.424512400E-04
   0.965926331E-03   0.750518695E-03  -0.134840037E-02   0.441273733E-04
   0.134735310E-02   0.105101778E-02  -0.157397392E-02   0.435737275E-04
   0.186068250E-02   0.145461818E-02  -0.175740651E-02   0.394310155E-04
   0.249626581E-02   0.195297599E-02  -0.179541693E-02   0.304331461E-04
   0.317741581E-02   0.248638960E-02  -0.154818350E-02   0.175922250E-04
   0.372975413E-02   0.291869906E-02  -0.919730985E-03   0.524059396E-05
   0.394441234E-02   0.308656855E-02  -0.217774310E-08   0.000000000E+00
