   0.162374432E-03   0.582078053E-02  -0.266732383E-11   0.000000000E+00
   0.156238340E-03   0.552070467E-02   0.711374916E-03   0.374591286E-05
   0.140024989E-03   0.473276572E-02   0.120308681E-02   0.126621599E-04
   0.119480974E-03   0.374384713E-02   0.140171556E-02   0.221414448E-04
   0.995809751E-04   0.280202134E-02   0.137379835E-02   0.289668806E-04
   0.826867690E-04   0.203068973E-02   0.122670783E-02   0.323192799E-04
   0.688190703E-04   0.144654722E-02   0.103753316E-02   0.328389142E-04
   0.572991194E-04   0.102133304E-02   0.848092372E-03   0.314186291E-04
   0.471456551E-04   0.717619958E-03   0.673716422E-03   0.285500155E-04
   0.380509919E-04   0.499893213E-03   0.520736328E-03   0.247487096E-04
   0.299325638E-04   0.344624073E-03   0.391739915E-03   0.207348239E-04
   0.226643097E-04   0.233009690E-03   0.284147362E-03   0.164980738E-04
   0.164590347E-04   0.153559711E-03   0.198123395E-03   0.124580019E-04
   0.113702745E-04   0.974426948E-04   0.131509354E-03   0.894522691E-05
   0.746589058E-05   0.593154909E-04   0.829654309E-04   0.602196496E-05
   0.450318203E-05   0.333567950E-04   0.477782269E-04   0.371582883E-05
   0.251717756E-05   0.173223671E-04   0.252137852E-04   0.207946505E-05
   0.124720384E-05   0.792159517E-05   0.114936220E-04   0.100649368E-05
   0.533604293E-06   0.307083337E-05   0.425560438E-05   0.394080814E-06
   0.187838353E-06   0.971548047E-06   0.110069595E-05   0.109913906E-06
   0.521894847E-07   0.313898994E-06   0.120658157E-06   0.164332139E-07
   0.148849537E-07   0.263848136E-06   0.679167727E-07   0.837804048E-08
   0.198306065E-07   0.417217166E-06   0.336192443E-06   0.379054832E-07
   0.352816691E-07   0.553009102E-06   0.592981564E-06   0.660060238E-07
   0.353365692E-07   0.470067619E-06   0.557682540E-06   0.636834230E-07
   0.334359953E-07   0.408056025E-06   0.511627150E-06   0.609309225E-07
   0.280525025E-07   0.323457414E-06   0.421609855E-06   0.521663353E-07
   0.182592075E-07   0.204658065E-06   0.268925277E-06   0.344665132E-07
   0.981296200E-08   0.107985350E-06   0.140928634E-06   0.186905780E-07
   0.402221678E-08   0.445989059E-07   0.600950187E-07   0.853779181E-08
   0.176849257E-08   0.206187014E-07   0.273200946E-07   0.440364945E-08
   0.300552944E-09   0.442698633E-08   0.511244558E-08   0.106428255E-08
   0.585953439E-10   0.890053864E-09   0.102947595E-08   0.198853933E-09
   0.128121513E-09   0.600834160E-09   0.569004510E-09   0.108938497E-09
   0.255868188E-09   0.127594002E-08   0.125907640E-08   0.190152089E-09
   0.419502461E-09   0.287767765E-08   0.464579930E-08   0.423732993E-09
   0.271855288E-09   0.158416869E-08   0.262668620E-08   0.161255981E-09
   0.774591224E-09   0.565042590E-08   0.691665969E-08   0.105002118E-08
   0.284373552E-09   0.138178213E-08   0.148217860E-08   0.163675032E-09
   0.869595396E-09   0.396308542E-08   0.134699774E-08   0.859590843E-09
   0.472890782E-09   0.310564663E-08   0.340904971E-08   0.584716053E-09
   0.288692681E-09   0.151246415E-08   0.172053605E-08   0.207438691E-09
   0.266495798E-09   0.455802396E-09  -0.133526268E-08   0.187296359E-09
   0.489695541E-10   0.112117628E-09   0.168103281E-09  -0.181987047E-10
   0.525450169E-10   0.131341632E-09  -0.358274577E-09   0.812580003E-10
   0.351051410E-09   0.631352082E-09  -0.230453145E-08   0.394232508E-09
   0.137112488E-09   0.215795548E-09  -0.880849838E-09   0.137587844E-09
   0.132474406E-09   0.132699698E-09  -0.614760021E-09   0.529382198E-10
   0.151849242E-09   0.197747291E-09  -0.591681593E-09   0.425655067E-10
   0.167031097E-09   0.200352013E-09  -0.550779977E-09   0.200029871E-10
   0.157703650E-08   0.226756458E-08  -0.902785580E-08   0.118062549E-08
   0.286093949E-08   0.397610922E-08  -0.172843997E-07   0.239921993E-08
   0.124686028E-08   0.171591785E-08  -0.752199014E-08   0.105376030E-08
   0.185814053E-08   0.243333509E-08  -0.109090674E-07   0.149786095E-08
   0.308290327E-08   0.440981163E-08  -0.181241511E-07   0.243452680E-08
   0.162222424E-08   0.202941730E-08  -0.925031429E-08   0.115931054E-08
   0.212991091E-08   0.306411518E-08  -0.124344401E-07   0.166127323E-08
   0.511440723E-09   0.121528121E-08  -0.273792367E-08   0.538819322E-09
   0.204472453E-09   0.383664517E-09  -0.134930978E-08   0.267963235E-09
   0.373938081E-08   0.524923527E-08  -0.210092264E-07   0.330690964E-08
   0.142620529E-07   0.184498123E-07  -0.774688544E-07   0.110200746E-07
   0.456022349E-07   0.571240086E-07  -0.243710161E-06   0.320328333E-07
   0.767865203E-07   0.941825604E-07  -0.400221353E-06   0.511196561E-07
   0.129338332E-06   0.154735574E-06  -0.654484722E-06   0.807748322E-07
   0.201636468E-06   0.234958137E-06  -0.983775749E-06   0.116668318E-06
   0.292822790E-06   0.332357899E-06  -0.136739652E-05   0.158051009E-06
   0.330160674E-06   0.362531722E-06  -0.143709542E-05   0.159704470E-06
   0.322122702E-06   0.339002696E-06  -0.124064229E-05   0.134951833E-06
   0.259815295E-06   0.254951203E-06  -0.752793540E-06   0.778279556E-07
   0.183062113E-06   0.150900718E-06  -0.180016102E-06   0.236194371E-07
   0.249691425E-06   0.180075176E-06  -0.257301167E-06   0.441989201E-07
   0.863164757E-06   0.701523788E-06  -0.275191042E-05   0.298674877E-06
   0.263526658E-05   0.223666848E-05  -0.991690285E-05   0.959144131E-06
   0.647000024E-05   0.549726565E-05  -0.247862554E-04   0.221862456E-05
   0.137732795E-04   0.115572457E-04  -0.516867258E-04   0.432584147E-05
   0.256920539E-04   0.211899878E-04  -0.924265332E-04   0.720548132E-05
   0.443484168E-04   0.359314181E-04  -0.151455330E-03   0.110225747E-04
   0.720005482E-04   0.574210862E-04  -0.231456084E-03   0.156274200E-04
   0.110651046E-03   0.871577067E-04  -0.331239658E-03   0.206319128E-04
   0.163752571E-03   0.127961364E-03  -0.451830536E-03   0.257853608E-04
   0.235140324E-03   0.183118958E-03  -0.590320909E-03   0.307291266E-04
   0.332408876E-03   0.259123452E-03  -0.751105486E-03   0.353460237E-04
   0.463840464E-03   0.363216473E-03  -0.927644607E-03   0.390821988E-04
   0.643855194E-03   0.507244200E-03  -0.112197315E-02   0.418610689E-04
   0.891613425E-03   0.706673483E-03  -0.132819614E-02   0.430479558E-04
   0.122927991E-02   0.978880678E-03  -0.152726728E-02   0.417614829E-04
   0.167380366E-02   0.133666792E-02  -0.167431880E-02   0.370936832E-04
   0.221178634E-02   0.176873722E-02  -0.167792395E-02   0.281650755E-04
   0.277476269E-02   0.222012331E-02  -0.142094807E-02   0.159912306E-04
   0.322148670E-02   0.257781451E-02  -0.832984340E-03   0.469317229E-05
   0.339528243E-02   0.271722209E-02  -0.196037209E-08   0.000000000E+00
