   0.182114844E-02   0.299789421E-01   0.567921177E-08   0.000000000E+00
   0.168413157E-02   0.277245585E-01   0.296869362E-02   0.160129148E-04
   0.135111064E-02   0.222322755E-01   0.464870734E-02   0.500197821E-04
   0.976899872E-03   0.160350967E-01   0.484778127E-02   0.779717229E-04
   0.667071086E-03   0.108660096E-01   0.418800721E-02   0.897311402E-04
   0.449657586E-03   0.719133206E-02   0.330856256E-02   0.886505950E-04
   0.309363735E-03   0.478162942E-02   0.253487774E-02   0.819472189E-04
   0.220804679E-03   0.323910336E-02   0.194224995E-02   0.736992952E-04
   0.163565041E-03   0.224549440E-02   0.150500459E-02   0.660017686E-04
   0.124469167E-03   0.158536353E-02   0.117645890E-02   0.586723290E-04
   0.958160526E-04   0.113153702E-02   0.919368875E-03   0.511919461E-04
   0.738556046E-04   0.810814614E-03   0.713896123E-03   0.438984680E-04
   0.561977504E-04   0.577997824E-03   0.544812414E-03   0.365819869E-04
   0.420073266E-04   0.407390646E-03   0.407050014E-03   0.296875787E-04
   0.306512411E-04   0.282811438E-03   0.296518701E-03   0.231397953E-04
   0.217093002E-04   0.191832674E-03   0.209311300E-03   0.174171582E-04
   0.148139516E-04   0.126188970E-03   0.142165780E-03   0.125508632E-04
   0.963063485E-05   0.794862863E-04   0.918015285E-04   0.856217230E-05
   0.589633100E-05   0.473498731E-04   0.556664927E-04   0.544658724E-05
   0.343284023E-05   0.268543445E-04   0.320109211E-04   0.327381895E-05
   0.181561995E-05   0.138609912E-04   0.166100253E-04   0.177281970E-05
   0.870483859E-06   0.641891302E-05   0.772360636E-05   0.864839876E-06
   0.348616965E-06   0.248980655E-05   0.292123400E-05   0.341142766E-06
   0.105610262E-06   0.746572994E-06   0.779340269E-06   0.991918085E-07
   0.325642127E-07   0.254633136E-06   0.213608658E-06   0.299197680E-07
   0.172753776E-07   0.201996301E-06   0.163948343E-06   0.234345467E-07
   0.293156699E-07   0.326385447E-06   0.335072457E-06   0.462588901E-07
   0.451243949E-07   0.449404098E-06   0.507191658E-06   0.668160780E-07
   0.433081198E-07   0.418685460E-06   0.484955308E-06   0.683677897E-07
   0.395611721E-07   0.367434495E-06   0.435633012E-06   0.618637515E-07
   0.378332459E-07   0.345868358E-06   0.412950016E-06   0.598373049E-07
   0.272025673E-07   0.247234794E-06   0.296965055E-06   0.446966020E-07
   0.164501195E-07   0.147195905E-06   0.178082686E-06   0.269884133E-07
   0.114998375E-07   0.101624103E-06   0.122367865E-06   0.184222628E-07
   0.559677504E-08   0.515201535E-07   0.610399127E-07   0.100019744E-07
   0.205769268E-08   0.188098337E-07   0.226241550E-07   0.378663589E-08
   0.911834386E-09   0.594087224E-08   0.637055386E-08   0.772447661E-09
   0.331281669E-09   0.211409845E-08   0.220722995E-08   0.274757522E-09
   0.577243753E-09   0.498461994E-09  -0.175429293E-08   0.174046971E-09
   0.210494469E-09   0.235267739E-08   0.192275373E-08   0.655486665E-09
   0.139620693E-08   0.333417893E-08  -0.430662978E-09   0.135720413E-08
   0.383332782E-09   0.253364751E-08   0.165880998E-08   0.983111370E-09
   0.134223965E-08   0.475337236E-08   0.124097432E-08   0.193567895E-08
   0.149150015E-08   0.405339096E-08  -0.380982179E-08   0.234231190E-08
   0.119691090E-08   0.382780874E-08  -0.269460165E-08   0.218184959E-08
   0.326594041E-08   0.681275925E-08  -0.672249634E-08   0.352809915E-08
   0.233840702E-08   0.727620897E-08  -0.142753953E-08   0.343867357E-08
   0.306493630E-08   0.533092370E-08  -0.900871466E-08   0.304748204E-08
   0.106068376E-08   0.211842366E-08  -0.503665776E-08   0.146762258E-08
   0.100630770E-08   0.198904293E-08  -0.325384630E-08   0.120850574E-08
   0.145047030E-08   0.204961892E-08  -0.538857492E-08   0.126486654E-08
   0.250815674E-09   0.573156855E-09  -0.443622722E-09   0.294389596E-09
   0.108273494E-09   0.903038824E-10  -0.196775721E-09   0.151349809E-11
   0.634980457E-09   0.726371463E-09  -0.236235942E-08   0.268143147E-09
   0.759025109E-08   0.870213324E-08  -0.307892236E-07   0.461642991E-08
   0.170413976E-07   0.205994635E-07  -0.703995084E-07   0.105321645E-07
   0.319041220E-07   0.378500467E-07  -0.130560693E-06   0.199945305E-07
   0.622925000E-07   0.724743643E-07  -0.250793619E-06   0.382669327E-07
   0.105596030E-06   0.120795121E-06  -0.418222157E-06   0.625560119E-07
   0.166398138E-06   0.188584210E-06  -0.649293668E-06   0.928363377E-07
   0.223555745E-06   0.248464602E-06  -0.854382165E-06   0.122932988E-06
   0.284280901E-06   0.309132275E-06  -0.105830884E-05   0.148032782E-06
   0.315034725E-06   0.335986641E-06  -0.113670160E-05   0.155653751E-06
   0.279905009E-06   0.298061224E-06  -0.973991746E-06   0.131635090E-06
   0.208253752E-06   0.215885393E-06  -0.661858053E-06   0.895416719E-07
   0.130750152E-06   0.130273648E-06  -0.332728774E-06   0.469939820E-07
   0.179512867E-06   0.164213787E-06  -0.445674573E-06   0.596325336E-07
   0.611965504E-06   0.549978608E-06  -0.180678080E-05   0.217519784E-06
   0.186772172E-05   0.170086844E-05  -0.579478774E-05   0.660441913E-06
   0.476524201E-05   0.428565636E-05  -0.147047676E-04   0.159840010E-05
   0.100298284E-04   0.885659210E-05  -0.301544533E-04   0.315616262E-05
   0.192342795E-04   0.167540838E-04  -0.561142770E-04   0.558257170E-05
   0.335380100E-04   0.287307175E-04  -0.941344188E-04   0.894525238E-05
   0.553524878E-04   0.467224309E-04  -0.148831503E-03   0.134327429E-04
   0.871367301E-04   0.725989084E-04  -0.223327443E-03   0.190425235E-04
   0.130638044E-03   0.107566171E-03  -0.316601800E-03   0.255223422E-04
   0.190191509E-03   0.155364032E-03  -0.433397043E-03   0.327237467E-04
   0.269403768E-03   0.218832676E-03  -0.572427234E-03   0.405159699E-04
   0.375079922E-03   0.304134737E-03  -0.737487222E-03   0.486700774E-04
   0.514693966E-03   0.418062031E-03  -0.927740010E-03   0.567744028E-04
   0.703340396E-03   0.573947909E-03  -0.115155813E-02   0.651144874E-04
   0.964651583E-03   0.792377221E-03  -0.142221246E-02   0.735412832E-04
   0.133973954E-02   0.110809028E-02  -0.176372298E-02   0.827944459E-04
   0.190028863E-02   0.158094149E-02  -0.221518916E-02   0.927989386E-04
   0.276383362E-02   0.230826484E-02  -0.282253674E-02   0.103214938E-03
   0.410861243E-02   0.343769556E-02  -0.360740395E-02   0.111086134E-03
   0.614572968E-02   0.514525687E-02  -0.447763503E-02   0.110629284E-03
   0.900006481E-02   0.753748976E-02  -0.509865442E-02   0.944988278E-04
   0.123962313E-01   0.103866523E-01  -0.482312869E-02   0.594591875E-04
   0.153757567E-01   0.128889531E-01  -0.304939738E-02   0.187269325E-04
   0.165957287E-01   0.139146186E-01  -0.998866945E-08   0.000000000E+00
