   0.114652685E-03   0.453881640E-02  -0.120627325E-11   0.000000000E+00
   0.110054178E-03   0.428397674E-02   0.572810473E-03   0.295412292E-05
   0.983044520E-04   0.363255036E-02   0.957804092E-03   0.986650412E-05
   0.836182589E-04   0.283094635E-02   0.109908951E-02   0.170070107E-04
   0.696160787E-04   0.208484707E-02   0.106031599E-02   0.218993591E-04
   0.578164072E-04   0.148672692E-02   0.932451687E-03   0.240893223E-04
   0.481308998E-04   0.104254298E-02   0.777494686E-03   0.240748395E-04
   0.399384298E-04   0.725540565E-03   0.626318913E-03   0.227008240E-04
   0.326825902E-04   0.501937233E-03   0.490257342E-03   0.203175168E-04
   0.260298384E-04   0.343868684E-03   0.371832866E-03   0.172390301E-04
   0.200703689E-04   0.232374354E-03   0.273150741E-03   0.140618949E-04
   0.148223326E-04   0.153195215E-03   0.192552194E-03   0.108728118E-04
   0.104590945E-04   0.980535842E-04   0.130059794E-03   0.800067210E-05
   0.694077380E-05   0.598642146E-04   0.826662654E-04   0.547787886E-05
   0.428450949E-05   0.342895873E-04   0.487325015E-04   0.346254865E-05
   0.245091701E-05   0.181710329E-04   0.264072169E-04   0.201084708E-05
   0.126510145E-05   0.865119091E-05   0.126856139E-04   0.102719252E-05
   0.553951566E-06   0.344467890E-05   0.491138144E-05   0.420665145E-06
   0.200001779E-06   0.111537076E-05   0.138960706E-05   0.127594689E-06
   0.565612694E-07   0.317034875E-06   0.199234108E-06   0.206097663E-07
   0.123789334E-07   0.191307279E-06   0.186524840E-07   0.367621289E-08
   0.126958097E-07   0.272431834E-06   0.194335300E-06   0.207036361E-07
   0.236454376E-07   0.394977519E-06   0.415095911E-06   0.437139462E-07
   0.268981335E-07   0.374299077E-06   0.445780245E-06   0.483353482E-07
   0.297371443E-07   0.371968923E-06   0.468843012E-06   0.522728669E-07
   0.213665317E-07   0.249912830E-06   0.326304757E-06   0.370132263E-07
   0.133610394E-07   0.152190381E-06   0.203075786E-06   0.241936036E-07
   0.827593727E-08   0.935306517E-07   0.126450530E-06   0.160390101E-07
   0.340135031E-08   0.364535033E-07   0.478736553E-07   0.591571103E-08
   0.163602887E-08   0.181912210E-07   0.237899780E-07   0.323226268E-08
   0.208742509E-09   0.252917665E-08   0.318267812E-08   0.587396354E-09
   0.234061711E-10   0.363425345E-09   0.169289666E-09   0.153486043E-09
   0.221061044E-09   0.943045197E-09   0.341785072E-09   0.187682078E-09
   0.286006746E-09   0.211210582E-08   0.309588555E-08   0.335129480E-09
   0.468719008E-09   0.320428062E-08   0.401313871E-08   0.519899790E-09
   0.453223931E-09   0.331763683E-08   0.436115855E-08   0.556630075E-09
   0.418689777E-09   0.229753727E-08   0.271809952E-08   0.295320268E-09
   0.342256889E-09   0.253303423E-08   0.395822219E-08   0.383702375E-09
   0.237089182E-09   0.143096401E-08   0.229828045E-08   0.156144805E-09
   0.274497647E-09   0.159703717E-08   0.192305483E-08   0.233903868E-09
   0.209732232E-09   0.765391306E-09  -0.937223146E-10   0.180451515E-09
   0.122336349E-09   0.530036515E-09   0.209240417E-09   0.107755145E-09
   0.653597801E-10   0.160353356E-09   0.960093186E-10   0.265419891E-10
   0.503110123E-10   0.852755921E-10  -0.289118812E-09   0.551685538E-10
   0.661348060E-10   0.116065872E-09  -0.460275706E-09   0.789568133E-10
   0.984910625E-10   0.349144547E-09  -0.405768308E-09   0.148105223E-09
   0.230517992E-11   0.181259261E-10  -0.182519746E-10   0.112175763E-10
   0.157196908E-09   0.295623998E-09  -0.842808268E-09   0.134320055E-09
   0.105546759E-09   0.160020816E-09  -0.489381646E-09   0.567361332E-10
   0.748295106E-10   0.357790603E-09   0.518807275E-09   0.255516112E-10
   0.139736542E-09   0.293654406E-09  -0.315266535E-09   0.534786937E-10
   0.108221421E-08   0.147407120E-08  -0.673272238E-08   0.913466136E-09
   0.223438690E-08   0.331856964E-08  -0.136715608E-07   0.188404159E-08
   0.202099870E-08   0.317055004E-08  -0.119677699E-07   0.166263892E-08
   0.272481504E-08   0.368846087E-08  -0.168069079E-07   0.227899299E-08
   0.162794056E-08   0.210167683E-08  -0.976725012E-08   0.125578326E-08
   0.204786588E-08   0.304202219E-08  -0.120491714E-07   0.159264213E-08
   0.139363343E-08   0.203135753E-08  -0.807988432E-08   0.103495990E-08
   0.251550503E-09   0.270122841E-09  -0.133579547E-08   0.161326896E-09
   0.142426515E-09   0.364139496E-09  -0.997307903E-09   0.245015813E-09
   0.176758908E-08   0.242506704E-08  -0.996793048E-08   0.156128865E-08
   0.124836737E-07   0.152436108E-07  -0.685458517E-07   0.880151507E-08
   0.343280924E-07   0.410938767E-07  -0.185273763E-06   0.231116797E-07
   0.582317661E-07   0.680552645E-07  -0.305809408E-06   0.369309809E-07
   0.105972809E-06   0.119581742E-06  -0.537491076E-06   0.629137915E-07
   0.172819824E-06   0.190431265E-06  -0.845781699E-06   0.956167412E-07
   0.235546750E-06   0.251950752E-06  -0.109630173E-05   0.120472947E-06
   0.268372304E-06   0.276269304E-06  -0.115463070E-05   0.120819763E-06
   0.269272817E-06   0.264634195E-06  -0.101113903E-05   0.103216941E-06
   0.199010472E-06   0.178431364E-06  -0.513631392E-06   0.531616777E-07
   0.144595560E-06   0.105423865E-06  -0.988391378E-07   0.168281868E-07
   0.283588577E-06   0.202337390E-06  -0.526341182E-06   0.674832989E-07
   0.101508181E-05   0.804290607E-06  -0.350787855E-05   0.347225551E-06
   0.313303349E-05   0.255417899E-05  -0.121316389E-04   0.108036602E-05
   0.725871905E-05   0.584077725E-05  -0.277194176E-04   0.229351372E-05
   0.151082550E-04   0.119540382E-04  -0.558818683E-04   0.429994861E-05
   0.277109630E-04   0.214745960E-04  -0.973970382E-04   0.696928964E-05
   0.472472057E-04   0.359105070E-04  -0.156332637E-03   0.103799866E-04
   0.759062459E-04   0.567551433E-04  -0.234296793E-03   0.143343441E-04
   0.115901363E-03   0.856042097E-04  -0.329612638E-03   0.184696437E-04
   0.170913583E-03   0.125283434E-03  -0.442259072E-03   0.225766398E-04
   0.246289535E-03   0.180048184E-03  -0.572150631E-03   0.264104674E-04
   0.350218295E-03   0.256358180E-03  -0.719864387E-03   0.297671722E-04
   0.493732514E-03   0.362750929E-03  -0.881885237E-03   0.323048407E-04
   0.693626236E-03   0.511792256E-03  -0.105580373E-02   0.336569537E-04
   0.971190399E-03   0.718996569E-03  -0.122854335E-02   0.330889707E-04
   0.134348788E-02   0.996260787E-03  -0.136474601E-02   0.297484203E-04
   0.180620165E-02   0.133991137E-02  -0.138906168E-02   0.229605903E-04
   0.229981262E-02   0.170574698E-02  -0.119323598E-02   0.132622181E-04
   0.269975630E-02   0.200164458E-02  -0.707145839E-03   0.393903565E-05
   0.285693025E-02   0.211787806E-02  -0.198185379E-08   0.000000000E+00
