   0.107466476E-02   0.125056319E-01   0.000000000E+00   0.000000000E+00
   0.104715978E-02   0.121433018E-01   0.377996068E-03   0.864370918E-06
   0.973267772E-03   0.111576868E-01   0.696301286E-03   0.301059481E-05
   0.866829418E-03   0.974959694E-02   0.915768091E-03   0.548897242E-05
   0.748862629E-03   0.817886647E-02   0.102854776E-02   0.726158351E-05
   0.635315198E-03   0.666850246E-02   0.105203583E-02   0.797241137E-05
   0.535543426E-03   0.534474384E-02   0.101391366E-02   0.764700690E-05
   0.453521236E-03   0.426374702E-02   0.942215207E-03   0.678769811E-05
   0.387281936E-03   0.340887089E-02   0.855935097E-03   0.575122431E-05
   0.334547629E-03   0.275241327E-02   0.768616330E-03   0.503774436E-05
   0.292016251E-03   0.224930118E-02   0.686148647E-03   0.443815634E-05
   0.256475148E-03   0.185880228E-02   0.609892770E-03   0.439705900E-05
   0.225887590E-03   0.154965301E-02   0.539890549E-03   0.459121702E-05
   0.198977519E-03   0.130012445E-02   0.476079673E-03   0.487166790E-05
   0.174859568E-03   0.109475874E-02   0.417645060E-03   0.533777984E-05
   0.152809735E-03   0.920192513E-03   0.363225670E-03   0.559331238E-05
   0.132580273E-03   0.769756676E-03   0.312533870E-03   0.567044572E-05
   0.114519811E-03   0.644027663E-03   0.267506024E-03   0.563431968E-05
   0.980697805E-04   0.534175895E-03   0.225973810E-03   0.546715819E-05
   0.834013626E-04   0.440683041E-03   0.189044003E-03   0.500934721E-05
   0.703698170E-04   0.360666454E-03   0.156208334E-03   0.445846399E-05
   0.589261799E-04   0.292723184E-03   0.127450039E-03   0.384875239E-05
   0.490182210E-04   0.236067615E-03   0.102833721E-03   0.327984435E-05
   0.404192433E-04   0.188559716E-03   0.816706961E-04   0.265890162E-05
   0.331117262E-04   0.149071508E-03   0.638559359E-04   0.207229982E-05
   0.269172797E-04   0.116569645E-03   0.490010862E-04   0.155236046E-05
   0.217510515E-04   0.907291760E-04   0.370181697E-04   0.110041344E-05
   0.174858942E-04   0.694727350E-04   0.272444177E-04   0.699073667E-06
   0.140406009E-04   0.534978171E-04   0.198561320E-04   0.429010498E-06
   0.112375783E-04   0.407233456E-04   0.140249358E-04   0.215032529E-06
   0.897552491E-05   0.308903909E-04   0.951588845E-05   0.458739429E-07
   0.719767377E-05   0.232923157E-04   0.620973105E-05  -0.469529766E-07
   0.580243250E-05   0.176288886E-04   0.383594124E-05  -0.913637308E-07
   0.474160061E-05   0.135668824E-04   0.220042125E-05  -0.909960534E-07
   0.393150549E-05   0.104899473E-04   0.107629046E-05  -0.727970288E-07
   0.330913576E-05   0.825381721E-05   0.334954080E-06  -0.317024629E-07
   0.286329600E-05   0.670982536E-05  -0.136165809E-06   0.276819847E-07
   0.253158487E-05   0.549407878E-05  -0.394658656E-06   0.812454459E-07
   0.228334147E-05   0.463182050E-05  -0.544842351E-06   0.136268099E-06
   0.212613031E-05   0.400552335E-05  -0.614302792E-06   0.191471997E-06
   0.203796071E-05   0.355073939E-05  -0.657117539E-06   0.241871703E-06
   0.196808855E-05   0.314072645E-05  -0.661775118E-06   0.273845444E-06
   0.194940617E-05   0.284484872E-05  -0.655170879E-06   0.301737742E-06
   0.196092401E-05   0.257811485E-05  -0.663849903E-06   0.316452031E-06
   0.201724583E-05   0.240328291E-05  -0.668441089E-06   0.323551319E-06
   0.208104279E-05   0.226097950E-05  -0.638570270E-06   0.316613409E-06
   0.215230489E-05   0.211238194E-05  -0.603215710E-06   0.294851020E-06
   0.226369389E-05   0.204551566E-05  -0.561606555E-06   0.269871464E-06
   0.240800136E-05   0.199256920E-05  -0.521946617E-06   0.233354484E-06
   0.255253804E-05   0.198390171E-05  -0.429645780E-06   0.186096614E-06
   0.274873719E-05   0.201416287E-05  -0.348906696E-06   0.136050133E-06
   0.299528187E-05   0.217919455E-05  -0.246040230E-06   0.939886959E-07
   0.332165769E-05   0.237590643E-05  -0.192257318E-06   0.548308101E-07
   0.376032858E-05   0.272490820E-05  -0.179153915E-06   0.346434383E-07
   0.434525236E-05   0.333630464E-05  -0.242428371E-06   0.472631037E-07
   0.518578372E-05   0.407879406E-05  -0.509864549E-06   0.100442996E-06
   0.635120887E-05   0.522554137E-05  -0.103213858E-05   0.222354359E-06
   0.796692257E-05   0.690738943E-05  -0.193853748E-05   0.435441848E-06
   0.103535476E-04   0.928874488E-05  -0.353876408E-05   0.791193486E-06
   0.132971209E-04   0.122668152E-04  -0.555346878E-05   0.125462282E-05
   0.174754041E-04   0.166535883E-04  -0.873461249E-05   0.191736876E-05
   0.227737619E-04   0.219993308E-04  -0.127748763E-04   0.279213577E-05
   0.299001422E-04   0.291785309E-04  -0.183817519E-04   0.391759795E-05
   0.390703353E-04   0.384694176E-04  -0.257091033E-04   0.535969730E-05
   0.503755400E-04   0.497627334E-04  -0.345770422E-04   0.705881757E-05
   0.647014676E-04   0.640500439E-04  -0.457925926E-04   0.915759938E-05
   0.818286499E-04   0.812413491E-04  -0.589507836E-04   0.115450257E-04
   0.103444763E-03   0.102743907E-03  -0.753083077E-04   0.143634024E-04
   0.128763364E-03   0.127897627E-03  -0.937870791E-04   0.174652087E-04
   0.159850082E-03   0.158574636E-03  -0.115874223E-03   0.210112285E-04
   0.196068562E-03   0.194251232E-03  -0.140515986E-03   0.248795659E-04
   0.239162371E-03   0.236610766E-03  -0.168657978E-03   0.289860291E-04
   0.288934360E-03   0.285378832E-03  -0.199345930E-03   0.332259369E-04
   0.346541259E-03   0.341420993E-03  -0.232687642E-03   0.377472898E-04
   0.413288886E-03   0.406049017E-03  -0.268773234E-03   0.422878293E-04
   0.491499028E-03   0.481057359E-03  -0.307836657E-03   0.466978599E-04
   0.583805609E-03   0.568550779E-03  -0.349999958E-03   0.508243938E-04
   0.693421229E-03   0.671120710E-03  -0.395223848E-03   0.547382588E-04
   0.826965203E-03   0.794164021E-03  -0.444920501E-03   0.581364475E-04
   0.992977875E-03   0.944574305E-03  -0.499533489E-03   0.606894864E-04
   0.120446668E-02   0.113351271E-02  -0.560617133E-03   0.625522734E-04
   0.147979974E-02   0.137620745E-02  -0.629306771E-03   0.631339644E-04
   0.183926884E-02   0.169032800E-02  -0.703823811E-03   0.621430518E-04
   0.230934657E-02   0.209894218E-02  -0.780451403E-03   0.591115459E-04
   0.290709501E-02   0.261648442E-02  -0.848157506E-03   0.535820764E-04
   0.363921095E-02   0.325026643E-02  -0.889436575E-03   0.454409383E-04
   0.447124895E-02   0.397126330E-02  -0.877487590E-03   0.348240719E-04
   0.533997640E-02   0.472305343E-02  -0.787841098E-03   0.227638557E-04
   0.611588452E-02   0.539804203E-02  -0.602541957E-03   0.113819278E-04
   0.665827189E-02   0.586947240E-02  -0.328396040E-03   0.306651600E-05
   0.685845688E-02   0.604244694E-02  -0.694362901E-09   0.000000000E+00
