   0.454140782E+00   0.462933159E+01   0.476431353E-06   0.000000000E+00
   0.294860691E+00   0.299855399E+01   0.244132549E+00   0.140508998E-02
   0.110802673E+00   0.111827552E+01   0.182855904E+00   0.210652011E-02
   0.363679379E-01   0.361978382E+00   0.893428847E-01   0.154631748E-02
   0.123213539E-01   0.120115161E+00   0.396572128E-01   0.920398510E-03
   0.456138561E-02   0.433768257E-01   0.176109988E-01   0.516518019E-03
   0.193162833E-02   0.180741940E-01   0.820813142E-02   0.294391444E-03
   0.981027144E-03   0.929325353E-02   0.420981785E-02   0.180439645E-03
   0.605745008E-03   0.599414436E-02   0.249596662E-02   0.123916703E-03
   0.433123176E-03   0.452342257E-02   0.172949012E-02   0.962690829E-04
   0.334534299E-03   0.366014149E-02   0.134489138E-02   0.821728245E-04
   0.265257666E-03   0.300539657E-02   0.110800040E-02   0.731617256E-04
   0.210271246E-03   0.244467985E-02   0.927559391E-03   0.653310417E-04
   0.164325073E-03   0.194772193E-02   0.768821337E-03   0.574684709E-04
   0.126031591E-03   0.151743926E-02   0.625233806E-03   0.493142179E-04
   0.947331209E-04   0.115458900E-02   0.496368739E-03   0.412464688E-04
   0.696579082E-04   0.857424631E-03   0.383468490E-03   0.335109580E-04
   0.501487448E-04   0.622537336E-03   0.288723182E-03   0.264364571E-04
   0.352251664E-04   0.440624659E-03   0.210797094E-03   0.201911680E-04
   0.240691516E-04   0.303738372E-03   0.148963198E-03   0.148448080E-04
   0.159671872E-04   0.203541655E-03   0.101593701E-03   0.105033478E-04
   0.102685262E-04   0.132373738E-03   0.667184795E-04   0.714346515E-05
   0.638923393E-05   0.834171296E-04   0.420823708E-04   0.465507492E-05
   0.382927919E-05   0.509137390E-04   0.254396691E-04   0.289011837E-05
   0.218900209E-05   0.297790739E-04   0.144869327E-04   0.168434963E-05
   0.116069293E-05   0.162337856E-04   0.740138876E-05   0.876240676E-06
   0.588592798E-06   0.846194416E-05   0.349440893E-05   0.413796471E-06
   0.282507500E-06   0.416996545E-05   0.146020579E-05   0.168025764E-06
   0.132620940E-06   0.192672474E-05   0.507860364E-06   0.522605816E-07
   0.751385940E-07   0.911146685E-06   0.193479963E-06   0.126493491E-07
   0.503458111E-07   0.459327168E-06   0.118274997E-06   0.826148128E-08
   0.457116656E-07   0.303649557E-06   0.152557050E-06   0.148556003E-07
   0.467205865E-07   0.253577127E-06   0.189295022E-06   0.171155392E-07
   0.448041675E-07   0.239473820E-06   0.214509356E-06   0.221474679E-07
   0.385663235E-07   0.211240774E-06   0.203119455E-06   0.222391616E-07
   0.346980507E-07   0.194556790E-06   0.189667276E-06   0.215149267E-07
   0.257243578E-07   0.144245689E-06   0.146794051E-06   0.159163704E-07
   0.209915658E-07   0.110559064E-06   0.103304593E-06   0.102379367E-07
   0.152016071E-07   0.800163207E-07   0.749873834E-07   0.732836991E-08
   0.117872938E-07   0.587439608E-07   0.502435498E-07   0.499919528E-08
   0.599610583E-08   0.284423436E-07   0.269492428E-07   0.195801375E-08
   0.525675770E-08   0.194225898E-07   0.124279635E-07   0.102152053E-08
   0.282962431E-08   0.641888276E-08   0.195992489E-08  -0.701936981E-10
   0.141823009E-08   0.399597200E-08   0.540347100E-09   0.367024522E-09
   0.648125498E-09   0.123243460E-08  -0.655534960E-09   0.185062687E-09
   0.579205572E-10   0.436088748E-09   0.217971516E-09   0.142853840E-09
   0.382592541E-09   0.387547772E-09  -0.568134595E-09   0.371217085E-10
   0.216629048E-08   0.246162846E-08  -0.416277102E-08   0.335414918E-09
   0.705720593E-08   0.818991541E-08  -0.157308655E-07   0.182191151E-08
   0.149474602E-07   0.150058170E-07  -0.346524800E-07   0.389576682E-08
   0.208281428E-07   0.198177936E-07  -0.478712181E-07   0.517924992E-08
   0.463658800E-07   0.420006216E-07  -0.113137482E-06   0.149290056E-07
   0.618463005E-07   0.572762922E-07  -0.151125334E-06   0.199663166E-07
   0.831105567E-07   0.780723539E-07  -0.202006092E-06   0.265157460E-07
   0.115084326E-06   0.104824906E-06  -0.281149767E-06   0.403056930E-07
   0.152616010E-06   0.140060436E-06  -0.368521171E-06   0.523185371E-07
   0.173663992E-06   0.157278635E-06  -0.407914371E-06   0.616223232E-07
   0.178583633E-06   0.161055738E-06  -0.384091123E-06   0.572417598E-07
   0.191926986E-06   0.171976026E-06  -0.356872135E-06   0.570666892E-07
   0.205346865E-06   0.182465044E-06  -0.251718973E-06   0.435530083E-07
   0.286669973E-06   0.249208568E-06  -0.169986080E-06   0.330766809E-07
   0.563043670E-06   0.477434924E-06  -0.280727335E-06   0.441065389E-07
   0.125581471E-05   0.104838171E-05  -0.886666498E-06   0.113993778E-06
   0.269249836E-05   0.222420954E-05  -0.240314125E-05   0.287429913E-06
   0.546399588E-05   0.450041489E-05  -0.562314972E-05   0.647809031E-06
   0.106707894E-04   0.874573107E-05  -0.119944307E-04   0.134301513E-05
   0.191911095E-04   0.155783346E-04  -0.221762093E-04   0.240919621E-05
   0.332003474E-04   0.267651194E-04  -0.388173794E-04   0.407694915E-05
   0.550614714E-04   0.440372496E-04  -0.639885329E-04   0.650025459E-05
   0.868974166E-04   0.689473891E-04  -0.985887600E-04   0.966168409E-05
   0.133393565E-03   0.105189043E-03  -0.146970226E-03   0.137947482E-04
   0.198671274E-03   0.155752947E-03  -0.210890779E-03   0.188727772E-04
   0.286788796E-03   0.223495532E-03  -0.290779280E-03   0.247565931E-04
   0.404407416E-03   0.313563476E-03  -0.389932567E-03   0.314673925E-04
   0.554271624E-03   0.427733030E-03  -0.504818803E-03   0.384688356E-04
   0.744958990E-03   0.572442601E-03  -0.639453589E-03   0.459630355E-04
   0.975859584E-03   0.747299346E-03  -0.786799297E-03   0.529386671E-04
   0.124645454E-02   0.951643509E-03  -0.942182378E-03   0.591127719E-04
   0.156078744E-02   0.118878786E-02  -0.111071265E-02   0.650784277E-04
   0.191541214E-02   0.145584985E-02  -0.129599741E-02   0.710599998E-04
   0.232921052E-02   0.176772324E-02  -0.153428502E-02   0.790881895E-04
   0.287752924E-02   0.218243687E-02  -0.192358717E-02   0.937056320E-04
   0.381034426E-02   0.289283111E-02  -0.270602317E-02   0.123733422E-03
   0.588132441E-02   0.448201271E-02  -0.445438689E-02   0.186213307E-03
   0.113082491E-01   0.867209490E-02  -0.849032216E-02   0.310547650E-03
   0.267674550E-01   0.206596684E-01  -0.178844202E-01   0.542537484E-03
   0.730604008E-01   0.566847771E-01  -0.395979844E-01   0.951274589E-03
   0.217219681E+00   0.169176936E+00  -0.878152475E-01   0.156357605E-02
   0.661964118E+00   0.516912043E+00  -0.176934019E+00   0.207839836E-02
   0.174911726E+01   0.136802506E+01  -0.232459441E+00   0.135665142E-02
   0.267891860E+01   0.209634805E+01  -0.100559066E-05   0.000000000E+00
