   0.151360800E-03   0.527612539E-02  -0.916401286E-12   0.000000000E+00
   0.143607394E-03   0.494958460E-02   0.642944942E-03   0.328790202E-05
   0.124124519E-03   0.412671501E-02   0.105252420E-02   0.107499336E-04
   0.100676152E-03   0.314060017E-02   0.117200613E-02   0.179649978E-04
   0.795449159E-04   0.225661881E-02   0.109530811E-02   0.224643081E-04
   0.629419010E-04   0.157518825E-02   0.936454337E-03   0.240807785E-04
   0.504307172E-04   0.108719256E-02   0.764644821E-03   0.236443138E-04
   0.406786130E-04   0.748196209E-03   0.606864982E-03   0.219265548E-04
   0.326613663E-04   0.513942039E-03   0.470608851E-03   0.195354714E-04
   0.257276806E-04   0.351049472E-03   0.355484546E-03   0.166406880E-04
   0.197470963E-04   0.237062879E-03   0.261126290E-03   0.135707214E-04
   0.145585363E-04   0.156695067E-03   0.184519784E-03   0.105157051E-04
   0.102806025E-04   0.100661753E-03   0.125072082E-03   0.776125580E-05
   0.686943031E-05   0.619963103E-04   0.802491195E-04   0.537828919E-05
   0.426449833E-05   0.358810139E-04   0.477103458E-04   0.343138186E-05
   0.245799674E-05   0.193108499E-04   0.261195473E-04   0.199583246E-05
   0.130296075E-05   0.953940071E-05   0.129874361E-04   0.105862830E-05
   0.596424229E-06   0.404232924E-05   0.536667721E-05   0.466796735E-06
   0.226213189E-06   0.140989619E-05   0.166659265E-05   0.155422725E-06
   0.665587265E-07   0.419166611E-06   0.290929393E-06   0.307597254E-07
   0.135040459E-07   0.191300089E-06   0.243585041E-08   0.261870059E-08
   0.101179971E-07   0.242894458E-06   0.139370428E-06   0.148414783E-07
   0.191019005E-07   0.338920955E-06   0.326583432E-06   0.339806299E-07
   0.232631354E-07   0.331299418E-06   0.372566006E-06   0.395394899E-07
   0.235584228E-07   0.301819398E-06   0.365775804E-06   0.409457286E-07
   0.182538411E-07   0.217313257E-06   0.276176820E-06   0.317515330E-07
   0.124814088E-07   0.142810720E-06   0.185195177E-06   0.220462990E-07
   0.688861634E-08   0.778215608E-07   0.102140930E-06   0.128096778E-07
   0.293645597E-08   0.333550751E-07   0.436227090E-07   0.578132031E-08
   0.112880794E-08   0.133835325E-07   0.173554433E-07   0.270814127E-08
   0.226028807E-09   0.274449974E-08   0.340119111E-08   0.597440264E-09
   0.702548505E-10   0.574332748E-09   0.296722202E-09   0.210421985E-09
   0.145651297E-09   0.598378624E-09  -0.690284913E-10   0.168415795E-09
   0.550319623E-09   0.375031961E-08   0.298630454E-08   0.807400147E-09
   0.513764087E-09   0.225011587E-08   0.854567472E-09   0.406220474E-09
   0.313543719E-09   0.183315696E-08   0.210167994E-08   0.248224413E-09
   0.373826220E-09   0.160663427E-08   0.101032449E-08   0.226748356E-09
   0.260518024E-09   0.156117530E-08   0.151340485E-08   0.263517763E-09
   0.119009164E-09   0.631683317E-09   0.982455450E-09   0.457844318E-10
   0.384732329E-09   0.263798894E-08   0.294978064E-08   0.470518180E-09
   0.385846771E-09   0.837298120E-09  -0.139601741E-08   0.262303901E-09
   0.157597477E-09   0.786498866E-09   0.501735320E-09   0.153521862E-09
   0.723215446E-10   0.191276120E-09  -0.110779476E-09   0.389565810E-10
   0.126719163E-09   0.233838421E-09  -0.633868902E-09   0.102363652E-09
   0.307071278E-10   0.901741182E-10  -0.165962577E-09   0.552825077E-10
   0.266869131E-10   0.460800703E-10  -0.175487014E-09   0.307141916E-10
   0.388206654E-11   0.181536470E-10  -0.295862987E-10   0.121098045E-10
   0.378925294E-10   0.926110369E-10   0.482300797E-10   0.161514222E-10
   0.193777369E-09   0.352097185E-09  -0.866017924E-09   0.133855760E-09
   0.293865571E-09   0.313537779E-09  -0.149372292E-08   0.153504903E-09
   0.120295177E-09   0.132772751E-09  -0.636081743E-09   0.695593652E-10
   0.222951074E-09   0.217994303E-09  -0.107741649E-08   0.953179757E-10
   0.269996514E-08   0.361012087E-08  -0.158044529E-07   0.217289942E-08
   0.585750226E-09   0.634003072E-09  -0.300952752E-08   0.308931769E-09
   0.240668463E-08   0.330849126E-08  -0.137836835E-07   0.186180660E-08
   0.184334426E-08   0.223083951E-08  -0.103049702E-07   0.130759970E-08
   0.614708062E-09   0.715593917E-09  -0.328612959E-08   0.373235387E-09
   0.827953095E-09   0.997728455E-09  -0.461879779E-08   0.580846593E-09
   0.333661598E-09   0.533829980E-09  -0.184512383E-08   0.259988198E-09
   0.244429921E-09   0.488282637E-09  -0.147203982E-08   0.337601058E-09
   0.342142492E-08   0.415592538E-08  -0.179372286E-07   0.251807686E-08
   0.129005864E-07   0.152853428E-07  -0.669341205E-07   0.851020587E-08
   0.316594324E-07   0.361905563E-07  -0.160271128E-06   0.200960493E-07
   0.647458620E-07   0.713009456E-07  -0.317022824E-06   0.379316845E-07
   0.121660278E-06   0.131012655E-06  -0.579031791E-06   0.676325982E-07
   0.161793423E-06   0.169126551E-06  -0.736477091E-06   0.830383584E-07
   0.225030945E-06   0.227622991E-06  -0.969638563E-06   0.106230992E-06
   0.266581395E-06   0.259846928E-06  -0.105661388E-05   0.111619492E-06
   0.224043291E-06   0.207551807E-06  -0.739887298E-06   0.750328226E-07
   0.179148046E-06   0.149729956E-06  -0.362851665E-06   0.373919029E-07
   0.154020299E-06   0.105786356E-06  -0.887904648E-07   0.168384542E-07
   0.380061351E-06   0.272975143E-06  -0.808577454E-06   0.939768583E-07
   0.127991302E-05   0.986398049E-06  -0.414991246E-05   0.402012802E-06
   0.357104432E-05   0.278789685E-05  -0.125477300E-04   0.111092606E-05
   0.831987109E-05   0.643541443E-05  -0.292036129E-04   0.239995279E-05
   0.165284018E-04   0.125461811E-04  -0.559176588E-04   0.429210195E-05
   0.298354462E-04   0.222031704E-04  -0.959204626E-04   0.685108535E-05
   0.503585688E-04   0.367895045E-04  -0.152416935E-03   0.101074438E-04
   0.798479523E-04   0.574413352E-04  -0.224769465E-03   0.137644529E-04
   0.121624995E-03   0.865294714E-04  -0.315203099E-03   0.176981284E-04
   0.179562820E-03   0.126904924E-03  -0.423401332E-03   0.216721837E-04
   0.259456865E-03   0.182960401E-03  -0.549121702E-03   0.254835031E-04
   0.370488036E-03   0.261605572E-03  -0.693912909E-03   0.288776864E-04
   0.526643416E-03   0.373100484E-03  -0.857652398E-03   0.317184022E-04
   0.749737956E-03   0.532973965E-03  -0.104345405E-02   0.336106314E-04
   0.106918986E-02   0.761787815E-03  -0.124257547E-02   0.338943682E-04
   0.151220197E-02   0.107809296E-02  -0.141977344E-02   0.314218378E-04
   0.208421075E-02   0.148506579E-02  -0.149059272E-02   0.249408913E-04
   0.271849101E-02   0.193548482E-02  -0.131856848E-02   0.148044555E-04
   0.324715558E-02   0.231041596E-02  -0.797965040E-03   0.448882747E-05
   0.345985428E-02   0.246111164E-02  -0.226852825E-08   0.000000000E+00
