   0.123047791E-01   0.143902048E+00   0.000000000E+00   0.000000000E+00
   0.108560473E-01   0.126962677E+00   0.124893486E-01   0.692275207E-04
   0.769166602E-02   0.899798572E-01   0.173426140E-01   0.191432657E-03
   0.469435519E-02   0.549901575E-01   0.153421937E-01   0.251850754E-03
   0.266569667E-02   0.313375890E-01   0.110685118E-01   0.239668050E-03
   0.150229072E-02   0.177726839E-01   0.733267050E-02   0.196826295E-03
   0.879112224E-03   0.104763564E-01   0.479256641E-02   0.153988789E-03
   0.549220073E-03   0.657342793E-02   0.323533220E-02   0.121677600E-03
   0.367844244E-03   0.439293543E-02   0.229688478E-02   0.100235447E-03
   0.261547189E-03   0.308981701E-02   0.171304448E-02   0.847356205E-04
   0.193312735E-03   0.224311044E-02   0.131961540E-02   0.739806273E-04
   0.145803846E-03   0.165276474E-02   0.103166013E-02   0.642498781E-04
   0.110581830E-03   0.122138194E-02   0.807286822E-03   0.549573924E-04
   0.833857848E-04   0.895964913E-03   0.624662964E-03   0.463748293E-04
   0.620063656E-04   0.648565299E-03   0.474518281E-03   0.378155783E-04
   0.455343979E-04   0.463505159E-03   0.354714051E-03   0.302462249E-04
   0.324823268E-04   0.322689477E-03   0.256378116E-03   0.232340499E-04
   0.226473185E-04   0.219867259E-03   0.180540956E-03   0.172252712E-04
   0.152215716E-04   0.145084618E-03   0.122185374E-03   0.122449328E-04
   0.985660336E-05   0.923159387E-04   0.792928768E-04   0.833568629E-05
   0.609516837E-05   0.563089379E-04   0.489599952E-04   0.539118673E-05
   0.355524776E-05   0.325866567E-04   0.283866048E-04   0.326178338E-05
   0.193945539E-05   0.177318925E-04   0.152784633E-04   0.181501014E-05
   0.975074954E-06   0.895676021E-05   0.749940136E-05   0.928095687E-06
   0.420195960E-06   0.397335543E-05   0.306329252E-05   0.392173320E-06
   0.166445403E-06   0.165029212E-05   0.110317819E-05   0.143743321E-06
   0.516063920E-07   0.622370919E-06   0.276600957E-06   0.396481390E-07
   0.251620271E-07   0.326612053E-06   0.138348057E-06   0.178771540E-07
   0.297268770E-07   0.321082808E-06   0.230429038E-06   0.285629262E-07
   0.393535906E-07   0.367217353E-06   0.338157747E-06   0.438270149E-07
   0.487619438E-07   0.423713516E-06   0.425633630E-06   0.552656800E-07
   0.472270116E-07   0.396425861E-06   0.421299148E-06   0.589607936E-07
   0.424506155E-07   0.345868074E-06   0.374247662E-06   0.516478735E-07
   0.372421738E-07   0.300638874E-06   0.322129978E-06   0.444827037E-07
   0.255918433E-07   0.199575467E-06   0.221118697E-06   0.302933643E-07
   0.166376282E-07   0.120510421E-06   0.126525677E-06   0.155991469E-07
   0.109888774E-07   0.787738443E-07   0.900330122E-07   0.110819673E-07
   0.857720828E-08   0.570659431E-07   0.601775341E-07   0.684814738E-08
   0.466108041E-08   0.258266635E-07   0.257565489E-07   0.226311658E-08
   0.215724349E-08   0.105747526E-07   0.120173684E-07   0.560709978E-09
   0.253343280E-08   0.349735019E-08  -0.336870998E-08  -0.786374924E-10
   0.151746493E-08   0.117748022E-08  -0.329748051E-08   0.465560819E-10
   0.241124543E-08   0.226757790E-08  -0.662857325E-08   0.106106934E-08
   0.238769315E-08   0.387801657E-08  -0.380024812E-08   0.186656490E-08
   0.227551911E-08   0.359922536E-08  -0.545124568E-08   0.202620720E-08
   0.165495906E-08   0.387252763E-08  -0.235859754E-08   0.199662065E-08
   0.282744672E-08   0.583607518E-08  -0.334927952E-08   0.279298762E-08
   0.125684108E-08   0.253321297E-08  -0.278819279E-08   0.138949463E-08
   0.337937706E-09   0.997697702E-09   0.905219344E-09   0.159882427E-09
   0.697013447E-09   0.292649416E-08   0.350832230E-08   0.757068783E-10
   0.229833330E-08   0.356281826E-08  -0.130278277E-08  -0.307111031E-09
   0.593600102E-08   0.731041538E-08  -0.120661898E-07   0.529160382E-09
   0.205288995E-07   0.216546834E-07  -0.639055244E-07   0.803315281E-08
   0.357211469E-07   0.370023514E-07  -0.113214362E-06   0.155390083E-07
   0.590069504E-07   0.615894962E-07  -0.186232782E-06   0.252619987E-07
   0.104110249E-06   0.108540767E-06  -0.330686532E-06   0.481221534E-07
   0.154625468E-06   0.160846113E-06  -0.487286627E-06   0.710908239E-07
   0.194816153E-06   0.199545539E-06  -0.602980265E-06   0.874903634E-07
   0.246438731E-06   0.255150610E-06  -0.755037433E-06   0.107130425E-06
   0.288451901E-06   0.293998795E-06  -0.860390401E-06   0.124243030E-06
   0.291095802E-06   0.295563751E-06  -0.833448439E-06   0.118723221E-06
   0.234884567E-06   0.237230154E-06  -0.611274288E-06   0.896125130E-07
   0.201685296E-06   0.198851978E-06  -0.415026221E-06   0.595690430E-07
   0.202333126E-06   0.189967068E-06  -0.263778162E-06   0.418924557E-07
   0.382309111E-06   0.344647475E-06  -0.501026022E-06   0.724724742E-07
   0.110298038E-05   0.962070771E-06  -0.199359033E-05   0.252290846E-06
   0.277021763E-05   0.241943280E-05  -0.565884329E-05   0.683164274E-06
   0.606511276E-05   0.527049315E-05  -0.128704824E-04   0.148987999E-05
   0.122961847E-04   0.105857689E-04  -0.263219445E-04   0.293922108E-05
   0.222272920E-04   0.188980302E-04  -0.466957063E-04   0.502626563E-05
   0.382310209E-04   0.321710650E-04  -0.783096912E-04   0.810948131E-05
   0.626284527E-04   0.521989568E-04  -0.124144688E-03   0.122687452E-04
   0.972671914E-04   0.804020456E-04  -0.184915101E-03   0.174045690E-04
   0.145594749E-03   0.119368975E-03  -0.263552123E-03   0.236475607E-04
   0.211469436E-03   0.172400047E-03  -0.362582534E-03   0.308315721E-04
   0.299824518E-03   0.243545597E-03  -0.484585034E-03   0.388959124E-04
   0.414659764E-03   0.336263620E-03  -0.627818750E-03   0.475719971E-04
   0.564251270E-03   0.457732647E-03  -0.796937908E-03   0.569923395E-04
   0.758393027E-03   0.617034268E-03  -0.995929237E-03   0.667144413E-04
   0.101087056E-02   0.826292322E-03  -0.122998480E-02   0.772833664E-04
   0.135293358E-02   0.111247413E-02  -0.152574410E-02   0.896521015E-04
   0.183826487E-02   0.152096141E-02  -0.192411826E-02   0.105356085E-03
   0.258175982E-02   0.214776001E-02  -0.251444359E-02   0.126358384E-03
   0.382029940E-02   0.318917888E-02  -0.345937582E-02   0.155928312E-03
   0.602828152E-02   0.503892684E-02  -0.501400977E-02   0.195928849E-03
   0.101354802E-01   0.847170036E-02  -0.751806935E-02   0.244158320E-03
   0.177063607E-01   0.147989271E-01  -0.111293877E-01   0.286161987E-03
   0.307612736E-01   0.257256422E-01  -0.151469009E-01   0.287990406E-03
   0.499223545E-01   0.417953171E-01  -0.168797467E-01   0.211120117E-03
   0.700489506E-01   0.587067939E-01  -0.120450323E-01   0.747147424E-04
   0.791877359E-01   0.663923323E-01  -0.290371389E-07   0.000000000E+00
