   0.901828607E-04   0.437931623E-02   0.788536736E-09   0.000000000E+00
   0.888567520E-04   0.418833923E-02   0.585604459E-03   0.309973075E-05
   0.850940924E-04   0.368181244E-02   0.102233770E-02   0.108124877E-04
   0.797292669E-04   0.301500992E-02   0.124542450E-02   0.197423378E-04
   0.735498470E-04   0.234227767E-02   0.128113048E-02   0.270268429E-04
   0.669461369E-04   0.175637112E-02   0.119492807E-02   0.314794561E-04
   0.599248197E-04   0.128662609E-02   0.104602112E-02   0.328587848E-04
   0.525901924E-04   0.928295427E-03   0.876503065E-03   0.320379841E-04
   0.447631683E-04   0.660433085E-03   0.706036866E-03   0.293920402E-04
   0.368960136E-04   0.463735778E-03   0.550029799E-03   0.256642234E-04
   0.291694432E-04   0.319467043E-03   0.412247027E-03   0.212208779E-04
   0.221008013E-04   0.215061271E-03   0.297320861E-03   0.167612980E-04
   0.158840248E-04   0.139678072E-03   0.204042575E-03   0.125103916E-04
   0.107585556E-04   0.866610571E-04   0.132187706E-03   0.873361296E-05
   0.678967444E-05   0.504655945E-04   0.795953965E-04   0.561755360E-05
   0.395833968E-05   0.271245517E-04   0.439345240E-04   0.329008958E-05
   0.209887162E-05   0.131246688E-04   0.217039869E-04   0.172302362E-05
   0.965867684E-06   0.536191465E-05   0.890872161E-05   0.743536532E-06
   0.379986545E-06   0.179889162E-05   0.285232045E-05   0.248981252E-06
   0.106024537E-06   0.449565619E-06   0.411211232E-06   0.366996815E-07
   0.218638849E-07   0.268137057E-06   0.865399485E-08   0.178213921E-08
   0.203602362E-07   0.426665792E-06   0.306865672E-06   0.321036424E-07
   0.376061493E-07   0.643898545E-06   0.697025541E-06   0.761322809E-07
   0.497683139E-07   0.699773977E-06   0.863828177E-06   0.960946025E-07
   0.498339112E-07   0.627955785E-06   0.832825094E-06   0.962963895E-07
   0.412417300E-07   0.485797671E-06   0.671166333E-06   0.799546314E-07
   0.261953730E-07   0.298006000E-06   0.419264580E-06   0.517261114E-07
   0.162006746E-07   0.180249316E-06   0.253776676E-06   0.326137872E-07
   0.678962353E-08   0.755199991E-07   0.108429170E-06   0.144933541E-07
   0.272038680E-08   0.302122949E-07   0.428819007E-07   0.591241456E-08
   0.721421201E-09   0.929321331E-08   0.126154021E-07   0.220385021E-08
   0.193797214E-09   0.133041178E-08  -0.761891439E-09   0.762768682E-09
   0.582160847E-10   0.312889992E-09   0.662838326E-10   0.123166158E-09
   0.292803587E-09   0.190726901E-08   0.326078964E-08   0.291695418E-09
   0.480277706E-09   0.234844610E-08   0.267946532E-08   0.286716761E-09
   0.911418219E-09   0.489674346E-08   0.462946481E-08   0.841848369E-09
   0.129320810E-08   0.938021216E-08   0.126080009E-07   0.178847415E-08
   0.994669680E-09   0.491090502E-08   0.404979072E-08   0.852713622E-09
   0.922933063E-09   0.656948451E-08   0.857604654E-08   0.129353361E-08
   0.416285534E-09   0.765174479E-09  -0.102655973E-08   0.761303520E-10
   0.169690428E-09   0.118792232E-08   0.210324447E-08   0.192016916E-09
   0.210659948E-09   0.103232600E-08   0.116480281E-08   0.150071830E-09
   0.791247415E-10   0.209065903E-09   0.141195763E-09   0.602064319E-11
   0.287053048E-09   0.555786750E-09  -0.293638475E-09   0.135434206E-09
   0.118435248E-09   0.627095598E-09  -0.103233165E-09   0.224760752E-09
   0.553084106E-10   0.161395050E-09  -0.689013221E-10   0.667567876E-10
   0.690912995E-11   0.322577555E-10   0.471187256E-10   0.442034603E-11
   0.183645182E-09   0.566016345E-09  -0.833985270E-09   0.228190883E-09
   0.808575651E-09   0.155844426E-08  -0.539384271E-08   0.828470959E-09
   0.440904091E-09   0.760899233E-09  -0.238830933E-08   0.293929908E-09
   0.341553813E-09   0.526790611E-09  -0.174564074E-08   0.174019243E-09
   0.271666600E-08   0.462252192E-08  -0.177650819E-07   0.241743847E-08
   0.112234566E-08   0.148595924E-08  -0.710699855E-08   0.785945808E-09
   0.193246730E-08   0.319390425E-08  -0.125284885E-07   0.163671954E-08
   0.361541708E-08   0.543356693E-08  -0.245720617E-07   0.320128102E-08
   0.395766220E-08   0.639595266E-08  -0.271259442E-07   0.368375597E-08
   0.782718335E-09   0.990148963E-09  -0.469886086E-08   0.460665117E-09
   0.214902451E-08   0.301532088E-08  -0.143486112E-07   0.184315740E-08
   0.148880541E-08   0.231305419E-08  -0.103278932E-07   0.140619161E-08
   0.544869316E-09   0.110623910E-08  -0.363161701E-08   0.771901376E-09
   0.557899815E-08   0.827202840E-08  -0.354660550E-07   0.509513987E-08
   0.153817155E-07   0.220494627E-07  -0.964049818E-07   0.127870878E-07
   0.553905437E-07   0.764372530E-07  -0.338348286E-06   0.427349605E-07
   0.109679803E-06   0.148492077E-06  -0.654709538E-06   0.807577720E-07
   0.192774849E-06   0.250939763E-06  -0.110972599E-05   0.132052662E-06
   0.294485176E-06   0.374236549E-06  -0.163282073E-05   0.187923149E-06
   0.370834783E-06   0.456848426E-06  -0.195154530E-05   0.217679286E-06
   0.395017423E-06   0.470019245E-06  -0.191875961E-05   0.207070499E-06
   0.353461104E-06   0.400316878E-06  -0.147883247E-05   0.156949454E-06
   0.255253212E-06   0.262129674E-06  -0.711108328E-06   0.735830952E-07
   0.186930919E-06   0.149588388E-06  -0.125766036E-06   0.248310510E-07
   0.417362173E-06   0.337348723E-06  -0.117891432E-05   0.143884577E-06
   0.144271087E-05   0.129365947E-05  -0.608645314E-05   0.606196636E-06
   0.429512556E-05   0.396071755E-05  -0.195811863E-04   0.177133734E-05
   0.994008042E-05   0.909872142E-05  -0.446177946E-04   0.373813418E-05
   0.199968199E-04   0.179955787E-04  -0.864758258E-04   0.675008278E-05
   0.360279046E-04   0.318107086E-04  -0.148090869E-03   0.107310952E-04
   0.607167967E-04   0.526213371E-04  -0.235722837E-03   0.158621806E-04
   0.951011243E-04   0.811933351E-04  -0.344432454E-03   0.213202929E-04
   0.142696459E-03   0.120492179E-03  -0.478056929E-03   0.271364370E-04
   0.206177283E-03   0.173099354E-03  -0.631093513E-03   0.325941037E-04
   0.290087599E-03   0.243463903E-03  -0.800273323E-03   0.372256436E-04
   0.400747434E-03   0.337672536E-03  -0.980047975E-03   0.407303378E-04
   0.546958472E-03   0.463921373E-03  -0.116543891E-02   0.428209678E-04
   0.739018433E-03   0.631560979E-03  -0.134235655E-02   0.427188315E-04
   0.987424748E-03   0.849516771E-03  -0.148710050E-02   0.399010751E-04
   0.129485037E-02   0.111944112E-02  -0.155794190E-02   0.338922582E-04
   0.164598937E-02   0.142740400E-02  -0.148788444E-02   0.245764222E-04
   0.199177000E-02   0.172999490E-02  -0.120547891E-02   0.133614894E-04
   0.225646771E-02   0.196123519E-02  -0.685518724E-03   0.381260497E-05
   0.235556555E-02   0.204804866E-02  -0.182814708E-08   0.000000000E+00
