   0.204568771E-07   0.141166623E-06   0.000000000E+00   0.000000000E+00
   0.186016589E-07   0.141021189E-06   0.147059115E-09   0.571641597E-13
   0.199965591E-07   0.138308749E-06   0.287413926E-09   0.149506275E-12
   0.186127593E-07   0.139343527E-06   0.435031566E-09   0.294615298E-12
   0.183013338E-07   0.140462376E-06   0.585233473E-09   0.514477458E-12
   0.188295814E-07   0.139489529E-06   0.722738092E-09   0.844270725E-12
   0.197632062E-07   0.135778208E-06   0.842025838E-09   0.115647498E-11
   0.197603285E-07   0.138069709E-06   0.994472615E-09   0.166655513E-11
   0.218464589E-07   0.134132705E-06   0.109405152E-08   0.217223808E-11
   0.202325978E-07   0.134142041E-06   0.123314503E-08   0.261635982E-11
   0.207506670E-07   0.128130566E-06   0.129788147E-08   0.318800130E-11
   0.195051779E-07   0.126439375E-06   0.140437295E-08   0.372006766E-11
   0.196015790E-07   0.126483087E-06   0.151963819E-08   0.457313310E-11
   0.204498196E-07   0.123342659E-06   0.159856839E-08   0.510080216E-11
   0.205869117E-07   0.120788727E-06   0.166724168E-08   0.599783981E-11
   0.227434764E-07   0.124564068E-06   0.182410975E-08   0.722467051E-11
   0.209665103E-07   0.120088472E-06   0.186759919E-08   0.778751803E-11
   0.194841032E-07   0.114878539E-06   0.187793980E-08   0.856582947E-11
   0.211879527E-07   0.113128145E-06   0.193232452E-08   0.952003146E-11
   0.201900541E-07   0.108512353E-06   0.193794802E-08   0.101884126E-10
   0.220475016E-07   0.106422291E-06   0.196282524E-08   0.113448877E-10
   0.221169234E-07   0.104443899E-06   0.200005501E-08   0.122067469E-10
   0.224555912E-07   0.102293122E-06   0.201586237E-08   0.135083316E-10
   0.228147456E-07   0.983547253E-07   0.199207451E-08   0.141415343E-10
   0.223230803E-07   0.962971924E-07   0.200563455E-08   0.152672285E-10
   0.233476651E-07   0.919748615E-07   0.193032146E-08   0.164676762E-10
   0.235622242E-07   0.924465979E-07   0.199827244E-08   0.176197529E-10
   0.246498395E-07   0.850117630E-07   0.181881987E-08   0.181606136E-10
   0.245608511E-07   0.838205736E-07   0.182526882E-08   0.193478705E-10
   0.264304330E-07   0.808232414E-07   0.173683645E-08   0.204207970E-10
   0.258017501E-07   0.786880463E-07   0.171600989E-08   0.212342869E-10
   0.270759006E-07   0.757725189E-07   0.163345726E-08   0.218630929E-10
   0.265322910E-07   0.751350413E-07   0.164730107E-08   0.229360211E-10
   0.272223470E-07   0.740268433E-07   0.160972424E-08   0.242376050E-10
   0.278260011E-07   0.680381618E-07   0.140810696E-08   0.241870361E-10
   0.301409600E-07   0.663034712E-07   0.129580158E-08   0.250510949E-10
   0.275716481E-07   0.628083896E-07   0.126566480E-08   0.246179657E-10
   0.309009316E-07   0.644363780E-07   0.120196753E-08   0.274981600E-10
   0.296250562E-07   0.603602999E-07   0.110897613E-08   0.267000606E-10
   0.320409619E-07   0.600001400E-07   0.101231101E-08   0.277466054E-10
   0.328534284E-07   0.553915420E-07   0.781788190E-09   0.278081655E-10
   0.336567680E-07   0.541421556E-07   0.700553060E-09   0.280676038E-10
   0.343991289E-07   0.548827934E-07   0.700432212E-09   0.288810937E-10
   0.336448380E-07   0.495690067E-07   0.483196205E-09   0.281071780E-10
   0.353461935E-07   0.517949807E-07   0.514437104E-09   0.289360584E-10
   0.393477073E-07   0.511120746E-07   0.274752110E-09   0.300617517E-10
   0.377937681E-07   0.500646671E-07   0.292130153E-09   0.297055783E-10
   0.410425542E-07   0.499839921E-07   0.119124072E-09   0.302002659E-10
   0.438365184E-07   0.492340391E-07  -0.766161995E-10   0.303431759E-10
   0.434756977E-07   0.475941810E-07  -0.152083873E-09   0.296132355E-10
   0.428961826E-07   0.467345522E-07  -0.176113041E-09   0.290767705E-10
   0.464947654E-07   0.492206098E-07  -0.240925613E-09   0.296132355E-10
   0.478508078E-07   0.477639084E-07  -0.418689527E-09   0.291757105E-10
   0.472596291E-07   0.455572007E-07  -0.512484610E-09   0.276608580E-10
   0.514652143E-07   0.470287453E-07  -0.692712498E-09   0.279071037E-10
   0.531724211E-07   0.469346837E-07  -0.820999546E-09   0.275707148E-10
   0.525415729E-07   0.465710244E-07  -0.797044708E-09   0.263680692E-10
   0.543702825E-07   0.481978759E-07  -0.802818645E-09   0.257546536E-10
   0.542535972E-07   0.454675373E-07  -0.987261828E-09   0.241144812E-10
   0.549402905E-07   0.460014213E-07  -0.995529215E-09   0.233757458E-10
   0.602498034E-07   0.491352061E-07  -0.116600773E-08   0.241606526E-10
   0.600751235E-07   0.490814536E-07  -0.112463538E-08   0.225248778E-10
   0.620253857E-07   0.490517351E-07  -0.124669819E-08   0.212342869E-10
   0.623302867E-07   0.483800342E-07  -0.134149158E-08   0.200822102E-10
   0.665526727E-07   0.517860599E-07  -0.136884282E-08   0.199393002E-10
   0.659234587E-07   0.512607237E-07  -0.132084077E-08   0.180858609E-10
   0.674257024E-07   0.519541885E-07  -0.135622913E-08   0.172196042E-10
   0.705269514E-07   0.535870228E-07  -0.145054835E-08   0.167798796E-10
   0.721065305E-07   0.549188641E-07  -0.141383127E-08   0.155200696E-10
   0.714502235E-07   0.541699414E-07  -0.140651146E-08   0.139282683E-10
   0.725115115E-07   0.551052679E-07  -0.136511813E-08   0.130795999E-10
   0.750868452E-07   0.562329241E-07  -0.144076129E-08   0.120352547E-10
   0.788639056E-07   0.589451794E-07  -0.145719226E-08   0.113690724E-10
   0.787273606E-07   0.586518212E-07  -0.140993628E-08   0.100059266E-10
   0.787619783E-07   0.592213141E-07  -0.128910160E-08   0.880987644E-11
   0.834147755E-07   0.619403053E-07  -0.137278811E-08   0.834596801E-11
   0.829139140E-07   0.616244478E-07  -0.130286137E-08   0.722686928E-11
   0.809847833E-07   0.610072775E-07  -0.113760890E-08   0.607699004E-11
   0.876662369E-07   0.649918448E-07  -0.119965449E-08   0.567464218E-11
   0.889680578E-07   0.659853825E-07  -0.112497522E-08   0.470285182E-11
   0.871303385E-07   0.652418706E-07  -0.983267689E-09   0.387397146E-11
   0.880237891E-07   0.655408670E-07  -0.920247711E-09   0.313743302E-11
   0.879624196E-07   0.654685408E-07  -0.835992331E-09   0.245366162E-11
   0.898407109E-07   0.671912730E-07  -0.734355743E-09   0.196556768E-11
   0.899499071E-07   0.670099922E-07  -0.658052557E-09   0.141591231E-11
   0.900982613E-07   0.671536498E-07  -0.556434065E-09   0.995975546E-12
   0.944259000E-07   0.702245870E-07  -0.459625032E-09   0.668380986E-12
   0.911256919E-07   0.679182151E-07  -0.333599925E-09   0.364971183E-12
   0.929736288E-07   0.693129465E-07  -0.228671915E-09   0.162697994E-12
   0.930021073E-07   0.691943356E-07  -0.114878322E-09   0.483696742E-13
   0.919002616E-07   0.684589452E-07   0.000000000E+00   0.000000000E+00
