   0.726840124E-01   0.812157869E+00   0.000000000E+00   0.000000000E+00
   0.594082884E-01   0.663849056E+00   0.336598977E-01   0.190378007E-03
   0.349014327E-01   0.389872044E+00   0.396092907E-01   0.448230392E-03
   0.170115232E-01   0.189709067E+00   0.289797541E-01   0.492030871E-03
   0.773879746E-02   0.857995823E-01   0.174873099E-01   0.395677489E-03
   0.355116744E-02   0.387762897E-01   0.981084909E-02   0.276394334E-03
   0.174532877E-02   0.184742324E-01   0.546514289E-02   0.183000157E-03
   0.966704974E-03   0.974255148E-02   0.316799083E-02   0.121708363E-03
   0.619274564E-03   0.589351449E-02   0.198627892E-02   0.842670634E-04
   0.450129184E-03   0.408382202E-02   0.137356087E-02   0.629834758E-04
   0.354752992E-03   0.312424498E-02   0.104065717E-02   0.510387072E-04
   0.290424825E-03   0.252208533E-02   0.840149645E-03   0.438772659E-04
   0.240025809E-03   0.207654899E-02   0.700542121E-03   0.389645284E-04
   0.197615358E-03   0.171214540E-02   0.590356241E-03   0.350016126E-04
   0.160580123E-03   0.139733963E-02   0.494541542E-03   0.311148469E-04
   0.128718544E-03   0.112696202E-02   0.409971050E-03   0.273072437E-04
   0.101692982E-03   0.895852980E-03   0.334873737E-03   0.236677843E-04
   0.787182798E-04   0.698916207E-03   0.267635565E-03   0.198443668E-04
   0.600756830E-04   0.536682899E-03   0.210062222E-03   0.164396806E-04
   0.449829859E-04   0.404539460E-03   0.161217380E-03   0.132016339E-04
   0.331393385E-04   0.299405423E-03   0.121063204E-03   0.103842922E-04
   0.239782585E-04   0.217577777E-03   0.888803988E-04   0.795416781E-05
   0.169248287E-04   0.154978115E-03   0.635010510E-04   0.587073055E-05
   0.116758165E-04   0.107799584E-03   0.439800897E-04   0.419143907E-05
   0.794645712E-05   0.731114924E-04   0.295347163E-04   0.292007053E-05
   0.521705442E-05   0.484461198E-04   0.190981500E-04   0.193240112E-05
   0.339019516E-05   0.313537748E-04   0.119758479E-04   0.123981727E-05
   0.213947510E-05   0.197978061E-04   0.718888123E-05   0.760243665E-06
   0.130925696E-05   0.119427377E-04   0.398977681E-05   0.423848860E-06
   0.783393432E-06   0.711740677E-05   0.212028158E-05   0.226779065E-06
   0.465069377E-06   0.407359448E-05   0.101981300E-05   0.106501361E-06
   0.274370819E-06   0.229709417E-05   0.444958857E-06   0.450621869E-07
   0.167141593E-06   0.125776796E-05   0.162182005E-06   0.140148417E-07
   0.103934070E-06   0.747170759E-06   0.759273888E-07   0.834654834E-08
   0.729344123E-07   0.445132486E-06   0.511509519E-07   0.714611970E-08
   0.556766118E-07   0.321005530E-06   0.682003218E-07   0.952335544E-08
   0.448640272E-07   0.251087869E-06   0.860460645E-07   0.140890455E-07
   0.356353134E-07   0.212099025E-06   0.981104549E-07   0.174380101E-07
   0.279491790E-07   0.175797311E-06   0.946519876E-07   0.177328729E-07
   0.220842491E-07   0.149632271E-06   0.882831728E-07   0.185169267E-07
   0.151425166E-07   0.116294913E-06   0.667398368E-07   0.181160971E-07
   0.109659197E-07   0.941169844E-07   0.513561780E-07   0.185380031E-07
   0.825110824E-08   0.707583041E-07   0.314042410E-07   0.180190831E-07
   0.742922701E-08   0.554844455E-07   0.146180890E-07   0.179802502E-07
   0.112844738E-07   0.501587749E-07   0.711655401E-09   0.194172003E-07
   0.152735815E-07   0.418592734E-07  -0.169738872E-07   0.191004883E-07
   0.256063153E-07   0.423405915E-07  -0.445881660E-07   0.218279173E-07
   0.354194789E-07   0.406046006E-07  -0.686653365E-07   0.206501465E-07
   0.550894619E-07   0.544519523E-07  -0.963809370E-07   0.257670791E-07
   0.753840226E-07   0.646615703E-07  -0.128865693E-06   0.263570072E-07
   0.863087806E-07   0.696238658E-07  -0.135249849E-06   0.255780037E-07
   0.121291365E-06   0.936082785E-07  -0.181663410E-06   0.308655892E-07
   0.137176912E-06   0.100840985E-06  -0.180164037E-06   0.268014979E-07
   0.166310443E-06   0.117980328E-06  -0.188455758E-06   0.259025921E-07
   0.195310733E-06   0.134530097E-06  -0.169586286E-06   0.216193516E-07
   0.240064736E-06   0.161444930E-06  -0.138507943E-06   0.143632217E-07
   0.329926081E-06   0.223738809E-06  -0.103413491E-06   0.676075640E-08
   0.493419634E-06   0.345702063E-06  -0.102323177E-06   0.584183635E-08
   0.829392889E-06   0.604181935E-06  -0.209219735E-06   0.202877928E-07
   0.151564916E-05   0.115184582E-05  -0.614510441E-06   0.768307657E-07
   0.259697390E-05   0.199812348E-05  -0.129541502E-05   0.170971674E-06
   0.472465126E-05   0.366262611E-05  -0.295337827E-05   0.393772495E-06
   0.802583054E-05   0.627705003E-05  -0.564494076E-05   0.745622287E-06
   0.131845945E-04   0.103107805E-04  -0.992183959E-05   0.129429714E-05
   0.210891212E-04   0.164898975E-04  -0.165878300E-04   0.211722704E-05
   0.326505251E-04   0.254146053E-04  -0.261978148E-04   0.328195938E-05
   0.492675208E-04   0.383341685E-04  -0.399676901E-04   0.487094030E-05
   0.726595608E-04   0.563156027E-04  -0.588534895E-04   0.697801624E-05
   0.104319726E-03   0.805312957E-04  -0.835531246E-04   0.963459206E-05
   0.145765167E-03   0.112133304E-03  -0.114499497E-03   0.128168003E-04
   0.200199982E-03   0.153478686E-03  -0.153563247E-03   0.166138725E-04
   0.270330522E-03   0.206537996E-03  -0.201679795E-03   0.210645758E-04
   0.358078891E-03   0.272778678E-03  -0.258812332E-03   0.259829303E-04
   0.464011275E-03   0.352306786E-03  -0.323228451E-03   0.312193733E-04
   0.592826749E-03   0.448869687E-03  -0.397520518E-03   0.367911125E-04
   0.745962490E-03   0.563124777E-03  -0.480710383E-03   0.426075094E-04
   0.923398882E-03   0.695315248E-03  -0.571707613E-03   0.481709540E-04
   0.112846878E-02   0.847337826E-03  -0.672368507E-03   0.537128908E-04
   0.136874989E-02   0.102469081E-02  -0.789220736E-03   0.596378050E-04
   0.166066957E-02   0.123905146E-02  -0.935966440E-03   0.664114777E-04
   0.205950835E-02   0.153091457E-02  -0.115020690E-02   0.748483653E-04
   0.269611715E-02   0.199574977E-02  -0.150852068E-02   0.887189890E-04
   0.389693049E-02   0.287379720E-02  -0.216874480E-02   0.112179172E-03
   0.644142181E-02   0.473938417E-02  -0.343664386E-02   0.151431785E-03
   0.121881794E-01   0.896691531E-02  -0.588447647E-02   0.216232744E-03
   0.255165175E-01   0.187986456E-01  -0.104917884E-01   0.313287397E-03
   0.563504100E-01   0.415945537E-01  -0.185991153E-01   0.436021364E-03
   0.124585286E+00   0.921269357E-01  -0.307316165E-01   0.533560407E-03
   0.256659895E+00   0.190059930E+00  -0.420173109E-01   0.482823525E-03
   0.438666791E+00   0.325115293E+00  -0.357936993E-01   0.204798242E-03
   0.537598491E+00   0.398550987E+00  -0.103527384E-06   0.000000000E+00
