   0.315976048E+01   0.288496094E+02   0.000000000E+00   0.000000000E+00
   0.159103775E+01   0.145024300E+02   0.101338720E+01   0.603029365E-02
   0.418770015E+00   0.379626703E+01   0.536445618E+00   0.641155243E-02
   0.109922789E+00   0.985740483E+00   0.213212252E+00   0.386011414E-02
   0.323272720E-01   0.284473687E+00   0.844636410E-01   0.207489775E-02
   0.106498245E-01   0.910308808E-01   0.347483233E-01   0.110082806E-02
   0.400945824E-02   0.330958813E-01   0.150215942E-01   0.597989769E-03
   0.184271368E-02   0.149623100E-01   0.703009870E-02   0.345510198E-03
   0.109501369E-02   0.915647019E-02   0.377575960E-02   0.222353148E-03
   0.807089091E-03   0.715465192E-02   0.245027011E-02   0.163398712E-03
   0.664426305E-03   0.622627093E-02   0.189102953E-02   0.135267765E-03
   0.564770948E-03   0.552320620E-02   0.161526888E-02   0.120341771E-03
   0.477117399E-03   0.481820572E-02   0.142613007E-02   0.109872024E-03
   0.396046904E-03   0.410428038E-02   0.125848455E-02   0.998337637E-04
   0.321153086E-03   0.340170949E-02   0.108812924E-02   0.893472243E-04
   0.254790619E-03   0.274643349E-02   0.917258498E-03   0.786212913E-04
   0.197948248E-03   0.217217044E-02   0.756811758E-03   0.671445159E-04
   0.150544438E-03   0.167847087E-02   0.607647875E-03   0.559847686E-04
   0.111664922E-03   0.126405852E-02   0.472268614E-03   0.451723463E-04
   0.815898966E-04   0.936095952E-03   0.360177481E-03   0.357982499E-04
   0.581652530E-04   0.677209639E-03   0.266566727E-03   0.273649130E-04
   0.407111656E-04   0.480952091E-03   0.192817373E-03   0.204725584E-04
   0.277137915E-04   0.332549651E-03   0.134574177E-03   0.147201681E-04
   0.185456320E-04   0.224935255E-03   0.913988042E-04   0.102891172E-04
   0.120264540E-04   0.148069099E-03   0.597188773E-04   0.689830540E-05
   0.758770057E-05   0.948190063E-04   0.375174277E-04   0.442930286E-05
   0.464597224E-05   0.590487616E-04   0.226033917E-04   0.270519877E-05
   0.272588272E-05   0.350709852E-04   0.125759325E-04   0.152274151E-05
   0.159799151E-05   0.204681419E-04   0.679475079E-05   0.820748824E-06
   0.881067706E-06   0.114045288E-04   0.329467025E-05   0.394839930E-06
   0.501592467E-06   0.611189762E-05   0.145788658E-05   0.161133457E-06
   0.309158139E-06   0.314697218E-05   0.573375928E-06   0.428892868E-07
   0.193506480E-06   0.156731653E-05   0.190386842E-06  -0.134702405E-08
   0.135930762E-06   0.823255448E-06   0.105639025E-06  -0.766385710E-08
   0.101197116E-06   0.485112878E-06   0.118920077E-06  -0.422798012E-10
   0.823699082E-07   0.314042296E-06   0.149532696E-06   0.112404503E-07
   0.677188368E-07   0.245009034E-06   0.171065054E-06   0.149199373E-07
   0.629991987E-07   0.225251952E-06   0.197234073E-06   0.218964349E-07
   0.481869122E-07   0.195541332E-06   0.187358310E-06   0.252667558E-07
   0.356933327E-07   0.157902448E-06   0.148042574E-06   0.221355663E-07
   0.266543303E-07   0.134679098E-06   0.129897089E-06   0.227233627E-07
   0.162771379E-07   0.964517710E-07   0.883439313E-07   0.194470644E-07
   0.105193081E-07   0.683418193E-07   0.602409642E-07   0.180841866E-07
   0.487757612E-08   0.469999684E-07   0.321891669E-07   0.148330068E-07
   0.542165335E-08   0.372210849E-07   0.137863889E-07   0.164775091E-07
   0.810158785E-08   0.262631730E-07  -0.204220321E-07   0.165778804E-07
   0.174324892E-07   0.325073231E-07  -0.452709230E-07   0.208292583E-07
   0.310501846E-07   0.412357117E-07  -0.869385346E-07   0.238448319E-07
   0.395421189E-07   0.457718379E-07  -0.103940735E-06   0.247533141E-07
   0.627565342E-07   0.655933405E-07  -0.155960421E-06   0.319310764E-07
   0.867200285E-07   0.858924594E-07  -0.206447211E-06   0.384965446E-07
   0.108932511E-06   0.105546818E-06  -0.243853094E-06   0.402634939E-07
   0.147244833E-06   0.138425065E-06  -0.318749386E-06   0.527529700E-07
   0.171908198E-06   0.157976842E-06  -0.340528032E-06   0.558960025E-07
   0.189278865E-06   0.168072887E-06  -0.304802711E-06   0.518126839E-07
   0.223710288E-06   0.197569847E-06  -0.249540051E-06   0.437643983E-07
   0.295981266E-06   0.257314241E-06  -0.161418768E-06   0.318050546E-07
   0.457565704E-06   0.404466590E-06  -0.102192736E-06   0.285178761E-07
   0.880583173E-06   0.795313326E-06  -0.215266411E-06   0.441070895E-07
   0.172480088E-05   0.154903148E-05  -0.656409156E-06   0.983417152E-07
   0.341953887E-05   0.306885886E-05  -0.192417087E-05   0.256941348E-06
   0.638606025E-05   0.574494834E-05  -0.445197202E-05   0.562992966E-06
   0.116818410E-04   0.103903376E-04  -0.926227858E-05   0.114181319E-05
   0.204355365E-04   0.181836403E-04  -0.177298007E-04   0.212022269E-05
   0.342374078E-04   0.302564531E-04  -0.309797215E-04   0.360443801E-05
   0.550623918E-04   0.484904376E-04  -0.508303092E-04   0.572070985E-05
   0.867188064E-04   0.759088070E-04  -0.806164244E-04   0.881092274E-05
   0.131568464E-03   0.114436763E-03  -0.120992569E-03   0.128002030E-04
   0.194846696E-03   0.168703802E-03  -0.176161659E-03   0.179311719E-04
   0.280542561E-03   0.241596732E-03  -0.246576732E-03   0.241106045E-04
   0.395881711E-03   0.339182356E-03  -0.336507364E-03   0.315253674E-04
   0.545700546E-03   0.465332589E-03  -0.445652462E-03   0.398267402E-04
   0.736100192E-03   0.624832814E-03  -0.574541802E-03   0.487440375E-04
   0.974436873E-03   0.823760231E-03  -0.724405283E-03   0.580845444E-04
   0.126044289E-02   0.106109912E-02  -0.887781382E-03   0.669370347E-04
   0.159526174E-02   0.133732008E-02  -0.106094347E-02   0.749299725E-04
   0.197120220E-02   0.164575502E-02  -0.123488880E-02   0.810342244E-04
   0.237833662E-02   0.197686488E-02  -0.140503224E-02   0.852366138E-04
   0.279749720E-02   0.231395080E-02  -0.156967598E-02   0.874983962E-04
   0.321078813E-02   0.264000567E-02  -0.174622273E-02   0.896039201E-04
   0.363806752E-02   0.296994345E-02  -0.200928329E-02   0.965844010E-04
   0.421275431E-02   0.341503089E-02  -0.254954700E-02   0.115717317E-03
   0.542150903E-02   0.438256189E-02  -0.383060239E-02   0.165875783E-03
   0.880591571E-02   0.717773614E-02  -0.695119053E-02   0.279573345E-03
   0.191068090E-01   0.158337727E-01  -0.145209683E-01   0.516022323E-03
   0.514910929E-01   0.433015041E-01  -0.330031998E-01   0.988086220E-03
   0.158332869E+00   0.134427354E+00  -0.790708214E-01   0.189646380E-02
   0.541513383E+00   0.462387443E+00  -0.197012603E+00   0.353286252E-02
   0.205847216E+01   0.176367772E+01  -0.488933861E+00   0.582491374E-02
   0.773007917E+01   0.663530207E+01  -0.907336414E+00   0.539265713E-02
   0.151843529E+02   0.130415840E+02  -0.381983864E-05   0.000000000E+00
