   0.153708737E-03   0.556877907E-02   0.000000000E+00   0.000000000E+00
   0.147586645E-03   0.526930206E-02   0.682825281E-03   0.356937403E-05
   0.131769484E-03   0.450074906E-02   0.114992470E-02   0.120495724E-04
   0.111838439E-03   0.354014756E-02   0.133125426E-02   0.208893507E-04
   0.927520232E-04   0.263491576E-02   0.129675644E-02   0.271940935E-04
   0.766331796E-04   0.189681607E-02   0.115003891E-02   0.301367727E-04
   0.635525357E-04   0.134440593E-02   0.967667787E-03   0.304692003E-04
   0.526593612E-04   0.945418084E-03   0.786667573E-03   0.289014533E-04
   0.432663655E-04   0.661033439E-03   0.622722262E-03   0.261982568E-04
   0.348308131E-04   0.458991446E-03   0.479757116E-03   0.227719811E-04
   0.271932531E-04   0.314627890E-03   0.358124205E-03   0.188243612E-04
   0.204767530E-04   0.211633655E-03   0.258239364E-03   0.148895024E-04
   0.147593591E-04   0.138433330E-03   0.178586779E-03   0.111745776E-04
   0.100927800E-04   0.870507065E-04   0.117273514E-03   0.792399715E-05
   0.655182657E-05   0.523335220E-04   0.730524480E-04   0.529954059E-05
   0.393913433E-05   0.293399444E-04   0.419218668E-04   0.322977030E-05
   0.211685210E-05   0.146880902E-04   0.211583720E-04   0.174005277E-05
   0.105921697E-05   0.674974854E-05   0.973578699E-05   0.847552485E-06
   0.441269236E-06   0.254328916E-05   0.347073842E-05   0.319852774E-06
   0.144968553E-06   0.764891240E-06   0.788928389E-06   0.795747965E-07
   0.317967341E-07   0.255044199E-06   0.160028595E-07   0.489097252E-08
   0.123659252E-07   0.261201450E-06   0.891910830E-07   0.111535527E-07
   0.199499848E-07   0.385837524E-06   0.331989355E-06   0.357955017E-07
   0.302310603E-07   0.457948858E-06   0.502170224E-06   0.556947199E-07
   0.361011558E-07   0.474299554E-06   0.569879148E-06   0.650000800E-07
   0.303537284E-07   0.364145819E-06   0.457061873E-06   0.528897530E-07
   0.220837961E-07   0.254598604E-06   0.333080322E-06   0.410109635E-07
   0.156579478E-07   0.175047035E-06   0.230233823E-06   0.292142026E-07
   0.735227612E-08   0.821155197E-07   0.109864203E-06   0.148703894E-07
   0.354109875E-08   0.400653377E-07   0.526761994E-07   0.746795958E-08
   0.781086695E-09   0.993037741E-08   0.125050352E-07   0.230093478E-08
   0.181065593E-09   0.264668443E-08   0.306421977E-08   0.613955164E-09
   0.699832137E-10   0.498543429E-09  -0.765845581E-10   0.241132614E-09
   0.105354017E-09   0.499258745E-09   0.875303496E-09   0.503412173E-10
   0.315943188E-09   0.149248858E-08   0.796164468E-09   0.284066326E-09
   0.631050934E-09   0.455686244E-08   0.532564837E-08   0.855350568E-09
   0.365327379E-09   0.253690668E-08   0.378466991E-08   0.369589359E-09
   0.490727514E-09   0.252192534E-08   0.211497131E-08   0.410054629E-09
   0.464102590E-09   0.275229128E-08   0.342016415E-08   0.396070593E-09
   0.324153870E-09   0.189674698E-08   0.286777224E-08   0.215684026E-09
   0.365986907E-09   0.182658533E-08   0.152788060E-08   0.302150971E-09
   0.491835850E-09   0.162409952E-08  -0.120476285E-08   0.503743269E-09
   0.909764486E-10   0.393706900E-09   0.479984164E-09   0.301617134E-10
   0.154564278E-09   0.632127906E-09   0.970375225E-09   0.819273052E-10
   0.267048848E-10   0.161700861E-09   0.199676508E-10   0.529182531E-10
   0.243166931E-09   0.384011517E-09  -0.153703028E-08   0.234413045E-09
   0.777961376E-10   0.144954354E-09  -0.432020614E-09   0.723492585E-10
   0.108921566E-09   0.143885875E-09  -0.643676723E-09   0.917207144E-10
   0.549731538E-09   0.649542309E-09  -0.305294812E-08   0.376101622E-09
   0.177545301E-08   0.269838552E-08  -0.106370317E-07   0.151134449E-08
   0.254162830E-09   0.398979350E-09  -0.869037231E-09   0.809868908E-10
   0.164629022E-08   0.223575181E-08  -0.969745351E-08   0.127343536E-08
   0.212696416E-08   0.272268208E-08  -0.122392203E-07   0.170687198E-08
   0.175624193E-08   0.228111574E-08  -0.102252491E-07   0.131521061E-08
   0.270294787E-08   0.377867604E-08  -0.159198699E-07   0.212404139E-08
   0.225376895E-08   0.346424311E-08  -0.129862237E-07   0.178278603E-08
   0.130450939E-08   0.167705372E-08  -0.758648877E-08   0.980902137E-09
   0.776047004E-09   0.140579370E-08  -0.465787053E-08   0.744901085E-09
   0.849953372E-10   0.189397206E-09  -0.542456302E-09   0.136207406E-09
   0.258140376E-08   0.355371133E-08  -0.145355417E-07   0.209305284E-08
   0.108604299E-07   0.140294816E-07  -0.594941056E-07   0.789262167E-08
   0.276663048E-07   0.346052538E-07  -0.148235728E-06   0.195603516E-07
   0.592258154E-07   0.713010948E-07  -0.307758114E-06   0.390815806E-07
   0.119352904E-06   0.140803110E-06  -0.605195169E-06   0.745629620E-07
   0.183026629E-06   0.210707896E-06  -0.896932363E-06   0.106707297E-06
   0.239834662E-06   0.266968669E-06  -0.111918121E-05   0.130022585E-06
   0.321678300E-06   0.348502994E-06  -0.141460032E-05   0.157910634E-06
   0.326109472E-06   0.340173528E-06  -0.128874967E-05   0.137629229E-06
   0.251962035E-06   0.246361907E-06  -0.774307466E-06   0.801254316E-07
   0.180190042E-06   0.151174476E-06  -0.239471177E-06   0.281896320E-07
   0.226843326E-06   0.163657219E-06  -0.290065003E-06   0.441433450E-07
   0.713661336E-06   0.574484261E-06  -0.221992991E-05   0.242476375E-06
   0.224289215E-05   0.187956664E-05  -0.840080793E-05   0.811759946E-06
   0.567738107E-05   0.476290597E-05  -0.217487122E-04   0.194143763E-05
   0.119870529E-04   0.991614161E-05  -0.447630082E-04   0.373521380E-05
   0.230289970E-04   0.187289443E-04  -0.827713011E-04   0.642581062E-05
   0.399737946E-04   0.319103347E-04  -0.136158269E-03   0.986908526E-05
   0.655275871E-04   0.514416315E-04  -0.210034312E-03   0.141256132E-04
   0.101798738E-03   0.788835387E-04  -0.304135057E-03   0.188414542E-04
   0.151563348E-03   0.116375319E-03  -0.417043339E-03   0.237393506E-04
   0.219295689E-03   0.167712453E-03  -0.549153192E-03   0.284594389E-04
   0.311387179E-03   0.238182620E-03  -0.701016921E-03   0.328490605E-04
   0.436837261E-03   0.335375575E-03  -0.870990276E-03   0.365301385E-04
   0.608785893E-03   0.469956984E-03  -0.105653354E-02   0.392311013E-04
   0.847284158E-03   0.657670840E-03  -0.125641352E-02   0.405542487E-04
   0.117459276E-02   0.915585901E-03  -0.145236484E-02   0.395813222E-04
   0.160824123E-02   0.125679513E-02  -0.160129240E-02   0.354772565E-04
   0.214031758E-02   0.167429575E-02  -0.161622430E-02   0.270597102E-04
   0.269861845E-02   0.211163401E-02  -0.137619011E-02   0.154487880E-04
   0.314827519E-02   0.246364949E-02  -0.810906698E-03   0.457014175E-05
   0.332157011E-02   0.259908778E-02  -0.192373228E-08   0.000000000E+00
