   0.717270281E-02   0.907613039E-01   0.000000000E+00   0.000000000E+00
   0.641424535E-02   0.811850354E-01   0.820997544E-02   0.449617910E-04
   0.470672222E-02   0.596503504E-01   0.117895100E-01   0.128601663E-03
   0.300779380E-02   0.382145345E-01   0.108988890E-01   0.176575937E-03
   0.179118745E-02   0.228628181E-01   0.823653303E-02   0.176864254E-03
   0.105658418E-02   0.135482466E-01   0.571116759E-02   0.152123539E-03
   0.643362582E-03   0.826362241E-02   0.389082800E-02   0.124501545E-03
   0.415333459E-03   0.530161383E-02   0.272076554E-02   0.102171274E-03
   0.284948706E-03   0.357760536E-02   0.198089122E-02   0.860494038E-04
   0.205692195E-03   0.251493254E-02   0.149772794E-02   0.740495962E-04
   0.153254528E-03   0.181240425E-02   0.115816505E-02   0.644917673E-04
   0.115928349E-03   0.132100040E-02   0.902688364E-03   0.557442472E-04
   0.878404826E-04   0.963118044E-03   0.700459408E-03   0.477118956E-04
   0.661221129E-04   0.697916548E-03   0.537378888E-03   0.396919386E-04
   0.488959267E-04   0.498403911E-03   0.403346552E-03   0.319055507E-04
   0.354042822E-04   0.349068054E-03   0.295124453E-03   0.250097146E-04
   0.250477970E-04   0.239567918E-03   0.210423794E-03   0.189789334E-04
   0.171233587E-04   0.159470568E-03   0.144472360E-03   0.137258203E-04
   0.112375137E-04   0.102348720E-03   0.949406531E-04   0.949121386E-05
   0.707751678E-05   0.631199000E-04   0.596325117E-04   0.623890128E-05
   0.424411746E-05   0.373101757E-04   0.356120254E-04   0.389353045E-05
   0.236262963E-05   0.204927146E-04   0.195751254E-04   0.222862604E-05
   0.117910417E-05   0.102091244E-04   0.955226369E-05   0.113359999E-05
   0.544784996E-06   0.471075373E-05   0.424998143E-05   0.523610993E-06
   0.203899631E-06   0.182699432E-05   0.146196851E-05   0.186697491E-06
   0.639897522E-07   0.651681319E-06   0.388021817E-06   0.532058557E-07
   0.240676350E-07   0.292192254E-06   0.135290946E-06   0.173912387E-07
   0.231060469E-07   0.270140646E-06   0.190807739E-06   0.247189078E-07
   0.341358231E-07   0.343725816E-06   0.322644070E-06   0.445863506E-07
   0.431800089E-07   0.399992501E-06   0.416670304E-06   0.597395982E-07
   0.466821284E-07   0.413219112E-06   0.448440716E-06   0.643546656E-07
   0.435373053E-07   0.375996876E-06   0.412670715E-06   0.584626747E-07
   0.353224365E-07   0.296458381E-06   0.325627866E-06   0.451087097E-07
   0.258240540E-07   0.213077612E-06   0.239673341E-06   0.340901707E-07
   0.178164097E-07   0.144023488E-06   0.163702254E-06   0.232200552E-07
   0.114518546E-07   0.911048659E-07   0.979617738E-07   0.138376341E-07
   0.709968884E-08   0.534240598E-07   0.622750704E-07   0.813498247E-08
   0.450946569E-08   0.276958154E-07   0.270757425E-07   0.311700110E-08
   0.278713785E-08   0.931076727E-08   0.441054926E-08   0.446153975E-09
   0.753833107E-09   0.220094054E-08   0.216763207E-08  -0.167413985E-09
   0.630568098E-09   0.459830396E-09  -0.103280928E-08  -0.205205263E-10
   0.289440760E-08   0.281272761E-08  -0.773561215E-08   0.133924360E-08
   0.654460708E-09   0.202365813E-08  -0.104209052E-08   0.108763165E-08
   0.214621632E-08   0.355506735E-08  -0.515999599E-08   0.197770578E-08
   0.307894177E-08   0.621563068E-08  -0.471086814E-08   0.310234460E-08
   0.367707842E-08   0.670216016E-08  -0.712652248E-08   0.350720830E-08
   0.235095499E-08   0.461069982E-08  -0.667377753E-08   0.277561396E-08
   0.208328199E-08   0.457759031E-08  -0.271975598E-08   0.224627450E-08
   0.988645499E-09   0.392434574E-08   0.300083425E-08   0.118929777E-08
   0.509180531E-09   0.128225874E-08   0.274808731E-09   0.419652035E-09
   0.931482114E-09   0.195777417E-08   0.234384867E-08  -0.540251663E-10
   0.212519158E-08   0.298434544E-08  -0.288726376E-08  -0.534852787E-10
   0.759735563E-08   0.769149189E-08  -0.237130831E-07   0.253293608E-08
   0.169231065E-07   0.183414173E-07  -0.576142689E-07   0.806634581E-08
   0.316245092E-07   0.334409833E-07  -0.107089818E-06   0.155602002E-07
   0.601195111E-07   0.639993303E-07  -0.203291521E-06   0.296482554E-07
   0.103668100E-06   0.112226019E-06  -0.350716988E-06   0.510273352E-07
   0.156548211E-06   0.165470496E-06  -0.520642743E-06   0.761013652E-07
   0.212426016E-06   0.223528772E-06  -0.697625637E-06   0.101453018E-06
   0.255151434E-06   0.266554622E-06  -0.822585321E-06   0.118522230E-06
   0.284195437E-06   0.291489698E-06  -0.887796944E-06   0.127159097E-06
   0.284835153E-06   0.289294860E-06  -0.850884589E-06   0.118340523E-06
   0.241028005E-06   0.241520155E-06  -0.656349300E-06   0.934110744E-07
   0.167408842E-06   0.163949281E-06  -0.348468205E-06   0.502988406E-07
   0.188839095E-06   0.170700361E-06  -0.268885231E-06   0.390507751E-07
   0.481300674E-06   0.421049890E-06  -0.891128195E-06   0.116303823E-06
   0.134979814E-05   0.117965419E-05  -0.296338430E-05   0.361936657E-06
   0.337735833E-05   0.292691470E-05  -0.786385499E-05   0.921425283E-06
   0.736408492E-05   0.633395439E-05  -0.173607041E-04   0.196075916E-05
   0.142523331E-04   0.121439634E-04  -0.331779775E-04   0.358125521E-05
   0.257213178E-04   0.216737317E-04  -0.584590925E-04   0.604977822E-05
   0.438426978E-04   0.365676970E-04  -0.965867730E-04   0.954492225E-05
   0.702115940E-04   0.578588733E-04  -0.148342588E-03   0.140319144E-04
   0.108479231E-03   0.885667177E-04  -0.218884612E-03   0.196687779E-04
   0.160935015E-03   0.130434841E-03  -0.307917799E-03   0.261710120E-04
   0.231870727E-03   0.186839548E-03  -0.418036681E-03   0.336167723E-04
   0.325765141E-03   0.261689100E-03  -0.550072757E-03   0.416435323E-04
   0.449225772E-03   0.360555743E-03  -0.706460734E-03   0.504256313E-04
   0.610958610E-03   0.491454965E-03  -0.890414463E-03   0.594472294E-04
   0.824731193E-03   0.666118518E-03  -0.110914756E-02   0.693949114E-04
   0.111239334E-02   0.903773238E-03  -0.137499161E-02   0.801746501E-04
   0.151974952E-02   0.124271552E-02  -0.172467041E-02   0.933429474E-04
   0.213152752E-02   0.175312243E-02  -0.222004042E-02   0.109901332E-03
   0.311894878E-02   0.257536862E-02  -0.297545968E-02   0.131939087E-03
   0.481358031E-02   0.398134999E-02  -0.416587107E-02   0.160865166E-03
   0.781295076E-02   0.646223873E-02  -0.598450424E-02   0.192692271E-03
   0.130759319E-01   0.108115626E-01  -0.846959371E-02   0.216436849E-03
   0.216527116E-01   0.179066285E-01  -0.110015664E-01   0.208525831E-03
   0.335380994E-01   0.277563985E-01  -0.117300805E-01   0.146644234E-03
   0.454008766E-01   0.376035310E-01  -0.809138175E-02   0.501569411E-04
   0.506253317E-01   0.419460684E-01  -0.223206804E-07   0.000000000E+00
