   0.365353946E-03   0.493757147E-02   0.000000000E+00   0.000000000E+00
   0.360252132E-03   0.484113302E-02   0.151353903E-03   0.135090730E-06
   0.344659085E-03   0.456309319E-02   0.286048336E-03   0.473165102E-06
   0.322017411E-03   0.415571546E-02   0.392126618E-03   0.861290232E-06
   0.295170816E-03   0.367154973E-02   0.463918055E-03   0.111965414E-05
   0.268048228E-03   0.317428308E-02   0.503216288E-03   0.111212341E-05
   0.242193317E-03   0.270515331E-02   0.515326974E-03   0.103391903E-05
   0.219117923E-03   0.228773803E-02   0.507756951E-03   0.745547879E-06
   0.198542344E-03   0.192904263E-02   0.486701523E-03   0.550906009E-06
   0.180481904E-03   0.162872381E-02   0.457567541E-03   0.436148383E-06
   0.164320212E-03   0.137978117E-02   0.424241007E-03   0.532021090E-06
   0.149470419E-03   0.117195921E-02   0.388690969E-03   0.752673145E-06
   0.135586670E-03   0.997158117E-03   0.352382951E-03   0.119461447E-05
   0.122446101E-03   0.848573400E-03   0.316361780E-03   0.149726520E-05
   0.109974040E-03   0.721559511E-03   0.281410408E-03   0.173103820E-05
   0.981131161E-04   0.611660129E-03   0.247685792E-03   0.207959783E-05
   0.869369687E-04   0.516233384E-03   0.215792577E-03   0.228892463E-05
   0.763197095E-04   0.431690481E-03   0.185333251E-03   0.229219768E-05
   0.665401967E-04   0.359426893E-03   0.157607414E-03   0.211845372E-05
   0.576211678E-04   0.297440478E-03   0.132554851E-03   0.201835223E-05
   0.495430759E-04   0.243935705E-03   0.110034045E-03   0.175970581E-05
   0.423260499E-04   0.198569862E-03   0.902259490E-04   0.148418042E-05
   0.358579236E-04   0.160401643E-03   0.728691884E-04   0.120268112E-05
   0.301779673E-04   0.128216823E-03   0.578783984E-04   0.876894887E-06
   0.252994396E-04   0.101767168E-03   0.453126777E-04   0.565898802E-06
   0.211378137E-04   0.801280912E-04   0.349087677E-04   0.315836843E-06
   0.175753321E-04   0.628507041E-04   0.264071823E-04   0.120282593E-06
   0.145449394E-04   0.486223944E-04   0.193903998E-04  -0.443031105E-07
   0.120835030E-04   0.378427721E-04   0.140410293E-04  -0.157893069E-06
   0.100301741E-04   0.291563356E-04   0.975701823E-05  -0.241068449E-06
   0.836186337E-05   0.226358825E-04   0.647294564E-05  -0.289352357E-06
   0.701777390E-05   0.176839767E-04   0.414153192E-05  -0.278478893E-06
   0.595398114E-05   0.139030899E-04   0.243058821E-05  -0.255545757E-06
   0.510232485E-05   0.111901481E-04   0.125998031E-05  -0.199406088E-06
   0.445200294E-05   0.916629961E-05   0.438199947E-06  -0.137341360E-06
   0.394676135E-05   0.762574018E-05  -0.865345626E-07  -0.707916570E-07
   0.356553778E-05   0.655034773E-05  -0.412334316E-06   0.405300238E-08
   0.327458088E-05   0.570022712E-05  -0.605819594E-06   0.698643348E-07
   0.309062125E-05   0.510803511E-05  -0.732742933E-06   0.142526247E-06
   0.294306960E-05   0.457480019E-05  -0.765346726E-06   0.194960478E-06
   0.284251382E-05   0.416796502E-05  -0.774271257E-06   0.243148463E-06
   0.282812516E-05   0.388444687E-05  -0.791327977E-06   0.285856146E-06
   0.282097722E-05   0.354919325E-05  -0.802997249E-06   0.309427975E-06
   0.283442614E-05   0.331885758E-05  -0.769664098E-06   0.324606759E-06
   0.287550347E-05   0.308221115E-05  -0.748198659E-06   0.326079771E-06
   0.294088909E-05   0.291434981E-05  -0.707668505E-06   0.316889185E-06
   0.306802599E-05   0.280796144E-05  -0.694681432E-06   0.307491320E-06
   0.313507076E-05   0.259992771E-05  -0.631912371E-06   0.267234526E-06
   0.327172097E-05   0.253013104E-05  -0.562672540E-06   0.232538270E-06
   0.341394502E-05   0.252278232E-05  -0.442091078E-06   0.190070324E-06
   0.357957333E-05   0.252614018E-05  -0.327108552E-06   0.143072612E-06
   0.376071648E-05   0.252529480E-05  -0.206421575E-06   0.900079442E-07
   0.400165163E-05   0.267565747E-05  -0.802522351E-07   0.509561353E-07
   0.429716056E-05   0.290469166E-05   0.273925416E-07   0.215395648E-07
   0.469416500E-05   0.330179728E-05   0.801700892E-07   0.155018114E-07
   0.526480335E-05   0.377607489E-05  -0.355903396E-07   0.457938789E-07
   0.601545344E-05   0.459799958E-05  -0.276448503E-06   0.122891663E-06
   0.705732191E-05   0.571557894E-05  -0.789036733E-06   0.270023037E-06
   0.855919643E-05   0.728948407E-05  -0.172520299E-05   0.509564074E-06
   0.105920199E-04   0.935064782E-05  -0.313231089E-05   0.859212946E-06
   0.133585499E-04   0.122524352E-04  -0.521616539E-05   0.134552386E-05
   0.169410723E-04   0.160075506E-04  -0.801025817E-05   0.197482655E-05
   0.216799908E-04   0.208960009E-04  -0.118030084E-04   0.278938705E-05
   0.277607342E-04   0.271911158E-04  -0.167330254E-04   0.378683512E-05
   0.354182666E-04   0.347749046E-04  -0.228430363E-04   0.506697734E-05
   0.449943436E-04   0.445378973E-04  -0.305140984E-04   0.651568007E-05
   0.570788325E-04   0.565988048E-04  -0.399998862E-04   0.823969458E-05
   0.717141156E-04   0.709712840E-04  -0.511393264E-04   0.102605518E-04
   0.889893272E-04   0.881320011E-04  -0.639462742E-04   0.124244580E-04
   0.110173831E-03   0.108830245E-03  -0.790758568E-04   0.148733470E-04
   0.134652495E-03   0.132674017E-03  -0.957387820E-04   0.174828074E-04
   0.163417702E-03   0.160544078E-03  -0.114395734E-03   0.202534284E-04
   0.197369955E-03   0.193161555E-03  -0.135184309E-03   0.231068789E-04
   0.236882741E-03   0.230762409E-03  -0.157774644E-03   0.259882308E-04
   0.281788525E-03   0.273240323E-03  -0.181478259E-03   0.287836065E-04
   0.333341653E-03   0.321400556E-03  -0.206220415E-03   0.315426114E-04
   0.393234368E-03   0.376710203E-03  -0.232198785E-03   0.339338840E-04
   0.463181204E-03   0.440328644E-03  -0.259134045E-03   0.359607220E-04
   0.543981965E-03   0.512732542E-03  -0.286020659E-03   0.374456031E-04
   0.639925885E-03   0.597313803E-03  -0.313245459E-03   0.383237966E-04
   0.755024492E-03   0.697110780E-03  -0.340259809E-03   0.383166407E-04
   0.893930905E-03   0.816096202E-03  -0.366223598E-03   0.374628253E-04
   0.106223440E-02   0.958295714E-03  -0.389927154E-03   0.355014890E-04
   0.126414502E-02   0.112831139E-02  -0.408055959E-03   0.324241482E-04
   0.150059070E-02   0.132568961E-02  -0.416348572E-03   0.279901378E-04
   0.176731101E-02   0.154787523E-02  -0.409410626E-03   0.226150096E-04
   0.204802281E-02   0.178205245E-02  -0.379875099E-03   0.165428210E-04
   0.232036272E-02   0.200851308E-02  -0.322836451E-03   0.103695456E-04
   0.255357870E-02   0.220427779E-02  -0.236882915E-03   0.502674220E-05
   0.271091168E-02   0.233437796E-02  -0.125712730E-03   0.131939385E-05
   0.276841503E-02   0.238233153E-02  -0.386886634E-09   0.000000000E+00
