   0.682311191E-03   0.144616785E-01   0.000000000E+00   0.000000000E+00
   0.629142975E-03   0.133100217E-01   0.156428025E-02   0.810029087E-05
   0.501901319E-03   0.105505083E-01   0.241916766E-02   0.249925615E-04
   0.361060520E-03   0.748765189E-02   0.248263450E-02   0.384056912E-04
   0.247415912E-03   0.499737915E-02   0.212022127E-02   0.438140196E-04
   0.169683088E-03   0.327234948E-02   0.167186628E-02   0.432125526E-04
   0.119793243E-03   0.215516170E-02   0.128516241E-02   0.401943726E-04
   0.879832442E-04   0.144743768E-02   0.989489257E-03   0.364322223E-04
   0.665472253E-04   0.990886474E-03   0.765195175E-03   0.324679495E-04
   0.510737518E-04   0.687520951E-03   0.591320044E-03   0.284246635E-04
   0.391208123E-04   0.479703594E-03   0.452287000E-03   0.242886927E-04
   0.295275768E-04   0.333538628E-03   0.339518097E-03   0.199966416E-04
   0.216834924E-04   0.228485209E-03   0.247443677E-03   0.159207430E-04
   0.154534409E-04   0.153649409E-03   0.174876914E-03   0.121084386E-04
   0.105451027E-04   0.999763142E-04   0.118258147E-03   0.876813920E-05
   0.683783082E-05   0.623115993E-04   0.759194663E-04   0.600559724E-05
   0.419448588E-05   0.369386471E-04   0.460394149E-04   0.385834801E-05
   0.238368489E-05   0.203476247E-04   0.257938755E-04   0.228615090E-05
   0.123530322E-05   0.102290287E-04   0.131102970E-04   0.121954008E-05
   0.571857242E-06   0.456629277E-05   0.589560113E-05   0.574413718E-06
   0.219221945E-06   0.166409961E-05   0.214767374E-05   0.219708625E-06
   0.641664357E-07   0.458423244E-06   0.568071925E-06   0.619275369E-07
   0.152469894E-07   0.117723268E-06   0.119698342E-06   0.131352129E-07
   0.105482574E-07   0.127474806E-06   0.126310198E-06   0.149636321E-07
   0.205330970E-07   0.227680104E-06   0.261218133E-06   0.301656655E-07
   0.259613842E-07   0.274717110E-06   0.329801878E-06   0.417322816E-07
   0.270451803E-07   0.274726801E-06   0.337407982E-06   0.434865051E-07
   0.226822809E-07   0.224379036E-06   0.276114150E-06   0.355307819E-07
   0.155522741E-07   0.152015815E-06   0.190481856E-06   0.259419490E-07
   0.111031477E-07   0.108828353E-06   0.133861903E-06   0.185762250E-07
   0.633120179E-08   0.625765040E-07   0.775080835E-07   0.113162697E-07
   0.264858846E-08   0.271588210E-07   0.330512719E-07   0.522430055E-08
   0.927765864E-09   0.107137179E-07   0.124508031E-07   0.252946242E-08
   0.316219995E-09   0.242960474E-08   0.242269449E-08   0.714554138E-09
   0.851279741E-10   0.439851350E-09   0.359261301E-10   0.204042519E-09
   0.161932467E-09   0.325680566E-09  -0.559325031E-09   0.104531078E-09
   0.284732404E-09   0.159574687E-08   0.142457612E-08   0.224632243E-09
   0.355063479E-09   0.292841773E-08   0.364992281E-08   0.497917041E-09
   0.256222821E-09   0.205689998E-08   0.264693734E-08   0.337602474E-09
   0.586029114E-09   0.426768132E-08   0.523216448E-08   0.654172660E-09
   0.389886512E-09   0.297908631E-08   0.419727009E-08   0.511288678E-09
   0.106191500E-09   0.751172957E-09   0.798082045E-09   0.126810534E-09
   0.385772525E-09   0.363070529E-08   0.455123939E-08   0.732844008E-09
   0.379162986E-10   0.408339612E-09   0.312160936E-09   0.151274229E-09
   0.116534560E-09   0.115582233E-08   0.132739408E-08   0.305892478E-09
   0.384842519E-09   0.626956209E-09  -0.168823733E-08   0.400235928E-09
   0.103683978E-09   0.272604911E-09  -0.622604857E-09   0.171532483E-09
   0.185233906E-08   0.217232077E-08  -0.799462807E-08   0.133564571E-08
   0.231049113E-08   0.266359734E-08  -0.103704512E-07   0.164962521E-08
   0.173176795E-08   0.211075313E-08  -0.828528712E-08   0.124368094E-08
   0.192067584E-08   0.209179385E-08  -0.862796945E-08   0.122064914E-08
   0.917684817E-09   0.105663800E-08  -0.391744903E-08   0.631281583E-09
   0.147288204E-08   0.167500835E-08  -0.649932597E-08   0.817026946E-09
   0.243958720E-08   0.293724023E-08  -0.111260912E-07   0.151770274E-08
   0.633099351E-09   0.639469699E-09  -0.266816058E-08   0.315725474E-09
   0.114688070E-08   0.126003141E-08  -0.500836039E-08   0.638990971E-09
   0.296886737E-09   0.335750511E-09  -0.135302547E-08   0.201567249E-09
   0.140641432E-08   0.184865390E-08  -0.675864742E-08   0.118230148E-08
   0.914027964E-08   0.102885389E-07  -0.404701090E-07   0.598624617E-08
   0.254154653E-07   0.287892146E-07  -0.112475121E-06   0.158357842E-07
   0.497977481E-07   0.541912009E-07  -0.214359986E-06   0.296083336E-07
   0.831005877E-07   0.881348043E-07  -0.349680420E-06   0.467507704E-07
   0.134502983E-06   0.140109194E-06  -0.554513122E-06   0.714755899E-07
   0.185284250E-06   0.188461954E-06  -0.744439831E-06   0.937211766E-07
   0.213193530E-06   0.212124121E-06  -0.831759166E-06   0.102352047E-06
   0.211161534E-06   0.206092608E-06  -0.794122229E-06   0.953085646E-07
   0.151585454E-06   0.144866547E-06  -0.537287463E-06   0.645810800E-07
   0.946280210E-07   0.870013963E-07  -0.293505622E-06   0.346346170E-07
   0.104953223E-06   0.901007269E-07  -0.317634544E-06   0.374739528E-07
   0.384568466E-06   0.324420597E-06  -0.129083742E-05   0.139135935E-06
   0.140556551E-05   0.118038975E-05  -0.478495122E-05   0.484971167E-06
   0.379554172E-05   0.312793009E-05  -0.125991892E-04   0.121250946E-05
   0.834909315E-05   0.673528439E-05  -0.267371579E-04   0.245420051E-05
   0.163693694E-04   0.129411037E-04  -0.503491574E-04   0.437162953E-05
   0.294360216E-04   0.227807668E-04  -0.864511967E-04   0.710245195E-05
   0.488594014E-04   0.370912858E-04  -0.136136994E-03   0.105170438E-04
   0.774315486E-04   0.577531500E-04  -0.203397314E-03   0.147451310E-04
   0.117444251E-03   0.863451278E-04  -0.288568641E-03   0.195418634E-04
   0.171618332E-03   0.124808808E-03  -0.390377274E-03   0.245544343E-04
   0.245454168E-03   0.177265552E-03  -0.511442544E-03   0.297835686E-04
   0.346609333E-03   0.249648263E-03  -0.654250674E-03   0.349534857E-04
   0.486278033E-03   0.350512535E-03  -0.820507121E-03   0.401126854E-04
   0.686297833E-03   0.496235793E-03  -0.102212385E-02   0.452614731E-04
   0.983836944E-03   0.713980349E-03  -0.127825595E-02   0.507133518E-04
   0.144174392E-02   0.104904792E-02  -0.161408749E-02   0.559706568E-04
   0.216076802E-02   0.157351280E-02  -0.204906659E-02   0.601274260E-04
   0.326862605E-02   0.237885490E-02  -0.254564197E-02   0.603434564E-04
   0.485345209E-02   0.352828228E-02  -0.292287674E-02   0.519935966E-04
   0.679441262E-02   0.493542571E-02  -0.280502113E-02   0.332342352E-04
   0.852997135E-02   0.619364204E-02  -0.179446966E-02   0.105971649E-04
   0.925374683E-02   0.671874126E-02  -0.567412517E-08   0.000000000E+00
