   0.860636006E-03   0.171733405E-01   0.373834874E-08   0.000000000E+00
   0.788257807E-03   0.157146901E-01   0.182773976E-02   0.946452747E-05
   0.617578509E-03   0.122651784E-01   0.277913408E-02   0.287042676E-04
   0.432994857E-03   0.852409843E-02   0.278493739E-02   0.430261207E-04
   0.288568350E-03   0.557340821E-02   0.231947773E-02   0.475698107E-04
   0.192083680E-03   0.358004379E-02   0.178308669E-02   0.459040966E-04
   0.132236630E-03   0.232692901E-02   0.134410046E-02   0.418991949E-04
   0.951494949E-04   0.154879491E-02   0.102011324E-02   0.374276206E-04
   0.709415035E-04   0.105566601E-02   0.782519055E-03   0.332111376E-04
   0.539310095E-04   0.731228909E-03   0.602348533E-03   0.288728115E-04
   0.410993161E-04   0.510230137E-03   0.460576906E-03   0.246563741E-04
   0.308681701E-04   0.354361197E-03   0.345281907E-03   0.204099761E-04
   0.226896318E-04   0.243435468E-03   0.252676226E-03   0.162607048E-04
   0.162289452E-04   0.164312281E-03   0.179647439E-03   0.125236320E-04
   0.111504814E-04   0.107654130E-03   0.122566868E-03   0.912477844E-05
   0.730387683E-05   0.677848657E-04   0.796365057E-04   0.632488718E-05
   0.450526522E-05   0.404031016E-04   0.486140634E-04   0.409380800E-05
   0.262542426E-05   0.228491317E-04   0.279833766E-04   0.247546814E-05
   0.140065811E-05   0.118418066E-04   0.146864586E-04   0.136972312E-05
   0.656577186E-06   0.537337246E-05   0.670468989E-05   0.655895633E-06
   0.270175263E-06   0.212201326E-05   0.264873370E-05   0.271762758E-06
   0.860056133E-07   0.646776584E-06   0.776170964E-06   0.844577599E-07
   0.219967689E-07   0.172516962E-06   0.175305516E-06   0.221378169E-07
   0.949911882E-08   0.109354318E-06   0.100197624E-06   0.129765683E-07
   0.163344644E-07   0.188235092E-06   0.205738175E-06   0.257187178E-07
   0.234900241E-07   0.247677718E-06   0.289942108E-06   0.353383882E-07
   0.261054716E-07   0.263601748E-06   0.318292166E-06   0.404181471E-07
   0.225092496E-07   0.226056855E-06   0.271328219E-06   0.357240175E-07
   0.179353759E-07   0.175610566E-06   0.216425889E-06   0.297389970E-07
   0.119503083E-07   0.115534981E-06   0.142955741E-06   0.198808987E-07
   0.747997575E-08   0.734825676E-07   0.901814019E-07   0.132190907E-07
   0.336902040E-08   0.341715136E-07   0.415887591E-07   0.666742395E-08
   0.160328695E-08   0.157340523E-07   0.192894802E-07   0.332249028E-08
   0.399159206E-09   0.470835637E-08   0.480011852E-08   0.104507747E-08
   0.890110069E-10   0.873092321E-09   0.221086885E-09   0.384225624E-09
   0.405260582E-10   0.227916880E-09   0.308587218E-10   0.713874029E-10
   0.160232647E-09   0.840029990E-09   0.522105748E-09   0.138040190E-09
   0.282569607E-09   0.227832930E-08   0.294366687E-08   0.369232200E-09
   0.188011454E-09   0.125739119E-08   0.156865554E-08   0.161398228E-09
   0.172952541E-09   0.833104141E-09   0.114704712E-08   0.386412742E-10
   0.597694061E-09   0.362203956E-08   0.245314613E-08   0.694739932E-09
   0.162349342E-09   0.863071059E-09   0.893835395E-09   0.974107253E-10
   0.263647160E-09   0.152835122E-08   0.188494953E-08   0.329058031E-09
   0.534320144E-09   0.179805204E-08   0.107404829E-08   0.526377053E-09
   0.400306177E-09   0.900340635E-09  -0.679417578E-09   0.413045209E-09
   0.222462396E-09   0.684689916E-09  -0.334427513E-09   0.334036493E-09
   0.851443360E-09   0.145440215E-08  -0.203212336E-08   0.698744507E-09
   0.501425346E-09   0.746154138E-09  -0.190326244E-08   0.446714110E-09
   0.992902649E-09   0.123915034E-08  -0.470388795E-08   0.773371089E-09
   0.546012568E-09   0.600681449E-09  -0.237764275E-08   0.345796780E-09
   0.208799333E-08   0.244967979E-08  -0.956355795E-08   0.142274048E-08
   0.134363987E-08   0.146452095E-08  -0.590633453E-08   0.843067394E-09
   0.127022681E-08   0.145603241E-08  -0.555445645E-08   0.740133621E-09
   0.312675086E-08   0.316356386E-08  -0.131917419E-07   0.175822679E-08
   0.635223540E-09   0.573023462E-09  -0.246853782E-08   0.276422579E-09
   0.439984472E-10   0.998360283E-10  -0.178108361E-09   0.418117901E-10
   0.812865553E-09   0.107868725E-08  -0.370296083E-08   0.705351277E-09
   0.382768661E-08   0.446344650E-08  -0.169483627E-07   0.266228950E-08
   0.128614994E-07   0.144732910E-07  -0.557150912E-07   0.833669755E-08
   0.281276886E-07   0.305072945E-07  -0.118873295E-06   0.168405130E-07
   0.611069737E-07   0.647961542E-07  -0.253251130E-06   0.347097959E-07
   0.973948957E-07   0.100566524E-06  -0.394298297E-06   0.524163752E-07
   0.144035482E-06   0.146850340E-06  -0.572598822E-06   0.740538582E-07
   0.179162839E-06   0.178214435E-06  -0.693134950E-06   0.881627003E-07
   0.197030573E-06   0.192934081E-06  -0.741071972E-06   0.909893529E-07
   0.197856934E-06   0.189140593E-06  -0.713313057E-06   0.864533263E-07
   0.144921614E-06   0.135602988E-06  -0.485853491E-06   0.582960027E-07
   0.834681444E-07   0.751188551E-07  -0.236753564E-06   0.293371887E-07
   0.130980425E-06   0.108306693E-06  -0.374254199E-06   0.431427161E-07
   0.551730182E-06   0.462993285E-06  -0.179413223E-05   0.191618241E-06
   0.174178956E-05   0.143779130E-05  -0.564882521E-05   0.569890290E-06
   0.439268433E-05   0.356082046E-05  -0.138902815E-04   0.133246124E-05
   0.960467241E-05   0.762806258E-05  -0.293607372E-04   0.268011286E-05
   0.184599012E-04   0.143615107E-04  -0.541536356E-04   0.468933104E-05
   0.323039676E-04   0.246278323E-04  -0.903508117E-04   0.741296253E-05
   0.535397994E-04   0.400440913E-04  -0.142010496E-03   0.109984821E-04
   0.839020067E-04   0.617715632E-04  -0.209549529E-03   0.151923050E-04
   0.126048282E-03   0.915618657E-04  -0.293818448E-03   0.199052374E-04
   0.184049932E-03   0.132383313E-03  -0.396858901E-03   0.250011472E-04
   0.262308953E-03   0.187598023E-03  -0.517468783E-03   0.301632153E-04
   0.369940477E-03   0.264008122E-03  -0.660614693E-03   0.355559714E-04
   0.520055473E-03   0.371672475E-03  -0.830873207E-03   0.408069864E-04
   0.736025395E-03   0.527736149E-03  -0.104006962E-02   0.464539917E-04
   0.106088049E-02   0.763329212E-03  -0.131264399E-02   0.525183750E-04
   0.157004921E-02   0.113220338E-02  -0.168263121E-02   0.589747506E-04
   0.238613831E-02   0.172131194E-02  -0.217915839E-02   0.646899061E-04
   0.367979985E-02   0.265185861E-02  -0.277544325E-02   0.664610125E-04
   0.557852210E-02   0.401451066E-02  -0.326682464E-02   0.585720372E-04
   0.797160342E-02   0.573124923E-02  -0.320818275E-02   0.381906211E-04
   0.101704942E-01   0.730942376E-02  -0.208849879E-02   0.123896980E-04
   0.110999858E-01   0.797691755E-02  -0.665431044E-08   0.000000000E+00
