   0.118857410E-03   0.207394501E-02   0.147012610E-10   0.000000000E+00
   0.118422024E-03   0.205082004E-02   0.623390661E-04  -0.360592054E-07
   0.116889154E-03   0.198132009E-02   0.120627774E-03  -0.148993095E-06
   0.114482471E-03   0.187443313E-02   0.171429157E-03  -0.329178505E-06
   0.111663845E-03   0.174188789E-02   0.212683008E-03  -0.578993593E-06
   0.108564614E-03   0.159283273E-02   0.243303482E-03  -0.904909029E-06
   0.105254781E-03   0.143843633E-02   0.263382652E-03  -0.120189975E-05
   0.101925129E-03   0.128660444E-02   0.274037448E-03  -0.150392316E-05
   0.985599909E-04   0.114328519E-02   0.276735518E-03  -0.173769968E-05
   0.950141475E-04   0.101032131E-02   0.272847625E-03  -0.191373715E-05
   0.912310279E-04   0.888370501E-03   0.263647380E-03  -0.202241245E-05
   0.871736847E-04   0.778721005E-03   0.250643061E-03  -0.198231601E-05
   0.827476470E-04   0.678698125E-03   0.234517371E-03  -0.185395186E-05
   0.780525224E-04   0.589400588E-03   0.216575107E-03  -0.179693188E-05
   0.731955006E-04   0.510074140E-03   0.197754445E-03  -0.164083201E-05
   0.680859375E-04   0.438100833E-03   0.178039016E-03  -0.155013095E-05
   0.629516508E-04   0.374410884E-03   0.158521725E-03  -0.149890423E-05
   0.578657564E-04   0.318045932E-03   0.139530515E-03  -0.134819663E-05
   0.528722594E-04   0.268017990E-03   0.121278441E-03  -0.131607794E-05
   0.479999617E-04   0.224207703E-03   0.103974737E-03  -0.141108592E-05
   0.434092290E-04   0.186407327E-03   0.881141677E-04  -0.145207423E-05
   0.391645299E-04   0.153840316E-03   0.737864684E-04  -0.146935724E-05
   0.352166026E-04   0.126166415E-03   0.609714953E-04  -0.146955085E-05
   0.316124315E-04   0.103058286E-03   0.496842003E-04  -0.149130665E-05
   0.283393620E-04   0.833699523E-04   0.397143449E-04  -0.152828534E-05
   0.254478491E-04   0.673322866E-04   0.312168231E-04  -0.155813996E-05
   0.229104880E-04   0.547058189E-04   0.242850165E-04  -0.149626169E-05
   0.206739533E-04   0.443280042E-04   0.183934135E-04  -0.144690318E-05
   0.187316255E-04   0.360292288E-04   0.135161135E-04  -0.136872188E-05
   0.170455569E-04   0.294125966E-04   0.959391400E-05  -0.127110422E-05
   0.156541864E-04   0.245088431E-04   0.653170400E-05  -0.114557622E-05
   0.144651422E-04   0.207157427E-04   0.420018705E-05  -0.100040961E-05
   0.134711381E-04   0.179846811E-04   0.243450313E-05  -0.838258984E-06
   0.126609539E-04   0.158624698E-04   0.103556613E-05  -0.681455674E-06
   0.120062896E-04   0.143637044E-04   0.122772079E-06  -0.513681186E-06
   0.115047033E-04   0.132929208E-04  -0.577017943E-06  -0.352167888E-06
   0.111120871E-04   0.124625440E-04  -0.103607567E-05  -0.202246696E-06
   0.107880905E-04   0.117785921E-04  -0.130693434E-05  -0.584004773E-07
   0.105625822E-04   0.112805410E-04  -0.147272101E-05   0.681402952E-07
   0.104104392E-04   0.108238119E-04  -0.156582189E-05   0.180142194E-06
   0.103595848E-04   0.104940864E-04  -0.161799596E-05   0.276810226E-06
   0.102712766E-04   0.100443531E-04  -0.156861449E-05   0.341223000E-06
   0.102532986E-04   0.966638436E-05  -0.151156087E-05   0.390561155E-06
   0.102398235E-04   0.925710810E-05  -0.140066152E-05   0.413693556E-06
   0.103552138E-04   0.897065183E-05  -0.135325956E-05   0.435781629E-06
   0.103866878E-04   0.856400493E-05  -0.121153005E-05   0.423133088E-06
   0.104811261E-04   0.829254805E-05  -0.105062270E-05   0.400205067E-06
   0.105419567E-04   0.798942528E-05  -0.826777807E-06   0.353661562E-06
   0.105627460E-04   0.766689573E-05  -0.564726406E-06   0.294145480E-06
   0.106634461E-04   0.746422029E-05  -0.299185729E-06   0.226720047E-06
   0.107460419E-04   0.719232185E-05  -0.328271099E-07   0.148610710E-06
   0.107627584E-04   0.699506973E-05   0.316083003E-06   0.651695728E-07
   0.108311797E-04   0.695206199E-05   0.672575197E-06  -0.105810711E-07
   0.108904678E-04   0.692917638E-05   0.994724019E-06  -0.754436513E-07
   0.109915300E-04   0.697414271E-05   0.126023917E-05  -0.123114646E-06
   0.111768386E-04   0.720757726E-05   0.148592130E-05  -0.145554637E-06
   0.114956620E-04   0.770212046E-05   0.151928270E-05  -0.117956752E-06
   0.120289760E-04   0.843023008E-05   0.131795071E-05  -0.339947519E-07
   0.128179663E-04   0.953935341E-05   0.863212563E-06   0.120613578E-06
   0.139915501E-04   0.111403160E-04   0.215873843E-07   0.352059004E-06
   0.156760270E-04   0.132422701E-04  -0.131822651E-05   0.686959481E-06
   0.180802290E-04   0.161663429E-04  -0.334798005E-05   0.115331386E-05
   0.210742874E-04   0.196881665E-04  -0.585304724E-05   0.172975126E-05
   0.250610501E-04   0.242751576E-04  -0.917865782E-05   0.242705369E-05
   0.304139812E-04   0.302123444E-04  -0.136360213E-04   0.332218929E-05
   0.370353409E-04   0.374612682E-04  -0.189833299E-04   0.432688648E-05
   0.452576533E-04   0.462966455E-04  -0.254403767E-04   0.549463721E-05
   0.553066311E-04   0.568729774E-04  -0.329798786E-04   0.675593674E-05
   0.670331137E-04   0.692341346E-04  -0.414684037E-04   0.812306189E-05
   0.814854939E-04   0.840607900E-04  -0.514190106E-04   0.962317881E-05
   0.985464212E-04   0.101372782E-03  -0.625593311E-04   0.112146890E-04
   0.118069351E-03   0.120979748E-03  -0.744887584E-04   0.128195998E-04
   0.141117271E-03   0.143575904E-03  -0.875121405E-04   0.145125505E-04
   0.167172708E-03   0.169155741E-03  -0.101156817E-03   0.159956999E-04
   0.196399516E-03   0.197522822E-03  -0.115034389E-03   0.173113567E-04
   0.229762474E-03   0.229390163E-03  -0.129262437E-03   0.185195404E-04
   0.267705444E-03   0.265098002E-03  -0.143537560E-03   0.195087759E-04
   0.309800816E-03   0.304197951E-03  -0.157005285E-03   0.201484945E-04
   0.357185985E-03   0.347554742E-03  -0.169709761E-03   0.204252847E-04
   0.410019566E-03   0.395218900E-03  -0.180806586E-03   0.202075062E-04
   0.468875049E-03   0.447580416E-03  -0.189933082E-03   0.195602788E-04
   0.534404069E-03   0.505145756E-03  -0.196399415E-03   0.183912452E-04
   0.606252055E-03   0.567674579E-03  -0.199192960E-03   0.167255803E-04
   0.684515922E-03   0.634517288E-03  -0.197669186E-03   0.145174799E-04
   0.767230347E-03   0.705560786E-03  -0.190437684E-03   0.120582363E-04
   0.851571967E-03   0.777040725E-03  -0.176410889E-03   0.928919962E-05
   0.933560834E-03   0.846784329E-03  -0.154846013E-03   0.652809877E-05
   0.100678368E-02   0.908516406E-03  -0.125229068E-03   0.393894243E-05
   0.106508832E-02   0.957827491E-03  -0.883476096E-04   0.185085480E-05
   0.110325473E-02   0.989886350E-03  -0.457326314E-04   0.476899572E-06
   0.111639395E-02   0.100093870E-02  -0.102538429E-09   0.000000000E+00
