   0.601766282E-03   0.131896706E-01   0.000000000E+00   0.000000000E+00
   0.555305276E-03   0.121427998E-01   0.144178560E-02   0.743644614E-05
   0.443967438E-03   0.963651389E-02   0.223270315E-02   0.230180121E-04
   0.320930150E-03   0.685615046E-02   0.229867757E-02   0.355178490E-04
   0.221499547E-03   0.459048944E-02   0.197225017E-02   0.405289393E-04
   0.152752604E-03   0.300792628E-02   0.155920826E-02   0.402408004E-04
   0.108680128E-03   0.198524632E-02   0.120374467E-02   0.376098105E-04
   0.802938084E-04   0.133407360E-02   0.928959984E-03   0.341773157E-04
   0.609999188E-04   0.913058757E-03   0.719208445E-03   0.304225177E-04
   0.469006118E-04   0.632724667E-03   0.555270992E-03   0.265884992E-04
   0.358695106E-04   0.440133066E-03   0.423186313E-03   0.225763215E-04
   0.269650500E-04   0.304648653E-03   0.315856916E-03   0.185214685E-04
   0.198110374E-04   0.208499594E-03   0.229996935E-03   0.147175506E-04
   0.140027560E-04   0.139148586E-03   0.161052594E-03   0.111094187E-04
   0.949012247E-05   0.899120787E-04   0.108056796E-03   0.798278234E-05
   0.611807445E-05   0.557337007E-04   0.689333101E-04   0.542585531E-05
   0.367140160E-05   0.323406020E-04   0.408349260E-04   0.339857525E-05
   0.206250957E-05   0.175810565E-04   0.225901367E-04   0.199042074E-05
   0.105815150E-05   0.874208308E-05   0.113624583E-04   0.105233880E-05
   0.462027344E-06   0.366387007E-05   0.479605296E-05   0.466110379E-06
   0.169287659E-06   0.127552357E-05   0.165936194E-05   0.169605713E-06
   0.468196788E-07   0.332491311E-06   0.408675476E-06   0.451994282E-07
   0.102089173E-07   0.940181266E-07   0.849888835E-07   0.116207026E-07
   0.118606867E-07   0.138149133E-06   0.146151748E-06   0.157525619E-07
   0.190364489E-07   0.207902190E-06   0.242529154E-06   0.276815406E-07
   0.256772523E-07   0.269670380E-06   0.327476045E-06   0.402862455E-07
   0.242370639E-07   0.247637615E-06   0.304380819E-06   0.387334929E-07
   0.223893775E-07   0.221079290E-06   0.275345769E-06   0.351600882E-07
   0.141627554E-07   0.138508383E-06   0.174889053E-06   0.234115589E-07
   0.776290232E-08   0.774898794E-07   0.946649479E-07   0.133447999E-07
   0.486451857E-08   0.471966217E-07   0.603417121E-07   0.901842956E-08
   0.179127557E-08   0.182840285E-07   0.227505748E-07   0.378152487E-08
   0.503815767E-09   0.579918602E-08   0.679385170E-08   0.127619249E-08
   0.722267107E-10   0.129936339E-08   0.119715582E-08   0.403390377E-09
   0.719668214E-10   0.247766863E-09  -0.308351150E-09   0.156337124E-09
   0.156020211E-09   0.638198272E-09   0.186745480E-09   0.113261692E-09
   0.265136191E-09   0.109974641E-08   0.234295278E-09   0.202027478E-09
   0.434406983E-09   0.188272309E-08   0.880880646E-09   0.287600194E-09
   0.380098147E-09   0.255456012E-08   0.211366102E-08   0.479223383E-09
   0.445329856E-09   0.287944957E-08   0.282581847E-08   0.465048333E-09
   0.175935280E-09   0.147313695E-08   0.191820781E-08   0.255934884E-09
   0.222593000E-09   0.178324722E-08   0.248549514E-08   0.324778704E-09
   0.266190042E-09   0.103054365E-08   0.116469556E-08   0.197351913E-09
   0.235896691E-09   0.731473881E-09   0.314847398E-09   0.222090776E-09
   0.670391936E-10   0.431182257E-09   0.405202510E-09   0.130251643E-09
   0.142104703E-09   0.356636554E-09  -0.156050325E-09   0.149207854E-09
   0.290993674E-09   0.509562337E-09  -0.138760115E-08   0.341740330E-09
   0.335354494E-09   0.434618092E-09  -0.168612591E-08   0.274317763E-09
   0.563045999E-09   0.737724937E-09  -0.283844281E-08   0.473235007E-09
   0.217007790E-08   0.237382514E-08  -0.929439814E-08   0.141062761E-08
   0.949889056E-09   0.100857889E-08  -0.427320845E-08   0.558576796E-09
   0.280095702E-08   0.326852478E-08  -0.132126488E-07   0.185884375E-08
   0.333464256E-08   0.385457755E-08  -0.156800244E-07   0.221968000E-08
   0.630352825E-09   0.761278929E-09  -0.272893752E-08   0.332829986E-09
   0.127106803E-08   0.153798840E-08  -0.579384762E-08   0.770284281E-09
   0.101949303E-09   0.283756796E-09  -0.102495068E-09   0.468831536E-10
   0.325727084E-09   0.451629650E-09  -0.165627723E-08   0.284463397E-09
   0.126753397E-08   0.159347824E-08  -0.590509952E-08   0.101648068E-08
   0.874921025E-08   0.101577919E-07  -0.400734734E-07   0.592619198E-08
   0.207623145E-07   0.232344739E-07  -0.925711490E-07   0.134062406E-07
   0.402618205E-07   0.434132303E-07  -0.174868291E-06   0.242462459E-07
   0.699916853E-07   0.745660529E-07  -0.299799410E-06   0.397916651E-07
   0.121118177E-06   0.125470663E-06  -0.505623859E-06   0.668237945E-07
   0.163191643E-06   0.166733727E-06  -0.667939275E-06   0.840594154E-07
   0.207030126E-06   0.206406781E-06  -0.822924392E-06   0.101073709E-06
   0.209506936E-06   0.204782694E-06  -0.804430556E-06   0.953983772E-07
   0.159442294E-06   0.151827564E-06  -0.579762741E-06   0.666142199E-07
   0.100985659E-06   0.942373433E-07  -0.333437697E-06   0.406188079E-07
   0.775935547E-07   0.675908538E-07  -0.226727821E-06   0.277099215E-07
   0.274477969E-06   0.233180785E-06  -0.932325634E-06   0.101315763E-06
   0.112158079E-05   0.940761652E-06  -0.389372781E-05   0.394059185E-06
   0.305872459E-05   0.252052223E-05  -0.103441535E-04   0.993524168E-06
   0.713390864E-05   0.575200738E-05  -0.233057799E-04   0.212528380E-05
   0.145008180E-04   0.114421573E-04  -0.455170484E-04   0.393581013E-05
   0.262557551E-04   0.202733609E-04  -0.786872915E-04   0.643699968E-05
   0.442841229E-04   0.334910474E-04  -0.125984807E-03   0.971502322E-05
   0.703092737E-04   0.522020528E-04  -0.188514619E-03   0.136388580E-04
   0.107593063E-03   0.786781238E-04  -0.270008721E-03   0.181962587E-04
   0.158679512E-03   0.114639697E-03  -0.369080313E-03   0.231268277E-04
   0.227208395E-03   0.162865166E-03  -0.483966316E-03   0.280077529E-04
   0.321656320E-03   0.229717029E-03  -0.620452513E-03   0.330279981E-04
   0.452657783E-03   0.323329645E-03  -0.780330680E-03   0.379309749E-04
   0.639705220E-03   0.458117429E-03  -0.972888898E-03   0.428107087E-04
   0.916991848E-03   0.658948382E-03  -0.121441355E-02   0.477283429E-04
   0.134287635E-02   0.967423839E-03  -0.152893364E-02   0.525285868E-04
   0.200844137E-02   0.144808704E-02  -0.193252938E-02   0.563700378E-04
   0.303012389E-02   0.218335842E-02  -0.238966430E-02   0.563251160E-04
   0.449104793E-02   0.323213055E-02  -0.273492350E-02   0.484277043E-04
   0.626694784E-02   0.450611254E-02  -0.261399848E-02   0.308142007E-04
   0.786373764E-02   0.565175805E-02  -0.167104625E-02   0.982455458E-05
   0.852472987E-02   0.612610020E-02  -0.410674872E-08   0.000000000E+00
