   0.202615862E-02   0.224054400E-01   0.000000000E+00   0.000000000E+00
   0.195695832E-02   0.215869229E-01   0.690019107E-03   0.220442098E-05
   0.177525578E-02   0.193946045E-01   0.124182226E-02   0.760554713E-05
   0.152349006E-02   0.163786914E-01   0.157632725E-02   0.136235376E-04
   0.125517929E-02   0.131590730E-01   0.169248949E-02   0.178409900E-04
   0.101162575E-02   0.102263698E-01   0.164695166E-02   0.190698120E-04
   0.809502730E-03   0.780966971E-02   0.150842674E-02   0.182375115E-04
   0.652368297E-03   0.594235212E-02   0.133397873E-02   0.157639170E-04
   0.533827289E-03   0.456566690E-02   0.116039766E-02   0.136969038E-04
   0.445513375E-03   0.356526976E-02   0.100447377E-02   0.110310611E-04
   0.377563934E-03   0.283897039E-02   0.869849755E-03   0.100985253E-04
   0.324163208E-03   0.230262615E-02   0.755711459E-03   0.928143709E-05
   0.280208333E-03   0.189429149E-02   0.657616940E-03   0.919942158E-05
   0.242811002E-03   0.157363445E-02   0.571996730E-03   0.936290053E-05
   0.210119586E-03   0.131347228E-02   0.495907851E-03   0.961594014E-05
   0.181201962E-03   0.109866937E-02   0.428084051E-03   0.956717304E-05
   0.155421672E-03   0.916814839E-03   0.366760796E-03   0.958772216E-05
   0.132124042E-03   0.759765157E-03   0.310505595E-03   0.913268013E-05
   0.111782261E-03   0.628090347E-03   0.261278474E-03   0.865037146E-05
   0.937635486E-04   0.516008760E-03   0.217491892E-03   0.786965938E-05
   0.779439579E-04   0.419492542E-03   0.178516420E-03   0.704594595E-05
   0.642636878E-04   0.338340993E-03   0.144788704E-03   0.605435207E-05
   0.524573916E-04   0.270088320E-03   0.115643197E-03   0.511436292E-05
   0.425344042E-04   0.213643769E-03   0.911991156E-04   0.418962554E-05
   0.341874547E-04   0.167715887E-03   0.709246960E-04   0.334444962E-05
   0.272812267E-04   0.130289016E-03   0.543064489E-04   0.262158778E-05
   0.215097007E-04   0.997900861E-04   0.405483479E-04   0.193223855E-05
   0.168062907E-04   0.757158778E-04   0.295959944E-04   0.133785954E-05
   0.131684446E-04   0.571169367E-04   0.214348365E-04   0.944630017E-06
   0.102193580E-04   0.428917083E-04   0.151017821E-04   0.616084719E-06
   0.786500277E-05   0.315227553E-04   0.100868992E-04   0.337416054E-06
   0.608217670E-05   0.233551273E-04   0.661085460E-05   0.173646626E-06
   0.470330360E-05   0.172131986E-04   0.406520940E-05   0.693951989E-07
   0.366854943E-05   0.125993538E-04   0.227094006E-05   0.713687154E-08
   0.290992534E-05   0.941082453E-05   0.117145885E-05   0.319175159E-09
   0.234943764E-05   0.716995783E-05   0.438428231E-06   0.198789571E-07
   0.194910604E-05   0.551146559E-05   0.172731145E-07   0.465037253E-07
   0.165934819E-05   0.439026235E-05  -0.267378709E-06   0.900706496E-07
   0.146319974E-05   0.360131025E-05  -0.383429551E-06   0.134298219E-06
   0.134167726E-05   0.303248930E-05  -0.464911551E-06   0.180870828E-06
   0.125787051E-05   0.260474917E-05  -0.481701306E-06   0.219545655E-06
   0.121051630E-05   0.227937767E-05  -0.491142998E-06   0.248719886E-06
   0.121696462E-05   0.205734636E-05  -0.524601660E-06   0.277072957E-06
   0.122222320E-05   0.186500984E-05  -0.502881676E-06   0.289632823E-06
   0.126446025E-05   0.172237230E-05  -0.516782734E-06   0.296923361E-06
   0.130977412E-05   0.157426155E-05  -0.522587925E-06   0.285689026E-06
   0.136815163E-05   0.145401179E-05  -0.508298740E-06   0.262956547E-06
   0.149318885E-05   0.144183423E-05  -0.516923080E-06   0.249846465E-06
   0.159397098E-05   0.139335782E-05  -0.475767195E-06   0.213335284E-06
   0.172264936E-05   0.143053069E-05  -0.401171150E-06   0.177710049E-06
   0.189087075E-05   0.146036075E-05  -0.349867065E-06   0.131989523E-06
   0.211600218E-05   0.159765580E-05  -0.277382554E-06   0.908661377E-07
   0.242318788E-05   0.180026802E-05  -0.244883410E-06   0.564925635E-07
   0.284254293E-05   0.216654803E-05  -0.253793843E-06   0.405453093E-07
   0.345838748E-05   0.272065313E-05  -0.396467414E-06   0.555406707E-07
   0.433864443E-05   0.350138703E-05  -0.731241073E-06   0.116427401E-06
   0.559127693E-05   0.477363164E-05  -0.137123857E-05   0.250380680E-06
   0.734127570E-05   0.655685653E-05  -0.242132796E-05   0.471495753E-06
   0.988249940E-05   0.894633195E-05  -0.412105737E-05   0.831239447E-06
   0.132714022E-04   0.123909040E-04  -0.657806049E-05   0.134011827E-05
   0.179242852E-04   0.169640734E-04  -0.100941779E-04   0.206042751E-05
   0.239755627E-04   0.229781999E-04  -0.147709316E-04   0.299015642E-05
   0.322454034E-04   0.311976910E-04  -0.213819258E-04   0.424760765E-05
   0.424887257E-04   0.412672453E-04  -0.294443053E-04   0.579711968E-05
   0.555663100E-04   0.542021553E-04  -0.397614422E-04   0.767477468E-05
   0.723214107E-04   0.706306528E-04  -0.528970813E-04   0.100266734E-04
   0.932182011E-04   0.910109520E-04  -0.689752342E-04   0.127887024E-04
   0.118189928E-03   0.115504714E-03  -0.877180282E-04   0.159232623E-04
   0.148789200E-03   0.145387035E-03  -0.110143825E-03   0.196150449E-04
   0.186071426E-03   0.181738826E-03  -0.136660834E-03   0.236576234E-04
   0.228882796E-03   0.223627387E-03  -0.165821708E-03   0.281320099E-04
   0.280599663E-03   0.273859507E-03  -0.199602538E-03   0.329609356E-04
   0.341328821E-03   0.332748430E-03  -0.237445027E-03   0.382048929E-04
   0.411624322E-03   0.400750519E-03  -0.278667954E-03   0.435777547E-04
   0.494311738E-03   0.480214716E-03  -0.324254564E-03   0.492501094E-04
   0.590182783E-03   0.571974844E-03  -0.373388582E-03   0.548320895E-04
   0.704212114E-03   0.679943303E-03  -0.427269784E-03   0.602453947E-04
   0.842643087E-03   0.809408200E-03  -0.487664220E-03   0.656599223E-04
   0.101433927E-02   0.967656262E-03  -0.555951556E-03   0.706493447E-04
   0.123428530E-02   0.116723333E-02  -0.635374337E-03   0.750739200E-04
   0.152608135E-02   0.142831460E-02  -0.730463362E-03   0.789509213E-04
   0.192331895E-02   0.177933334E-02  -0.845595205E-03   0.817154651E-04
   0.247190776E-02   0.226044026E-02  -0.982901314E-03   0.829446581E-04
   0.323028699E-02   0.292223692E-02  -0.113998039E-02   0.817809778E-04
   0.425935956E-02   0.381790614E-02  -0.130254996E-02   0.770806364E-04
   0.559620513E-02   0.498198485E-02  -0.143826869E-02   0.682256505E-04
   0.721901422E-02   0.639533671E-02  -0.149341335E-02   0.545260518E-04
   0.898905564E-02   0.793803390E-02  -0.140072452E-02   0.370818270E-04
   0.106495190E-01   0.938773435E-02  -0.110953848E-02   0.191012205E-04
   0.118632969E-01   0.104522593E-01  -0.619060476E-03   0.525930091E-05
   0.123033840E-01   0.108349146E-01  -0.129381306E-08   0.000000000E+00
