   0.172355641E-01   0.216357350E+00   0.000000000E+00   0.000000000E+00
   0.142282480E-01   0.178313255E+00   0.182134993E-01   0.983548452E-04
   0.856147707E-02   0.106811799E+00   0.214651655E-01   0.230400299E-03
   0.431065727E-02   0.534699112E-01   0.156315733E-01   0.249624718E-03
   0.205102423E-02   0.253295433E-01   0.939012226E-02   0.197748581E-03
   0.100225804E-02   0.123916529E-01   0.532519259E-02   0.138979856E-03
   0.531268190E-03   0.662674056E-02   0.309242075E-02   0.963023049E-04
   0.313921599E-03   0.397098996E-02   0.193612825E-02   0.707487125E-04
   0.205346514E-03   0.262978161E-02   0.132542744E-02   0.561107408E-04
   0.144472622E-03   0.186020322E-02   0.974994269E-03   0.472188731E-04
   0.105874060E-03   0.135925109E-02   0.747590268E-03   0.407680491E-04
   0.787623649E-04   0.100150646E-02   0.580985448E-03   0.349879811E-04
   0.584381123E-04   0.732353015E-03   0.448313687E-03   0.295803529E-04
   0.429806969E-04   0.529186393E-03   0.341505598E-03   0.243123595E-04
   0.309925381E-04   0.374242256E-03   0.253498525E-03   0.193982069E-04
   0.217548968E-04   0.257627311E-03   0.182087155E-03   0.148847566E-04
   0.148810032E-04   0.172888438E-03   0.126885687E-03   0.109859293E-04
   0.984926737E-05   0.112425958E-03   0.851555451E-04   0.777025252E-05
   0.623943151E-05   0.702567268E-04   0.544629402E-04   0.520338335E-05
   0.378089703E-05   0.420891374E-04   0.331610972E-04   0.332351328E-05
   0.212830332E-05   0.236293181E-04   0.186506204E-04   0.194727522E-05
   0.112073076E-05   0.124889366E-04   0.975492367E-05   0.105940489E-05
   0.543507667E-06   0.614228975E-05   0.465812218E-05   0.521016489E-06
   0.224391556E-06   0.265308563E-05   0.185101260E-05   0.214050942E-06
   0.800337290E-07   0.101639750E-05   0.599870702E-06   0.696955027E-07
   0.235210695E-07   0.356507343E-06   0.140528883E-06   0.166308212E-07
   0.141960896E-07   0.189477362E-06   0.893723566E-07   0.103487210E-07
   0.181844939E-07   0.185457282E-06   0.146381524E-06   0.178311677E-07
   0.248244127E-07   0.227454507E-06   0.220526402E-06   0.291065660E-07
   0.253450541E-07   0.225378514E-06   0.230983360E-06   0.314049338E-07
   0.240656739E-07   0.210831274E-06   0.221506113E-06   0.308261647E-07
   0.197288372E-07   0.175516206E-06   0.184284161E-06   0.269821001E-07
   0.156611151E-07   0.134210296E-06   0.144437209E-06   0.207561417E-07
   0.104347198E-07   0.901427839E-07   0.958900657E-07   0.139314311E-07
   0.612262685E-08   0.529596456E-07   0.539620153E-07   0.801682543E-08
   0.383902687E-08   0.301296836E-07   0.316780664E-07   0.408608525E-08
   0.149654455E-08   0.112576792E-07   0.121650707E-07   0.146616241E-08
   0.107687126E-08   0.861285976E-08   0.903600927E-08   0.124755462E-08
   0.259568200E-09   0.787235888E-09   0.104830522E-08  -0.801764072E-10
   0.467499373E-09   0.586810989E-09  -0.112200726E-08   0.113088927E-09
   0.193641839E-09   0.337837258E-09  -0.262466965E-09   0.136878522E-09
   0.631122155E-09   0.120712895E-08  -0.105317766E-08   0.596445282E-09
   0.120117183E-08   0.279878387E-08  -0.584149951E-09   0.114470200E-08
   0.151869084E-08   0.306004666E-08  -0.205289896E-08   0.143717960E-08
   0.144624968E-08   0.429629532E-08  -0.772647502E-10   0.177327486E-08
   0.131493194E-08   0.253029175E-08  -0.299020364E-08   0.139406553E-08
   0.251577115E-08   0.361554697E-08  -0.566617375E-08   0.191174476E-08
   0.164533920E-08   0.285436608E-08  -0.318015037E-08   0.146266022E-08
   0.600393624E-09   0.191642835E-08   0.279327311E-09   0.746463669E-09
   0.421462837E-09   0.119396981E-08  -0.254688132E-09   0.535899436E-09
   0.550844259E-09   0.810532585E-09  -0.587901283E-09   0.302167097E-09
   0.105431927E-09   0.206091810E-09   0.157404340E-09  -0.306242740E-10
   0.817626966E-09   0.687679247E-09  -0.178573278E-08   0.556068178E-10
   0.466245442E-08   0.430411529E-08  -0.143327465E-07   0.199532990E-08
   0.100715578E-07   0.963133040E-08  -0.313012158E-07   0.434201342E-08
   0.229242207E-07   0.221270238E-07  -0.717512592E-07   0.104301998E-07
   0.476722626E-07   0.450779147E-07  -0.147106277E-06   0.218828120E-07
   0.644175415E-07   0.614415399E-07  -0.198364432E-06   0.292982829E-07
   0.106619666E-06   0.100325025E-06  -0.323191017E-06   0.465984229E-07
   0.142015040E-06   0.132134545E-06  -0.423335024E-06   0.613514217E-07
   0.176573678E-06   0.162210540E-06  -0.514391047E-06   0.727112592E-07
   0.184307538E-06   0.166355463E-06  -0.516268472E-06   0.734334478E-07
   0.166544964E-06   0.150836044E-06  -0.438087795E-06   0.625876098E-07
   0.136483735E-06   0.121114851E-06  -0.294860968E-06   0.439820269E-07
   0.132191715E-06   0.112103045E-06  -0.174005947E-06   0.275991248E-07
   0.275401447E-06   0.217881805E-06  -0.339738875E-06   0.440040289E-07
   0.762609830E-06   0.596819348E-06  -0.120899722E-05   0.139933789E-06
   0.199011879E-05   0.153226472E-05  -0.354566941E-05   0.389129070E-06
   0.460004139E-05   0.351398648E-05  -0.858519343E-05   0.905581601E-06
   0.962973627E-05   0.728540181E-05  -0.181421256E-04   0.184022861E-05
   0.181915329E-04   0.135817372E-04  -0.336620215E-04   0.328268516E-05
   0.320587751E-04   0.236807355E-04  -0.575959857E-04   0.536750576E-05
   0.533276252E-04   0.389596134E-04  -0.920051461E-04   0.816751799E-05
   0.848072377E-04   0.613004086E-04  -0.139356416E-03   0.117647969E-04
   0.129435881E-03   0.926929933E-04  -0.201022805E-03   0.160979325E-04
   0.190961728E-03   0.135756563E-03  -0.278512336E-03   0.210340295E-04
   0.274473161E-03   0.194015432E-03  -0.374006602E-03   0.266208572E-04
   0.384211831E-03   0.270617922E-03  -0.486507925E-03   0.325286674E-04
   0.527224096E-03   0.370802474E-03  -0.618286373E-03   0.387662330E-04
   0.712878245E-03   0.501654926E-03  -0.773144187E-03   0.454381807E-04
   0.957313867E-03   0.675235875E-03  -0.961755286E-03   0.530339676E-04
   0.129641395E-02   0.917636324E-03  -0.121446222E-02   0.628501657E-04
   0.181471801E-02   0.128936884E-02  -0.160265469E-02   0.767515521E-04
   0.271656457E-02   0.193498295E-02  -0.228108419E-02   0.993930880E-04
   0.449799001E-02   0.320504489E-02  -0.356014539E-02   0.135299197E-03
   0.832906086E-02   0.592724280E-02  -0.598759484E-02   0.188715698E-03
   0.168631244E-01   0.119845187E-01  -0.103377085E-01   0.256301777E-03
   0.352209061E-01   0.250212345E-01  -0.168707538E-01   0.307162089E-03
   0.696842074E-01   0.495265238E-01  -0.227934141E-01   0.271647965E-03
   0.115400806E+00   0.820710957E-01  -0.191093143E-01   0.112472713E-03
   0.139597699E+00   0.993089080E-01  -0.423718163E-07   0.000000000E+00
