   0.123982178E-02   0.224961638E-01   0.434433911E-08   0.000000000E+00
   0.115666806E-02   0.209677666E-01   0.228905957E-02   0.123590935E-04
   0.950789487E-03   0.171735641E-01   0.366780278E-02   0.395058269E-04
   0.711538421E-03   0.127483094E-01   0.395075046E-02   0.638603815E-04
   0.505642733E-03   0.890340842E-02   0.353940576E-02   0.761469273E-04
   0.355151977E-03   0.605653226E-02   0.289887516E-02   0.779135953E-04
   0.253865030E-03   0.411521643E-02   0.229197415E-02   0.743600540E-04
   0.187224228E-03   0.283156754E-02   0.180010661E-02   0.687753709E-04
   0.142189776E-03   0.197917921E-02   0.141725561E-02   0.624031454E-04
   0.110105306E-03   0.140257261E-02   0.111757836E-02   0.556331870E-04
   0.858357525E-04   0.100230274E-02   0.877407729E-03   0.488979858E-04
   0.665145053E-04   0.716670242E-03   0.680294994E-03   0.417762094E-04
   0.507436926E-04   0.509400677E-03   0.517530716E-03   0.345711305E-04
   0.378640580E-04   0.357547775E-03   0.384361338E-03   0.278160369E-04
   0.274388040E-04   0.246075215E-03   0.276928971E-03   0.214563734E-04
   0.191797535E-04   0.164721045E-03   0.192292777E-03   0.158899093E-04
   0.129416439E-04   0.107081789E-03   0.128810250E-03   0.113052483E-04
   0.824748986E-05   0.661671147E-04   0.813512888E-04   0.752163578E-05
   0.495226504E-05   0.385873427E-04   0.482597061E-04   0.468396593E-05
   0.276434935E-05   0.209555692E-04   0.265116450E-04   0.269160432E-05
   0.139981387E-05   0.102627646E-04   0.130968992E-04   0.139211340E-05
   0.624867198E-06   0.441758311E-05   0.562148352E-05   0.624135680E-06
   0.229377619E-06   0.153217843E-05   0.191275853E-05   0.223564300E-06
   0.660268213E-07   0.426946684E-06   0.474346024E-06   0.602928836E-07
   0.167140808E-07   0.165477360E-06   0.123961499E-06   0.175206392E-07
   0.213463842E-07   0.255714014E-06   0.248674041E-06   0.355938568E-07
   0.370358038E-07   0.391652691E-06   0.439785254E-06   0.579928461E-07
   0.493229102E-07   0.491861272E-06   0.581727988E-06   0.812512653E-07
   0.525846033E-07   0.499501937E-06   0.602126192E-06   0.821996267E-07
   0.368394879E-07   0.353679269E-06   0.423095827E-06   0.619595468E-07
   0.324450085E-07   0.302271189E-06   0.370487015E-06   0.553080746E-07
   0.209290310E-07   0.191248461E-06   0.236492966E-06   0.354874174E-07
   0.123823520E-07   0.114496473E-06   0.139796441E-06   0.217510738E-07
   0.701528480E-08   0.665210607E-07   0.808112190E-07   0.134459901E-07
   0.436215020E-08   0.406888461E-07   0.504051698E-07   0.883245477E-08
   0.202619477E-08   0.196018100E-07   0.231501165E-07   0.410176559E-08
   0.351278451E-09   0.343932416E-08   0.322180993E-08   0.784436072E-09
   0.630367009E-10   0.486897744E-09   0.454475624E-09   0.117701265E-09
   0.181601484E-09   0.675901168E-09   0.747575279E-09   0.159712271E-09
   0.950854950E-09   0.286951640E-08   0.247123100E-08   0.717513271E-09
   0.729471039E-09   0.441616832E-08   0.487106577E-08   0.125231914E-08
   0.484321416E-09   0.190296356E-08  -0.919084253E-09   0.106097164E-08
   0.186117577E-08   0.554997692E-08  -0.804274369E-09   0.251103871E-08
   0.855241267E-09   0.569240211E-08   0.423311564E-08   0.213602980E-08
   0.128200839E-08   0.450748772E-08  -0.140371492E-08   0.231327157E-08
   0.167583025E-08   0.430326663E-08  -0.344941231E-08   0.229789920E-08
   0.186393878E-08   0.445393677E-08  -0.450392168E-08   0.245303355E-08
   0.163099667E-08   0.330555272E-08  -0.623025764E-08   0.210328333E-08
   0.338151152E-08   0.532098676E-08  -0.166285190E-07   0.340689676E-08
   0.266329803E-08   0.410144274E-08  -0.108497540E-07   0.261231903E-08
   0.294024716E-08   0.385036891E-08  -0.116843966E-07   0.234948305E-08
   0.191921479E-08   0.235996445E-08  -0.842091552E-08   0.140458944E-08
   0.516647003E-09   0.589089055E-09  -0.217839924E-08   0.337227857E-09
   0.256488331E-09   0.260778926E-09  -0.952422807E-09   0.102466029E-09
   0.164855363E-08   0.216653806E-08  -0.716922255E-08   0.103664177E-08
   0.910733977E-08   0.117050192E-07  -0.399060447E-07   0.585601390E-08
   0.196931538E-07   0.246342520E-07  -0.864409415E-07   0.137593004E-07
   0.417329886E-07   0.496903496E-07  -0.177187232E-06   0.271964318E-07
   0.861661817E-07   0.101911958E-06  -0.362505716E-06   0.534708420E-07
   0.128917222E-06   0.150141645E-06  -0.533508057E-06   0.780988145E-07
   0.202947291E-06   0.231406631E-06  -0.822152856E-06   0.116081743E-06
   0.265529565E-06   0.297701973E-06  -0.105271988E-05   0.147130123E-06
   0.306521628E-06   0.338677779E-06  -0.118500884E-05   0.159588922E-06
   0.296187437E-06   0.321064391E-06  -0.110405153E-05   0.148406002E-06
   0.259776812E-06   0.276974987E-06  -0.916220472E-06   0.119943834E-06
   0.162926099E-06   0.168896037E-06  -0.507579500E-06   0.652168239E-07
   0.123178978E-06   0.120680980E-06  -0.335913569E-06   0.477718949E-07
   0.321066608E-06   0.296615553E-06  -0.998516043E-06   0.123825060E-06
   0.123150357E-05   0.114298075E-05  -0.414785927E-05   0.476284242E-06
   0.332397053E-05   0.304913192E-05  -0.110990595E-04   0.121290395E-05
   0.756796589E-05   0.687041575E-05  -0.247317967E-04   0.257502325E-05
   0.150101941E-04   0.133634494E-04  -0.474366207E-04   0.472893726E-05
   0.273889309E-04   0.239698784E-04  -0.834384846E-04   0.792645369E-05
   0.465049125E-04   0.400550598E-04  -0.135951210E-03   0.122492174E-04
   0.739925235E-04   0.627129120E-04  -0.206226847E-03   0.176294961E-04
   0.112681206E-03   0.942940242E-04  -0.297770923E-03   0.239420569E-04
   0.165444624E-03   0.137031864E-03  -0.411660818E-03   0.310351716E-04
   0.236217980E-03   0.194232474E-03  -0.549149932E-03   0.387308173E-04
   0.330236857E-03   0.270653138E-03  -0.711238885E-03   0.465991689E-04
   0.454162131E-03   0.372329465E-03  -0.896988437E-03   0.544523245E-04
   0.620582781E-03   0.510752958E-03  -0.111173827E-02   0.620761857E-04
   0.849749136E-03   0.703722122E-03  -0.136725337E-02   0.696580537E-04
   0.117412012E-02   0.979284290E-03  -0.167884573E-02   0.772511776E-04
   0.164798053E-02   0.138340238E-02  -0.207229471E-02   0.851534060E-04
   0.235738559E-02   0.198831875E-02  -0.257437001E-02   0.920943130E-04
   0.342498277E-02   0.289676548E-02  -0.318670343E-02   0.963196217E-04
   0.498382002E-02   0.422066217E-02  -0.381852058E-02   0.928695808E-04
   0.707470998E-02   0.599537604E-02  -0.419125520E-02   0.766245939E-04
   0.946606044E-02   0.802686345E-02  -0.383905973E-02   0.467736572E-04
   0.115041826E-01   0.975992996E-02  -0.237451470E-02   0.144483392E-04
   0.123226661E-01   0.104552545E-01  -0.629430774E-08   0.000000000E+00
