   0.252857525E-02   0.390418991E-01  -0.175512591E-10   0.000000000E+00
   0.230117538E-02   0.355381742E-01   0.381333032E-02   0.203664331E-04
   0.176740275E-02   0.273204837E-01   0.571452081E-02   0.608025002E-04
   0.120227074E-02   0.186021887E-01   0.560266851E-02   0.889543080E-04
   0.768168480E-03   0.118718809E-01   0.452494854E-02   0.954787174E-04
   0.486736593E-03   0.746103702E-02   0.335885235E-02   0.883168832E-04
   0.317362254E-03   0.476649962E-02   0.244147121E-02   0.774691216E-04
   0.217280452E-03   0.314636389E-02   0.180048263E-02   0.672022652E-04
   0.156041642E-03   0.214778772E-02   0.135982921E-02   0.588806688E-04
   0.116105868E-03   0.150444231E-02   0.104644429E-02   0.513143677E-04
   0.879876243E-04   0.106946682E-02   0.810780853E-03   0.448044375E-04
   0.668840876E-04   0.763817632E-03   0.625257031E-03   0.382081889E-04
   0.504465243E-04   0.543512695E-03   0.475913286E-03   0.316904225E-04
   0.372931790E-04   0.381476217E-03   0.353607349E-03   0.255046598E-04
   0.270624623E-04   0.264028204E-03   0.257187465E-03   0.199297065E-04
   0.189618204E-04   0.177768845E-03   0.180217685E-03   0.148940271E-04
   0.128018810E-04   0.115945870E-03   0.121414654E-03   0.106551006E-04
   0.833447029E-05   0.731928594E-04   0.787227400E-04   0.728699570E-05
   0.510656491E-05   0.436637456E-04   0.478761867E-04   0.466345546E-05
   0.290357752E-05   0.243127215E-04   0.269211450E-04   0.274075751E-05
   0.152783514E-05   0.124960416E-04   0.139137501E-04   0.148596871E-05
   0.738707797E-06   0.593210916E-05   0.655615077E-05   0.727002202E-06
   0.303472490E-06   0.239328460E-05   0.256665976E-05   0.298625736E-06
   0.102011377E-06   0.794043729E-06   0.782323070E-06   0.947275538E-07
   0.286976629E-07   0.254209311E-06   0.192139950E-06   0.255761936E-07
   0.146611034E-07   0.180214641E-06   0.134641041E-06   0.180605966E-07
   0.239844056E-07   0.266078075E-06   0.261621864E-06   0.339609336E-07
   0.334403829E-07   0.335740339E-06   0.368596233E-06   0.514287244E-07
   0.383304268E-07   0.362378444E-06   0.411893893E-06   0.549223778E-07
   0.341865523E-07   0.323262640E-06   0.369905678E-06   0.529585513E-07
   0.304873069E-07   0.279692927E-06   0.327651293E-06   0.483323106E-07
   0.207632649E-07   0.188215623E-06   0.214900595E-06   0.308789723E-07
   0.142520564E-07   0.130255088E-06   0.153092302E-06   0.239016025E-07
   0.877678019E-08   0.783986778E-07   0.931909412E-07   0.144700367E-07
   0.491878271E-08   0.428434959E-07   0.498877846E-07   0.735791428E-08
   0.238479170E-08   0.198864569E-07   0.224400569E-07   0.325385630E-08
   0.660248189E-09   0.549573098E-08   0.666189148E-08   0.958791824E-09
   0.164284905E-09   0.874294859E-09   0.110632659E-08   0.540460315E-10
   0.162445335E-09   0.171088560E-09  -0.337680411E-09   0.825682578E-11
   0.182555734E-09   0.906916819E-09   0.962854574E-09   0.232382835E-09
   0.489182805E-09   0.112852494E-08  -0.490396224E-09   0.512779319E-09
   0.172444392E-09   0.195249616E-08   0.174592496E-08   0.630992425E-09
   0.741741168E-09   0.447096715E-08   0.350554230E-08   0.150762480E-08
   0.494698393E-09   0.413613455E-08   0.346302875E-08   0.139796685E-08
   0.608001094E-09   0.244283882E-08  -0.166271374E-08   0.145415624E-08
   0.182342774E-08   0.384526588E-08  -0.455010651E-08   0.213999574E-08
   0.141962719E-08   0.323292992E-08  -0.374827769E-08   0.185155491E-08
   0.151989832E-08   0.292850055E-08  -0.531392441E-08   0.183395443E-08
   0.250169085E-08   0.338634654E-08  -0.858431459E-08   0.203336992E-08
   0.785880416E-09   0.222372853E-08  -0.674773293E-09   0.104045217E-08
   0.149669932E-08   0.195307415E-08  -0.634348041E-08   0.116013599E-08
   0.885388263E-09   0.112876652E-08  -0.227106001E-08   0.574641001E-09
   0.186758456E-09   0.187142926E-09  -0.123751911E-09  -0.215144430E-10
   0.926590693E-09   0.105129538E-08  -0.362747454E-08   0.577044912E-09
   0.272243361E-08   0.293361002E-08  -0.103617364E-07   0.150344270E-08
   0.103395603E-07   0.118432046E-07  -0.403900913E-07   0.596319882E-08
   0.304669037E-07   0.348684210E-07  -0.118928668E-06   0.180153332E-07
   0.530100124E-07   0.580727075E-07  -0.201115171E-06   0.308068557E-07
   0.931426598E-07   0.100742113E-06  -0.348794941E-06   0.511464080E-07
   0.133133895E-06   0.144066718E-06  -0.493905304E-06   0.708705272E-07
   0.196108118E-06   0.206841449E-06  -0.709744654E-06   0.989100570E-07
   0.234886429E-06   0.243267692E-06  -0.829229577E-06   0.113005449E-06
   0.264118597E-06   0.269638946E-06  -0.905982972E-06   0.124996731E-06
   0.247831224E-06   0.250050078E-06  -0.813545284E-06   0.107485803E-06
   0.175294119E-06   0.173457337E-06  -0.522342418E-06   0.717844202E-07
   0.119805762E-06   0.113964333E-06  -0.275015225E-06   0.394761841E-07
   0.162892945E-06   0.142591659E-06  -0.332444358E-06   0.450659812E-07
   0.571406929E-06   0.492344498E-06  -0.149342645E-05   0.177712366E-06
   0.181615644E-05   0.157061527E-05  -0.511209146E-05   0.575721174E-06
   0.440884423E-05   0.376306866E-05  -0.123714217E-04   0.132956893E-05
   0.946622367E-05   0.796001405E-05  -0.260590732E-04   0.268548956E-05
   0.180727347E-04   0.149733496E-04  -0.482671167E-04   0.474311855E-05
   0.321885709E-04   0.262758003E-04  -0.828965349E-04   0.776076558E-05
   0.531714468E-04   0.427665873E-04  -0.130973174E-03   0.116687524E-04
   0.834710008E-04   0.662936072E-04  -0.195454981E-03   0.164515495E-04
   0.126362196E-03   0.992614732E-04  -0.279574742E-03   0.222009421E-04
   0.184269244E-03   0.143562676E-03  -0.382180355E-03   0.285313690E-04
   0.262822374E-03   0.203619595E-03  -0.507583143E-03   0.355633019E-04
   0.367520755E-03   0.284208916E-03  -0.655861630E-03   0.428241547E-04
   0.507036282E-03   0.392522838E-03  -0.829081167E-03   0.503599877E-04
   0.696206291E-03   0.541040441E-03  -0.103521906E-02   0.582575340E-04
   0.961287122E-03   0.751117594E-03  -0.129119481E-02   0.670973386E-04
   0.134900387E-02   0.106017443E-02  -0.162724569E-02   0.770253318E-04
   0.194593240E-02   0.153624907E-02  -0.209665834E-02   0.890287847E-04
   0.291166292E-02   0.230425410E-02  -0.277727237E-02   0.102854370E-03
   0.450684223E-02   0.356827676E-02  -0.373614999E-02   0.116497766E-03
   0.710919220E-02   0.562564563E-02  -0.493511092E-02   0.123196398E-03
   0.110505419E-01   0.874074455E-02  -0.600122754E-02   0.111827496E-03
   0.161064509E-01   0.127396565E-01  -0.602640072E-02   0.742500924E-04
   0.208480917E-01   0.164945778E-01  -0.398163777E-02   0.243741106E-04
   0.228663255E-01   0.180940796E-01  -0.109975353E-07   0.000000000E+00
