   0.284238282E-03   0.824932568E-02   0.000000000E+00   0.000000000E+00
   0.270038669E-03   0.777690066E-02   0.945021107E-03   0.499413818E-05
   0.234486244E-03   0.658690976E-02   0.157225190E-02   0.165842866E-04
   0.190723367E-03   0.512218988E-02   0.178833213E-02   0.283395366E-04
   0.150333493E-03   0.376749248E-02   0.170758786E-02   0.361973398E-04
   0.118044998E-03   0.268766354E-02   0.148765312E-02   0.395589268E-04
   0.937094301E-04   0.189327821E-02   0.123512163E-02   0.395242823E-04
   0.753149652E-04   0.133033330E-02   0.998783391E-03   0.374403571E-04
   0.607831680E-04   0.933923002E-03   0.791982864E-03   0.340683182E-04
   0.485681157E-04   0.654407311E-03   0.614782330E-03   0.297537790E-04
   0.381816390E-04   0.455285452E-03   0.466851518E-03   0.251137772E-04
   0.291861215E-04   0.312488759E-03   0.344374101E-03   0.203760883E-04
   0.215225482E-04   0.210023660E-03   0.245268602E-03   0.158133153E-04
   0.152438415E-04   0.137089111E-03   0.167802995E-03   0.117023801E-04
   0.102838467E-04   0.861517401E-04   0.109327993E-03   0.816315605E-05
   0.660509431E-05   0.517792469E-04   0.676879936E-04   0.542584121E-05
   0.387491491E-05   0.286398699E-04   0.379118428E-04   0.321533503E-05
   0.212501686E-05   0.147613628E-04   0.196233868E-04   0.176135427E-05
   0.102608828E-05   0.665817015E-05   0.865004222E-05   0.825588245E-06
   0.430732030E-06   0.260573233E-05   0.308754534E-05   0.312474242E-06
   0.143439706E-06   0.851453422E-06   0.698752046E-06   0.795827333E-07
   0.374784861E-07   0.328030211E-06   0.478015387E-07   0.867898464E-08
   0.133899620E-07   0.338915811E-06   0.116047126E-06   0.147399977E-07
   0.231314683E-07   0.440571910E-06   0.357118495E-06   0.404334060E-07
   0.318956168E-07   0.478637219E-06   0.497809310E-06   0.614859559E-07
   0.359604115E-07   0.465283648E-06   0.535144977E-06   0.653641905E-07
   0.344736328E-07   0.408634918E-06   0.497051190E-06   0.624459631E-07
   0.246634730E-07   0.280602251E-06   0.347656680E-06   0.451894415E-07
   0.161450604E-07   0.179223349E-06   0.227354889E-06   0.312226973E-07
   0.114162795E-07   0.121964391E-06   0.158809002E-06   0.220119958E-07
   0.462067851E-08   0.518494971E-07   0.635349764E-07   0.966436975E-08
   0.246923770E-08   0.263875286E-07   0.343088509E-07   0.570473180E-08
   0.378376941E-09   0.573297987E-08   0.625662677E-08   0.155216318E-08
   0.199550224E-09   0.230026820E-08   0.236845099E-08   0.657665367E-09
   0.102240487E-09   0.589079285E-09   0.280211548E-09   0.179923992E-09
   0.949768250E-10   0.289675284E-09   0.522308197E-09   0.207509877E-11
   0.495779084E-09   0.282581225E-08   0.290904412E-08   0.439197761E-09
   0.382030213E-09   0.165623359E-08   0.168494652E-08   0.152574758E-09
   0.723484883E-09   0.489322405E-08   0.571435610E-08   0.835433223E-09
   0.273063488E-09   0.212390283E-08   0.303763636E-08   0.371413039E-09
   0.502680009E-09   0.330344840E-08   0.530468247E-08   0.508712295E-09
   0.148324214E-09   0.829846802E-09   0.130610411E-08   0.791099408E-10
   0.164473990E-09   0.891272334E-09   0.148316470E-08   0.996763158E-10
   0.236023215E-10   0.196349964E-09   0.252488169E-09   0.507967418E-10
   0.285562077E-10   0.352751661E-09   0.427735819E-09   0.101626423E-09
   0.431996001E-10   0.545114287E-09   0.456865712E-09   0.207411505E-09
   0.375522946E-09   0.858725036E-09  -0.802012734E-09   0.400510985E-09
   0.522894950E-09   0.964985092E-09  -0.318304227E-08   0.587439986E-09
   0.427826330E-09   0.613331386E-09  -0.221011676E-08   0.387046312E-09
   0.126423649E-08   0.156836300E-08  -0.670837741E-08   0.942264822E-09
   0.404181932E-08   0.491818364E-08  -0.213787317E-07   0.293856761E-08
   0.205245643E-08   0.256170152E-08  -0.108653699E-07   0.141580769E-08
   0.176341197E-08   0.216867768E-08  -0.933745437E-08   0.124292876E-08
   0.354388785E-08   0.450561233E-08  -0.189841103E-07   0.256055932E-08
   0.202116812E-08   0.352537177E-08  -0.102966364E-07   0.158806812E-08
   0.131401279E-08   0.205130468E-08  -0.729845873E-08   0.110595377E-08
   0.272513845E-09   0.813032031E-09  -0.136473643E-08   0.377197912E-09
   0.355499630E-09   0.688102020E-09  -0.207779527E-08   0.481930162E-09
   0.363571062E-08   0.506875875E-08  -0.191788807E-07   0.309364578E-08
   0.178034494E-07   0.224331558E-07  -0.895183732E-07   0.130936701E-07
   0.408964773E-07   0.509168707E-07  -0.202697805E-06   0.270620824E-07
   0.768805180E-07   0.918894898E-07  -0.369977386E-06   0.487688823E-07
   0.135180926E-06   0.159033945E-06  -0.635142612E-06   0.815046519E-07
   0.204052867E-06   0.232898373E-06  -0.924092944E-06   0.114959832E-06
   0.278568990E-06   0.309901282E-06  -0.120745869E-05   0.146235919E-06
   0.324893421E-06   0.351808552E-06  -0.132020466E-05   0.154566379E-06
   0.313465108E-06   0.327386090E-06  -0.113679948E-05   0.130034280E-06
   0.275493562E-06   0.270741964E-06  -0.775510898E-06   0.841190300E-07
   0.200769904E-06   0.171272518E-06  -0.248440870E-06   0.314368798E-07
   0.252498239E-06   0.185234470E-06  -0.194289200E-06   0.347610936E-07
   0.729882231E-06   0.577123899E-06  -0.182504743E-05   0.213094012E-06
   0.217656907E-05   0.181011478E-05  -0.706791934E-05   0.731240902E-06
   0.544704790E-05   0.457928900E-05  -0.186946327E-04   0.178643268E-05
   0.115900539E-04   0.965648178E-05  -0.394838025E-04   0.353043879E-05
   0.222135186E-04   0.182548138E-04  -0.735253125E-04   0.617717978E-05
   0.390199093E-04   0.315675170E-04  -0.123749080E-03   0.972083035E-05
   0.639773207E-04   0.510223726E-04  -0.192299893E-03   0.140935408E-04
   0.996417584E-04   0.784855583E-04  -0.281289162E-03   0.191864674E-04
   0.148912804E-03   0.116308409E-03  -0.391020498E-03   0.246395848E-04
   0.215896056E-03   0.167898645E-03  -0.521935464E-03   0.302423286E-04
   0.306471775E-03   0.238284876E-03  -0.674760435E-03   0.357694007E-04
   0.429172302E-03   0.334850251E-03  -0.849979173E-03   0.408405831E-04
   0.597249658E-03   0.468672020E-03  -0.105007540E-02   0.453709144E-04
   0.831055571E-03   0.656442891E-03  -0.127761427E-02   0.488580699E-04
   0.115960173E-02   0.921193743E-03  -0.153254089E-02   0.510713144E-04
   0.161997881E-02   0.129201717E-02  -0.179998053E-02   0.506680881E-04
   0.224434095E-02   0.179384474E-02  -0.202488853E-02   0.461624877E-04
   0.302183093E-02   0.241723098E-02  -0.208404334E-02   0.358538746E-04
   0.385860610E-02   0.308749545E-02  -0.180783460E-02   0.208136826E-04
   0.453642430E-02   0.363040832E-02  -0.107730727E-02   0.621857498E-05
   0.480286684E-02   0.384364673E-02  -0.252586774E-08   0.000000000E+00
