   0.113963171E-03   0.466025574E-02   0.000000000E+00   0.000000000E+00
   0.110204099E-03   0.442008767E-02   0.593079894E-03   0.308988660E-05
   0.100273297E-03   0.379305868E-02   0.100589264E-02   0.104924593E-04
   0.875808837E-04   0.300696096E-02   0.117802061E-02   0.184402124E-04
   0.749730534E-04   0.225501298E-02   0.116104039E-02   0.242266924E-04
   0.638611236E-04   0.163598324E-02   0.104157161E-02   0.271614663E-04
   0.542185080E-04   0.116442784E-02   0.882646069E-03   0.275373295E-04
   0.457086535E-04   0.820257468E-03   0.720536802E-03   0.263484926E-04
   0.378788936E-04   0.573204423E-03   0.570273027E-03   0.237245713E-04
   0.305649519E-04   0.396627380E-03   0.437617738E-03   0.204650987E-04
   0.237942477E-04   0.270111748E-03   0.324252323E-03   0.168147562E-04
   0.177650527E-04   0.179857991E-03   0.231065729E-03   0.131357874E-04
   0.126761061E-04   0.116211682E-03   0.157753340E-03   0.975915827E-05
   0.852469748E-05   0.717676958E-04   0.101606849E-03   0.676168611E-05
   0.534689025E-05   0.417112024E-04   0.609124763E-04   0.434716503E-05
   0.310305245E-05   0.224293290E-04   0.335230798E-04   0.255125588E-05
   0.163832703E-05   0.109048688E-04   0.165108740E-04   0.132927971E-05
   0.756575332E-06   0.456523776E-05   0.685054920E-05   0.584931684E-06
   0.284010270E-06   0.150852804E-05   0.205784340E-05   0.185821236E-06
   0.789915617E-07   0.402255068E-06   0.297122796E-06   0.300203951E-07
   0.151802535E-07   0.220453131E-06  -0.512572651E-08   0.151324037E-09
   0.138106975E-07   0.340124274E-06   0.221679230E-06   0.233804496E-07
   0.253849439E-07   0.437144593E-06   0.445743552E-06   0.470255905E-07
   0.335439800E-07   0.476540379E-06   0.567093878E-06   0.631876844E-07
   0.334063159E-07   0.426243844E-06   0.541697943E-06   0.623173548E-07
   0.257612314E-07   0.307761894E-06   0.405875028E-06   0.482442992E-07
   0.176868138E-07   0.204390261E-06   0.273415282E-06   0.337183224E-07
   0.107885283E-07   0.120828915E-06   0.165010803E-06   0.208858779E-07
   0.449486448E-08   0.504421500E-07   0.693145452E-07   0.923678556E-08
   0.169076886E-08   0.199983496E-07   0.270857168E-07   0.412511758E-08
   0.698344660E-09   0.804337397E-08   0.110802985E-07   0.165617209E-08
   0.947208562E-10   0.749279472E-09   0.246294651E-09   0.312635806E-09
   0.149939061E-09   0.103653819E-08   0.144864476E-08   0.199417122E-09
   0.520213872E-09   0.361330166E-08   0.410269418E-08   0.693113955E-09
   0.458958871E-09   0.345286777E-08   0.473574868E-08   0.607089490E-09
   0.216181462E-09   0.116183008E-08   0.206082218E-08   0.834263839E-10
   0.536736877E-09   0.377705822E-08   0.544968159E-08   0.592809080E-09
   0.284295643E-09   0.140184808E-08   0.161084979E-08   0.160939109E-09
   0.396444849E-09   0.241534615E-08   0.325360805E-08   0.347378737E-09
   0.549882306E-09   0.284331247E-08   0.160290303E-08   0.619237328E-09
   0.187541316E-09   0.758128227E-09   0.136013312E-08   0.353077498E-10
   0.172375128E-09   0.706600334E-09   0.104065556E-08   0.350515450E-10
   0.153736371E-09   0.177279691E-09  -0.749912354E-09   0.606698997E-10
   0.714675888E-10   0.183153326E-09  -0.330223959E-09   0.789305774E-10
   0.356388842E-10   0.549158219E-10  -0.223067745E-09   0.327310019E-10
   0.230583441E-09   0.411032069E-09  -0.161254554E-08   0.272436795E-09
   0.295606567E-09   0.363776759E-09  -0.174185544E-08   0.214269436E-09
   0.321752312E-10   0.176336196E-09   0.187615756E-09   0.497600572E-10
   0.102033937E-09   0.149096471E-09  -0.263989358E-09   0.962869368E-11
   0.146435267E-09   0.155182700E-09  -0.653571364E-09   0.378495534E-10
   0.579536918E-09   0.107753784E-08  -0.320668758E-08   0.490044505E-09
   0.877609596E-09   0.123964650E-08  -0.510756992E-08   0.624309437E-09
   0.144880385E-08   0.202844741E-08  -0.858590354E-08   0.105917308E-08
   0.500485986E-09   0.807343636E-09  -0.153921154E-08   0.123858673E-09
   0.250914889E-08   0.349631057E-08  -0.155871351E-07   0.205257700E-08
   0.150701707E-08   0.199391703E-08  -0.888893936E-08   0.105598252E-08
   0.258613286E-08   0.351474028E-08  -0.160227973E-07   0.211738804E-08
   0.134316636E-08   0.200601002E-08  -0.838722780E-08   0.113571286E-08
   0.235148317E-09   0.561299340E-09  -0.146168877E-08   0.288979951E-09
   0.279896856E-09   0.643963827E-09  -0.175302706E-08   0.454017712E-09
   0.503109820E-08   0.675247946E-08  -0.290725897E-07   0.414240064E-08
   0.162020850E-07   0.210628315E-07  -0.919709606E-07   0.117807613E-07
   0.385273644E-07   0.479417857E-07  -0.212459312E-06   0.265056261E-07
   0.836777900E-07   0.102062970E-06  -0.451374774E-06   0.556613706E-07
   0.148225652E-06   0.175105612E-06  -0.772647468E-06   0.919155028E-07
   0.202927765E-06   0.232428491E-06  -0.101377429E-05   0.116140733E-06
   0.296765620E-06   0.331571499E-06  -0.141054466E-05   0.154885115E-06
   0.329541422E-06   0.352718416E-06  -0.144059140E-05   0.153977368E-06
   0.310882427E-06   0.317811782E-06  -0.116452804E-05   0.119136857E-06
   0.216646441E-06   0.199759981E-06  -0.515199531E-06   0.530885274E-07
   0.161484934E-06   0.119237228E-06  -0.113991796E-06   0.228821815E-07
   0.392563891E-06   0.299368764E-06  -0.101063017E-05   0.119822630E-06
   0.135198422E-05   0.112648365E-05  -0.510482732E-05   0.502091154E-06
   0.390209152E-05   0.330648936E-05  -0.158019302E-04   0.141557041E-05
   0.875137903E-05   0.732518629E-05  -0.347170208E-04   0.289027457E-05
   0.179180715E-04   0.147485471E-04  -0.687741340E-04   0.532681906E-05
   0.324902139E-04   0.262221020E-04  -0.118602089E-03   0.855057806E-05
   0.544678624E-04   0.431557637E-04  -0.187127909E-03   0.125035695E-04
   0.862489251E-04   0.672982569E-04  -0.276437058E-03   0.170163657E-04
   0.129939988E-03   0.100234960E-03  -0.383605948E-03   0.216634053E-04
   0.189814702E-03   0.145511003E-03  -0.510675483E-03   0.262690264E-04
   0.270900113E-03   0.207371559E-03  -0.655185722E-03   0.304264486E-04
   0.380825484E-03   0.292268058E-03  -0.815265812E-03   0.338803366E-04
   0.530705089E-03   0.409342698E-03  -0.987634063E-03   0.362590108E-04
   0.736161892E-03   0.570923788E-03  -0.116776209E-02   0.372410759E-04
   0.101498817E-02   0.790697872E-03  -0.133752741E-02   0.360363993E-04
   0.137992715E-02   0.107799168E-02  -0.145788828E-02   0.318387720E-04
   0.181970769E-02   0.142329151E-02  -0.145229197E-02   0.240237732E-04
   0.227583479E-02   0.178067677E-02  -0.122267089E-02   0.135639766E-04
   0.264025363E-02   0.206609978E-02  -0.714927330E-03   0.398731754E-05
   0.278008683E-02   0.217533624E-02  -0.196465333E-08   0.000000000E+00
