   0.505076933E+01   0.526378403E+02  -0.562581752E-11   0.000000000E+00
   0.175343645E+01   0.182601929E+02   0.121244490E+01   0.697600795E-02
   0.312726647E+00   0.324809170E+01   0.439174384E+00   0.510672806E-02
   0.663176328E-01   0.684553623E+00   0.143724933E+00   0.256134057E-02
   0.167956017E-01   0.171024829E+00   0.505848899E-01   0.124921941E-02
   0.484277634E-02   0.478938408E-01   0.189537127E-01   0.622331456E-03
   0.164599705E-02   0.154728815E-01   0.752895372E-02   0.325299421E-03
   0.766184996E-03   0.689696660E-02   0.331755215E-02   0.185371522E-03
   0.524958770E-03   0.479991827E-02   0.178824295E-02   0.121255587E-03
   0.449473446E-03   0.431179907E-02   0.125682796E-02   0.921067767E-04
   0.405400904E-03   0.406539766E-02   0.107075681E-02   0.785665470E-04
   0.359541940E-03   0.372963934E-02   0.980022247E-03   0.713900299E-04
   0.308322604E-03   0.328653399E-02   0.897722668E-03   0.655581898E-04
   0.255323161E-03   0.278903521E-02   0.802062044E-03   0.592688666E-04
   0.205354168E-03   0.229008216E-02   0.694692426E-03   0.527041848E-04
   0.160049603E-03   0.182077766E-02   0.579932414E-03   0.453347348E-04
   0.121749210E-03   0.141093927E-02   0.469890161E-03   0.380471720E-04
   0.904697881E-04   0.106765679E-02   0.370076741E-03   0.310334581E-04
   0.657374112E-04   0.789165788E-03   0.283235306E-03   0.246099262E-04
   0.465964913E-04   0.568742456E-03   0.209916310E-03   0.189010025E-04
   0.323069253E-04   0.400857592E-03   0.151334141E-03   0.140843567E-04
   0.217786164E-04   0.275272847E-03   0.105447099E-03   0.101013266E-04
   0.144073138E-04   0.184273813E-03   0.711842295E-04   0.702727084E-05
   0.920027287E-05   0.119967292E-03   0.462121898E-04   0.466791789E-05
   0.572312638E-05   0.757960661E-04   0.287923776E-04   0.297328620E-05
   0.348346998E-05   0.464949590E-04   0.172229375E-04   0.181045743E-05
   0.203139348E-05   0.275318762E-04   0.974417526E-05   0.103092407E-05
   0.115316789E-05   0.155929702E-04   0.511745066E-05   0.540084443E-06
   0.634152514E-06   0.829875808E-05   0.237964741E-05   0.243980708E-06
   0.369865148E-06   0.442049395E-05   0.110438498E-05   0.104038492E-06
   0.190890276E-06   0.208642791E-05   0.350779231E-06   0.287104811E-07
   0.116616853E-06   0.953839162E-06   0.889399345E-07   0.130564104E-08
   0.860730154E-07   0.467391999E-06   0.417518535E-07  -0.425298241E-08
   0.643155502E-07   0.229957436E-06   0.425981952E-07  -0.844969206E-09
   0.529430331E-07   0.135429772E-06   0.717156325E-07   0.589230931E-08
   0.458772398E-07   0.113828676E-06   0.883545823E-07   0.711866788E-08
   0.379685794E-07   0.104358115E-06   0.100391169E-06   0.104549098E-07
   0.290566646E-07   0.860980691E-07   0.835165608E-07   0.873386874E-08
   0.210449613E-07   0.707164531E-07   0.714101915E-07   0.751824647E-08
   0.161308655E-07   0.550300818E-07   0.518014396E-07   0.551495960E-08
   0.102089057E-07   0.368899613E-07   0.354953329E-07   0.371494280E-08
   0.620994589E-08   0.255975774E-07   0.242200002E-07   0.324498139E-08
   0.399860811E-08   0.172026606E-07   0.130900286E-07   0.260114041E-08
   0.125983657E-08   0.770856268E-08   0.652464394E-08   0.167999470E-08
   0.510610443E-09   0.524563371E-08   0.227779373E-08   0.216349028E-08
   0.880713225E-09   0.326329741E-08  -0.304684300E-08   0.212281104E-08
   0.474179229E-08   0.691557256E-08  -0.145593182E-07   0.399310451E-08
   0.796560951E-08   0.838909919E-08  -0.207521325E-07   0.461494354E-08
   0.108934781E-07   0.103371010E-07  -0.262197641E-07   0.453918014E-08
   0.210680202E-07   0.179127237E-07  -0.475524580E-07   0.742217443E-08
   0.349256979E-07   0.311374926E-07  -0.778654368E-07   0.112358665E-07
   0.523917407E-07   0.460766358E-07  -0.117198120E-06   0.171834333E-07
   0.628860377E-07   0.537038396E-07  -0.135840551E-06   0.196530134E-07
   0.808014278E-07   0.660808936E-07  -0.169272923E-06   0.254876653E-07
   0.951575814E-07   0.770294051E-07  -0.191028832E-06   0.306683390E-07
   0.109873540E-06   0.858111449E-07  -0.190871930E-06   0.325618252E-07
   0.124893504E-06   0.948626777E-07  -0.150222192E-06   0.291658484E-07
   0.165597939E-06   0.124744844E-06  -0.893728256E-07   0.235213786E-07
   0.306174030E-06   0.235180764E-06  -0.502182900E-07   0.178784241E-07
   0.653782934E-06   0.514103647E-06  -0.151705137E-06   0.292424698E-07
   0.136368453E-05   0.107672690E-05  -0.522306948E-06   0.709993770E-07
   0.272883062E-05   0.216047192E-05  -0.142165777E-05   0.172855309E-06
   0.546641513E-05   0.434406184E-05  -0.362542710E-05   0.419751416E-06
   0.995778919E-05   0.786000237E-05  -0.725488962E-05   0.815334261E-06
   0.179297040E-04   0.141442197E-04  -0.141997052E-04   0.155627390E-05
   0.303021425E-04   0.237871991E-04  -0.247656262E-04   0.264133223E-05
   0.500761817E-04   0.391383692E-04  -0.417443334E-04   0.432519300E-05
   0.789303522E-04   0.612802833E-04  -0.654157120E-04   0.658502813E-05
   0.121715479E-03   0.940736863E-04  -0.998141477E-04   0.968740642E-05
   0.181789248E-03   0.139638854E-03  -0.145583268E-03   0.136156559E-04
   0.263435504E-03   0.201256771E-03  -0.204116470E-03   0.182686545E-04
   0.374277210E-03   0.284309237E-03  -0.279171043E-03   0.238991070E-04
   0.518911867E-03   0.392196293E-03  -0.370532274E-03   0.300809133E-04
   0.701752026E-03   0.527424796E-03  -0.476431276E-03   0.365708220E-04
   0.928616733E-03   0.694287242E-03  -0.597080274E-03   0.430629225E-04
   0.119543506E-02   0.888982147E-03  -0.723609177E-03   0.485710334E-04
   0.150197372E-02   0.111069577E-02  -0.853245205E-03   0.528672863E-04
   0.182951614E-02   0.134441140E-02  -0.972569629E-03   0.550352634E-04
   0.216193707E-02   0.157748954E-02  -0.107895466E-02   0.550425102E-04
   0.246160268E-02   0.178083067E-02  -0.116876711E-02   0.528276723E-04
   0.269961986E-02   0.193112483E-02  -0.126950338E-02   0.504894670E-04
   0.289777666E-02   0.204264093E-02  -0.147844199E-02   0.524311181E-04
   0.327992626E-02   0.227859733E-02  -0.206132466E-02   0.698664880E-04
   0.473406306E-02   0.329593336E-02  -0.369771663E-02   0.123395424E-03
   0.103984075E-01   0.742845330E-02  -0.812358875E-02   0.253963255E-03
   0.313702933E-01   0.229521208E-01  -0.199610405E-01   0.545449904E-03
   0.110210709E+00   0.816761479E-01  -0.524126291E-01   0.117375713E-02
   0.437217146E+00   0.326002210E+00  -0.147316426E+00   0.250122137E-02
   0.206688452E+01   0.154573917E+01  -0.447544426E+00   0.509052724E-02
   0.116368637E+02   0.871507454E+01  -0.123553741E+01   0.704279030E-02
   0.336923027E+02   0.252435360E+02  -0.930674105E-05   0.000000000E+00
