   0.271248728E+00   0.302084398E+01   0.000000000E+00   0.000000000E+00
   0.174605146E+00   0.193906450E+01   0.167634219E+00   0.940608617E-03
   0.644829497E-01   0.709752500E+00   0.123157226E+00   0.138184160E-02
   0.207964163E-01   0.225252032E+00   0.589037500E-01   0.992964837E-03
   0.695852051E-02   0.736107230E-01   0.256343689E-01   0.578302366E-03
   0.257142214E-02   0.265073422E-01   0.112186940E-01   0.319637038E-03
   0.110593287E-02   0.112700406E-01   0.521452492E-02   0.181644937E-03
   0.580489170E-03   0.604639342E-02   0.272739679E-02   0.112632843E-03
   0.369327783E-03   0.404448248E-02   0.167651533E-02   0.800614362E-04
   0.267509895E-03   0.308878091E-02   0.120174896E-02   0.643204985E-04
   0.205583710E-03   0.247659162E-02   0.948824745E-03   0.556803243E-04
   0.160446943E-03   0.199256674E-02   0.779572292E-03   0.493385051E-04
   0.124252372E-03   0.157745706E-02   0.641620485E-03   0.434062895E-04
   0.947474182E-04   0.122114609E-02   0.520247908E-03   0.375193376E-04
   0.706446954E-04   0.921260624E-03   0.411223387E-03   0.313991077E-04
   0.514214480E-04   0.676023366E-03   0.315311394E-03   0.254492734E-04
   0.365824671E-04   0.484257733E-03   0.235232787E-03   0.200021805E-04
   0.253976432E-04   0.337713456E-03   0.170152809E-03   0.151698132E-04
   0.171223583E-04   0.228944264E-03   0.118886535E-03   0.110750398E-04
   0.111854788E-04   0.150641848E-03   0.800789785E-04   0.775712306E-05
   0.703050773E-05   0.955812575E-04   0.515155334E-04   0.518225124E-05
   0.424432073E-05   0.583828914E-04   0.315890211E-04   0.328962165E-05
   0.243283489E-05   0.340432780E-04   0.182114727E-04   0.196297060E-05
   0.133463448E-05   0.190773262E-04   0.996535437E-05   0.110085534E-05
   0.662566549E-06   0.986592477E-05   0.482619816E-05   0.537888411E-06
   0.318116292E-06   0.491535229E-05   0.219718140E-05   0.246176825E-06
   0.141679237E-06   0.223282268E-05   0.839968038E-06   0.901718664E-07
   0.593083662E-07   0.917628199E-06   0.243088778E-06   0.221511840E-07
   0.331397381E-07   0.430116188E-06   0.109325462E-06   0.100911324E-07
   0.271799898E-07   0.245018356E-06   0.104822291E-06   0.116287620E-07
   0.294527212E-07   0.197608273E-06   0.144990182E-06   0.169070429E-07
   0.312413029E-07   0.198629877E-06   0.180964250E-06   0.222680487E-07
   0.272348881E-07   0.176998924E-06   0.174468511E-06   0.225242491E-07
   0.234441693E-07   0.155453350E-06   0.156393597E-06   0.202119264E-07
   0.203740811E-07   0.137267818E-06   0.137315226E-06   0.176805681E-07
   0.134612392E-07   0.891998297E-07   0.920591745E-07   0.113711316E-07
   0.112292193E-07   0.700653544E-07   0.655135679E-07   0.770830422E-08
   0.607977357E-08   0.342302044E-07   0.351869502E-07   0.299134006E-08
   0.480418816E-08   0.232876971E-07   0.201731698E-07   0.163335567E-08
   0.320096016E-08   0.127846898E-07   0.959443103E-08   0.608392892E-09
   0.145685153E-08   0.327314065E-08   0.253121168E-08  -0.352710305E-09
   0.173112169E-08   0.147833057E-08  -0.167347824E-08  -0.251509841E-09
   0.173581827E-08   0.133902622E-08  -0.350825391E-08   0.219072510E-09
   0.210934670E-08   0.189752969E-08  -0.545981793E-08   0.793016652E-09
   0.162245262E-08   0.160006342E-08  -0.310998649E-08   0.751629647E-09
   0.104357079E-08   0.222837193E-08  -0.643897824E-09   0.923533028E-09
   0.320489163E-09   0.870735484E-09   0.718190785E-10   0.315133142E-09
   0.234266495E-09   0.204828132E-08   0.171659431E-08   0.321918270E-09
   0.741454509E-09   0.251480792E-08   0.247466314E-08  -0.524885864E-10
   0.213534967E-08   0.254623855E-08  -0.404587785E-08   0.333650663E-09
   0.434878844E-08   0.476989204E-08  -0.778672327E-08   0.434961928E-09
   0.108442428E-07   0.971898650E-08  -0.258070028E-07   0.270688560E-08
   0.189506100E-07   0.178976123E-07  -0.472302446E-07   0.569593972E-08
   0.345170612E-07   0.304238270E-07  -0.880861535E-07   0.117750512E-07
   0.552138104E-07   0.492940622E-07  -0.143047686E-06   0.204352109E-07
   0.820894002E-07   0.740838573E-07  -0.212604917E-06   0.303792689E-07
   0.101152224E-06   0.896858978E-07  -0.258383295E-06   0.374826605E-07
   0.135055586E-06   0.119662644E-06  -0.341408310E-06   0.504466584E-07
   0.139613277E-06   0.122463504E-06  -0.338020556E-06   0.502995441E-07
   0.156342267E-06   0.137113361E-06  -0.354775182E-06   0.533449658E-07
   0.148042659E-06   0.128787846E-06  -0.268393421E-06   0.442508039E-07
   0.168851173E-06   0.142622980E-06  -0.188381151E-06   0.340186297E-07
   0.268558892E-06   0.217981054E-06  -0.148926048E-06   0.277825052E-07
   0.664444485E-06   0.521585093E-06  -0.488065439E-06   0.628488266E-07
   0.154914505E-05   0.119241167E-05  -0.144881585E-05   0.165945181E-06
   0.339488042E-05   0.260675233E-05  -0.371150441E-05   0.405989937E-06
   0.704610329E-05   0.537426331E-05  -0.839970289E-05   0.890118713E-06
   0.135323344E-04   0.102158483E-04  -0.166672435E-04   0.171503325E-05
   0.243628256E-04   0.182437434E-04  -0.301748623E-04   0.300855368E-05
   0.416224211E-04   0.309029565E-04  -0.508931844E-04   0.488378419E-05
   0.681402889E-04   0.502093135E-04  -0.812636063E-04   0.748289676E-05
   0.106968924E-03   0.782142815E-04  -0.122988451E-03   0.108167687E-04
   0.162291733E-03   0.117811454E-03  -0.178430084E-03   0.149499056E-04
   0.239748944E-03   0.172925327E-03  -0.250777521E-03   0.199105725E-04
   0.341649225E-03   0.244920142E-03  -0.336909899E-03   0.252601985E-04
   0.475980341E-03   0.339424383E-03  -0.441124430E-03   0.311196782E-04
   0.644505548E-03   0.457537768E-03  -0.558674685E-03   0.368942419E-04
   0.850420853E-03   0.601364998E-03  -0.687729625E-03   0.424394530E-04
   0.109475199E-02   0.771713560E-03  -0.826519041E-03   0.475392226E-04
   0.137871667E-02   0.969686720E-03  -0.978263794E-03   0.523882336E-04
   0.171069731E-02   0.120125606E-02  -0.116061734E-02   0.583061264E-04
   0.212973240E-02   0.149464910E-02  -0.143029599E-02   0.675739211E-04
   0.278543564E-02   0.195639790E-02  -0.194169208E-02   0.863893947E-04
   0.414970936E-02   0.292284694E-02  -0.307750213E-02   0.126188184E-03
   0.766452914E-02   0.542345271E-02  -0.574374059E-02   0.206119323E-03
   0.177918561E-01   0.126512973E-01  -0.121052219E-01   0.362424471E-03
   0.487303063E-01   0.347852558E-01  -0.271608587E-01   0.641802442E-03
   0.147193357E+00   0.105379961E+00  -0.613916181E-01   0.107287068E-02
   0.457484424E+00   0.328201443E+00  -0.126240879E+00   0.145196775E-02
   0.123176980E+01   0.884823799E+00  -0.169016212E+00   0.964458275E-03
   0.190362799E+01   0.136805260E+01  -0.585946168E-06   0.000000000E+00
