   0.245646071E-01   0.267452985E+00   0.314878008E-07   0.000000000E+00
   0.211312585E-01   0.229899243E+00   0.218639411E-01   0.122912403E-03
   0.140383001E-01   0.152454764E+00   0.285271108E-01   0.318891631E-03
   0.791621208E-02   0.858188346E-01   0.233864691E-01   0.388986489E-03
   0.415819464E-02   0.450801812E-01   0.156436209E-01   0.343389023E-03
   0.218367507E-02   0.237707086E-01   0.965322647E-02   0.261813460E-03
   0.120547158E-02   0.132487183E-01   0.592682371E-02   0.191875952E-03
   0.719708449E-03   0.801544823E-02   0.379509735E-02   0.143861849E-03
   0.468453392E-03   0.528051285E-02   0.259879348E-02   0.113517992E-03
   0.327527727E-03   0.371760223E-02   0.189861516E-02   0.944411731E-04
   0.240354595E-03   0.272843568E-02   0.145358779E-02   0.817336404E-04
   0.180852367E-03   0.204063230E-02   0.113932951E-02   0.713076952E-04
   0.137356954E-03   0.153281749E-02   0.899029372E-03   0.617635160E-04
   0.104078310E-03   0.114494143E-02   0.705213926E-03   0.525824616E-04
   0.779942347E-04   0.844367431E-03   0.544716779E-03   0.436962400E-04
   0.575189224E-04   0.612161530E-03   0.412128837E-03   0.353163996E-04
   0.414797432E-04   0.434511894E-03   0.303670909E-03   0.276033825E-04
   0.292551267E-04   0.301464024E-03   0.217806897E-03   0.209006485E-04
   0.200690465E-04   0.203847711E-03   0.151417989E-03   0.152868233E-04
   0.133839721E-04   0.134107890E-03   0.101936239E-03   0.107720689E-04
   0.848500986E-05   0.843238813E-04   0.648859714E-04   0.716708246E-05
   0.516714772E-05   0.512426232E-04   0.395971510E-04   0.453144639E-05
   0.295390259E-05   0.292633249E-04   0.224393225E-04   0.267841574E-05
   0.158241028E-05   0.158070561E-04   0.118282096E-04   0.146145237E-05
   0.766922938E-06   0.792549326E-05   0.557643125E-05   0.708475397E-06
   0.323486404E-06   0.354372469E-05   0.218791797E-05   0.286660338E-06
   0.130025882E-06   0.155931980E-05   0.786550970E-06   0.106951468E-06
   0.473057327E-07   0.621838069E-06   0.204818775E-06   0.219176677E-07
   0.306719592E-07   0.372675572E-06   0.154572689E-06   0.165807794E-07
   0.340098616E-07   0.334892036E-06   0.231973033E-06   0.285980004E-07
   0.458018334E-07   0.393774997E-06   0.356810659E-06   0.464725574E-07
   0.496306498E-07   0.404212585E-06   0.397494432E-06   0.520212389E-07
   0.467673473E-07   0.371461596E-06   0.374838521E-06   0.495788299E-07
   0.421339585E-07   0.322192307E-06   0.335132313E-06   0.435410250E-07
   0.336839499E-07   0.254528089E-06   0.261496609E-06   0.342991058E-07
   0.246615706E-07   0.181251266E-06   0.193367725E-06   0.249376200E-07
   0.182808968E-07   0.125147267E-06   0.134117414E-06   0.153752815E-07
   0.134181573E-07   0.842803374E-07   0.767017596E-07   0.947742063E-08
   0.958704316E-08   0.528128652E-07   0.475512252E-07   0.478465134E-08
   0.566220937E-08   0.296824414E-07   0.299555118E-07   0.220199281E-08
   0.360010555E-08   0.129718236E-07   0.902105857E-08   0.339235529E-09
   0.443207071E-08   0.517529974E-08  -0.748915419E-08   0.714226178E-10
   0.191046734E-08   0.226071006E-08  -0.380085252E-08   0.166839709E-09
   0.170179193E-08   0.142383882E-08  -0.415754497E-08   0.569249925E-09
   0.234093189E-08   0.269216360E-08  -0.547189005E-08   0.140888901E-08
   0.109218590E-08   0.207567896E-08  -0.214245355E-08   0.113434506E-08
   0.141170908E-08   0.261696975E-08  -0.920105547E-09   0.106311782E-08
   0.734187100E-09   0.219259033E-08   0.207612061E-08   0.398064859E-09
   0.997613103E-09   0.327272054E-08   0.383728471E-08  -0.932171632E-10
   0.397112254E-08   0.726757099E-08  -0.504701525E-08   0.525877730E-09
   0.759198837E-08   0.952486001E-08  -0.163797154E-07   0.118601351E-08
   0.158297908E-07   0.169025220E-07  -0.417884607E-07   0.402558520E-08
   0.364842272E-07   0.355974770E-07  -0.104546473E-06   0.127721140E-07
   0.590726046E-07   0.613899402E-07  -0.175780102E-06   0.240411371E-07
   0.847426236E-07   0.867872174E-07  -0.249397004E-06   0.336481598E-07
   0.143070082E-06   0.144252127E-06  -0.421036020E-06   0.604662844E-07
   0.188260415E-06   0.189454838E-06  -0.549842014E-06   0.814871939E-07
   0.231442115E-06   0.233232200E-06  -0.664985748E-06   0.945578904E-07
   0.252860247E-06   0.255161751E-06  -0.710476058E-06   0.101373068E-06
   0.276110654E-06   0.275791280E-06  -0.742197869E-06   0.104644528E-06
   0.268611387E-06   0.266373462E-06  -0.664890422E-06   0.978919275E-07
   0.210852974E-06   0.205693269E-06  -0.401531707E-06   0.615420674E-07
   0.221405372E-06   0.205833544E-06  -0.245452156E-06   0.360410617E-07
   0.384845293E-06   0.344399581E-06  -0.371904321E-06   0.545622143E-07
   0.966229095E-06   0.845641637E-06  -0.133480421E-05   0.173381906E-06
   0.239453516E-05   0.209358632E-05  -0.404633420E-05   0.500378860E-06
   0.529585941E-05   0.459885814E-05  -0.966852713E-05   0.114721377E-05
   0.106992275E-04   0.916952922E-05  -0.200197046E-04   0.231046852E-05
   0.197736808E-04   0.168248516E-04  -0.370207708E-04   0.410066878E-05
   0.342389903E-04   0.288643532E-04  -0.630350696E-04   0.671439057E-05
   0.559267137E-04   0.467497375E-04  -0.100043973E-03   0.102130898E-04
   0.882109089E-04   0.731501059E-04  -0.152393710E-03   0.148877907E-04
   0.133443144E-03   0.109764820E-03  -0.220643371E-03   0.205905508E-04
   0.195494576E-03   0.159909308E-03  -0.307735347E-03   0.273249807E-04
   0.279506465E-03   0.227657176E-03  -0.416968542E-03   0.350625851E-04
   0.388927234E-03   0.315926765E-03  -0.546560972E-03   0.435212896E-04
   0.529794313E-03   0.429877837E-03  -0.698087621E-03   0.524419629E-04
   0.710760360E-03   0.577277620E-03  -0.876053527E-03   0.619870989E-04
   0.941592152E-03   0.766794314E-03  -0.108366029E-02   0.724202546E-04
   0.123873679E-02   0.101313973E-02  -0.133113028E-02   0.835656319E-04
   0.163581118E-02   0.134507800E-02  -0.164654246E-02   0.970806650E-04
   0.220409012E-02   0.182261923E-02  -0.209177681E-02   0.115029114E-03
   0.309805083E-02   0.257405778E-02  -0.279174093E-02   0.141549885E-03
   0.466022687E-02   0.388358789E-02  -0.398709765E-02   0.181287542E-03
   0.763342855E-02   0.636824546E-02  -0.609584898E-02   0.239992063E-03
   0.135635138E-01   0.113168275E-01  -0.972576998E-02   0.316458143E-03
   0.254784804E-01   0.212665237E-01  -0.154699180E-01   0.396517426E-03
   0.479955412E-01   0.401066281E-01  -0.227220394E-01   0.429323380E-03
   0.844665989E-01   0.706928372E-01  -0.273196753E-01   0.339371880E-03
   0.126475379E+00   0.105988279E+00  -0.207292866E-01   0.127601306E-03
   0.146722451E+00   0.123015814E+00  -0.418517843E-07   0.000000000E+00
