   0.945078227E-06   0.306227477E-03   0.000000000E+00   0.000000000E+00
   0.103407660E-05   0.305063499E-03   0.595959500E-05  -0.135101788E-07
   0.124409598E-05   0.300616375E-03   0.117523596E-04  -0.538921370E-07
   0.160826130E-05   0.294389960E-03   0.172514847E-04  -0.118895940E-06
   0.211449924E-05   0.285447080E-03   0.223002698E-04  -0.203236397E-06
   0.273131946E-05   0.275428727E-03   0.268547556E-04  -0.305608097E-06
   0.341529812E-05   0.262369518E-03   0.306958573E-04  -0.422668023E-06
   0.419612115E-05   0.248833618E-03   0.339119433E-04  -0.542922407E-06
   0.501562909E-05   0.233308485E-03   0.363407744E-04  -0.669629401E-06
   0.586615397E-05   0.217048917E-03   0.380410893E-04  -0.793969775E-06
   0.672579517E-05   0.200550174E-03   0.390254427E-04  -0.912685266E-06
   0.758695069E-05   0.183856071E-03   0.393565060E-04  -0.101940827E-05
   0.843036923E-05   0.166790909E-03   0.390095229E-04  -0.111647887E-05
   0.924095821E-05   0.150291584E-03   0.381251775E-04  -0.120438528E-05
   0.100100415E-04   0.134165719E-03   0.367471257E-04  -0.127741237E-05
   0.107341366E-04   0.118249482E-03   0.348895919E-04  -0.133698768E-05
   0.114314762E-04   0.104011757E-03   0.328167225E-04  -0.138342955E-05
   0.120773393E-04   0.898353246E-04   0.303927081E-04  -0.141831674E-05
   0.127023832E-04   0.777207460E-04   0.279678006E-04  -0.143645150E-05
   0.132660343E-04   0.660589430E-04   0.252954414E-04  -0.144640899E-05
   0.138284040E-04   0.559158179E-04   0.227080909E-04  -0.144448006E-05
   0.143174793E-04   0.468759572E-04   0.201822459E-04  -0.141637463E-05
   0.148402478E-04   0.389032066E-04   0.176376361E-04  -0.140038901E-05
   0.152716038E-04   0.317242884E-04   0.152257644E-04  -0.135376399E-05
   0.157458799E-04   0.258384316E-04   0.129535883E-04  -0.131182719E-05
   0.161894404E-04   0.209227965E-04   0.108382392E-04  -0.125661973E-05
   0.165808779E-04   0.170321382E-04   0.900127452E-05  -0.117951595E-05
   0.169974810E-04   0.138493269E-04   0.726414100E-05  -0.110240023E-05
   0.173970602E-04   0.112929492E-04   0.572498539E-05  -0.102529577E-05
   0.177748625E-04   0.952511436E-05   0.438928646E-05  -0.935250569E-06
   0.181122159E-04   0.826466567E-05   0.325244037E-05  -0.841924020E-06
   0.184846704E-04   0.744960062E-05   0.224429095E-05  -0.751113362E-06
   0.187471851E-04   0.697775977E-05   0.144013393E-05  -0.651797507E-06
   0.191133222E-04   0.700394003E-05   0.707941695E-06  -0.555338147E-06
   0.193906544E-04   0.719893023E-05   0.156517984E-06  -0.460544669E-06
   0.196458950E-04   0.758151100E-05  -0.285172916E-06  -0.373011744E-06
   0.198787257E-04   0.811419613E-05  -0.634885509E-06  -0.283878251E-06
   0.199484948E-04   0.855742655E-05  -0.845169382E-06  -0.204561005E-06
   0.201399871E-04   0.933028241E-05  -0.102055094E-05  -0.130131980E-06
   0.202106858E-04   0.992893729E-05  -0.112661689E-05  -0.628606713E-07
   0.202814299E-04   0.105969884E-04  -0.117562024E-05  -0.525204236E-08
   0.201623570E-04   0.111065665E-04  -0.111537406E-05   0.382816054E-07
   0.201632101E-04   0.117660411E-04  -0.107079507E-05   0.797271724E-07
   0.199432925E-04   0.121239918E-04  -0.940950201E-06   0.102077870E-06
   0.196806723E-04   0.123613227E-04  -0.806630169E-06   0.115832805E-06
   0.192838161E-04   0.126602845E-04  -0.553525979E-06   0.117177983E-06
   0.189670754E-04   0.127933808E-04  -0.375087467E-06   0.108813722E-06
   0.184279324E-04   0.129398531E-04  -0.622874339E-07   0.884184459E-07
   0.178388382E-04   0.129389373E-04   0.248533411E-06   0.549646977E-07
   0.172046293E-04   0.127085850E-04   0.531346643E-06   0.130485196E-07
   0.164240555E-04   0.124887638E-04   0.889570742E-06  -0.413079313E-07
   0.156025180E-04   0.123494456E-04   0.128305157E-05  -0.102721273E-06
   0.147420888E-04   0.120697650E-04   0.165415349E-05  -0.171234618E-06
   0.138097066E-04   0.118461339E-04   0.207208132E-05  -0.252236674E-06
   0.128266711E-04   0.115545363E-04   0.246170453E-05  -0.335724110E-06
   0.118417156E-04   0.113386523E-04   0.284964449E-05  -0.424939515E-06
   0.108795239E-04   0.110240371E-04   0.319593278E-05  -0.516533191E-06
   0.991961315E-05   0.109715329E-04   0.353296332E-05  -0.612410474E-06
   0.903365435E-05   0.109892944E-04   0.383373299E-05  -0.708899677E-06
   0.822281800E-05   0.111545605E-04   0.404851062E-05  -0.804042713E-06
   0.755966084E-05   0.115290386E-04   0.421675668E-05  -0.896685719E-06
   0.710161248E-05   0.120643945E-04   0.425134795E-05  -0.981463245E-06
   0.686857811E-05   0.129775699E-04   0.418700529E-05  -0.106109826E-05
   0.690369643E-05   0.141348773E-04   0.401898888E-05  -0.113365513E-05
   0.723051471E-05   0.156634560E-04   0.374957813E-05  -0.119934873E-05
   0.798817746E-05   0.178064329E-04   0.329124396E-05  -0.125633585E-05
   0.907961294E-05   0.201985131E-04   0.275699244E-05  -0.130250453E-05
   0.104847841E-04   0.230432979E-04   0.216043668E-05  -0.134716083E-05
   0.125403103E-04   0.265415965E-04   0.133946946E-05  -0.137138272E-05
   0.150199712E-04   0.305768081E-04   0.456785870E-06  -0.139568874E-05
   0.180941697E-04   0.351783128E-04  -0.559688942E-06  -0.140013822E-05
   0.217344532E-04   0.404252751E-04  -0.165724339E-05  -0.139766803E-05
   0.258349737E-04   0.462438111E-04  -0.279553456E-05  -0.138939401E-05
   0.304084915E-04   0.523532581E-04  -0.389480283E-05  -0.135080563E-05
   0.356993551E-04   0.594070152E-04  -0.509599613E-05  -0.131852391E-05
   0.411187248E-04   0.666088017E-04  -0.610579718E-05  -0.127817646E-05
   0.473551299E-04   0.744867430E-04  -0.716851901E-05  -0.120242453E-05
   0.534179744E-04   0.823984738E-04  -0.795835876E-05  -0.114132354E-05
   0.602284599E-04   0.909896407E-04  -0.874547186E-05  -0.106077721E-05
   0.672370661E-04   0.997182215E-04  -0.933689171E-05  -0.965245476E-06
   0.736792426E-04   0.107871288E-03  -0.954589541E-05  -0.859875684E-06
   0.807151591E-04   0.116530879E-03  -0.967466167E-05  -0.746100454E-06
   0.875166224E-04   0.124791317E-03  -0.954342340E-05  -0.623256483E-06
   0.933182018E-04   0.132185378E-03  -0.901026215E-05  -0.513397424E-06
   0.993573485E-04   0.139516094E-03  -0.833948343E-05  -0.395016201E-06
   0.104581806E-03   0.145883401E-03  -0.740783844E-05  -0.287210696E-06
   0.108879729E-03   0.151201239E-03  -0.620616083E-05  -0.189927860E-06
   0.112482136E-03   0.155598536E-03  -0.484341626E-05  -0.110506470E-06
   0.114842464E-03   0.158623719E-03  -0.330396847E-05  -0.506658253E-07
   0.116852010E-03   0.160932090E-03  -0.168947611E-05  -0.127460522E-07
   0.117051146E-03   0.161281365E-03   0.575145313E-11   0.000000000E+00
