   0.126666564E-02   0.151972426E-01   0.114847265E-08   0.000000000E+00
   0.122705894E-02   0.146717140E-01   0.486892968E-03   0.140415887E-05
   0.111587497E-02   0.132048745E-01   0.877946382E-03   0.487891384E-05
   0.965080224E-03   0.111974943E-01   0.111973181E-02   0.866894698E-05
   0.803493080E-03   0.905063562E-02   0.121017650E-02   0.113279975E-04
   0.655932701E-03   0.708882511E-02   0.118725002E-02   0.121752773E-04
   0.532433623E-03   0.545869907E-02   0.109678798E-02   0.116394485E-04
   0.436153641E-03   0.420016423E-02   0.980387442E-03   0.102314625E-04
   0.362414925E-03   0.326207420E-02   0.861828797E-03   0.880290372E-05
   0.305799942E-03   0.257330155E-02   0.752659689E-03   0.796782388E-05
   0.261560868E-03   0.206517894E-02   0.656558259E-03   0.725055497E-05
   0.225511918E-03   0.168310350E-02   0.572610064E-03   0.734737478E-05
   0.195188433E-03   0.138715701E-02   0.499086571E-03   0.735239837E-05
   0.168785860E-03   0.115026103E-02   0.433330599E-03   0.765206823E-05
   0.145462400E-03   0.956562639E-03   0.374392548E-03   0.781825838E-05
   0.124717451E-03   0.795295695E-03   0.321359577E-03   0.792377978E-05
   0.106043241E-03   0.657020835E-03   0.272739358E-03   0.781003564E-05
   0.895181729E-04   0.540754118E-03   0.229525103E-03   0.744111503E-05
   0.748377133E-04   0.441539189E-03   0.190783860E-03   0.679082450E-05
   0.619697385E-04   0.356853998E-03   0.156376365E-03   0.615232966E-05
   0.508910452E-04   0.286437571E-03   0.126793704E-03   0.544945806E-05
   0.413969028E-04   0.227687662E-03   0.101413243E-03   0.467006157E-05
   0.332841337E-04   0.178769522E-03   0.797066896E-04   0.381785594E-05
   0.264995924E-04   0.139186086E-03   0.617524420E-04   0.308690687E-05
   0.208765578E-04   0.106688683E-03   0.468691833E-04   0.242455485E-05
   0.163277164E-04   0.810269121E-04   0.350374394E-04   0.184851262E-05
   0.125735442E-04   0.603638800E-04   0.253599665E-04   0.131613172E-05
   0.964750507E-05   0.450036314E-04   0.182083895E-04   0.952606399E-06
   0.729895692E-05   0.328001115E-04   0.125169336E-04   0.624181268E-06
   0.551445191E-05   0.238239700E-04   0.842800091E-05   0.393587214E-06
   0.411469273E-05   0.170694348E-04   0.533334241E-05   0.215563134E-06
   0.310148789E-05   0.122899783E-04   0.331624801E-05   0.115597452E-06
   0.233568699E-05   0.882444692E-05   0.187541116E-05   0.512351832E-07
   0.176722483E-05   0.634643447E-05   0.933958063E-06   0.216713385E-07
   0.136877372E-05   0.476411378E-05   0.395469499E-06   0.262585989E-07
   0.108467498E-05   0.361829120E-05   0.756313483E-07   0.393502866E-07
   0.883509415E-06   0.280494737E-05  -0.120534651E-06   0.579017438E-07
   0.755448013E-06   0.229571128E-05  -0.203781809E-06   0.876604176E-07
   0.667145855E-06   0.193793198E-05  -0.230617275E-06   0.116110911E-06
   0.610104223E-06   0.166053189E-05  -0.234655531E-06   0.140716480E-06
   0.578988931E-06   0.144122328E-05  -0.242700281E-06   0.159732281E-06
   0.590467380E-06   0.134448055E-05  -0.246747561E-06   0.187338699E-06
   0.595915878E-06   0.120582638E-05  -0.265429918E-06   0.199277267E-06
   0.615449892E-06   0.108718802E-05  -0.296015401E-06   0.206371908E-06
   0.642622695E-06   0.980737809E-06  -0.320703265E-06   0.204431075E-06
   0.690537604E-06   0.930321676E-06  -0.336821159E-06   0.203585785E-06
   0.731192756E-06   0.864851927E-06  -0.350410147E-06   0.193511596E-06
   0.806576338E-06   0.809256790E-06  -0.390831872E-06   0.176826049E-06
   0.867638107E-06   0.791853438E-06  -0.372527012E-06   0.158325136E-06
   0.951797460E-06   0.807530910E-06  -0.344841737E-06   0.137048616E-06
   0.106708694E-05   0.836262245E-06  -0.325707305E-06   0.111812177E-06
   0.117560478E-05   0.857099906E-06  -0.275664519E-06   0.777710127E-07
   0.132976891E-05   0.966149287E-06  -0.216637517E-06   0.532858664E-07
   0.153802796E-05   0.112103714E-05  -0.179915418E-06   0.333073906E-07
   0.183377256E-05   0.136399797E-05  -0.188887157E-06   0.273484151E-07
   0.229127477E-05   0.172251657E-05  -0.318921650E-06   0.472265000E-07
   0.294442543E-05   0.233922378E-05  -0.590231650E-06   0.109322293E-06
   0.395079223E-05   0.325417523E-05  -0.116455021E-05   0.235949415E-06
   0.528721966E-05   0.453913708E-05  -0.200096360E-05   0.423686942E-06
   0.738435392E-05   0.648852119E-05  -0.353733890E-05   0.747771935E-06
   0.102837503E-04   0.926757548E-05  -0.579576181E-05   0.120551556E-05
   0.140745124E-04   0.128947022E-04  -0.879553863E-05   0.180956499E-05
   0.194528475E-04   0.178908431E-04  -0.131589168E-04   0.264768596E-05
   0.266624429E-04   0.246326344E-04  -0.190958235E-04   0.374719116E-05
   0.360387712E-04   0.333623393E-04  -0.267824180E-04   0.513893792E-05
   0.475871457E-04   0.441637967E-04  -0.360608647E-04   0.676511308E-05
   0.629407587E-04   0.583647125E-04  -0.483196345E-04   0.881797405E-05
   0.819277702E-04   0.758693568E-04  -0.630971917E-04   0.112518774E-04
   0.104850624E-03   0.970754118E-04  -0.804089796E-04   0.140189568E-04
   0.133073947E-03   0.123126025E-03  -0.101078695E-03   0.171350857E-04
   0.166825732E-03   0.154162728E-03  -0.124803497E-03   0.206743625E-04
   0.207149758E-03   0.191158455E-03  -0.151885732E-03   0.244977655E-04
   0.254796701E-03   0.234845895E-03  -0.182368618E-03   0.286160539E-04
   0.310621224E-03   0.285796996E-03  -0.215979395E-03   0.330067342E-04
   0.377037941E-03   0.346034765E-03  -0.253557897E-03   0.375626551E-04
   0.454590016E-03   0.416018534E-03  -0.294297584E-03   0.421791701E-04
   0.545471907E-03   0.497415080E-03  -0.338125479E-03   0.466916026E-04
   0.654589676E-03   0.593979319E-03  -0.386129890E-03   0.509287747E-04
   0.788858684E-03   0.711124856E-03  -0.440010248E-03   0.548825774E-04
   0.957924407E-03   0.856293947E-03  -0.500910159E-03   0.584104091E-04
   0.117787695E-02   0.104258081E-02  -0.571773213E-03   0.615985628E-04
   0.147245533E-02   0.128843810E-02  -0.655223499E-03   0.634559619E-04
   0.187306630E-02   0.161962421E-02  -0.752984313E-03   0.641576844E-04
   0.242355745E-02   0.207139668E-02  -0.863576715E-03   0.627788177E-04
   0.315975351E-02   0.267469557E-02  -0.975163479E-03   0.590167729E-04
   0.411415286E-02   0.345386728E-02  -0.106590171E-02   0.515992506E-04
   0.526654162E-02   0.439761113E-02  -0.109779648E-02   0.410784633E-04
   0.652179634E-02   0.542526925E-02  -0.102360535E-02   0.278090429E-04
   0.770252477E-02   0.639390247E-02  -0.808018958E-03   0.142793624E-04
   0.855802558E-02   0.709724240E-02  -0.449592102E-03   0.391705316E-05
   0.887344405E-02   0.735420082E-02  -0.151139290E-08   0.000000000E+00
