   0.188148150E-02   0.307318382E-01  -0.817945798E-11   0.000000000E+00
   0.173881545E-02   0.284006335E-01   0.303583755E-02   0.163611221E-04
   0.139270944E-02   0.227446053E-01   0.474721519E-02   0.511256439E-04
   0.100437924E-02   0.163698476E-01   0.493865972E-02   0.795587548E-04
   0.683747930E-03   0.110655418E-01   0.425428106E-02   0.912396717E-04
   0.459486298E-03   0.730660651E-02   0.335128466E-02   0.896929705E-04
   0.315278565E-03   0.485125091E-02   0.256190472E-02   0.827334952E-04
   0.224558651E-03   0.328527740E-02   0.196037744E-02   0.744574791E-04
   0.166031154E-03   0.227512838E-02   0.151711586E-02   0.666900451E-04
   0.126171479E-03   0.160624529E-02   0.118509633E-02   0.590203308E-04
   0.971027475E-04   0.114666321E-02   0.926363689E-03   0.516631044E-04
   0.747307713E-04   0.821543334E-03   0.718715426E-03   0.442774435E-04
   0.570042939E-04   0.586503709E-03   0.549920485E-03   0.371090609E-04
   0.425798607E-04   0.413868518E-03   0.411002082E-03   0.298619525E-04
   0.311084696E-04   0.287470903E-03   0.299768813E-03   0.234258750E-04
   0.219841731E-04   0.194722365E-03   0.211187289E-03   0.175837959E-04
   0.149541011E-04   0.127764157E-03   0.142984223E-03   0.126001951E-04
   0.977113268E-05   0.808192563E-04   0.928195368E-04   0.865772472E-05
   0.601942429E-05   0.484294651E-04   0.566717754E-04   0.556243504E-05
   0.346607362E-05   0.271957069E-04   0.322104206E-04   0.330076705E-05
   0.185317117E-05   0.141635137E-04   0.169036066E-04   0.181111420E-05
   0.889496675E-06   0.663214496E-05   0.788123361E-05   0.881103404E-06
   0.361333804E-06   0.258374234E-05   0.302670060E-05   0.354354569E-06
   0.115445857E-06   0.809217113E-06   0.862720185E-06   0.107570372E-06
   0.326879963E-07   0.260485450E-06   0.210704940E-06   0.306715258E-07
   0.167514642E-07   0.201083537E-06   0.157131922E-06   0.229311112E-07
   0.281115113E-07   0.315058514E-06   0.319018284E-06   0.440918448E-07
   0.402957880E-07   0.412925345E-06   0.458812849E-06   0.641254090E-07
   0.446931594E-07   0.427552266E-06   0.499211467E-06   0.720741724E-07
   0.422443058E-07   0.390882093E-06   0.464068791E-06   0.661428032E-07
   0.372294551E-07   0.344995357E-06   0.405791752E-06   0.594195555E-07
   0.264959379E-07   0.243177311E-06   0.290200006E-06   0.443480488E-07
   0.189712992E-07   0.170431534E-06   0.203596272E-06   0.306799848E-07
   0.936086142E-08   0.832646450E-07   0.965262714E-07   0.146710413E-07
   0.609609740E-08   0.522728598E-07   0.647872653E-07   0.997570648E-08
   0.305762526E-08   0.276577410E-07   0.299312433E-07   0.522003329E-08
   0.758354712E-09   0.596085892E-08   0.687638302E-08   0.964404778E-09
   0.267173283E-09   0.184146476E-08   0.243704790E-08   0.306090209E-09
   0.316145943E-09   0.401396749E-09  -0.835818803E-09   0.552279576E-10
   0.362943148E-09   0.152575619E-08   0.166750114E-08   0.370426106E-09
   0.331999428E-09   0.131950595E-08  -0.993075691E-10   0.653704424E-09
   0.256988902E-09   0.235752196E-08   0.165714498E-08   0.926861921E-09
   0.896411223E-09   0.441479431E-08   0.179010462E-08   0.185365623E-08
   0.272178746E-08   0.660124133E-08  -0.441225945E-08   0.334118644E-08
   0.543609879E-09   0.329221761E-08  -0.814286416E-10   0.173003500E-08
   0.185625604E-08   0.504819475E-08  -0.421993018E-08   0.283201795E-08
   0.528997379E-08   0.821092527E-08  -0.173782748E-07   0.483568474E-08
   0.177247905E-08   0.464192551E-08  -0.379594800E-08   0.255451726E-08
   0.209720086E-08   0.485885776E-08  -0.451502968E-08   0.261744404E-08
   0.160300695E-08   0.249033683E-08  -0.756428253E-08   0.159440927E-08
   0.117111576E-08   0.178612480E-08  -0.427980273E-08   0.110955012E-08
   0.153678792E-08   0.190766425E-08  -0.617999696E-08   0.112978815E-08
   0.411277706E-09   0.434174169E-09  -0.400354333E-09   0.403529155E-10
   0.990352134E-09   0.933394029E-09  -0.299705327E-08   0.172485526E-09
   0.467295935E-08   0.531330224E-08  -0.186827069E-07   0.285128854E-08
   0.170748624E-07   0.208265369E-07  -0.707302732E-07   0.108495879E-07
   0.380127148E-07   0.457819880E-07  -0.155356815E-06   0.231624266E-07
   0.600747114E-07   0.704758776E-07  -0.240959650E-06   0.349800118E-07
   0.996838310E-07   0.114148712E-06  -0.393070820E-06   0.570102046E-07
   0.153237806E-06   0.171987523E-06  -0.592982929E-06   0.867613181E-07
   0.230197102E-06   0.255664816E-06  -0.875639500E-06   0.123092107E-06
   0.252388759E-06   0.276351301E-06  -0.938040102E-06   0.130031950E-06
   0.307411170E-06   0.331636755E-06  -0.111000361E-05   0.150119646E-06
   0.280700135E-06   0.297844934E-06  -0.967654614E-06   0.127653934E-06
   0.210299106E-06   0.218288662E-06  -0.662442972E-06   0.863490541E-07
   0.128506713E-06   0.126795854E-06  -0.322621702E-06   0.439771810E-07
   0.181869765E-06   0.166567133E-06  -0.443376535E-06   0.600495653E-07
   0.621939421E-06   0.563824301E-06  -0.182414760E-05   0.220482562E-06
   0.192912944E-05   0.175194475E-05  -0.593444520E-05   0.676459138E-06
   0.483407439E-05   0.434319190E-05  -0.147977435E-04   0.160910940E-05
   0.101755004E-04   0.897982682E-05  -0.303644683E-04   0.317133663E-05
   0.196164838E-04   0.170518560E-04  -0.568159048E-04   0.566979270E-05
   0.342920503E-04   0.293362409E-04  -0.956091608E-04   0.908010588E-05
   0.565190021E-04   0.476701534E-04  -0.151009663E-03   0.136250828E-04
   0.881945671E-04   0.734178684E-04  -0.224300151E-03   0.191429190E-04
   0.132885150E-03   0.109368179E-03  -0.319919345E-03   0.257924876E-04
   0.193195883E-03   0.157720104E-03  -0.437185838E-03   0.330588300E-04
   0.273679092E-03   0.222251445E-03  -0.577630475E-03   0.409496788E-04
   0.379979174E-03   0.308171846E-03  -0.741745753E-03   0.488282749E-04
   0.521289825E-03   0.423499878E-03  -0.932639115E-03   0.570804841E-04
   0.712586159E-03   0.581654487E-03  -0.115893479E-02   0.653823809E-04
   0.976735610E-03   0.802429975E-03  -0.143018947E-02   0.742255943E-04
   0.135673734E-02   0.112236314E-02  -0.177481305E-02   0.835240426E-04
   0.192502886E-02   0.160176202E-02  -0.223162351E-02   0.938865342E-04
   0.280461856E-02   0.234261015E-02  -0.285057724E-02   0.104637795E-03
   0.417604297E-02   0.349426176E-02  -0.365146226E-02   0.112591508E-03
   0.626059156E-02   0.524213025E-02  -0.454566581E-02   0.112902017E-03
   0.919167325E-02   0.769776525E-02  -0.519063557E-02   0.962708436E-04
   0.126805706E-01   0.106241936E-01  -0.491882861E-02   0.605821842E-04
   0.157544836E-01   0.132067837E-01  -0.311552617E-02   0.191542586E-04
   0.170159526E-01   0.142663540E-01  -0.833625702E-08   0.000000000E+00
