   0.364847690E+00   0.396580482E+01  -0.736001121E-10   0.000000000E+00
   0.229297385E+00   0.248568487E+01   0.209597379E+00   0.118483126E-02
   0.815170035E-01   0.876140416E+00   0.148462191E+00   0.167962280E-02
   0.255989265E-01   0.270843357E+00   0.693338588E-01   0.117954495E-02
   0.840745401E-02   0.868783593E-01   0.297507867E-01   0.678960932E-03
   0.305777555E-02   0.307444800E-01   0.128897410E-01   0.372340757E-03
   0.129377749E-02   0.128127066E-01   0.592196453E-02   0.209525664E-03
   0.669573492E-03   0.675605005E-02   0.304856314E-02   0.128501328E-03
   0.423933117E-03   0.449621910E-02   0.184695644E-02   0.902826941E-04
   0.307950948E-03   0.345119555E-02   0.131294772E-02   0.718432275E-04
   0.238528301E-03   0.279543828E-02   0.103735726E-02   0.621389627E-04
   0.187874291E-03   0.227538380E-02   0.857758743E-03   0.550918921E-04
   0.146844468E-03   0.182126311E-02   0.711943954E-03   0.487535872E-04
   0.113007249E-03   0.142598373E-02   0.583115150E-03   0.424638529E-04
   0.849416974E-04   0.108666206E-02   0.465023826E-03   0.357993449E-04
   0.624449676E-04   0.807584205E-03   0.361068844E-03   0.292933164E-04
   0.450726620E-04   0.587526069E-03   0.274134829E-03   0.233885330E-04
   0.315584184E-04   0.414563081E-03   0.200435767E-03   0.179252802E-04
   0.215782293E-04   0.285296614E-03   0.142314500E-03   0.133114600E-04
   0.143074612E-04   0.190736857E-03   0.975042203E-04   0.947933950E-05
   0.913462281E-05   0.123032922E-03   0.638137353E-04   0.644287047E-05
   0.567371853E-05   0.770708648E-04   0.403264530E-04   0.422532639E-05
   0.332974355E-05   0.462650169E-04   0.240286936E-04   0.258058003E-05
   0.187147657E-05   0.264856808E-04   0.134521979E-04   0.148845481E-05
   0.983825544E-06   0.143917896E-04   0.696555981E-05   0.785706504E-06
   0.483333395E-06   0.732838544E-05   0.325045244E-05   0.369531392E-06
   0.222600079E-06   0.354989993E-05   0.137033248E-05   0.153601263E-06
   0.106283728E-06   0.161544472E-05   0.513078703E-06   0.506531705E-07
   0.513157197E-07   0.676374555E-06   0.151307134E-06   0.104486508E-07
   0.361381716E-07   0.336150379E-06   0.974151675E-07   0.637987263E-08
   0.342303750E-07   0.229144206E-06   0.131755144E-06   0.130852174E-07
   0.338682149E-07   0.202405872E-06   0.163419955E-06   0.180134521E-07
   0.328390399E-07   0.198373201E-06   0.189794775E-06   0.238419009E-07
   0.295252534E-07   0.184439997E-06   0.182743648E-06   0.235404798E-07
   0.224163372E-07   0.137873357E-06   0.140555798E-06   0.168797669E-07
   0.191547986E-07   0.121166138E-06   0.119896740E-06   0.147333754E-07
   0.142511665E-07   0.862585736E-07   0.825588629E-07   0.952226475E-08
   0.997953098E-08   0.570176191E-07   0.531901847E-07   0.564754643E-08
   0.679909817E-08   0.364608006E-07   0.335112773E-07   0.322378613E-08
   0.452151427E-08   0.169132850E-07   0.135152440E-07   0.484715657E-09
   0.254221133E-08   0.704370784E-08   0.507237541E-08  -0.227944497E-09
   0.264347788E-08   0.283129187E-08  -0.247099718E-08  -0.235749253E-09
   0.153687152E-08   0.118601373E-08  -0.196240424E-08  -0.125352381E-09
   0.160744984E-08   0.124547883E-08  -0.208661133E-08   0.275878209E-09
   0.116468801E-08   0.107070741E-08  -0.238042230E-08   0.496682584E-09
   0.451454069E-09   0.887169560E-09   0.139072129E-09   0.256145327E-09
   0.376511322E-09   0.757301333E-09  -0.300636460E-10   0.254655325E-09
   0.441657461E-09   0.179249038E-08   0.194598249E-08   0.291974257E-10
   0.129171052E-08   0.261273425E-08  -0.331068811E-09   0.285003566E-10
   0.284493584E-08   0.504932629E-08  -0.503355191E-09  -0.148351359E-09
   0.660941968E-08   0.594038418E-08  -0.140305456E-07   0.108827436E-08
   0.151056909E-07   0.138915679E-07  -0.362382870E-07   0.411555856E-08
   0.295251912E-07   0.273377285E-07  -0.726755260E-07   0.890925644E-08
   0.493463297E-07   0.442730794E-07  -0.124416118E-06   0.168504197E-07
   0.767775248E-07   0.681768384E-07  -0.194712229E-06   0.280787020E-07
   0.996752618E-07   0.895441943E-07  -0.252827505E-06   0.367574771E-07
   0.123239161E-06   0.110366237E-06  -0.308783427E-06   0.452386750E-07
   0.152027539E-06   0.134706880E-06  -0.372261923E-06   0.553500143E-07
   0.159869174E-06   0.141020323E-06  -0.370250774E-06   0.558124498E-07
   0.155222310E-06   0.136363951E-06  -0.308959869E-06   0.492198318E-07
   0.165045137E-06   0.143528752E-06  -0.235375524E-06   0.414358361E-07
   0.223049994E-06   0.185385019E-06  -0.152780189E-06   0.288767499E-07
   0.438781683E-06   0.351435574E-06  -0.223424280E-06   0.343467299E-07
   0.102769070E-05   0.815553221E-06  -0.756939926E-06   0.931138544E-07
   0.238253233E-05   0.187220269E-05  -0.228817203E-05   0.259968147E-06
   0.500927354E-05   0.390365221E-05  -0.543979922E-05   0.595837321E-06
   0.998218820E-05   0.771055420E-05  -0.116132051E-04   0.123797372E-05
   0.184012843E-04   0.141131113E-04  -0.219457688E-04   0.226677457E-05
   0.322816377E-04   0.245402043E-04  -0.385748463E-04   0.385316025E-05
   0.536572734E-04   0.405334285E-04  -0.631680305E-04   0.604602837E-05
   0.855599210E-04   0.640545768E-04  -0.977376840E-04   0.899543375E-05
   0.132284418E-03   0.983894570E-04  -0.145833357E-03   0.127925832E-04
   0.197979345E-03   0.146190287E-03  -0.208711223E-03   0.174969737E-04
   0.286044437E-03   0.209926526E-03  -0.285974413E-03   0.226622142E-04
   0.403984712E-03   0.294707890E-03  -0.381360442E-03   0.286362319E-04
   0.555089558E-03   0.403043960E-03  -0.492512190E-03   0.347131318E-04
   0.743140001E-03   0.537249667E-03  -0.617261569E-03   0.407087136E-04
   0.970467576E-03   0.698993215E-03  -0.753149390E-03   0.463351680E-04
   0.123893621E-02   0.889657298E-03  -0.900293817E-03   0.515284519E-04
   0.154276681E-02   0.110489794E-02  -0.105655310E-02   0.564986076E-04
   0.189169997E-02   0.135221204E-02  -0.124544522E-02   0.622729785E-04
   0.233520102E-02   0.166742899E-02  -0.153645524E-02   0.723507328E-04
   0.303993979E-02   0.217163959E-02  -0.210369145E-02   0.934113850E-04
   0.455446076E-02   0.326348911E-02  -0.338567747E-02   0.138529460E-03
   0.855220016E-02   0.616205111E-02  -0.642009452E-02   0.230127785E-03
   0.202314500E-01   0.146637261E-01  -0.136898635E-01   0.409329019E-03
   0.563819967E-01   0.410570502E-01  -0.310544651E-01   0.735024805E-03
   0.173434958E+00   0.126713306E+00  -0.711982548E-01   0.124688121E-02
   0.553327203E+00   0.405185610E+00  -0.149972275E+00   0.173124915E-02
   0.154630232E+01   0.113387752E+01  -0.208191991E+00   0.119311048E-02
   0.244619513E+01   0.179459774E+01  -0.734596995E-06   0.000000000E+00
