   0.237110374E-02   0.376601107E-01  -0.615316175E-11   0.000000000E+00
   0.213359273E-02   0.338891149E-01   0.372648682E-02   0.196068486E-04
   0.159121002E-02   0.252875611E-01   0.541386195E-02   0.566960225E-04
   0.104219897E-02   0.165745690E-01   0.509747956E-02   0.796147506E-04
   0.641336024E-03   0.101882871E-01   0.395152904E-02   0.819731431E-04
   0.393878261E-03   0.620806962E-02   0.283183460E-02   0.731374239E-04
   0.251038437E-03   0.387786003E-02   0.200435100E-02   0.623750821E-04
   0.169387102E-03   0.252422993E-02   0.145268196E-02   0.534924002E-04
   0.120583223E-03   0.170831324E-02   0.108563644E-02   0.461715244E-04
   0.889935473E-04   0.118818809E-02   0.828094082E-03   0.400656718E-04
   0.668429566E-04   0.838566979E-03   0.635927252E-03   0.346272318E-04
   0.503861411E-04   0.594487181E-03   0.486539007E-03   0.292609893E-04
   0.374929587E-04   0.418084586E-03   0.365415821E-03   0.240856843E-04
   0.273564019E-04   0.290027790E-03   0.268140255E-03   0.190681876E-04
   0.194952172E-04   0.197527625E-03   0.191604660E-03   0.146281745E-04
   0.133317653E-04   0.130016298E-03   0.130999921E-03   0.106680536E-04
   0.883149642E-05   0.831822981E-04   0.865679176E-04   0.748489947E-05
   0.554520966E-05   0.507416044E-04   0.540925757E-04   0.493513471E-05
   0.329931913E-05   0.294470174E-04   0.319470710E-04   0.305804610E-05
   0.180880716E-05   0.157657560E-04   0.172857581E-04   0.173408205E-05
   0.879870584E-06   0.752837059E-05   0.822791480E-05   0.862741615E-06
   0.381686192E-06   0.321360631E-05   0.344721002E-05   0.377223387E-06
   0.146219151E-06   0.121452047E-05   0.124751375E-05   0.143012258E-06
   0.409866558E-07   0.357126282E-06   0.307702692E-06   0.380690039E-07
   0.129571678E-07   0.143937598E-06   0.992107303E-07   0.125694459E-07
   0.152449182E-07   0.177444008E-06   0.162961840E-06   0.203143031E-07
   0.232346036E-07   0.242751128E-06   0.259677705E-06   0.344842661E-07
   0.295195814E-07   0.294327378E-06   0.326665003E-06   0.428418012E-07
   0.292261166E-07   0.286924291E-06   0.324208713E-06   0.452793039E-07
   0.248552627E-07   0.237003050E-06   0.273098124E-06   0.388838899E-07
   0.183657995E-07   0.172180677E-06   0.198922621E-06   0.284311330E-07
   0.113710898E-07   0.109914872E-06   0.125640327E-06   0.194988701E-07
   0.675760026E-08   0.654429897E-07   0.753322382E-07   0.122112702E-07
   0.323656368E-08   0.303875503E-07   0.355671546E-07   0.572996139E-08
   0.141267686E-08   0.140198120E-07   0.158005715E-07   0.271702061E-08
   0.615075380E-09   0.545443379E-08   0.609737461E-08   0.129518340E-08
   0.577820604E-10   0.663404387E-09   0.698864799E-09   0.151130872E-09
   0.921912199E-10   0.243012749E-09  -0.263494532E-09   0.721514237E-10
   0.139223744E-09   0.898478680E-09   0.485918084E-09   0.187717134E-09
   0.177494450E-09   0.944916478E-09   0.901978769E-09   0.255283378E-09
   0.249465060E-09   0.172738024E-08   0.194916350E-08   0.418534513E-09
   0.362479657E-09   0.177215664E-08   0.149408319E-08   0.521725496E-09
   0.789666721E-09   0.337605721E-08   0.238865505E-08   0.105456144E-08
   0.186357221E-09   0.142853729E-08   0.385526833E-09   0.652358167E-09
   0.255044930E-09   0.205008988E-08   0.107751075E-08   0.811395562E-09
   0.253591870E-09   0.174723180E-08   0.645186626E-09   0.739338035E-09
   0.222628249E-08   0.307839643E-08  -0.924097598E-08   0.197668393E-08
   0.793004606E-09   0.147812540E-08  -0.287450241E-08   0.931657751E-09
   0.156343716E-08   0.224039187E-08  -0.562947067E-08   0.138521994E-08
   0.195211469E-08   0.233654318E-08  -0.712203896E-08   0.141298395E-08
   0.190306593E-08   0.216185514E-08  -0.748552687E-08   0.130500100E-08
   0.788285659E-09   0.987296467E-09  -0.330426309E-08   0.538181666E-09
   0.350512563E-09   0.452724414E-09  -0.144050449E-08   0.227670369E-09
   0.925458460E-10   0.140156692E-09  -0.419512453E-09   0.904313360E-10
   0.359927393E-09   0.511355180E-09  -0.155418123E-08   0.334596129E-09
   0.296963942E-08   0.349601992E-08  -0.118768124E-07   0.179719994E-08
   0.110856515E-07   0.123242891E-07  -0.434330900E-07   0.686971413E-08
   0.208813926E-07   0.225378081E-07  -0.801211826E-07   0.118788126E-07
   0.561969919E-07   0.584090643E-07  -0.209720540E-06   0.308598764E-07
   0.913995066E-07   0.961764357E-07  -0.340674688E-06   0.484855889E-07
   0.134858496E-06   0.137122370E-06  -0.489030697E-06   0.686984691E-07
   0.169505384E-06   0.169613926E-06  -0.601811507E-06   0.816026713E-07
   0.213937227E-06   0.208575315E-06  -0.736768470E-06   0.977046142E-07
   0.204565438E-06   0.198155689E-06  -0.683510848E-06   0.903852140E-07
   0.177714398E-06   0.169523886E-06  -0.559918078E-06   0.715075714E-07
   0.129078970E-06   0.119442646E-06  -0.351390412E-06   0.443217978E-07
   0.991547964E-07   0.867192682E-07  -0.195762325E-06   0.274301346E-07
   0.253352965E-06   0.208630581E-06  -0.586845431E-06   0.705755880E-07
   0.963625325E-06   0.799523036E-06  -0.262227741E-05   0.291736541E-06
   0.263993752E-05   0.216811782E-05  -0.729578323E-05   0.772121439E-06
   0.596337668E-05   0.481961251E-05  -0.161956341E-04   0.163893310E-05
   0.122529755E-04   0.974994327E-05  -0.324123939E-04   0.313125042E-05
   0.226881584E-04   0.177430229E-04  -0.578367290E-04   0.533225511E-05
   0.388341359E-04   0.298760460E-04  -0.946926011E-04   0.829774672E-05
   0.632967349E-04   0.479870650E-04  -0.146841121E-03   0.122025876E-04
   0.978391181E-04   0.732526241E-04  -0.214253305E-03   0.167595445E-04
   0.146077553E-03   0.108272230E-03  -0.299913547E-03   0.220395450E-04
   0.211499340E-03   0.155580652E-03  -0.403769722E-03   0.278002190E-04
   0.299871986E-03   0.219703448E-03  -0.528273289E-03   0.339162980E-04
   0.418807322E-03   0.306613918E-03  -0.675367424E-03   0.403175982E-04
   0.581105007E-03   0.426283834E-03  -0.851412478E-03   0.470977866E-04
   0.808459648E-03   0.595442194E-03  -0.106880383E-02   0.545582443E-04
   0.114304502E-02   0.845799630E-03  -0.135588343E-02   0.633857489E-04
   0.166447146E-02   0.123617449E-02  -0.176400924E-02   0.743143246E-04
   0.252631772E-02   0.187930732E-02  -0.237448653E-02   0.873906101E-04
   0.400079275E-02   0.297486456E-02  -0.327771343E-02   0.101527279E-03
   0.650787028E-02   0.483242935E-02  -0.447865669E-02   0.111085530E-03
   0.105095906E-01   0.779441651E-02  -0.567187788E-02   0.104688123E-03
   0.159084965E-01   0.117924856E-01  -0.592379691E-02   0.721630277E-04
   0.212099478E-01   0.157222804E-01  -0.403420907E-02   0.243830473E-04
   0.235198531E-01   0.174362287E-01  -0.115024532E-07   0.000000000E+00
