   0.176025152E+00   0.175692272E+01  -0.105254180E-09   0.000000000E+00
   0.132401139E+00   0.131879401E+01   0.112328596E+00   0.648373447E-03
   0.651827678E-01   0.645127594E+00   0.109611422E+00   0.126230577E-02
   0.267917030E-01   0.262308508E+00   0.664299205E-01   0.114352326E-02
   0.107068280E-01   0.103349566E+00   0.343520343E-01   0.786786550E-03
   0.448939204E-02   0.427464396E-01   0.170980748E-01   0.488605641E-03
   0.207734527E-02   0.197063796E-01   0.873349980E-02   0.300535001E-03
   0.110237987E-02   0.106262825E-01   0.481123198E-02   0.194628607E-03
   0.677145144E-03   0.676095486E-02   0.296314782E-02   0.138613395E-03
   0.469187682E-03   0.488175778E-02   0.205857842E-02   0.108522399E-03
   0.349915877E-03   0.377528463E-02   0.156821788E-02   0.924157284E-04
   0.270108256E-03   0.299601979E-02   0.125884695E-02   0.811728605E-04
   0.210054000E-03   0.237554568E-02   0.102722459E-02   0.719146046E-04
   0.162293334E-03   0.186002627E-02   0.834709150E-03   0.627811096E-04
   0.123932899E-03   0.143307308E-02   0.669761561E-03   0.537023552E-04
   0.930521201E-04   0.108284922E-02   0.526793418E-03   0.447487400E-04
   0.685552441E-04   0.800664944E-03   0.404558290E-03   0.363357212E-04
   0.493053703E-04   0.577812549E-03   0.301818858E-03   0.284320940E-04
   0.347941714E-04   0.408536405E-03   0.220001035E-03   0.216972676E-04
   0.238889479E-04   0.281133485E-03   0.155116315E-03   0.159801675E-04
   0.159244646E-04   0.188010803E-03   0.105576495E-03   0.113322094E-04
   0.102714248E-04   0.122140336E-03   0.692630420E-04   0.771153645E-05
   0.638414895E-05   0.767052697E-04   0.435118418E-04   0.501476688E-05
   0.377398487E-05   0.459786970E-04   0.256910917E-04   0.306171478E-05
   0.211912879E-05   0.264117698E-04   0.142804656E-04   0.174734396E-05
   0.114114277E-05   0.144893875E-04   0.744212775E-05   0.926837799E-06
   0.557716760E-06   0.745813486E-05   0.344308842E-05   0.432384098E-06
   0.251829135E-06   0.355806401E-05   0.135070479E-05   0.167501383E-06
   0.111213240E-06   0.162162075E-05   0.447046773E-06   0.504152595E-07
   0.627183070E-07   0.770834106E-06   0.173030344E-06   0.118507808E-07
   0.478766253E-07   0.439746714E-06   0.147622444E-06   0.108171649E-07
   0.476375952E-07   0.340995115E-06   0.201569463E-06   0.175031634E-07
   0.510424840E-07   0.332677189E-06   0.276106960E-06   0.321541584E-07
   0.521135668E-07   0.326740945E-06   0.304105470E-06   0.351019089E-07
   0.447514985E-07   0.279710662E-06   0.277445992E-06   0.330219052E-07
   0.411275671E-07   0.252747185E-06   0.247469984E-06   0.279988832E-07
   0.314829194E-07   0.186502874E-06   0.177603766E-06   0.190908498E-07
   0.235355380E-07   0.142198687E-06   0.139672522E-06   0.154256199E-07
   0.171929990E-07   0.982997008E-07   0.102662725E-06   0.976016601E-08
   0.119346524E-07   0.598604402E-07   0.532156115E-07   0.452295090E-08
   0.843330206E-08   0.331192851E-07   0.256512855E-07   0.120959154E-08
   0.511390619E-08   0.203902566E-07   0.156226090E-07   0.873611294E-09
   0.360794949E-08   0.878597195E-08   0.275463874E-08  -0.815609386E-10
   0.157039992E-08   0.323944782E-08   0.371278841E-09  -0.583278842E-10
   0.128155475E-08   0.140704215E-08  -0.229873209E-08   0.212127982E-09
   0.683607893E-09   0.562752012E-09  -0.658169796E-09   0.661169036E-10
   0.657474131E-09   0.139628420E-08   0.326987409E-09   0.691811539E-11
   0.213533058E-08   0.277079026E-08  -0.260382671E-08   0.150823520E-10
   0.715999393E-08   0.776506770E-08  -0.152336010E-07   0.125739230E-08
   0.124510402E-07   0.122595356E-07  -0.286816384E-07   0.274630274E-08
   0.256439900E-07   0.251810768E-07  -0.625422985E-07   0.709499348E-08
   0.394257995E-07   0.400136315E-07  -0.974304371E-07   0.116173373E-07
   0.783469929E-07   0.731420045E-07  -0.198335101E-06   0.265342912E-07
   0.110204105E-06   0.109568248E-06  -0.282475582E-06   0.381108585E-07
   0.147328990E-06   0.142533324E-06  -0.375576491E-06   0.523453672E-07
   0.175725432E-06   0.165202238E-06  -0.438559994E-06   0.628281001E-07
   0.204775517E-06   0.193876915E-06  -0.500133012E-06   0.727489393E-07
   0.222135341E-06   0.209582481E-06  -0.513764292E-06   0.760682539E-07
   0.232216919E-06   0.218497703E-06  -0.479390280E-06   0.703928364E-07
   0.228968133E-06   0.213307018E-06  -0.352678995E-06   0.546932490E-07
   0.266796377E-06   0.244759946E-06  -0.225276622E-06   0.405180032E-07
   0.456621933E-06   0.401877372E-06  -0.243336871E-06   0.378865685E-07
   0.102139393E-05   0.887970430E-06  -0.799411055E-06   0.107001952E-06
   0.218086825E-05   0.188230160E-05  -0.216667331E-05   0.270644108E-06
   0.460003321E-05   0.391325375E-05  -0.533862249E-05   0.643446583E-06
   0.905185607E-05   0.767829351E-05  -0.114872910E-04   0.133279400E-05
   0.169178165E-04   0.142233930E-04  -0.224027881E-04   0.252802306E-05
   0.293530757E-04   0.244984385E-04  -0.391829526E-04   0.428371914E-05
   0.491760329E-04   0.407646585E-04  -0.653942407E-04   0.688498403E-05
   0.785350639E-04   0.645986438E-04  -0.102332968E-03   0.103713628E-04
   0.120736557E-03   0.987377134E-04  -0.152759851E-03   0.148209692E-04
   0.179315277E-03   0.145542013E-03  -0.217911482E-03   0.202732990E-04
   0.259176159E-03   0.209264312E-03  -0.301181892E-03   0.266704992E-04
   0.366029650E-03   0.294148602E-03  -0.404810795E-03   0.340649858E-04
   0.502685900E-03   0.402502745E-03  -0.525957032E-03   0.418592645E-04
   0.676942524E-03   0.540475070E-03  -0.668340304E-03   0.501213617E-04
   0.890930591E-03   0.709887187E-03  -0.827346637E-03   0.584051122E-04
   0.115093123E-02   0.915872864E-03  -0.100501650E-02   0.668598441E-04
   0.146198680E-02   0.116322341E-02  -0.120398519E-02   0.754351931E-04
   0.183296821E-02   0.145950017E-02  -0.143476005E-02   0.848078998E-04
   0.230102357E-02   0.183515763E-02  -0.174206472E-02   0.976039519E-04
   0.296284095E-02   0.236879545E-02  -0.222839788E-02   0.117387375E-03
   0.408420572E-02   0.327522797E-02  -0.312817399E-02   0.152924913E-03
   0.637660967E-02   0.513027981E-02  -0.496320333E-02   0.218877190E-03
   0.117125781E-01   0.945503078E-02  -0.882522017E-02   0.336266647E-03
   0.250995606E-01   0.203298405E-01  -0.169528462E-01   0.533941318E-03
   0.599032417E-01   0.486777835E-01  -0.334696397E-01   0.828959222E-03
   0.150136501E+00   0.122372419E+00  -0.636958554E-01   0.116370828E-02
   0.364650637E+00   0.297960669E+00  -0.103526890E+00   0.124467630E-02
   0.737265050E+00   0.603423238E+00  -0.104762033E+00   0.624626351E-03
   0.977334380E+00   0.800372124E+00  -0.385871317E-06   0.000000000E+00
