   0.120750468E-03   0.513597624E-02   0.000000000E+00   0.000000000E+00
   0.118007752E-03   0.490500126E-02   0.660078542E-03   0.352288430E-05
   0.110664048E-03   0.429667532E-02   0.114651048E-02   0.121938510E-04
   0.100677404E-03   0.350268558E-02   0.138667086E-02   0.220853999E-04
   0.899895604E-04   0.270832423E-02   0.141521997E-02   0.300300435E-04
   0.796334134E-04   0.202315208E-02   0.131084013E-02   0.348615649E-04
   0.698886361E-04   0.147742161E-02   0.114306330E-02   0.363110303E-04
   0.604404740E-04   0.106483593E-02   0.955458847E-03   0.354486947E-04
   0.512231054E-04   0.758958224E-03   0.772255473E-03   0.326508234E-04
   0.421364020E-04   0.534784398E-03   0.603938068E-03   0.285401075E-04
   0.336145822E-04   0.371675182E-03   0.458267779E-03   0.240538393E-04
   0.256098356E-04   0.252131431E-03   0.333215285E-03   0.191625022E-04
   0.186676116E-04   0.166269310E-03   0.232514823E-03   0.145079193E-04
   0.128577385E-04   0.105081446E-03   0.153515750E-03   0.103050570E-04
   0.836709387E-05   0.631696748E-04   0.956571384E-04   0.686429894E-05
   0.508888115E-05   0.355440061E-04   0.554341495E-04   0.423214351E-05
   0.277810977E-05   0.179120907E-04   0.284132147E-04   0.230453770E-05
   0.137083589E-05   0.799366444E-05   0.128085967E-04   0.110135818E-05
   0.573095917E-06   0.292962727E-05   0.454557539E-05   0.410234463E-06
   0.184875830E-06   0.816731131E-06   0.971202667E-06   0.923597270E-07
   0.466180410E-07   0.282511706E-06   0.448681341E-07   0.529140110E-08
   0.160749014E-07   0.372513966E-06   0.150950015E-06   0.175088530E-07
   0.294841858E-07   0.559634373E-06   0.512606732E-06   0.546061401E-07
   0.443275923E-07   0.665343407E-06   0.754835241E-06   0.834745819E-07
   0.510989544E-07   0.669587621E-06   0.843716350E-06   0.985896378E-07
   0.415356602E-07   0.505315711E-06   0.666945482E-06   0.815017529E-07
   0.358247512E-07   0.407328173E-06   0.551034816E-06   0.677172380E-07
   0.216536691E-07   0.238987383E-06   0.330306847E-06   0.418300630E-07
   0.121444090E-07   0.133383679E-06   0.186537818E-06   0.248851713E-07
   0.541661960E-08   0.598432095E-07   0.844325996E-07   0.119456995E-07
   0.187678739E-08   0.219814158E-07   0.301085308E-07   0.522684118E-08
   0.313147064E-09   0.456712534E-08   0.555142554E-08   0.125272637E-08
   0.506089441E-10   0.602713213E-09  -0.193535382E-09   0.353351376E-09
   0.131378408E-09   0.597865257E-09   0.776923859E-09   0.871404685E-10
   0.923799981E-09   0.329571859E-08  -0.999482497E-09   0.797350186E-09
   0.134759182E-08   0.833097680E-08   0.737485362E-08   0.174119352E-08
   0.790014221E-09   0.563968383E-08   0.822221402E-08   0.975651337E-09
   0.124010680E-08   0.731209626E-08   0.615947116E-08   0.151995250E-08
   0.673126721E-09   0.286862800E-08   0.176670456E-08   0.456868959E-09
   0.716426918E-09   0.283290080E-08   0.135373479E-08   0.452753585E-09
   0.447226700E-09   0.298622527E-08   0.456672611E-08   0.474096984E-09
   0.398248795E-09   0.221345675E-08   0.278156209E-08   0.335189265E-09
   0.581546512E-10   0.187678983E-09   0.295929364E-09  -0.787800814E-11
   0.121023996E-09   0.513524834E-09   0.809479220E-10   0.123442534E-09
   0.304041584E-10   0.398805225E-10  -0.184976756E-09   0.210433684E-10
   0.116983048E-09   0.176280435E-09  -0.775923992E-09   0.116068835E-09
   0.292744787E-10   0.844442502E-10  -0.412772629E-10   0.361534691E-10
   0.798733996E-10   0.104428334E-09  -0.349023394E-09   0.233878628E-10
   0.570906544E-09   0.745019602E-09  -0.321370619E-08   0.328404415E-09
   0.298084973E-09   0.642497278E-09  -0.996578375E-09   0.159329647E-09
   0.172050973E-08   0.245435428E-08  -0.107716582E-07   0.133377720E-08
   0.221228680E-08   0.377254317E-08  -0.141406709E-07   0.201400097E-08
   0.207967821E-08   0.317247051E-08  -0.137867264E-07   0.191752969E-08
   0.324666805E-08   0.466210448E-08  -0.209087485E-07   0.275619461E-08
   0.595756999E-08   0.912845177E-08  -0.392065722E-07   0.544097789E-08
   0.326421468E-08   0.494732344E-08  -0.209597051E-07   0.278674883E-08
   0.270803513E-08   0.407256007E-08  -0.175357542E-07   0.235931097E-08
   0.199084460E-08   0.275784018E-08  -0.127067654E-07   0.165891445E-08
   0.134528541E-09   0.458479310E-09  -0.924022470E-09   0.331203620E-09
   0.238872833E-08   0.395031297E-08  -0.153230726E-07   0.258095545E-08
   0.133338789E-07   0.192332532E-07  -0.807408753E-07   0.111307976E-07
   0.417667998E-07   0.579156847E-07  -0.247064975E-06   0.332926255E-07
   0.757031344E-07   0.100817438E-06  -0.433612314E-06   0.558056286E-07
   0.147065066E-06   0.191211541E-06  -0.820569255E-06   0.103689658E-06
   0.235357504E-06   0.298889034E-06  -0.126935822E-05   0.152571843E-06
   0.317818376E-06   0.393866571E-06  -0.164215453E-05   0.190992239E-06
   0.376912595E-06   0.452159782E-06  -0.182750830E-05   0.205828641E-06
   0.408437728E-06   0.471394742E-06  -0.178993150E-05   0.193871472E-06
   0.328448181E-06   0.357429428E-06  -0.114767852E-05   0.121994404E-06
   0.216942581E-06   0.202569325E-06  -0.354695487E-06   0.430374385E-07
   0.242993792E-06   0.184317088E-06  -0.326482365E-06   0.532350448E-07
   0.757323448E-06   0.644520071E-06  -0.263335414E-05   0.293732285E-06
   0.239671999E-05   0.216990838E-05  -0.100918405E-04   0.985973884E-06
   0.629354508E-05   0.574261276E-05  -0.272390316E-04   0.245534102E-05
   0.136105909E-04   0.122805268E-04  -0.576071834E-04   0.484424845E-05
   0.261152436E-04   0.231843806E-04  -0.106266569E-03   0.831816487E-05
   0.450581538E-04   0.392567745E-04  -0.173807013E-03   0.127120911E-04
   0.732128756E-04   0.627721311E-04  -0.265869021E-03   0.179942435E-04
   0.112846290E-03   0.955226205E-04  -0.382604863E-03   0.238670855E-04
   0.166336948E-03   0.139561031E-03  -0.520987436E-03   0.297604493E-04
   0.238178443E-03   0.199150149E-03  -0.681250589E-03   0.354262775E-04
   0.332332362E-03   0.278311403E-03  -0.854983344E-03   0.401326615E-04
   0.457838265E-03   0.385444902E-03  -0.104465988E-02   0.438182724E-04
   0.624791137E-03   0.529922196E-03  -0.124268048E-02   0.460005285E-04
   0.845410395E-03   0.722637749E-03  -0.143533398E-02   0.460630363E-04
   0.113378954E-02   0.975679839E-03  -0.159962976E-02   0.433745299E-04
   0.149426877E-02   0.129201636E-02  -0.168892764E-02   0.370486268E-04
   0.190957915E-02   0.165591040E-02  -0.162639271E-02   0.270255605E-04
   0.232366519E-02   0.201821025E-02  -0.132824073E-02   0.148029822E-04
   0.263983104E-02   0.229484751E-02  -0.758875278E-03   0.425669350E-05
   0.275961612E-02   0.239937124E-02  -0.174346626E-08   0.000000000E+00
