   0.342876796E-03   0.945763476E-02  -0.255203172E-11   0.000000000E+00
   0.326460402E-03   0.894069578E-02   0.106430915E-02   0.569221220E-05
   0.284798996E-03   0.762490742E-02   0.178403966E-02   0.191017425E-04
   0.233204279E-03   0.599131593E-02   0.205171108E-02   0.329545655E-04
   0.184789256E-03   0.445240224E-02   0.198050262E-02   0.424670470E-04
   0.145549377E-03   0.320731173E-02   0.174221664E-02   0.468181861E-04
   0.115797346E-03   0.228205440E-02   0.146016129E-02   0.472720749E-04
   0.932133189E-04   0.161640160E-02   0.119000813E-02   0.449792824E-04
   0.753705172E-04   0.114482909E-02   0.950967020E-03   0.413921080E-04
   0.606863250E-04   0.809004006E-03   0.746269303E-03   0.365816304E-04
   0.479958326E-04   0.568172196E-03   0.572017452E-03   0.312551783E-04
   0.371705755E-04   0.395086710E-03   0.428494473E-03   0.257086940E-04
   0.278153111E-04   0.269289652E-03   0.310165400E-03   0.201915027E-04
   0.200207087E-04   0.178805916E-03   0.216108310E-03   0.152544935E-04
   0.138505829E-04   0.115070448E-03   0.144691672E-03   0.109617622E-04
   0.904651006E-05   0.705250859E-04   0.912478426E-04   0.736800985E-05
   0.558596412E-05   0.409851709E-04   0.541614900E-04   0.464919776E-05
   0.317201057E-05   0.219533449E-04   0.292287168E-04   0.265592439E-05
   0.164375285E-05   0.106765538E-04   0.140831198E-04   0.135091670E-05
   0.747086631E-06   0.452036647E-05   0.567298139E-05   0.578334777E-06
   0.279436136E-06   0.159844990E-05   0.163707284E-05   0.180678995E-06
   0.790571519E-07   0.526385293E-06   0.203364067E-06   0.284067951E-07
   0.210768363E-07   0.334228019E-06   0.265110192E-07   0.789564591E-08
   0.206569659E-07   0.476835226E-06   0.296707157E-06   0.352681830E-07
   0.341816069E-07   0.559591513E-06   0.525322264E-06   0.623709724E-07
   0.473691628E-07   0.640410917E-06   0.707457616E-06   0.867323919E-07
   0.448276900E-07   0.546895421E-06   0.645804107E-06   0.829315141E-07
   0.364422981E-07   0.417373826E-06   0.509455845E-06   0.670732376E-07
   0.265599240E-07   0.291140651E-06   0.361866142E-06   0.484346749E-07
   0.161187810E-07   0.173766210E-06   0.219895952E-06   0.308368406E-07
   0.104864508E-07   0.111163622E-06   0.144540479E-06   0.217309655E-07
   0.481757922E-08   0.525033705E-07   0.674839740E-07   0.110119380E-07
   0.153928659E-08   0.171118941E-07   0.211484252E-07   0.342112250E-08
   0.540140932E-09   0.630196872E-08   0.744322470E-08   0.162776226E-08
   0.581783614E-10   0.834608105E-09   0.419744878E-09   0.355861812E-09
   0.150308890E-09   0.703326175E-09   0.124758481E-08   0.108162375E-09
   0.300347303E-09   0.154682211E-08   0.197109840E-08   0.182195439E-09
   0.365421027E-09   0.240566367E-08   0.329725069E-08   0.364619057E-09
   0.562924929E-09   0.374079834E-08   0.571341063E-08   0.543769252E-09
   0.772526987E-09   0.579141002E-08   0.882173268E-08   0.104255837E-08
   0.547802415E-09   0.294655478E-08   0.310751647E-08   0.416928408E-09
   0.374363041E-09   0.202282391E-08   0.263056887E-08   0.480122386E-09
   0.652890075E-09   0.540591882E-08   0.687446011E-08   0.110266030E-08
   0.303437359E-09   0.315370974E-08   0.399870492E-08   0.791769705E-09
   0.578726178E-09   0.161260594E-08  -0.573922632E-09   0.705019321E-09
   0.896220376E-09   0.153106772E-08  -0.477805129E-08   0.102484254E-08
   0.124084820E-08   0.186673832E-08  -0.589809268E-08   0.116366505E-08
   0.752852891E-09   0.110344323E-08  -0.430340563E-08   0.707478132E-09
   0.184861493E-08   0.237321207E-08  -0.940965172E-08   0.146347678E-08
   0.111396148E-08   0.162824887E-08  -0.594098770E-08   0.845867543E-09
   0.163629343E-08   0.215795315E-08  -0.874895445E-08   0.120708799E-08
   0.364503516E-08   0.491209473E-08  -0.198593124E-07   0.289119906E-08
   0.180786341E-08   0.223362728E-08  -0.938694900E-08   0.123501853E-08
   0.199940420E-08   0.282125656E-08  -0.108679616E-07   0.156342506E-08
   0.754324381E-09   0.825621682E-09  -0.362826613E-08   0.399097644E-09
   0.224635796E-09   0.532274946E-09  -0.983015669E-09   0.213064205E-09
   0.652257304E-09   0.975366232E-09  -0.340345063E-08   0.567617453E-09
   0.395208755E-08   0.562658853E-08  -0.207548236E-07   0.333103123E-08
   0.145515759E-07   0.190659790E-07  -0.735557251E-07   0.105927658E-07
   0.317873337E-07   0.408722514E-07  -0.158074670E-06   0.223546195E-07
   0.681102961E-07   0.851860094E-07  -0.330995505E-06   0.454573090E-07
   0.135010367E-06   0.163136960E-06  -0.637223422E-06   0.852650217E-07
   0.191783343E-06   0.228238420E-06  -0.880409061E-06   0.114827401E-06
   0.277414813E-06   0.323314481E-06  -0.122752431E-05   0.153974966E-06
   0.362076264E-06   0.409554190E-06  -0.152049677E-05   0.186188259E-06
   0.397592515E-06   0.437405902E-06  -0.154306315E-05   0.181245525E-06
   0.358347791E-06   0.378447510E-06  -0.118935043E-05   0.136007671E-06
   0.277242009E-06   0.270550572E-06  -0.604172271E-06   0.681007037E-07
   0.221738730E-06   0.179004815E-06  -0.131190646E-06   0.243107046E-07
   0.423055639E-06   0.327972714E-06  -0.646862418E-06   0.924322947E-07
   0.127949363E-05   0.106752907E-05  -0.365488086E-05   0.414125708E-06
   0.358825696E-05   0.309062011E-05  -0.120438399E-04   0.123914640E-05
   0.815683779E-05   0.704144395E-05  -0.279720261E-04   0.268421741E-05
   0.163892291E-04   0.140226030E-04  -0.553615464E-04   0.497919746E-05
   0.301595719E-04   0.254472652E-04  -0.987145322E-04   0.835019819E-05
   0.509653437E-04   0.423887541E-04  -0.159405128E-03   0.126668474E-04
   0.818389308E-04   0.672216265E-04  -0.242858587E-03   0.180186671E-04
   0.124257262E-03   0.101072961E-03  -0.345911278E-03   0.238245229E-04
   0.182219126E-03   0.147293220E-03  -0.471661217E-03   0.300793163E-04
   0.260653876E-03   0.210306272E-03  -0.621803745E-03   0.363601430E-04
   0.365580374E-03   0.295460137E-03  -0.794703665E-03   0.426010374E-04
   0.507010671E-03   0.411901041E-03  -0.993227004E-03   0.481989227E-04
   0.698961143E-03   0.571971701E-03  -0.121654337E-02   0.530216967E-04
   0.964736566E-03   0.795494241E-03  -0.147055543E-02   0.568320429E-04
   0.133425789E-02   0.110738259E-02  -0.175192847E-02   0.589298324E-04
   0.184764713E-02   0.154058868E-02  -0.204154477E-02   0.577884093E-04
   0.253365957E-02   0.211851974E-02  -0.227580592E-02   0.522104710E-04
   0.337376655E-02   0.282497099E-02  -0.231729844E-02   0.401663056E-04
   0.426255586E-02   0.357178319E-02  -0.198866730E-02   0.230647765E-04
   0.497941207E-02   0.417395122E-02  -0.117729721E-02   0.682913515E-05
   0.525712641E-02   0.440767501E-02  -0.349856566E-08   0.000000000E+00
