   0.128374553E+01   0.120897484E+02   0.000000000E+00   0.000000000E+00
   0.756928802E+00   0.711431646E+01   0.530512631E+00   0.312637724E-02
   0.245557696E+00   0.229319477E+01   0.344635636E+00   0.407132832E-02
   0.730400458E-01   0.673820496E+00   0.153939262E+00   0.274343626E-02
   0.232159421E-01   0.209991276E+00   0.650256202E-01   0.156308315E-02
   0.814547855E-02   0.716950819E-01   0.279362164E-01   0.855680380E-03
   0.325640803E-02   0.279220454E-01   0.125655951E-01   0.475490699E-03
   0.156851544E-02   0.134179424E-01   0.615198584E-02   0.281765533E-03
   0.941094826E-03   0.835102890E-02   0.345269311E-02   0.185963843E-03
   0.676074764E-03   0.635101553E-02   0.229733670E-02   0.139747048E-03
   0.535798434E-03   0.530454936E-02   0.176736747E-02   0.117139170E-03
   0.439438212E-03   0.453160610E-02   0.147808448E-02   0.103941689E-03
   0.360343634E-03   0.383279403E-02   0.127107895E-02   0.938772064E-04
   0.291078934E-03   0.317041576E-02   0.108766323E-02   0.844088572E-04
   0.231073020E-03   0.256738090E-02   0.918018573E-03   0.744932477E-04
   0.179348106E-03   0.202671625E-02   0.755072397E-03   0.641501611E-04
   0.136576855E-03   0.156585267E-02   0.607205788E-03   0.539442772E-04
   0.101819889E-03   0.118314626E-02   0.475894543E-03   0.441189586E-04
   0.740563191E-04   0.871721597E-03   0.361508719E-03   0.348960857E-04
   0.530361867E-04   0.631753879E-03   0.269701966E-03   0.270701967E-04
   0.369128866E-04   0.445297861E-03   0.194050037E-03   0.202006504E-04
   0.250942521E-04   0.306006463E-03   0.135229915E-03   0.145838567E-04
   0.167237904E-04   0.206494005E-03   0.921941974E-04   0.102644981E-04
   0.107074129E-04   0.134548740E-03   0.598520419E-04   0.683879307E-05
   0.671436510E-05   0.854434984E-04   0.375842428E-04   0.442189321E-05
   0.400837916E-05   0.521591101E-04   0.222232320E-04   0.266568122E-05
   0.232313823E-05   0.309102215E-04   0.125558890E-04   0.152887856E-05
   0.128165641E-05   0.173605658E-04   0.646845365E-05   0.790910576E-06
   0.693581853E-06   0.937886034E-05   0.308044082E-05   0.369780508E-06
   0.369174671E-06   0.481633469E-05   0.128768704E-05   0.143826270E-06
   0.212815635E-06   0.240163831E-05   0.489487604E-06   0.388098762E-07
   0.129254744E-06   0.118212529E-05   0.180909467E-06   0.280519918E-08
   0.931994677E-07   0.635100776E-06   0.126058922E-06  -0.106352860E-08
   0.787143222E-07   0.391611309E-06   0.156676350E-06   0.771225395E-08
   0.709846759E-07   0.302433278E-06   0.193281750E-06   0.133776830E-07
   0.627309049E-07   0.263970207E-06   0.214955477E-06   0.198553867E-07
   0.538932099E-07   0.237838421E-06   0.220397865E-06   0.235641000E-07
   0.431441265E-07   0.199179013E-06   0.188517333E-06   0.211100613E-07
   0.337499451E-07   0.157774750E-06   0.151901318E-06   0.165851421E-07
   0.248100491E-07   0.123358390E-06   0.119770490E-06   0.142295322E-07
   0.168072525E-07   0.832148785E-07   0.778001734E-07   0.931831678E-08
   0.114769003E-07   0.635496917E-07   0.599246590E-07   0.856597460E-08
   0.685278811E-08   0.426410516E-07   0.422008775E-07   0.787510768E-08
   0.356663943E-08   0.300449692E-07   0.252166696E-07   0.711701453E-08
   0.118924948E-08   0.144485881E-07   0.620406482E-08   0.597454974E-08
   0.394862587E-08   0.113612693E-07  -0.783008502E-08   0.680885970E-08
   0.567022873E-08   0.105940181E-07  -0.167406728E-07   0.685722634E-08
   0.134813742E-07   0.167094711E-07  -0.379336633E-07   0.913979292E-08
   0.268224110E-07   0.282905184E-07  -0.689356838E-07   0.127049491E-07
   0.494059975E-07   0.511023472E-07  -0.121237207E-06   0.189735960E-07
   0.607131625E-07   0.599630496E-07  -0.144915418E-06   0.218860343E-07
   0.920981549E-07   0.898508574E-07  -0.219408520E-06   0.335869714E-07
   0.125701234E-06   0.119264485E-06  -0.289703138E-06   0.419091961E-07
   0.156501628E-06   0.145179399E-06  -0.350819477E-06   0.514536964E-07
   0.182275770E-06   0.166076035E-06  -0.389972939E-06   0.592479807E-07
   0.199308744E-06   0.180628618E-06  -0.384019870E-06   0.601844761E-07
   0.216722981E-06   0.196214685E-06  -0.331520766E-06   0.535025286E-07
   0.256526960E-06   0.228871130E-06  -0.248416313E-06   0.435672334E-07
   0.363401654E-06   0.322748008E-06  -0.154219194E-06   0.328369083E-07
   0.685153339E-06   0.600136275E-06  -0.208592468E-06   0.359289807E-07
   0.134811796E-05   0.119165418E-05  -0.597610949E-06   0.865239613E-07
   0.277676122E-05   0.243234012E-05  -0.177784443E-05   0.229726879E-06
   0.549393690E-05   0.482848782E-05  -0.445496653E-05   0.550926131E-06
   0.102869808E-04   0.897367863E-05  -0.939750134E-05   0.112680902E-05
   0.185438312E-04   0.160938980E-04  -0.182894528E-04   0.213075009E-05
   0.313895034E-04   0.270462169E-04  -0.318487073E-04   0.360942477E-05
   0.511902144E-04   0.438021816E-04  -0.524099851E-04   0.574933165E-05
   0.816920074E-04   0.695683775E-04  -0.838438646E-04   0.889618514E-05
   0.125229693E-03   0.106024148E-03  -0.126612838E-03   0.129354239E-04
   0.185927056E-03   0.156356866E-03  -0.182916585E-03   0.179859908E-04
   0.269007083E-03   0.225115407E-03  -0.256068713E-03   0.240858317E-04
   0.380934798E-03   0.317095837E-03  -0.348820729E-03   0.313580276E-04
   0.525977986E-03   0.435829628E-03  -0.460427458E-03   0.393469782E-04
   0.710445573E-03   0.585934555E-03  -0.591463409E-03   0.479234805E-04
   0.938864134E-03   0.771395396E-03  -0.740724208E-03   0.565196824E-04
   0.121153402E-02   0.991558773E-03  -0.901608379E-03   0.645647960E-04
   0.153160898E-02   0.124921766E-02  -0.107436161E-02   0.717935691E-04
   0.189111161E-02   0.153725839E-02  -0.125051755E-02   0.778921676E-04
   0.227833772E-02   0.184553454E-02  -0.142749259E-02   0.826006581E-04
   0.269638351E-02   0.217640796E-02  -0.162845443E-02   0.875713376E-04
   0.316522457E-02   0.254512322E-02  -0.190835109E-02   0.971878617E-04
   0.379994698E-02   0.304602599E-02  -0.242306269E-02   0.115526513E-03
   0.500660017E-02   0.401214883E-02  -0.355211063E-02   0.160877054E-03
   0.799794775E-02   0.644714339E-02  -0.617470313E-02   0.255626219E-03
   0.164121259E-01   0.133739356E-01  -0.123577453E-01   0.448730018E-03
   0.414002351E-01   0.340886265E-01  -0.269785859E-01   0.817160239E-03
   0.119422086E+00   0.990765616E-01  -0.618524104E-01   0.149153324E-02
   0.378086329E+00   0.315245330E+00  -0.144372955E+00   0.259371405E-02
   0.126881397E+01   0.106125677E+01  -0.318371773E+00   0.378499925E-02
   0.387251592E+01   0.324490738E+01  -0.481730521E+00   0.285173487E-02
   0.651513481E+01   0.546247101E+01  -0.174275260E-05   0.000000000E+00
