   0.164585686E+01   0.160512295E+02   0.118279775E-05   0.000000000E+00
   0.943781853E+00   0.920607948E+01   0.524504423E+00   0.308894226E-02
   0.293950707E+00   0.286882067E+01   0.330367804E+00   0.392460311E-02
   0.847760811E-01   0.827681780E+00   0.145768434E+00   0.263946387E-02
   0.260916408E-01   0.254403532E+00   0.614861958E-01   0.152477203E-02
   0.873754732E-02   0.846049190E-01   0.264128409E-01   0.852908648E-03
   0.327218254E-02   0.310520418E-01   0.117815528E-01   0.482836331E-03
   0.148551981E-02   0.135686016E-01   0.562752271E-02   0.286356400E-03
   0.886200927E-03   0.778169371E-02   0.303407758E-02   0.184738616E-03
   0.671572518E-03   0.580568891E-02   0.194689201E-02   0.133499561E-03
   0.573828176E-03   0.499287806E-02   0.148141047E-02   0.107078253E-03
   0.505412871E-03   0.446839677E-02   0.125789281E-02   0.923122934E-04
   0.441777782E-03   0.397440000E-02   0.111717498E-02   0.831514262E-04
   0.377710094E-03   0.345804868E-02   0.995918643E-03   0.753788627E-04
   0.315160840E-03   0.293384795E-02   0.874551537E-03   0.677356220E-04
   0.256757223E-03   0.242697471E-02   0.750448322E-03   0.599381601E-04
   0.204807511E-03   0.196558400E-02   0.629981630E-03   0.519839559E-04
   0.160020587E-03   0.155895320E-02   0.516558357E-03   0.440246331E-04
   0.122687095E-03   0.121173158E-02   0.413652859E-03   0.365206870E-04
   0.919805534E-04   0.921256898E-03   0.322165026E-03   0.293925114E-04
   0.679299483E-04   0.690488378E-03   0.246790150E-03   0.232349757E-04
   0.491266765E-04   0.504397321E-03   0.182959760E-03   0.178192658E-04
   0.348054855E-04   0.362634222E-03   0.132842848E-03   0.133055564E-04
   0.241633716E-04   0.254903687E-03   0.936408469E-04   0.962894501E-05
   0.164644061E-04   0.175654190E-03   0.643209569E-04   0.677655316E-05
   0.109799994E-04   0.118401862E-03   0.428362400E-04   0.461585751E-05
   0.713927511E-05   0.772897256E-04   0.272298621E-04   0.298903615E-05
   0.455698046E-05   0.493850785E-04   0.167541584E-04   0.185976523E-05
   0.284439648E-05   0.307203554E-04   0.984894632E-05   0.110068834E-05
   0.170906503E-05   0.182909862E-04   0.531592059E-05   0.591945934E-06
   0.102509125E-05   0.107009018E-04   0.274757349E-05   0.298737092E-06
   0.620715753E-06   0.595872416E-05   0.124938902E-05   0.126222247E-06
   0.385914802E-06   0.322945561E-05   0.499853627E-06   0.401035578E-07
   0.249354514E-06   0.171332465E-05   0.164238017E-06   0.372958464E-08
   0.150383855E-06   0.861772207E-06   0.263457931E-07  -0.241908249E-08
   0.115856025E-06   0.493735513E-06   0.294042746E-07  -0.260429345E-08
   0.837781116E-07   0.291197523E-06   0.462906975E-07   0.547560930E-08
   0.644946283E-07   0.202224598E-06   0.734035481E-07   0.118939685E-07
   0.469910120E-07   0.159762266E-06   0.839142658E-07   0.168009926E-07
   0.337647847E-07   0.133314614E-06   0.872096848E-07   0.215419416E-07
   0.246669192E-07   0.111864992E-06   0.784795233E-07   0.217195915E-07
   0.159553935E-07   0.903851500E-07   0.609194117E-07   0.221682299E-07
   0.104915205E-07   0.762078827E-07   0.438496279E-07   0.244537617E-07
   0.659008714E-08   0.586138817E-07   0.183505513E-07   0.240135378E-07
   0.785412624E-08   0.543749827E-07   0.109297449E-08   0.265680260E-07
   0.145577062E-07   0.465816257E-07  -0.305626102E-07   0.271493317E-07
   0.204549373E-07   0.455795295E-07  -0.499304633E-07   0.281238197E-07
   0.344357645E-07   0.540671437E-07  -0.818049415E-07   0.331630048E-07
   0.497683601E-07   0.584387365E-07  -0.117740093E-06   0.332535635E-07
   0.683449173E-07   0.698542806E-07  -0.147811846E-06   0.368884798E-07
   0.884455957E-07   0.805392730E-07  -0.172787267E-06   0.376357576E-07
   0.113333684E-06   0.973100711E-07  -0.202947319E-06   0.429050253E-07
   0.130583771E-06   0.105037401E-06  -0.185388629E-06   0.369429003E-07
   0.158366603E-06   0.123706201E-06  -0.161577731E-06   0.342312667E-07
   0.213851337E-06   0.160350140E-06  -0.113594488E-06   0.242974956E-07
   0.328824996E-06   0.246815148E-06  -0.554374679E-07   0.130312960E-07
   0.545679427E-06   0.437385410E-06  -0.472366857E-07   0.144534988E-07
   0.105670279E-05   0.851088714E-06  -0.199162642E-06   0.296121652E-07
   0.191498566E-05   0.158862179E-05  -0.597599922E-06   0.816191843E-07
   0.351393965E-05   0.294090569E-05  -0.155380201E-05   0.202794212E-06
   0.631971170E-05   0.534231458E-05  -0.354076474E-05   0.451848933E-06
   0.110481815E-04   0.934874242E-05  -0.716474142E-05   0.894514699E-06
   0.184844121E-04   0.155746657E-04  -0.129899336E-04   0.159539070E-05
   0.296446851E-04   0.249049590E-04  -0.217890338E-04   0.261865057E-05
   0.471666608E-04   0.394945382E-04  -0.360032645E-04   0.423080201E-05
   0.723145640E-04   0.603739354E-04  -0.560946610E-04   0.641969382E-05
   0.107335640E-03   0.892704993E-04  -0.832104561E-04   0.924518918E-05
   0.155871952E-03   0.129296546E-03  -0.119929122E-03   0.128453366E-04
   0.222470684E-03   0.183697790E-03  -0.168594794E-03   0.174572724E-04
   0.308320450E-03   0.253254460E-03  -0.227552955E-03   0.227283654E-04
   0.420645491E-03   0.343961554E-03  -0.301497581E-03   0.289420805E-04
   0.563426584E-03   0.458644412E-03  -0.390512141E-03   0.358451107E-04
   0.739623036E-03   0.599360268E-03  -0.493384898E-03   0.431580884E-04
   0.949905836E-03   0.766651472E-03  -0.607102062E-03   0.502322255E-04
   0.119817280E-02   0.962336431E-03  -0.731491076E-03   0.572551362E-04
   0.147988624E-02   0.118301355E-02  -0.861307897E-03   0.631918447E-04
   0.178677135E-02   0.142145937E-02  -0.991134322E-03   0.675417105E-04
   0.210949522E-02   0.166877650E-02  -0.111924647E-02   0.703235855E-04
   0.242911186E-02   0.190886587E-02  -0.124610867E-02   0.716648137E-04
   0.274508703E-02   0.214024284E-02  -0.139669713E-02   0.728018931E-04
   0.308824889E-02   0.238478207E-02  -0.163563679E-02   0.778293688E-04
   0.362369278E-02   0.277315290E-02  -0.212735287E-02   0.924853448E-04
   0.488279201E-02   0.372793665E-02  -0.325379777E-02   0.131182678E-03
   0.846101996E-02   0.652733073E-02  -0.589093519E-02   0.217751731E-03
   0.190608576E-01   0.149555746E-01  -0.120517518E-01   0.398038334E-03
   0.511558428E-01   0.406832881E-01  -0.265251417E-01   0.747023150E-03
   0.152503535E+00   0.122298993E+00  -0.610366985E-01   0.139478652E-02
   0.494456202E+00   0.398446888E+00  -0.143810958E+00   0.248695188E-02
   0.171921611E+01   0.138917542E+01  -0.326233894E+00   0.377943669E-02
   0.557392502E+01   0.451025295E+01  -0.522557020E+00   0.303535420E-02
   0.980080414E+01   0.793397856E+01  -0.237633049E-05   0.000000000E+00
