   0.121707050E-02   0.222241096E-01  -0.112678764E-10   0.000000000E+00
   0.112001435E-02   0.204403698E-01   0.228648889E-02   0.120713748E-04
   0.889181218E-03   0.161911622E-01   0.353307021E-02   0.371954411E-04
   0.633762975E-03   0.114748264E-01   0.361554697E-02   0.569156182E-04
   0.427340303E-03   0.763588725E-02   0.306580751E-02   0.643713938E-04
   0.286482071E-03   0.498098833E-02   0.239097467E-02   0.628996277E-04
   0.197333196E-03   0.327579863E-02   0.181832677E-02   0.577735445E-04
   0.141552286E-03   0.219972292E-02   0.138738379E-02   0.517534245E-04
   0.105364845E-03   0.151217636E-02   0.107072061E-02   0.461291093E-04
   0.802380309E-04   0.105766417E-02   0.831101032E-03   0.405082719E-04
   0.615760655E-04   0.746575010E-03   0.643218285E-03   0.350965711E-04
   0.469510887E-04   0.527168333E-03   0.491537852E-03   0.296226572E-04
   0.351522467E-04   0.369039393E-03   0.367546600E-03   0.241581092E-04
   0.257068114E-04   0.254660205E-03   0.267894560E-03   0.190457922E-04
   0.182188633E-04   0.171801134E-03   0.188945385E-03   0.143837142E-04
   0.124144772E-04   0.112268106E-03   0.127949912E-03   0.104024157E-04
   0.808779077E-05   0.706648207E-04   0.827657932E-04   0.711697521E-05
   0.498547251E-05   0.422243284E-04   0.505225362E-04   0.457941633E-05
   0.285939200E-05   0.235817988E-04   0.286217673E-04   0.272779425E-05
   0.147836204E-05   0.118322560E-04   0.144973246E-04   0.144975456E-05
   0.692398714E-06   0.537954384E-05   0.659786474E-05   0.689975877E-06
   0.278995714E-06   0.208514325E-05   0.252990071E-05   0.277445650E-06
   0.864420571E-07   0.620566198E-06   0.706586377E-06   0.824146511E-07
   0.227567600E-07   0.179370019E-06   0.163705465E-06   0.208470308E-07
   0.133029072E-07   0.152663475E-06   0.136786369E-06   0.205593818E-07
   0.235581243E-07   0.261717418E-06   0.280979407E-06   0.343973063E-07
   0.334499752E-07   0.343780954E-06   0.397949066E-06   0.519240793E-07
   0.373765410E-07   0.369596705E-06   0.439614553E-06   0.595592340E-07
   0.303512735E-07   0.293862655E-06   0.353391840E-06   0.493203984E-07
   0.246520830E-07   0.238061403E-06   0.282841683E-06   0.403240037E-07
   0.160856342E-07   0.153299254E-06   0.183373800E-06   0.266985651E-07
   0.109177396E-07   0.102211366E-06   0.124496694E-06   0.183944682E-07
   0.494587127E-08   0.486451235E-07   0.583994932E-07   0.968874314E-08
   0.297007352E-08   0.288564284E-07   0.350044012E-07   0.592478688E-08
   0.721845639E-09   0.768319275E-08   0.841488212E-08   0.205270512E-08
   0.361814689E-09   0.272228373E-08   0.181952653E-08   0.102243747E-08
   0.862728118E-11   0.146521809E-09   0.979963125E-10   0.475247931E-10
   0.544382560E-10   0.373429787E-09   0.357092633E-09   0.644287679E-10
   0.199126243E-09   0.448749066E-09  -0.609025538E-10   0.222390197E-10
   0.234433056E-09   0.117947230E-08   0.147205403E-08   0.234741282E-09
   0.518183774E-09   0.418313917E-08   0.535682965E-08   0.915644449E-09
   0.584952364E-09   0.250287102E-08   0.207061213E-08   0.734996009E-09
   0.134000963E-09   0.167690262E-08   0.151097335E-08   0.566079461E-09
   0.324279603E-09   0.199141614E-08   0.999425320E-09   0.806337053E-09
   0.465751937E-09   0.192564187E-08  -0.136099465E-09   0.918643162E-09
   0.966669633E-09   0.255963495E-08  -0.957609769E-09   0.115801402E-08
   0.192028149E-08   0.312709680E-08  -0.606240258E-08   0.177007708E-08
   0.383222926E-09   0.104207332E-08  -0.152681756E-08   0.666457556E-09
   0.211931739E-08   0.285542012E-08  -0.992895899E-08   0.180610082E-08
   0.246337173E-08   0.312760950E-08  -0.103117097E-07   0.196038341E-08
   0.231122232E-08   0.259819610E-08  -0.981797310E-08   0.152283375E-08
   0.216263496E-08   0.249262788E-08  -0.928506783E-08   0.148533397E-08
   0.114618770E-08   0.143765078E-08  -0.513841281E-08   0.796604727E-09
   0.519382176E-10   0.586101237E-10  -0.356927612E-10  -0.152724847E-10
   0.114020904E-09   0.208246351E-09  -0.593684324E-09   0.133080977E-09
   0.214142171E-08   0.287970714E-08  -0.978114567E-08   0.165306480E-08
   0.607369133E-08   0.728142036E-08  -0.262195741E-07   0.426417390E-08
   0.231246311E-07   0.261978297E-07  -0.967915312E-07   0.144606691E-07
   0.420985913E-07   0.473878892E-07  -0.174511655E-06   0.255118575E-07
   0.691727209E-07   0.765024311E-07  -0.281943755E-06   0.402967721E-07
   0.128330342E-06   0.139079518E-06  -0.513042153E-06   0.721861397E-07
   0.156568404E-06   0.167400870E-06  -0.614350427E-06   0.838770475E-07
   0.209846547E-06   0.220063825E-06  -0.803559487E-06   0.106509177E-06
   0.263921208E-06   0.270743186E-06  -0.980171308E-06   0.126070617E-06
   0.236442190E-06   0.238236510E-06  -0.842906616E-06   0.107733541E-06
   0.177256098E-06   0.174834753E-06  -0.587003001E-06   0.739756416E-07
   0.104846507E-06   0.995235609E-07  -0.291848920E-06   0.377515406E-07
   0.141475667E-06   0.124998834E-06  -0.384402227E-06   0.486471379E-07
   0.517667161E-06   0.453696828E-06  -0.162268270E-05   0.185162207E-06
   0.166237476E-05   0.144286048E-05  -0.531670912E-05   0.571372425E-06
   0.428220892E-05   0.365678170E-05  -0.134712345E-04   0.137909160E-05
   0.936604556E-05   0.786279361E-05  -0.286452178E-04   0.279847677E-05
   0.178814880E-04   0.147213250E-04  -0.526636759E-04   0.490037610E-05
   0.318337188E-04   0.257410047E-04  -0.899358274E-04   0.795740470E-05
   0.525621836E-04   0.417781048E-04  -0.141508135E-03   0.118483458E-04
   0.827321346E-04   0.647815395E-04  -0.211031613E-03   0.166372665E-04
   0.124944228E-03   0.965770087E-04  -0.299834879E-03   0.222162216E-04
   0.181819210E-03   0.139245967E-03  -0.406945794E-03   0.281485718E-04
   0.259110675E-03   0.197230314E-03  -0.536413572E-03   0.345584922E-04
   0.362894032E-03   0.275666418E-03  -0.688151165E-03   0.410466564E-04
   0.502655108E-03   0.382378959E-03  -0.863243360E-03   0.474581975E-04
   0.697832205E-03   0.532958540E-03  -0.107523275E-02   0.540970541E-04
   0.978541095E-03   0.751223241E-03  -0.133908587E-02   0.611957803E-04
   0.139813777E-02   0.107845245E-02  -0.168384798E-02   0.687924621E-04
   0.205106405E-02   0.158700976E-02  -0.215053698E-02   0.768710088E-04
   0.308293779E-02   0.238808664E-02  -0.276596309E-02   0.835025276E-04
   0.468195090E-02   0.362611795E-02  -0.347700692E-02   0.845874165E-04
   0.697108125E-02   0.539612724E-02  -0.402195519E-02   0.733495835E-04
   0.977106020E-02   0.756150717E-02  -0.387257594E-02   0.469052611E-04
   0.122892773E-01   0.951040257E-02  -0.248394837E-02   0.149771386E-04
   0.133355921E-01   0.103209550E-01  -0.485187890E-08   0.000000000E+00
