   0.850672647E-01   0.808429539E+00   0.648006733E-07   0.000000000E+00
   0.740132034E-01   0.703373611E+00   0.303337928E-01   0.177222144E-03
   0.504852422E-01   0.479606569E+00   0.413895249E-01   0.482136238E-03
   0.292521939E-01   0.277492136E+00   0.359351560E-01   0.625002198E-03
   0.155794807E-01   0.147131115E+00   0.253787953E-01   0.584204798E-03
   0.811636541E-02   0.757862926E-01   0.162547007E-01   0.460333453E-03
   0.433669984E-02   0.395975970E-01   0.100375041E-01   0.333341450E-03
   0.247528404E-02   0.217791200E-01   0.623021042E-02   0.233938365E-03
   0.155552314E-02   0.130230188E-01   0.401713420E-02   0.166159298E-03
   0.108477927E-02   0.860846881E-02   0.275255600E-02   0.121431920E-03
   0.825576368E-03   0.626390288E-02   0.202527549E-02   0.947372464E-04
   0.665640691E-03   0.489657884E-02   0.158851675E-02   0.780786650E-04
   0.553038903E-03   0.399534497E-02   0.130378723E-02   0.681661404E-04
   0.464771816E-03   0.332799600E-02   0.109904504E-02   0.613486045E-04
   0.390129571E-03   0.278546428E-02   0.935475342E-03   0.556446648E-04
   0.325517787E-03   0.232501142E-02   0.796473410E-03   0.505384778E-04
   0.268597476E-03   0.192284281E-02   0.672182650E-03   0.453483080E-04
   0.219754656E-03   0.157793658E-02   0.563199981E-03   0.403693921E-04
   0.177581824E-03   0.127942336E-02   0.465485762E-03   0.353561009E-04
   0.141364391E-03   0.102262630E-02   0.378123979E-03   0.301371274E-04
   0.111202578E-03   0.808351848E-03   0.303024892E-03   0.252852533E-04
   0.864838075E-04   0.630814815E-03   0.239193090E-03   0.208314977E-04
   0.661914019E-04   0.484891963E-03   0.185078461E-03   0.167830876E-04
   0.501247159E-04   0.368105975E-03   0.141071461E-03   0.132779705E-04
   0.372887880E-04   0.273853278E-03   0.104714556E-03   0.101633887E-04
   0.274567883E-04   0.202682539E-03   0.770749903E-04   0.771587020E-05
   0.198957823E-04   0.146383245E-03   0.549685428E-04   0.562243167E-05
   0.140540806E-04   0.103901824E-03   0.380282327E-04   0.396039059E-05
   0.989143518E-05   0.727235092E-04   0.258402688E-04   0.273253818E-05
   0.676446552E-05   0.496776156E-04   0.167875987E-04   0.178034213E-05
   0.457653641E-05   0.334693323E-04   0.105962945E-04   0.112775979E-05
   0.307499681E-05   0.221587979E-04   0.645180762E-05   0.677379319E-06
   0.204409253E-05   0.144136548E-04   0.373984312E-05   0.382104787E-06
   0.133472315E-05   0.916061526E-05   0.198713633E-05   0.196234964E-06
   0.856560462E-06   0.587893055E-05   0.992057380E-06   0.106661361E-06
   0.566535903E-06   0.373863600E-05   0.444291231E-06   0.598975234E-07
   0.378283460E-06   0.242458282E-05   0.169346606E-06   0.489512999E-07
   0.259212612E-06   0.158583532E-05   0.344331710E-07   0.543541603E-07
   0.185541666E-06   0.114017951E-05  -0.616412787E-08   0.779673286E-07
   0.145974880E-06   0.862012314E-06  -0.138937395E-07   0.973188037E-07
   0.124411258E-06   0.679242987E-06  -0.129687283E-07   0.111915519E-06
   0.118654164E-06   0.578096603E-06  -0.164774629E-07   0.131984962E-06
   0.113270531E-06   0.491598826E-06  -0.379529332E-07   0.137999990E-06
   0.125454321E-06   0.450989575E-06  -0.767742279E-07   0.151895378E-06
   0.147886766E-06   0.423109981E-06  -0.124247819E-06   0.161338320E-06
   0.163267018E-06   0.378726781E-06  -0.173964253E-06   0.157226282E-06
   0.202835764E-06   0.383557875E-06  -0.220620763E-06   0.164262033E-06
   0.234133864E-06   0.357779044E-06  -0.268587229E-06   0.153572145E-06
   0.267019459E-06   0.349679226E-06  -0.267962861E-06   0.137200360E-06
   0.321318595E-06   0.364185667E-06  -0.278559412E-06   0.124370828E-06
   0.392846573E-06   0.376740587E-06  -0.278171484E-06   0.997456198E-07
   0.494113806E-06   0.437536670E-06  -0.249167783E-06   0.783310696E-07
   0.644091983E-06   0.552418555E-06  -0.209573045E-06   0.556625501E-07
   0.922459208E-06   0.775983608E-06  -0.224392139E-06   0.369697446E-07
   0.134302786E-05   0.112767748E-05  -0.297192770E-06   0.321666747E-07
   0.206491063E-05   0.177401284E-05  -0.573185332E-06   0.639259667E-07
   0.326319059E-05   0.290839921E-05  -0.123379539E-05   0.160855890E-06
   0.510149221E-05   0.459134480E-05  -0.234628442E-05   0.331935667E-06
   0.808825553E-05   0.733735988E-05  -0.444503758E-05   0.651323035E-06
   0.126083787E-04   0.114819441E-04  -0.782975349E-05   0.117031334E-05
   0.189774728E-04   0.173772678E-04  -0.127182666E-04   0.191400636E-05
   0.282569690E-04   0.258139607E-04  -0.199657661E-04   0.298868554E-05
   0.412501759E-04   0.378164550E-04  -0.303666893E-04   0.449110757E-05
   0.589150259E-04   0.537923152E-04  -0.441971497E-04   0.643426984E-05
   0.831047873E-04   0.758186288E-04  -0.632490410E-04   0.906375681E-05
   0.114513794E-03   0.104405102E-03  -0.874642283E-04   0.122459269E-04
   0.155662347E-03   0.141598401E-03  -0.118483425E-03   0.162359174E-04
   0.207942823E-03   0.188759135E-03  -0.156723487E-03   0.209124901E-04
   0.274268095E-03   0.248547905E-03  -0.203970339E-03   0.264988321E-04
   0.355419150E-03   0.321436120E-03  -0.259328430E-03   0.328850183E-04
   0.455482252E-03   0.411060115E-03  -0.325128261E-03   0.400580684E-04
   0.574068981E-03   0.517597946E-03  -0.399571814E-03   0.475772213E-04
   0.716473616E-03   0.645008113E-03  -0.485221215E-03   0.559508953E-04
   0.881793385E-03   0.792771985E-03  -0.579618791E-03   0.645739492E-04
   0.107352156E-02   0.963676837E-03  -0.684043567E-03   0.735389767E-04
   0.129369192E-02   0.115967903E-02  -0.799081987E-03   0.827608601E-04
   0.154504261E-02   0.138319912E-02  -0.926325622E-03   0.915263809E-04
   0.184407295E-02   0.164765527E-02  -0.107751007E-02   0.101506812E-03
   0.221367343E-02   0.197267300E-02  -0.126771745E-02   0.112747373E-03
   0.271458877E-02   0.241050706E-02  -0.153514778E-02   0.126951229E-03
   0.347795128E-02   0.307436706E-02  -0.195016235E-02   0.146626422E-03
   0.478954660E-02   0.421290798E-02  -0.264595984E-02   0.176646528E-03
   0.724881934E-02   0.634775404E-02  -0.385141745E-02   0.220433227E-03
   0.121159209E-01   0.105858371E-01  -0.595915643E-02   0.288284413E-03
   0.219856910E-01   0.192032233E-01  -0.957044493E-02   0.381861319E-03
   0.419760197E-01   0.367098376E-01  -0.154476976E-01   0.497803965E-03
   0.813990533E-01   0.713215023E-01  -0.240723342E-01   0.605657580E-03
   0.153521821E+00   0.134768814E+00  -0.340566821E-01   0.631493458E-03
   0.265729725E+00   0.233628660E+00  -0.392568819E-01   0.479844719E-03
   0.390332162E+00   0.343522638E+00  -0.288049430E-01   0.175022287E-03
   0.449107856E+00   0.395384252E+00  -0.755845022E-07   0.000000000E+00
