   0.601450205E-01   0.591727912E+00  -0.285843016E-10   0.000000000E+00
   0.504748002E-01   0.496050596E+00   0.441901013E-01   0.255033927E-03
   0.315896273E-01   0.309451550E+00   0.545258746E-01   0.626292545E-03
   0.166068450E-01   0.161943719E+00   0.419180132E-01   0.717017101E-03
   0.815722905E-02   0.792243406E-01   0.264016502E-01   0.597107515E-03
   0.402997481E-02   0.391231999E-01   0.154129220E-01   0.431829598E-03
   0.210671872E-02   0.205993857E-01   0.896868668E-02   0.299877691E-03
   0.120201556E-02   0.119489282E-01   0.545310415E-02   0.212495725E-03
   0.758236332E-03   0.770985847E-02   0.357758556E-02   0.160139971E-03
   0.521746639E-03   0.542633561E-02   0.254375371E-02   0.129491542E-03
   0.381613820E-03   0.403931551E-02   0.192868127E-02   0.111001202E-03
   0.288839714E-03   0.309116021E-02   0.151980144E-02   0.966956140E-04
   0.221621245E-03   0.238382490E-02   0.121616689E-02   0.848597047E-04
   0.170308063E-03   0.183244410E-02   0.974008872E-03   0.737788869E-04
   0.129741486E-03   0.139208720E-02   0.771053310E-03   0.626742258E-04
   0.974623617E-04   0.104007078E-02   0.599113991E-03   0.521793954E-04
   0.722748082E-04   0.766247860E-03   0.458450551E-03   0.422067496E-04
   0.525501309E-04   0.552443671E-03   0.342010171E-03   0.333823118E-04
   0.371483184E-04   0.388288870E-03   0.247074378E-03   0.253157068E-04
   0.256350377E-04   0.266382471E-03   0.173442284E-03   0.186132420E-04
   0.171949887E-04   0.177964190E-03   0.117889875E-03   0.132003288E-04
   0.111519448E-04   0.115352312E-03   0.771818450E-04   0.896123038E-05
   0.691595824E-05   0.716841751E-04   0.479318369E-04   0.579889274E-05
   0.413757243E-05   0.432751149E-04   0.286715112E-04   0.356852729E-05
   0.230438013E-05   0.245499377E-04   0.157503800E-04   0.203230570E-05
   0.121456469E-05   0.132164441E-04   0.804034880E-05   0.106549476E-05
   0.585337148E-06   0.665735115E-05   0.365139613E-05   0.492905144E-06
   0.250831846E-06   0.309254551E-05   0.137485961E-05   0.186415491E-06
   0.107114467E-06   0.138966357E-05   0.442958907E-06   0.524658077E-07
   0.567272878E-07   0.693185768E-06   0.184164591E-06   0.139488856E-07
   0.493226757E-07   0.474229893E-06   0.213540730E-06   0.176186674E-07
   0.570975089E-07   0.443988341E-06   0.320134490E-06   0.311266497E-07
   0.636212221E-07   0.448429944E-06   0.391636320E-06   0.399253750E-07
   0.651214904E-07   0.458621059E-06   0.435908390E-06   0.517579650E-07
   0.590648277E-07   0.402053701E-06   0.406565704E-06   0.486983218E-07
   0.468307810E-07   0.309098198E-06   0.316728119E-06   0.361869361E-07
   0.392176069E-07   0.253793559E-06   0.253845030E-06   0.285635124E-07
   0.313287423E-07   0.200997491E-06   0.206845883E-06   0.233666970E-07
   0.236243682E-07   0.136878086E-06   0.129207478E-06   0.130007152E-07
   0.156809605E-07   0.842571879E-07   0.805251474E-07   0.679399470E-08
   0.993061278E-08   0.435615597E-07   0.359026373E-07   0.219197704E-08
   0.643715836E-08   0.237547795E-07   0.187332905E-07   0.329196559E-09
   0.356978336E-08   0.885656615E-08   0.358164143E-08  -0.231218780E-09
   0.117393928E-08   0.431594938E-08   0.409881329E-08  -0.422013032E-11
   0.145615542E-08   0.119954546E-08  -0.202160644E-08   0.230976575E-10
   0.189915764E-09   0.300676956E-09  -0.562959901E-09   0.139160822E-09
   0.801452404E-09   0.719868276E-09  -0.124433619E-08   0.219780548E-10
   0.407156753E-08   0.371019704E-08  -0.987843940E-08   0.854948445E-09
   0.759505348E-08   0.760326113E-08  -0.188485458E-07   0.181771220E-08
   0.230301040E-07   0.253882799E-07  -0.602099277E-07   0.700635905E-08
   0.452058586E-07   0.449130120E-07  -0.121238699E-06   0.152524215E-07
   0.687329944E-07   0.731260670E-07  -0.185718022E-06   0.235404141E-07
   0.960324016E-07   0.967423901E-07  -0.259890214E-06   0.344730395E-07
   0.144554136E-06   0.148223634E-06  -0.392676526E-06   0.530212958E-07
   0.188506490E-06   0.190882986E-06  -0.509695724E-06   0.714598514E-07
   0.227103158E-06   0.226166122E-06  -0.602828550E-06   0.860007887E-07
   0.278487704E-06   0.282671863E-06  -0.730908710E-06   0.104521760E-06
   0.291011673E-06   0.298537088E-06  -0.733427271E-06   0.103161540E-06
   0.284901745E-06   0.284088372E-06  -0.651955986E-06   0.953017150E-07
   0.270787467E-06   0.269694340E-06  -0.507708364E-06   0.745285718E-07
   0.277788530E-06   0.269703406E-06  -0.326546086E-06   0.467232937E-07
   0.384767986E-06   0.365763668E-06  -0.266028991E-06   0.440854357E-07
   0.778253764E-06   0.710842585E-06  -0.640134090E-06   0.896801424E-07
   0.190388198E-05   0.174164234E-05  -0.240649251E-05   0.319665560E-06
   0.394510926E-05   0.355720999E-05  -0.560365879E-05   0.711746793E-06
   0.810441179E-05   0.725832388E-05  -0.126010227E-04   0.154961492E-05
   0.151847325E-04   0.134764605E-04  -0.243621998E-04   0.289719833E-05
   0.267026517E-04   0.235230145E-04  -0.431229455E-04   0.495094127E-05
   0.446802042E-04   0.390853747E-04  -0.715195856E-04   0.792488754E-05
   0.715540300E-04   0.621365762E-04  -0.112174421E-03   0.119498764E-04
   0.110243745E-03   0.950810499E-04  -0.167710969E-03   0.171569882E-04
   0.163945326E-03   0.140537217E-03  -0.240098874E-03   0.235031293E-04
   0.237662694E-03   0.202865529E-03  -0.333701289E-03   0.310671967E-04
   0.334593875E-03   0.284612324E-03  -0.447339437E-03   0.395887764E-04
   0.461130519E-03   0.391167559E-03  -0.584530411E-03   0.492047948E-04
   0.621462357E-03   0.526520365E-03  -0.743719400E-03   0.593124169E-04
   0.822117261E-03   0.696723582E-03  -0.926217472E-03   0.699084412E-04
   0.107230479E-02   0.910509378E-03  -0.113654381E-02   0.805822274E-04
   0.138306408E-02   0.117771374E-02  -0.138001982E-02   0.927395886E-04
   0.177684810E-02   0.151931378E-02  -0.167616853E-02   0.106380256E-03
   0.229984755E-02   0.197622809E-02  -0.206840946E-02   0.123852413E-03
   0.306329643E-02   0.264563877E-02  -0.265948498E-02   0.148410152E-03
   0.431732973E-02   0.374479173E-02  -0.365469465E-02   0.187938916E-03
   0.663371198E-02   0.577082438E-02  -0.545001123E-02   0.250304234E-03
   0.113297096E-01   0.987287890E-02  -0.878297165E-02   0.347415160E-03
   0.213001166E-01   0.185878277E-01  -0.148113724E-01   0.483390730E-03
   0.426663868E-01   0.373011976E-01  -0.249269027E-01   0.639405102E-03
   0.862094834E-01   0.755470693E-01  -0.389256924E-01   0.736762420E-03
   0.163056210E+00   0.143218771E+00  -0.499441698E-01   0.621741870E-03
   0.259287864E+00   0.228126287E+00  -0.400721580E-01   0.247197022E-03
   0.308353513E+00   0.271459520E+00  -0.817525034E-07   0.000000000E+00
