   0.564084807E-02   0.744418800E-01   0.000000000E+00   0.000000000E+00
   0.506636593E-02   0.668961108E-01   0.686095608E-02   0.373636394E-04
   0.375569612E-02   0.496567823E-01   0.994462147E-02   0.107698310E-03
   0.243482110E-02   0.322847664E-01   0.932016969E-02   0.150442036E-03
   0.147439248E-02   0.196272172E-01   0.715539977E-02   0.152858789E-03
   0.882776920E-03   0.117877545E-01   0.503383670E-02   0.133782523E-03
   0.545793038E-03   0.727110123E-02   0.348079181E-02   0.110716748E-03
   0.356930192E-03   0.469905697E-02   0.246534450E-02   0.922433101E-04
   0.247449265E-03   0.318213226E-02   0.181231962E-02   0.786282108E-04
   0.179734343E-03   0.223431620E-02   0.137611048E-02   0.680878002E-04
   0.134444403E-03   0.160515483E-02   0.106542255E-02   0.592961951E-04
   0.101830025E-03   0.116419827E-02   0.828816381E-03   0.512712140E-04
   0.770708793E-04   0.843865157E-03   0.640419545E-03   0.433134155E-04
   0.577241735E-04   0.606336165E-03   0.487207697E-03   0.357418612E-04
   0.425638209E-04   0.430149579E-03   0.363559986E-03   0.286252834E-04
   0.306144175E-04   0.298595696E-03   0.263560651E-03   0.222358030E-04
   0.214547599E-04   0.202695650E-03   0.185684796E-03   0.166458558E-04
   0.145382219E-04   0.133562949E-03   0.126124825E-03   0.119003171E-04
   0.938895391E-05   0.842814989E-04   0.813800216E-04   0.808501954E-05
   0.579785865E-05   0.509702550E-04   0.500346032E-04   0.520624144E-05
   0.337472534E-05   0.292225250E-04   0.289027903E-04   0.313302826E-05
   0.179599022E-05   0.153623878E-04   0.151308250E-04   0.171167324E-05
   0.891684635E-06   0.755640713E-05   0.732979788E-05   0.861694616E-06
   0.380782495E-06   0.323767563E-05   0.298368036E-05   0.365461773E-06
   0.142345598E-06   0.124590235E-05   0.102612125E-05   0.131754945E-06
   0.407571576E-07   0.417066303E-06   0.242419048E-06   0.334114212E-07
   0.183685263E-07   0.229937257E-06   0.125259433E-06   0.162213851E-07
   0.246416221E-07   0.270891718E-06   0.228972937E-06   0.306851646E-07
   0.366960897E-07   0.357076772E-06   0.360204240E-06   0.478930922E-07
   0.433632934E-07   0.395256734E-06   0.426830127E-06   0.587052504E-07
   0.402714235E-07   0.362436566E-06   0.395718160E-06   0.559661899E-07
   0.385133738E-07   0.336090181E-06   0.377425721E-06   0.549639694E-07
   0.268000679E-07   0.232618163E-06   0.257105199E-06   0.372296434E-07
   0.184852844E-07   0.158850398E-06   0.178733913E-06   0.266876405E-07
   0.138352485E-07   0.112426910E-06   0.124502108E-06   0.172703167E-07
   0.844923242E-08   0.662116335E-07   0.756927392E-07   0.100924069E-07
   0.436047554E-08   0.332207968E-07   0.371209694E-07   0.488060170E-08
   0.228877384E-08   0.126386306E-07   0.120217125E-07   0.120606358E-08
   0.134064881E-08   0.666382105E-08   0.603362915E-08   0.547705770E-09
   0.609368056E-09   0.127201039E-08   0.714024284E-09  -0.170498671E-09
   0.256063148E-08   0.231753439E-08  -0.693614277E-08   0.103657627E-08
   0.486588159E-09   0.193674166E-08   0.405359052E-09   0.800520206E-09
   0.185505089E-08   0.423548574E-08  -0.223257235E-08   0.204612038E-08
   0.149088819E-08   0.318422755E-08  -0.338501138E-08   0.178830073E-08
   0.271439560E-08   0.640647979E-08  -0.295389646E-08   0.305942338E-08
   0.119087684E-08   0.392665633E-08  -0.143718026E-08   0.205236561E-08
   0.320348681E-08   0.530657518E-08  -0.102539621E-07   0.324675864E-08
   0.226883690E-08   0.458708227E-08  -0.449184645E-08   0.244085352E-08
   0.182250937E-08   0.324779514E-08  -0.440236736E-08   0.180234705E-08
   0.271186407E-09   0.225935914E-08   0.212518780E-08   0.679576617E-09
   0.250448023E-09   0.486841678E-09   0.332264438E-09   0.486909055E-10
   0.815945700E-09   0.109227538E-08  -0.157601843E-08   0.584624155E-10
   0.320547566E-08   0.301811687E-08  -0.993642679E-08   0.951353551E-09
   0.808573208E-08   0.868065086E-08  -0.279620629E-07   0.378605680E-08
   0.215923226E-07   0.233770923E-07  -0.759290728E-07   0.112047580E-07
   0.501797111E-07   0.539907674E-07  -0.175333980E-06   0.260903388E-07
   0.745401607E-07   0.811708532E-07  -0.258778158E-06   0.369824953E-07
   0.112337830E-06   0.119643971E-06  -0.384587736E-06   0.556098811E-07
   0.184224945E-06   0.193577890E-06  -0.621271909E-06   0.896510457E-07
   0.227261509E-06   0.236946221E-06  -0.753882944E-06   0.108366578E-06
   0.271082371E-06   0.276655271E-06  -0.873394072E-06   0.126254761E-06
   0.260528452E-06   0.265730932E-06  -0.813706890E-06   0.113784992E-06
   0.239070232E-06   0.240814643E-06  -0.699541317E-06   0.971767307E-07
   0.177067008E-06   0.174437631E-06  -0.439302084E-06   0.599160686E-07
   0.143708959E-06   0.134387207E-06  -0.228981548E-06   0.346533540E-07
   0.289234976E-06   0.253153701E-06  -0.507831771E-06   0.684297845E-07
   0.846048692E-06   0.732822571E-06  -0.185324211E-05   0.228398790E-06
   0.229916304E-05   0.199810597E-05  -0.552375877E-05   0.646937110E-06
   0.549465540E-05   0.472463216E-05  -0.135145547E-04   0.152003520E-05
   0.110155579E-04   0.936351444E-05  -0.267530922E-04   0.289713284E-05
   0.208162292E-04   0.174982906E-04  -0.495374879E-04   0.511597091E-05
   0.359487822E-04   0.298312334E-04  -0.827426411E-04   0.819133948E-05
   0.590932541E-04   0.484846023E-04  -0.130836546E-03   0.123450418E-04
   0.921813116E-04   0.748536040E-04  -0.194823486E-03   0.174871893E-04
   0.138764575E-03   0.111697474E-03  -0.278321386E-03   0.236452506E-04
   0.201566800E-03   0.161133517E-03  -0.380840735E-03   0.305834619E-04
   0.285565504E-03   0.227343116E-03  -0.505276199E-03   0.382289254E-04
   0.397158961E-03   0.315707788E-03  -0.654469943E-03   0.465250778E-04
   0.543637318E-03   0.432743866E-03  -0.829268945E-03   0.551010889E-04
   0.737178489E-03   0.588919094E-03  -0.103500101E-02   0.643181920E-04
   0.999393873E-03   0.802905939E-03  -0.128631468E-02   0.741855183E-04
   0.136859273E-02   0.110644836E-02  -0.161013834E-02   0.861862718E-04
   0.191996689E-02   0.156129384E-02  -0.206181523E-02   0.100893092E-03
   0.280029047E-02   0.228647422E-02  -0.273730094E-02   0.119952783E-03
   0.428727688E-02   0.350702344E-02  -0.378141436E-02   0.144767822E-03
   0.688090827E-02   0.562902680E-02  -0.535264658E-02   0.171439955E-03
   0.113471234E-01   0.927880406E-02  -0.745341647E-02   0.189963728E-03
   0.185131300E-01   0.151380952E-01  -0.953941047E-02   0.180405550E-03
   0.282609686E-01   0.231218878E-01  -0.100311749E-01   0.125181308E-03
   0.378428809E-01   0.309808254E-01  -0.684869103E-02   0.423757047E-04
   0.420445763E-01   0.344313979E-01  -0.189045224E-07   0.000000000E+00
