   0.126247732E-01   0.153145432E+00   0.195168059E-07   0.000000000E+00
   0.109245982E-01   0.132439166E+00   0.133172749E-01   0.728686791E-04
   0.736561231E-02   0.891834423E-01   0.175816566E-01   0.191306710E-03
   0.422969693E-02   0.511802100E-01   0.146106342E-01   0.236553460E-03
   0.226760306E-02   0.274802595E-01   0.992149860E-02   0.212101979E-03
   0.121939962E-02   0.148472795E-01   0.623927079E-02   0.164671277E-03
   0.690248271E-03   0.846983958E-02   0.391976116E-02   0.123946927E-03
   0.423051213E-03   0.522495573E-02   0.258033583E-02   0.957335506E-04
   0.280817301E-03   0.347120850E-02   0.180813798E-02   0.776725574E-04
   0.198681810E-03   0.243865792E-02   0.134021707E-02   0.658737699E-04
   0.146328675E-03   0.176981732E-02   0.102951028E-02   0.568149117E-04
   0.109636501E-03   0.129989989E-02   0.800970476E-03   0.491184073E-04
   0.824909221E-04   0.955157680E-03   0.622930645E-03   0.419764947E-04
   0.615043755E-04   0.694538991E-03   0.477600232E-03   0.348873255E-04
   0.451260603E-04   0.496925320E-03   0.358572928E-03   0.281389457E-04
   0.324934372E-04   0.348971225E-03   0.263039721E-03   0.220499005E-04
   0.228484387E-04   0.239536894E-03   0.187641417E-03   0.167097423E-04
   0.154831869E-04   0.159171366E-03   0.128510452E-03   0.120256800E-04
   0.101880605E-04   0.102706370E-03   0.851141594E-04   0.841392830E-05
   0.639391510E-05   0.635082615E-04   0.535580293E-04   0.553982181E-05
   0.377946049E-05   0.371596107E-04   0.315680300E-04   0.340766519E-05
   0.210904386E-05   0.206370096E-04   0.174846864E-04   0.195655753E-05
   0.106501568E-05   0.104967521E-04   0.867802737E-05   0.101091837E-05
   0.497494000E-06   0.498769123E-05   0.393744403E-05   0.475423633E-06
   0.204152286E-06   0.211844736E-05   0.151766062E-05   0.187537253E-06
   0.707210148E-07   0.813667782E-06   0.465021714E-06   0.595041847E-07
   0.226027410E-07   0.315290208E-06   0.120094981E-06   0.156654085E-07
   0.198478372E-07   0.235608795E-06   0.141939140E-06   0.173268990E-07
   0.306104120E-07   0.299093102E-06   0.265224088E-06   0.339289308E-07
   0.337145920E-07   0.305811682E-06   0.303665672E-06   0.409826590E-07
   0.369714535E-07   0.323313088E-06   0.336366867E-06   0.461914702E-07
   0.352633762E-07   0.302798441E-06   0.323835962E-06   0.464269476E-07
   0.293638873E-07   0.252289709E-06   0.269307321E-06   0.394120505E-07
   0.194396339E-07   0.157263187E-06   0.174058982E-06   0.243828460E-07
   0.141622367E-07   0.115531961E-06   0.120980857E-06   0.170566938E-07
   0.903481290E-08   0.702732024E-07   0.773747217E-07   0.102542312E-07
   0.444486714E-08   0.323625393E-07   0.363146171E-07   0.433603020E-08
   0.279924306E-08   0.185915479E-07   0.200982182E-07   0.212559281E-08
   0.175284276E-08   0.853049098E-08   0.771624276E-08   0.588032234E-09
   0.108474718E-08   0.154588131E-08  -0.821751056E-09  -0.139593961E-09
   0.106760356E-08   0.865450989E-09  -0.252549714E-08   0.118363874E-09
   0.154369639E-08   0.151718860E-08  -0.495114794E-08   0.703992975E-09
   0.124681065E-08   0.201313721E-08  -0.291259705E-08   0.111028475E-08
   0.187523796E-08   0.316392046E-08  -0.480546891E-08   0.183005011E-08
   0.160067404E-08   0.394841404E-08  -0.186293159E-08   0.192947391E-08
   0.351738416E-08   0.641585851E-08  -0.547749934E-08   0.313703286E-08
   0.204526573E-08   0.432624336E-08  -0.271983591E-08   0.210406581E-08
   0.795656985E-09   0.488338214E-08   0.356963703E-08   0.159334068E-08
   0.604859163E-09   0.179086601E-08  -0.386483512E-09   0.839606717E-09
   0.409952489E-09   0.201435135E-08   0.224748220E-08   0.402772510E-09
   0.342990469E-09   0.931381638E-09   0.109897647E-08  -0.815893186E-10
   0.217337703E-08   0.260177746E-08  -0.525470556E-08   0.427187397E-09
   0.581867354E-08   0.591364513E-08  -0.173775732E-07   0.195809147E-08
   0.162817422E-07   0.173028560E-07  -0.505279729E-07   0.635129771E-08
   0.307247987E-07   0.317372724E-07  -0.987109843E-07   0.140896654E-07
   0.510904385E-07   0.510250651E-07  -0.161263998E-06   0.228552608E-07
   0.917617484E-07   0.928379507E-07  -0.290579294E-06   0.423858069E-07
   0.121956447E-06   0.121941440E-06  -0.381167268E-06   0.565903271E-07
   0.180135203E-06   0.177793993E-06  -0.553469647E-06   0.814951520E-07
   0.229219509E-06   0.225052588E-06  -0.691993989E-06   0.997572300E-07
   0.232036484E-06   0.225428451E-06  -0.678533013E-06   0.969643921E-07
   0.245148641E-06   0.237125732E-06  -0.684981387E-06   0.966854543E-07
   0.193151891E-06   0.184576805E-06  -0.475229029E-06   0.698085501E-07
   0.158829081E-06   0.146634420E-06  -0.275545204E-06   0.410574330E-07
   0.199947280E-06   0.175096702E-06  -0.221035705E-06   0.347122509E-07
   0.533232026E-06   0.448692589E-06  -0.820444711E-06   0.104664643E-06
   0.148439722E-05   0.123836571E-05  -0.279876940E-05   0.331342534E-06
   0.361042294E-05   0.299344924E-05  -0.733114393E-05   0.835438016E-06
   0.763722801E-05   0.627886220E-05  -0.157618524E-04   0.171962711E-05
   0.149522675E-04   0.121459816E-04  -0.306729999E-04   0.323473523E-05
   0.268423610E-04   0.215304026E-04  -0.537822307E-04   0.544341810E-05
   0.453104476E-04   0.359890510E-04  -0.879081999E-04   0.849485969E-05
   0.725331702E-04   0.570008669E-04  -0.134917922E-03   0.124525186E-04
   0.111627887E-03   0.869265132E-04  -0.197802743E-03   0.173736480E-04
   0.166058104E-03   0.128351676E-03  -0.278599793E-03   0.231825998E-04
   0.240094014E-03   0.184595381E-03  -0.379330973E-03   0.297524348E-04
   0.337725767E-03   0.258677523E-03  -0.499189773E-03   0.369935588E-04
   0.465229939E-03   0.355898665E-03  -0.640227867E-03   0.446204031E-04
   0.631299219E-03   0.483358104E-03  -0.805909745E-03   0.527155498E-04
   0.848567521E-03   0.651657814E-03  -0.100270752E-02   0.615138197E-04
   0.113973615E-02   0.879243482E-03  -0.124652276E-02   0.715379865E-04
   0.155156653E-02   0.120319612E-02  -0.157542294E-02   0.844241440E-04
   0.218200474E-02   0.170010678E-02  -0.206660759E-02   0.102070146E-03
   0.324913720E-02   0.253923866E-02  -0.287626078E-02   0.128134183E-03
   0.522250496E-02   0.408453727E-02  -0.427619927E-02   0.165300531E-03
   0.906661898E-02   0.708617270E-02  -0.665747235E-02   0.214026688E-03
   0.166327339E-01   0.129899830E-01  -0.103791514E-01   0.263558875E-03
   0.306817405E-01   0.239634030E-01  -0.150036048E-01   0.280976383E-03
   0.529767275E-01   0.414078198E-01  -0.177735947E-01   0.218622445E-03
   0.781593993E-01   0.611410625E-01  -0.133228581E-01   0.810796191E-04
   0.901407748E-01   0.705403015E-01  -0.432197353E-07   0.000000000E+00
