   0.155804009E-03   0.578116579E-02   0.000000000E+00   0.000000000E+00
   0.150627820E-03   0.549713476E-02   0.713163172E-03   0.377510537E-05
   0.136853079E-03   0.475247530E-02   0.121828890E-02   0.128924858E-04
   0.119059951E-03   0.380380522E-02   0.143956777E-02   0.228703557E-04
   0.101335412E-03   0.288255606E-02   0.143225922E-02   0.303622546E-04
   0.857542982E-04   0.211317232E-02   0.129628542E-02   0.343962383E-04
   0.725601058E-04   0.151963183E-02   0.110923219E-02   0.352818461E-04
   0.611402284E-04   0.108242384E-02   0.915093056E-03   0.339626604E-04
   0.508958728E-04   0.765546924E-03   0.733274093E-03   0.311750409E-04
   0.413243943E-04   0.536166364E-03   0.569595490E-03   0.271419030E-04
   0.326644622E-04   0.371242524E-03   0.430200365E-03   0.226838256E-04
   0.249479253E-04   0.252442318E-03   0.314407662E-03   0.182495387E-04
   0.181453725E-04   0.166581594E-03   0.219401874E-03   0.138701544E-04
   0.126132463E-04   0.106309613E-03   0.146526465E-03   0.997402185E-05
   0.828363318E-05   0.646838380E-04   0.923802509E-04   0.672069746E-05
   0.503310093E-05   0.366097447E-04   0.535808686E-04   0.415081468E-05
   0.283570876E-05   0.191238523E-04   0.285286769E-04   0.235764878E-05
   0.141050691E-05   0.873563022E-05   0.130295330E-04   0.113811302E-05
   0.630120269E-06   0.350072060E-05   0.510501604E-05   0.472656041E-06
   0.229941904E-06   0.113198621E-05   0.140908253E-05   0.138999084E-06
   0.572519596E-07   0.328329662E-06   0.110713444E-06   0.134353728E-07
   0.170114980E-07   0.274967562E-06   0.597213159E-07   0.894243435E-08
   0.209877324E-07   0.430345835E-06   0.337658236E-06   0.373244085E-07
   0.362355763E-07   0.573711588E-06   0.613453381E-06   0.690108592E-07
   0.471090438E-07   0.631137482E-06   0.759523857E-06   0.885782043E-07
   0.440772325E-07   0.533134255E-06   0.681722952E-06   0.810034919E-07
   0.333827970E-07   0.382958405E-06   0.498326813E-06   0.612706756E-07
   0.208271533E-07   0.230836420E-06   0.303165450E-06   0.383486878E-07
   0.110115694E-07   0.122709579E-06   0.164500733E-06   0.223780710E-07
   0.595422378E-08   0.659879333E-07   0.888636791E-07   0.125663915E-07
   0.294259794E-08   0.311864312E-07   0.409623482E-07   0.570285597E-08
   0.418389184E-09   0.592856475E-08   0.713453385E-08   0.147314227E-08
   0.166153674E-09   0.259000887E-08   0.290828517E-08   0.662261856E-09
   0.342796680E-09   0.184131055E-08   0.501453545E-09   0.547932200E-09
   0.574111481E-09   0.309689585E-08   0.266808975E-08   0.562583591E-09
   0.874631978E-09   0.617055917E-08   0.807078937E-08   0.107311715E-08
   0.297716407E-09   0.154231816E-08   0.260788391E-08   0.112966289E-09
   0.513763476E-09   0.279145462E-08   0.374536979E-08   0.323687133E-09
   0.419069224E-09   0.263090394E-08   0.330754424E-08   0.416589208E-09
   0.600754391E-09   0.430933733E-08   0.630938679E-08   0.722422455E-09
   0.418778207E-09   0.141078615E-08   0.422144458E-09   0.189733632E-09
   0.154648669E-09   0.960006852E-09   0.164444658E-08   0.127385449E-09
   0.158086849E-09   0.593156912E-09   0.287341140E-10   0.129058417E-09
   0.319951315E-09   0.483681262E-09  -0.171496695E-08   0.285461377E-09
   0.107529353E-09   0.307176395E-09   0.107437670E-10   0.106714478E-09
   0.154528159E-11   0.111713087E-10   0.172857596E-10   0.208257695E-11
   0.342242151E-09   0.606094841E-09  -0.133565192E-08   0.316977333E-09
   0.627727814E-09   0.842246273E-09  -0.377397935E-08   0.533258271E-09
   0.679343970E-09   0.105762588E-08  -0.420698898E-08   0.603587069E-09
   0.805778722E-09   0.136636069E-08  -0.436923564E-08   0.610498208E-09
   0.156907065E-08   0.276783640E-08  -0.906561759E-08   0.136305023E-08
   0.295432123E-08   0.458395411E-08  -0.183683007E-07   0.264606692E-08
   0.203951056E-08   0.285482704E-08  -0.122765167E-07   0.162344216E-08
   0.241494424E-08   0.354810381E-08  -0.140472149E-07   0.181617110E-08
   0.340642758E-08   0.448421877E-08  -0.202252597E-07   0.271095080E-08
   0.126437871E-08   0.155420521E-08  -0.716762294E-08   0.841389958E-09
   0.265118727E-08   0.412797041E-08  -0.159249041E-07   0.221568008E-08
   0.481481244E-10   0.159535593E-09  -0.289850227E-09   0.898383937E-10
   0.242147219E-09   0.471410799E-09  -0.158147040E-08   0.331600636E-09
   0.428504654E-08   0.606635631E-08  -0.246019258E-07   0.364227581E-08
   0.167555427E-07   0.225123795E-07  -0.939707974E-07   0.129426603E-07
   0.443152715E-07   0.571380276E-07  -0.241931701E-06   0.324710676E-07
   0.930267348E-07   0.117867906E-06  -0.496773055E-06   0.627884660E-07
   0.152608294E-06   0.187726755E-06  -0.789463911E-06   0.971542136E-07
   0.239146573E-06   0.286608696E-06  -0.119504784E-05   0.144369920E-06
   0.309688772E-06   0.359958221E-06  -0.147244509E-05   0.170893742E-06
   0.373918795E-06   0.423171599E-06  -0.166361019E-05   0.186162367E-06
   0.340947082E-06   0.368115622E-06  -0.133169146E-05   0.145190043E-06
   0.267923951E-06   0.269387726E-06  -0.772547310E-06   0.831541982E-07
   0.190526706E-06   0.159091456E-06  -0.177057458E-06   0.246051410E-07
   0.279754858E-06   0.205283371E-06  -0.374572949E-06   0.577740700E-07
   0.975866783E-06   0.819162608E-06  -0.333378193E-05   0.359550057E-06
   0.298639111E-05   0.260839306E-05  -0.118025919E-04   0.114593286E-05
   0.697666201E-05   0.608046412E-05  -0.275685816E-04   0.248032370E-05
   0.149074567E-04   0.128398478E-04  -0.577896171E-04   0.485466035E-05
   0.275394195E-04   0.233234459E-04  -0.102195307E-03   0.800389626E-05
   0.473900764E-04   0.394374692E-04  -0.167018676E-03   0.121969824E-04
   0.763704738E-04   0.626051260E-04  -0.253400678E-03   0.171500469E-04
   0.117015239E-03   0.947583685E-04  -0.362062914E-03   0.226179818E-04
   0.172079337E-03   0.138347415E-03  -0.490480335E-03   0.280330551E-04
   0.246513926E-03   0.197584624E-03  -0.640940911E-03   0.334626166E-04
   0.345915440E-03   0.277773739E-03  -0.808543991E-03   0.381069076E-04
   0.479743263E-03   0.387192063E-03  -0.994113623E-03   0.418798154E-04
   0.661300728E-03   0.537370797E-03  -0.119456556E-02   0.444748366E-04
   0.907571462E-03   0.742554024E-03  -0.140023220E-02   0.452695276E-04
   0.123818230E-02   0.101861870E-02  -0.159189908E-02   0.434674694E-04
   0.166387903E-02   0.137367402E-02  -0.172007387E-02   0.379381927E-04
   0.217240886E-02   0.179708982E-02  -0.169961154E-02   0.284107573E-04
   0.269348011E-02   0.223043771E-02  -0.142008788E-02   0.159632564E-04
   0.310160290E-02   0.256946962E-02  -0.824652787E-03   0.464733102E-05
   0.325985486E-02   0.270088809E-02  -0.156671620E-08   0.000000000E+00
