   0.120514061E-02   0.222136322E-01   0.477538808E-08   0.000000000E+00
   0.109389017E-02   0.201534554E-01   0.231268187E-02   0.119519145E-04
   0.834809791E-03   0.153578240E-01   0.342899142E-02   0.353157266E-04
   0.565241615E-03   0.103598312E-01   0.332496664E-02   0.512577099E-04
   0.361791259E-03   0.656152517E-02   0.266712508E-02   0.546007941E-04
   0.231641839E-03   0.410492625E-02   0.198047678E-02   0.508916710E-04
   0.154091482E-03   0.261701969E-02   0.145073654E-02   0.448850915E-04
   0.107842614E-03   0.172218366E-02   0.107902836E-02   0.394800700E-04
   0.788252146E-04   0.116676278E-02   0.817813328E-03   0.346215711E-04
   0.591380704E-04   0.807367091E-03   0.626169203E-03   0.300339016E-04
   0.446564081E-04   0.563448761E-03   0.477724738E-03   0.256165786E-04
   0.335326658E-04   0.393189635E-03   0.360167673E-03   0.213163257E-04
   0.247321714E-04   0.271775963E-03   0.265708251E-03   0.171568190E-04
   0.177192760E-04   0.184217788E-03   0.189943617E-03   0.132443356E-04
   0.122375186E-04   0.121440862E-03   0.130657441E-03   0.976029514E-05
   0.814155828E-05   0.775892768E-04   0.864383474E-04   0.689987382E-05
   0.510015161E-05   0.470252962E-04   0.537309388E-04   0.453886969E-05
   0.300953207E-05   0.269320371E-04   0.313764176E-04   0.279693268E-05
   0.164557184E-05   0.143354437E-04   0.169187260E-04   0.158572482E-05
   0.799536451E-06   0.678694596E-05   0.803946568E-05   0.789144906E-06
   0.352864646E-06   0.288549586E-05   0.343270267E-05   0.352901310E-06
   0.122620520E-06   0.975555395E-06   0.112098473E-05   0.121491951E-06
   0.326603846E-07   0.261283446E-06   0.262951204E-06   0.306139007E-07
   0.937305433E-08   0.103163757E-06   0.814461742E-07   0.966587788E-08
   0.128656676E-07   0.147109716E-06   0.149621798E-06   0.178705193E-07
   0.200754009E-07   0.215568704E-06   0.242372408E-06   0.305015639E-07
   0.250711611E-07   0.255177696E-06   0.299105778E-06   0.386251031E-07
   0.242123086E-07   0.239681384E-06   0.284971179E-06   0.374577738E-07
   0.178685315E-07   0.175854836E-06   0.210276340E-06   0.290714670E-07
   0.123827588E-07   0.121757324E-06   0.145068654E-06   0.206302726E-07
   0.861085603E-08   0.844686525E-07   0.100635745E-06   0.147177168E-07
   0.446599691E-08   0.441269563E-07   0.530389279E-07   0.835847924E-08
   0.236955522E-08   0.236975524E-07   0.265872799E-07   0.429707958E-08
   0.770368325E-09   0.757381891E-08   0.906556874E-08   0.158247382E-08
   0.120816468E-09   0.166108249E-08   0.167744429E-08   0.451552240E-09
   0.294111645E-10   0.354451746E-09  -0.395000942E-10   0.173120254E-09
   0.418689562E-10   0.154260590E-09   0.218710147E-09   0.677596130E-11
   0.147155663E-09   0.718394233E-09   0.569574887E-09   0.845050627E-10
   0.369307473E-09   0.283664359E-08   0.376998610E-08   0.440888187E-09
   0.454634635E-09   0.316274962E-08   0.291069724E-08   0.537355771E-09
   0.413081680E-09   0.289559576E-08   0.367283204E-08   0.602359718E-09
   0.313158555E-09   0.311276516E-08   0.372014886E-08   0.663478494E-09
   0.175904319E-09   0.161217095E-08   0.201116013E-08   0.331639938E-09
   0.258061350E-09   0.117172316E-08   0.757366392E-09   0.382744864E-09
   0.281779239E-09   0.105187892E-08   0.223991714E-09   0.409817763E-09
   0.719214854E-09   0.102319331E-08  -0.300357117E-08   0.655298427E-09
   0.724699412E-09   0.108384557E-08  -0.274345324E-08   0.666624256E-09
   0.110916420E-08   0.135901668E-08  -0.434152625E-08   0.830563340E-09
   0.129142819E-08   0.173544545E-08  -0.603310912E-08   0.102270936E-08
   0.681659507E-09   0.962541047E-09  -0.246771648E-08   0.569257086E-09
   0.904761877E-09   0.101325914E-08  -0.383053989E-08   0.605432815E-09
   0.210337769E-08   0.217090501E-08  -0.858024229E-08   0.125865196E-08
   0.810754741E-09   0.832233449E-09  -0.333078765E-08   0.446606502E-09
   0.120729415E-08   0.143077716E-08  -0.509637399E-08   0.710147219E-09
   0.265453215E-09   0.327805505E-09  -0.110746390E-08   0.156464397E-09
   0.363136521E-09   0.576175607E-09  -0.172079673E-08   0.330885180E-09
   0.981180248E-09   0.127254474E-08  -0.424882796E-08   0.805455369E-09
   0.512853804E-08   0.591445781E-08  -0.217227178E-07   0.355986640E-08
   0.174861778E-07   0.190419058E-07  -0.714848341E-07   0.110744516E-07
   0.397823285E-07   0.422233377E-07  -0.160687307E-06   0.225359056E-07
   0.592843250E-07   0.612248314E-07  -0.233724748E-06   0.331473764E-07
   0.100810041E-06   0.101625091E-06  -0.389151523E-06   0.522754924E-07
   0.143062621E-06   0.142594516E-06  -0.542128362E-06   0.700549521E-07
   0.188055282E-06   0.182944618E-06  -0.692809863E-06   0.878792150E-07
   0.199243374E-06   0.190694635E-06  -0.711375151E-06   0.882636897E-07
   0.176093451E-06   0.164845417E-06  -0.597033022E-06   0.710586363E-07
   0.115663603E-06   0.105110082E-06  -0.352070600E-06   0.423068123E-07
   0.787942724E-07   0.677071625E-07  -0.188463019E-06   0.240699798E-07
   0.224180184E-06   0.185920769E-06  -0.638301458E-06   0.731689198E-07
   0.782711822E-06   0.636645211E-06  -0.235569451E-05   0.249641062E-06
   0.234505706E-05   0.189093294E-05  -0.709456253E-05   0.713672534E-06
   0.560221770E-05   0.443546242E-05  -0.165487363E-04   0.158902481E-05
   0.117371919E-04   0.913500389E-05  -0.335584045E-04   0.305856338E-05
   0.218453824E-04   0.166644659E-04  -0.598853912E-04   0.519048172E-05
   0.375617456E-04   0.281506018E-04  -0.981409758E-04   0.802698924E-05
   0.612558943E-04   0.451083324E-04  -0.151529457E-03   0.117047157E-04
   0.946759901E-04   0.686960921E-04  -0.219972178E-03   0.159490810E-04
   0.141302691E-03   0.101349309E-03  -0.305972266E-03   0.207079047E-04
   0.205103555E-03   0.145830418E-03  -0.410088396E-03   0.259315020E-04
   0.291814824E-03   0.206578639E-03  -0.533594750E-03   0.312645243E-04
   0.410378329E-03   0.290276861E-03  -0.679310120E-03   0.366747263E-04
   0.576264691E-03   0.408401276E-03  -0.854640326E-03   0.423791353E-04
   0.818022469E-03   0.581771194E-03  -0.107747992E-02   0.486787940E-04
   0.118703512E-02   0.846997718E-03  -0.137764052E-02   0.559929358E-04
   0.177941401E-02   0.127192575E-02  -0.180322339E-02   0.642015730E-04
   0.275859050E-02   0.197136588E-02  -0.240309420E-02   0.724055935E-04
   0.437142560E-02   0.311908731E-02  -0.316860899E-02   0.766613957E-04
   0.684513943E-02   0.487646088E-02  -0.387296849E-02   0.701443278E-04
   0.100802137E-01   0.717386324E-02  -0.393023668E-02   0.471232925E-04
   0.131566357E-01   0.935980864E-02  -0.262043625E-02   0.156163042E-04
   0.144814756E-01   0.103019383E-01  -0.652964971E-08   0.000000000E+00
