   0.243456219E-02   0.386868790E-01   0.000000000E+00   0.000000000E+00
   0.217942498E-02   0.346383154E-01   0.383189600E-02   0.200863506E-04
   0.160449871E-02   0.255104192E-01   0.549316267E-02   0.572996214E-04
   0.103342545E-02   0.164411850E-01   0.508227013E-02   0.789833357E-04
   0.624777575E-03   0.993318204E-02   0.386637310E-02   0.797517714E-04
   0.377966615E-03   0.596923800E-02   0.272643100E-02   0.702141988E-04
   0.238272143E-03   0.369348796E-02   0.190653547E-02   0.590570926E-04
   0.159530740E-03   0.238977070E-02   0.137014955E-02   0.500227288E-04
   0.112924099E-03   0.161152834E-02   0.101830310E-02   0.431028748E-04
   0.830348290E-04   0.111916382E-02   0.774448039E-03   0.373061157E-04
   0.622606312E-04   0.789348793E-03   0.594322453E-03   0.321148909E-04
   0.466199526E-04   0.557360821E-03   0.452021486E-03   0.270564069E-04
   0.346352899E-04   0.391666254E-03   0.339328020E-03   0.222167291E-04
   0.251470337E-04   0.270632067E-03   0.247923104E-03   0.175381956E-04
   0.178018963E-04   0.183302313E-03   0.176077170E-03   0.133889498E-04
   0.121516578E-04   0.120436453E-03   0.120238037E-03   0.973925489E-05
   0.796910354E-05   0.764070355E-04   0.786932942E-04   0.675423098E-05
   0.496180837E-05   0.462097742E-04   0.487496509E-04   0.442302598E-05
   0.289429158E-05   0.263152324E-04   0.282065284E-04   0.268954841E-05
   0.157676618E-05   0.140467137E-04   0.151865261E-04   0.151527820E-05
   0.762568959E-06   0.665573680E-05   0.718078491E-05   0.748129480E-06
   0.334370583E-06   0.286716067E-05   0.305008166E-05   0.332725591E-06
   0.112972614E-06   0.958689498E-06   0.955272867E-06   0.108286628E-06
   0.309597681E-07   0.283126923E-06   0.228777367E-06   0.275361369E-07
   0.105531059E-07   0.130872891E-06   0.865125998E-07   0.126058870E-07
   0.144859467E-07   0.167043524E-06   0.156930142E-06   0.213512319E-07
   0.217206875E-07   0.226093917E-06   0.241731328E-06   0.309252073E-07
   0.265040949E-07   0.262502851E-06   0.295001428E-06   0.395863040E-07
   0.258095234E-07   0.248636297E-06   0.283582523E-06   0.384216783E-07
   0.221932002E-07   0.207028137E-06   0.240280457E-06   0.326862271E-07
   0.153463002E-07   0.144040811E-06   0.167438643E-06   0.241278020E-07
   0.897439723E-08   0.860065867E-07   0.985242821E-07   0.149113006E-07
   0.651864607E-08   0.608670945E-07   0.711228907E-07   0.107945874E-07
   0.311053094E-08   0.291401356E-07   0.339007542E-07   0.523905008E-08
   0.107245546E-08   0.108688170E-07   0.122876935E-07   0.223415419E-08
   0.338701456E-09   0.354449825E-08   0.359819796E-08   0.712131909E-09
   0.784702997E-10   0.576531434E-09   0.293170072E-09   0.222037777E-09
   0.213492713E-10   0.959019184E-10   0.116512550E-09   0.140134961E-10
   0.522599047E-10   0.283542384E-09   0.397700678E-09   0.248429593E-10
   0.193735555E-09   0.139318002E-08   0.178527448E-08   0.253000121E-09
   0.222071334E-09   0.150282198E-08   0.158507130E-08   0.389054539E-09
   0.438250353E-09   0.207080619E-08   0.153881974E-08   0.644272025E-09
   0.628953889E-09   0.439983783E-08   0.524231947E-08   0.961913549E-09
   0.583950721E-09   0.300403213E-08   0.246629761E-08   0.899402830E-09
   0.479173923E-09   0.161832125E-08  -0.373092890E-09   0.763142327E-09
   0.342751244E-09   0.186811122E-08   0.330664329E-09   0.821613722E-09
   0.116888699E-08   0.182812232E-08  -0.435283232E-08   0.115305920E-08
   0.163000258E-08   0.233488340E-08  -0.588357540E-08   0.144813117E-08
   0.131821098E-08   0.200595385E-08  -0.377685083E-08   0.111217169E-08
   0.180318183E-08   0.215614393E-08  -0.675788003E-08   0.132536304E-08
   0.235540165E-08   0.258546207E-08  -0.926597643E-08   0.153218427E-08
   0.767024833E-09   0.866287764E-09  -0.306889669E-08   0.517692944E-09
   0.492029473E-09   0.455014332E-09  -0.165007286E-08   0.244425591E-09
   0.405963430E-09   0.712893078E-09  -0.173545489E-08   0.353816948E-09
   0.547694445E-09   0.773580866E-09  -0.204338657E-08   0.312286169E-09
   0.155510527E-08   0.179070603E-08  -0.625686258E-08   0.103673503E-08
   0.652318466E-08   0.723879223E-08  -0.256116781E-07   0.401947942E-08
   0.258748791E-07   0.273294010E-07  -0.982702701E-07   0.143807499E-07
   0.344492364E-07   0.358873962E-07  -0.128886299E-06   0.191625276E-07
   0.749379154E-07   0.764445929E-07  -0.275330734E-06   0.394255224E-07
   0.110952755E-06   0.112479626E-06  -0.402497307E-06   0.561254012E-07
   0.150872793E-06   0.148795479E-06  -0.532775061E-06   0.719496143E-07
   0.204183664E-06   0.198578562E-06  -0.704493289E-06   0.926699641E-07
   0.213726608E-06   0.202992780E-06  -0.711112932E-06   0.930135542E-07
   0.179459306E-06   0.168136367E-06  -0.566041535E-06   0.727988336E-07
   0.120824453E-06   0.110857378E-06  -0.335077289E-06   0.422558344E-07
   0.978406760E-07   0.834212628E-07  -0.200412899E-06   0.254701291E-07
   0.205384140E-06   0.166821323E-06  -0.446882211E-06   0.541402017E-07
   0.833936610E-06   0.680553512E-06  -0.222407834E-05   0.246705724E-06
   0.228823933E-05   0.184681994E-05  -0.620937226E-05   0.654690609E-06
   0.534601941E-05   0.425477674E-05  -0.143277257E-04   0.144357386E-05
   0.110639403E-04   0.866434129E-05  -0.288781066E-04   0.278001630E-05
   0.205612796E-04   0.158417697E-04  -0.517234621E-04   0.473804084E-05
   0.358822872E-04   0.271917925E-04  -0.864358444E-04   0.752224332E-05
   0.590559503E-04   0.441043958E-04  -0.135379683E-03   0.111472937E-04
   0.920127713E-04   0.678239012E-04  -0.199095579E-03   0.154493955E-04
   0.138126692E-03   0.100737117E-03  -0.280067790E-03   0.204199187E-04
   0.200911745E-03   0.145322629E-03  -0.378604629E-03   0.258929103E-04
   0.285943766E-03   0.205909513E-03  -0.497125846E-03   0.316995174E-04
   0.400704128E-03   0.288081734E-03  -0.637498568E-03   0.379637677E-04
   0.557059131E-03   0.401166209E-03  -0.804985990E-03   0.443844328E-04
   0.776624947E-03   0.561296707E-03  -0.101276836E-02   0.515923894E-04
   0.109981699E-02   0.798339024E-03  -0.128753507E-02   0.599863160E-04
   0.160751445E-02   0.117084559E-02  -0.168347545E-02   0.706806459E-04
   0.245382893E-02   0.178971828E-02  -0.228337664E-02   0.841438014E-04
   0.392584922E-02   0.286136125E-02  -0.319126830E-02   0.990836634E-04
   0.647803908E-02   0.471327547E-02  -0.443098694E-02   0.109701927E-03
   0.106333746E-01   0.772531750E-02  -0.570973055E-02   0.105059800E-03
   0.163781568E-01   0.118916705E-01  -0.607126532E-02   0.737376322E-04
   0.221298151E-01   0.160667561E-01  -0.419092551E-02   0.252438131E-04
   0.246669035E-01   0.179097448E-01  -0.120893535E-07   0.000000000E+00
