   0.285291928E-02   0.442105941E-01  -0.220098835E-10   0.000000000E+00
   0.253764843E-02   0.393234342E-01   0.433818018E-02   0.227258679E-04
   0.183520815E-02   0.284476839E-01   0.610970426E-02   0.636722325E-04
   0.115503266E-02   0.179190952E-01   0.552325649E-02   0.856411207E-04
   0.682440528E-03   0.105914865E-01   0.410506874E-02   0.842876034E-04
   0.403676735E-03   0.624070270E-02   0.282859127E-02   0.722789991E-04
   0.249977165E-03   0.381135149E-02   0.194273784E-02   0.597511680E-04
   0.165068705E-03   0.244725170E-02   0.137800095E-02   0.500941242E-04
   0.115745977E-03   0.164565013E-02   0.101631426E-02   0.428403036E-04
   0.846182520E-04   0.114296679E-02   0.770495331E-03   0.369916670E-04
   0.631285147E-04   0.806753407E-03   0.590058160E-03   0.319192077E-04
   0.471602070E-04   0.570731296E-03   0.449139305E-03   0.268243857E-04
   0.349272123E-04   0.401197700E-03   0.336968631E-03   0.220366073E-04
   0.253882918E-04   0.278025807E-03   0.247077813E-03   0.174794241E-04
   0.179713315E-04   0.188662307E-03   0.175849564E-03   0.133570447E-04
   0.122516331E-04   0.123973849E-03   0.120105928E-03   0.969319353E-05
   0.805416312E-05   0.788109828E-04   0.788790057E-04   0.678715151E-05
   0.504568652E-05   0.480088020E-04   0.492482723E-04   0.445963951E-05
   0.296037479E-05   0.275188322E-04   0.286945633E-04   0.272885904E-05
   0.159920137E-05   0.145815347E-04   0.153187029E-04   0.152972939E-05
   0.794852099E-06   0.712686415E-05   0.747256217E-05   0.776816535E-06
   0.342617170E-06   0.303764045E-05   0.311682561E-05   0.338800504E-06
   0.118955903E-06   0.106712730E-05   0.101315231E-05   0.116643506E-06
   0.333137713E-07   0.318179190E-06   0.247866183E-06   0.299089145E-07
   0.105569669E-07   0.133169095E-06   0.817774577E-07   0.110545564E-07
   0.140861269E-07   0.165777180E-06   0.150048550E-06   0.197356798E-07
   0.208897841E-07   0.221858940E-06   0.232394441E-06   0.310945794E-07
   0.270171707E-07   0.267486229E-06   0.296865267E-06   0.395375253E-07
   0.256056953E-07   0.248412363E-06   0.276623183E-06   0.371273323E-07
   0.220380389E-07   0.207678568E-06   0.236332482E-06   0.322896625E-07
   0.158029767E-07   0.145983179E-06   0.168970473E-06   0.236762290E-07
   0.991009586E-08   0.917558154E-07   0.106404265E-06   0.155314979E-07
   0.539580336E-08   0.520576542E-07   0.594253180E-07   0.952424095E-08
   0.268960276E-08   0.255151544E-07   0.293939273E-07   0.488032326E-08
   0.112249932E-08   0.107927054E-07   0.116653718E-07   0.192043004E-08
   0.410395190E-09   0.396786826E-08   0.367391362E-08   0.764502295E-09
   0.103883693E-09   0.127154665E-08   0.118521182E-08   0.293824437E-09
   0.152715496E-10   0.121919849E-09   0.860243266E-10   0.232548789E-10
   0.190021360E-09   0.106436537E-08   0.131479116E-08   0.206792125E-09
   0.498178998E-09   0.233848563E-08   0.265854827E-08   0.490155916E-09
   0.378285653E-09   0.251076981E-08   0.272531930E-08   0.613103679E-09
   0.600439490E-10   0.830568836E-09   0.721561977E-09   0.262431299E-09
   0.250466287E-09   0.269111200E-08   0.255542143E-08   0.770294273E-09
   0.778207637E-10   0.131935196E-08   0.753819507E-09   0.461915423E-09
   0.457280214E-09   0.272651834E-08   0.179464288E-08   0.932176225E-09
   0.945139855E-09   0.186315741E-08  -0.271368639E-08   0.106981890E-08
   0.147809509E-08   0.236890441E-08  -0.502070607E-08   0.144554291E-08
   0.204987671E-08   0.262588351E-08  -0.769391839E-08   0.164343517E-08
   0.713197890E-09   0.142606460E-08  -0.188358107E-08   0.782423126E-09
   0.131793809E-08   0.159361846E-08  -0.523939514E-08   0.999156646E-09
   0.160684688E-08   0.178398718E-08  -0.624242702E-08   0.106940079E-08
   0.643191334E-09   0.876500039E-09  -0.275690759E-08   0.498362018E-09
   0.147876633E-08   0.171740722E-08  -0.593630611E-08   0.955741486E-09
   0.417098578E-09   0.580405168E-09  -0.173695003E-08   0.306010661E-09
   0.131178834E-08   0.146253076E-08  -0.510008391E-08   0.772766406E-09
   0.305336911E-08   0.337992723E-08  -0.118212826E-07   0.193311567E-08
   0.109346976E-07   0.115694574E-07  -0.412806074E-07   0.623596286E-08
   0.244371954E-07   0.256648001E-07  -0.913850826E-07   0.137335263E-07
   0.452313778E-07   0.469864254E-07  -0.166955829E-06   0.242683527E-07
   0.795739226E-07   0.799094693E-07  -0.286147809E-06   0.413004067E-07
   0.123042355E-06   0.121025892E-06  -0.433549644E-06   0.601841705E-07
   0.176010531E-06   0.171071520E-06  -0.609007770E-06   0.828352142E-07
   0.200223766E-06   0.192152143E-06  -0.676620346E-06   0.897967212E-07
   0.201572078E-06   0.188904025E-06  -0.655328563E-06   0.861394582E-07
   0.189719955E-06   0.175980873E-06  -0.585344594E-06   0.750104974E-07
   0.119224225E-06   0.108210862E-06  -0.315752771E-06   0.412904413E-07
   0.992291760E-07   0.839650625E-07  -0.188824458E-06   0.253871555E-07
   0.260894552E-06   0.211163922E-06  -0.583821986E-06   0.695098308E-07
   0.874567490E-06   0.706330297E-06  -0.222835047E-05   0.245434109E-06
   0.243019940E-05   0.194287782E-05  -0.636164850E-05   0.666409846E-06
   0.573276338E-05   0.450798461E-05  -0.148634881E-04   0.149042967E-05
   0.117650943E-04   0.911768439E-05  -0.297429106E-04   0.284381099E-05
   0.217565976E-04   0.165702022E-04  -0.529789795E-04   0.483558642E-05
   0.377714896E-04   0.283054469E-04  -0.880556909E-04   0.765014920E-05
   0.609788440E-04   0.450506705E-04  -0.134894566E-03   0.110710025E-04
   0.952699193E-04   0.695022973E-04  -0.198950715E-03   0.153977999E-04
   0.142708261E-03   0.103016413E-03  -0.279021071E-03   0.203271175E-04
   0.207349993E-03   0.148552761E-03  -0.376646232E-03   0.256967269E-04
   0.294844009E-03   0.210329919E-03  -0.493919710E-03   0.314777899E-04
   0.412650872E-03   0.294004014E-03  -0.632725423E-03   0.375945601E-04
   0.573337544E-03   0.409195898E-03  -0.799235131E-03   0.439737596E-04
   0.799157366E-03   0.572332239E-03  -0.100738253E-02   0.513963932E-04
   0.113304681E-02   0.814913423E-03  -0.128626428E-02   0.600494895E-04
   0.166154222E-02   0.119882356E-02  -0.169472827E-02   0.714170892E-04
   0.255732075E-02   0.184715108E-02  -0.232937303E-02   0.861365115E-04
   0.414643297E-02   0.299201487E-02  -0.331432978E-02   0.103135520E-03
   0.697639585E-02   0.502441218E-02  -0.470706355E-02   0.116756324E-03
   0.117112566E-01   0.842150673E-02  -0.621168828E-02   0.114327035E-03
   0.184503812E-01   0.132591613E-01  -0.675737765E-02   0.819731431E-04
   0.253604092E-01   0.182243884E-01  -0.474419445E-02   0.285271417E-04
   0.284609515E-01   0.204528701E-01  -0.138145859E-07   0.000000000E+00
