   0.898423791E-01   0.921028137E+00   0.000000000E+00   0.000000000E+00
   0.753960907E-01   0.772950888E+00   0.364711173E-01   0.210802114E-03
   0.471277460E-01   0.483062834E+00   0.456482619E-01   0.526780088E-03
   0.246298164E-01   0.252149999E+00   0.358022973E-01   0.619064318E-03
   0.119136153E-01   0.121421814E+00   0.229954589E-01   0.529048033E-03
   0.572650554E-02   0.576668419E-01   0.135800866E-01   0.388138636E-03
   0.288647786E-02   0.283383206E-01   0.785518903E-02   0.265804731E-03
   0.159894943E-02   0.150469253E-01   0.465137139E-02   0.179283728E-03
   0.100287923E-02   0.894411281E-02   0.292062992E-02   0.124729981E-03
   0.710903783E-03   0.602258462E-02   0.199193018E-02   0.919449521E-04
   0.551107572E-03   0.449738465E-02   0.147886772E-02   0.724717756E-04
   0.449463550E-03   0.359022943E-02   0.117605587E-02   0.613633601E-04
   0.374216324E-03   0.295999763E-02   0.975612260E-03   0.543466667E-04
   0.312206190E-03   0.246487139E-02   0.824909599E-03   0.486218778E-04
   0.258705753E-03   0.204669777E-02   0.699422497E-03   0.438534189E-04
   0.212206374E-03   0.168459036E-02   0.589680392E-03   0.393614100E-04
   0.171764215E-03   0.136957935E-02   0.491151761E-03   0.347921232E-04
   0.136709947E-03   0.109624513E-02   0.401903468E-03   0.299973399E-04
   0.107544991E-03   0.867308350E-03   0.324720400E-03   0.255144096E-04
   0.831583675E-04   0.675109390E-03   0.257193577E-03   0.211440711E-04
   0.634181924E-04   0.517778157E-03   0.200202499E-03   0.171749325E-04
   0.476580535E-04   0.390872563E-03   0.152831228E-03   0.136979379E-04
   0.351403578E-04   0.289802352E-03   0.113965922E-03   0.106042207E-04
   0.254839470E-04   0.211190345E-03   0.831297875E-04   0.798159181E-05
   0.181874675E-04   0.151096639E-03   0.591892931E-04   0.588242074E-05
   0.127101630E-04   0.105774248E-03   0.409002059E-04   0.417255842E-05
   0.875411843E-05   0.729865424E-04   0.276734263E-04   0.289472814E-05
   0.590688614E-05   0.490797247E-04   0.180189490E-04   0.192867287E-05
   0.387059254E-05   0.322864071E-04   0.112663847E-04   0.121865230E-05
   0.250721519E-05   0.209235823E-04   0.684530278E-05   0.748300522E-06
   0.159484603E-05   0.131253146E-04   0.389893603E-05   0.428374221E-06
   0.967939400E-06   0.783619271E-05   0.195118400E-05   0.211811368E-06
   0.604513787E-06   0.470581608E-05   0.948916806E-06   0.101271873E-06
   0.384460606E-06   0.279720166E-05   0.421845385E-06   0.426331290E-07
   0.237293605E-06   0.169887494E-05   0.172495987E-06   0.231054305E-07
   0.155305230E-06   0.103991476E-05   0.701737264E-07   0.176676256E-07
   0.107063784E-06   0.699433542E-06   0.578058170E-07   0.223472405E-07
   0.772700091E-07   0.494687129E-06   0.668405491E-07   0.310736468E-07
   0.615649469E-07   0.388197634E-06   0.880552378E-07   0.403555838E-07
   0.454447004E-07   0.315713578E-06   0.846950741E-07   0.452380888E-07
   0.392362125E-07   0.275920257E-06   0.902788955E-07   0.525030615E-07
   0.327963789E-07   0.231650816E-06   0.640078568E-07   0.566713574E-07
   0.332496199E-07   0.216642363E-06   0.560224009E-07   0.625479117E-07
   0.364334483E-07   0.175817974E-06   0.200402206E-08   0.636336495E-07
   0.460562291E-07   0.158142228E-06  -0.360545833E-07   0.663014390E-07
   0.526347606E-07   0.139345900E-06  -0.704840275E-07   0.653768240E-07
   0.737071488E-07   0.135199713E-06  -0.117598390E-06   0.673394354E-07
   0.879601316E-07   0.130355730E-06  -0.144918118E-06   0.653738965E-07
   0.117527733E-06   0.136067243E-06  -0.185490833E-06   0.640772768E-07
   0.153698409E-06   0.155006816E-06  -0.222708678E-06   0.663424160E-07
   0.185837095E-06   0.172171937E-06  -0.239141571E-06   0.650432028E-07
   0.214961432E-06   0.176407710E-06  -0.228034452E-06   0.504540125E-07
   0.262757027E-06   0.206312350E-06  -0.213454541E-06   0.437566534E-07
   0.331624420E-06   0.249058331E-06  -0.174463381E-06   0.290312148E-07
   0.441259346E-06   0.325625479E-06  -0.136757777E-06   0.162587135E-07
   0.654967096E-06   0.501533123E-06  -0.140738294E-06   0.128298021E-07
   0.103204218E-05   0.807831839E-06  -0.236649555E-06   0.226536887E-07
   0.167987696E-05   0.136223866E-05  -0.521610218E-06   0.637298498E-07
   0.290798062E-05   0.239762835E-05  -0.127810529E-05   0.175215163E-06
   0.488984278E-05   0.408567257E-05  -0.267452060E-05   0.378284739E-06
   0.784272743E-05   0.659585339E-05  -0.482848236E-05   0.688025750E-06
   0.125933611E-04   0.106794641E-04  -0.860170530E-05   0.121872108E-05
   0.197926311E-04   0.167418621E-04  -0.144021560E-04   0.201757985E-05
   0.299789099E-04   0.253935650E-04  -0.226558386E-04   0.311427880E-05
   0.446229169E-04   0.377445576E-04  -0.345281878E-04   0.464387313E-05
   0.652254384E-04   0.549962460E-04  -0.510648060E-04   0.673099066E-05
   0.932678086E-04   0.785050361E-04  -0.732561093E-04   0.938184166E-05
   0.130346220E-03   0.109345507E-03  -0.101612342E-03   0.126661253E-04
   0.177959853E-03   0.148733772E-03  -0.136554037E-03   0.166163682E-04
   0.240683861E-03   0.200508002E-03  -0.181510579E-03   0.214804622E-04
   0.317170226E-03   0.263896887E-03  -0.233616389E-03   0.266115803E-04
   0.412570924E-03   0.342348998E-03  -0.295625214E-03   0.325857181E-04
   0.528887787E-03   0.437688432E-03  -0.367594097E-03   0.391285794E-04
   0.668149383E-03   0.551751524E-03  -0.449444167E-03   0.459876974E-04
   0.830729783E-03   0.684360508E-03  -0.539457309E-03   0.531633959E-04
   0.102178939E-02   0.839695742E-03  -0.640415121E-03   0.606995345E-04
   0.123700930E-02   0.101470796E-02  -0.748653838E-03   0.675540286E-04
   0.148880843E-02   0.121859554E-02  -0.873207406E-03   0.746658479E-04
   0.178615982E-02   0.145796582E-02  -0.102184899E-02   0.823854789E-04
   0.216766074E-02   0.176337129E-02  -0.122199685E-02   0.925735658E-04
   0.271900697E-02   0.220325869E-02  -0.152695400E-02   0.105840991E-03
   0.364686595E-02   0.294236257E-02  -0.204707962E-02   0.127090869E-03
   0.542297866E-02   0.435933331E-02  -0.298902253E-02   0.161537871E-03
   0.911055785E-02   0.730952853E-02  -0.473170960E-02   0.216485438E-03
   0.171299241E-01   0.137474956E-01  -0.795150828E-02   0.302281638E-03
   0.347449556E-01   0.279307719E-01  -0.136651155E-01   0.421419274E-03
   0.730220452E-01   0.588262193E-01  -0.230433848E-01   0.557107269E-03
   0.151673570E+00   0.122433938E+00  -0.358144790E-01   0.640436483E-03
   0.291221142E+00   0.235449210E+00  -0.456996039E-01   0.540371402E-03
   0.467342287E+00   0.378201991E+00  -0.365854762E-01   0.215225329E-03
   0.557618797E+00   0.451419950E+00  -0.582991007E-07   0.000000000E+00
