   0.147341356E+00   0.155652535E+01   0.106532084E-06   0.000000000E+00
   0.116204947E+00   0.122781503E+01   0.627815500E-01   0.362141203E-03
   0.630864650E-01   0.666894317E+00   0.684164315E-01   0.792128674E-03
   0.283512846E-01   0.299618334E+00   0.463363826E-01   0.807764882E-03
   0.120272385E-01   0.126728043E+00   0.262580663E-01   0.614193967E-03
   0.519411499E-02   0.541663729E-01   0.140127400E-01   0.412603840E-03
   0.241267309E-02   0.245475210E-01   0.746925361E-02   0.264922855E-03
   0.127334124E-02   0.124115711E-01   0.415717298E-02   0.171702792E-03
   0.790501304E-03   0.730869826E-02   0.251446920E-02   0.117033305E-03
   0.568465912E-03   0.502536632E-02   0.169404980E-02   0.863146342E-04
   0.449755229E-03   0.387151306E-02   0.126691686E-02   0.688359651E-04
   0.371983886E-03   0.316788862E-02   0.102203642E-02   0.587827890E-04
   0.311109936E-03   0.264700828E-02   0.857799663E-03   0.519859568E-04
   0.259134831E-03   0.221460126E-02   0.730508880E-03   0.466086749E-04
   0.213023624E-03   0.183304807E-02   0.619682949E-03   0.415583563E-04
   0.172578453E-03   0.149636855E-02   0.519850873E-03   0.367671455E-04
   0.137310097E-03   0.120144070E-02   0.428728905E-03   0.317524537E-04
   0.107669584E-03   0.948893197E-03   0.347439141E-03   0.270909204E-04
   0.829254132E-04   0.736992049E-03   0.276079227E-03   0.225212207E-04
   0.626787150E-04   0.562586181E-03   0.214785949E-03   0.182311232E-04
   0.466073579E-04   0.421067380E-03   0.163240518E-03   0.144424293E-04
   0.340418555E-04   0.310212752E-03   0.121626406E-03   0.111576364E-04
   0.244124512E-04   0.223796495E-03   0.882450986E-04   0.840448683E-05
   0.171840802E-04   0.158657902E-03   0.626066467E-04   0.614298096E-05
   0.117941900E-04   0.109910754E-03   0.430077307E-04   0.433289915E-05
   0.794994321E-05   0.740852265E-04   0.284982398E-04   0.295229506E-05
   0.526220902E-05   0.491511455E-04   0.184393994E-04   0.194962627E-05
   0.336650419E-05   0.314908320E-04   0.112785665E-04   0.121269181E-05
   0.213829662E-05   0.198904399E-04   0.673436398E-05   0.732835872E-06
   0.128790668E-05   0.119136121E-04   0.361457910E-05   0.395228739E-06
   0.792187109E-06   0.717914327E-05   0.194101835E-05   0.211118873E-06
   0.463909117E-06   0.406275467E-05   0.872068824E-06   0.935880706E-07
   0.284785756E-06   0.236061055E-05   0.400717624E-06   0.409750207E-07
   0.181602701E-06   0.125988083E-05   0.127679058E-06   0.910058429E-08
   0.117896050E-06   0.733822048E-06   0.555556490E-07   0.532387201E-08
   0.833919387E-07   0.477664685E-06   0.596355889E-07   0.848758930E-08
   0.657328769E-07   0.326951152E-06   0.737176578E-07   0.140483651E-07
   0.460294167E-07   0.260311054E-06   0.899704133E-07   0.207708126E-07
   0.363699790E-07   0.214660446E-06   0.970068257E-07   0.237002507E-07
   0.285180928E-07   0.180433560E-06   0.939133429E-07   0.258880029E-07
   0.223844463E-07   0.156122852E-06   0.871091359E-07   0.282674719E-07
   0.158179798E-07   0.120932711E-06   0.608287394E-07   0.275222600E-07
   0.111725944E-07   0.952935579E-07   0.400095246E-07   0.257524491E-07
   0.144545735E-07   0.888756730E-07   0.237565274E-07   0.302757783E-07
   0.144605821E-07   0.643836913E-07  -0.701421188E-08   0.275599454E-07
   0.179696773E-07   0.573490482E-07  -0.264295288E-07   0.283514776E-07
   0.314611626E-07   0.586289772E-07  -0.584337343E-07   0.313861861E-07
   0.449198865E-07   0.591003797E-07  -0.883175346E-07   0.315948725E-07
   0.603638384E-07   0.664812845E-07  -0.114478631E-06   0.334809087E-07
   0.831845526E-07   0.787503254E-07  -0.144647515E-06   0.354418042E-07
   0.115868318E-06   0.989657352E-07  -0.187885263E-06   0.389115655E-07
   0.136800622E-06   0.110192182E-06  -0.194637764E-06   0.377793654E-07
   0.165479406E-06   0.126373052E-06  -0.204143916E-06   0.355429570E-07
   0.195293282E-06   0.143469777E-06  -0.186984494E-06   0.300985725E-07
   0.243282386E-06   0.170927038E-06  -0.152231721E-06   0.196054089E-07
   0.327741418E-06   0.235821432E-06  -0.115966323E-06   0.139837297E-07
   0.499852774E-06   0.365219620E-06  -0.104164364E-06   0.843376480E-08
   0.831979889E-06   0.634017738E-06  -0.195110886E-06   0.202212345E-07
   0.143618342E-05   0.111972668E-05  -0.466521612E-06   0.569107925E-07
   0.254064275E-05   0.202941374E-05  -0.115389037E-05   0.150737279E-06
   0.443973886E-05   0.356098985E-05  -0.247837056E-05   0.331392613E-06
   0.768194877E-05   0.623477263E-05  -0.505057687E-05   0.671403086E-06
   0.126440746E-04   0.102562590E-04  -0.902454030E-05   0.118468995E-05
   0.202465289E-04   0.164446828E-04  -0.152900957E-04   0.196901533E-05
   0.311941694E-04   0.252254868E-04  -0.241301950E-04   0.306125162E-05
   0.476301539E-04   0.384714185E-04  -0.376658209E-04   0.465176026E-05
   0.707219806E-04   0.568744217E-04  -0.562068453E-04   0.677476964E-05
   0.101476471E-03   0.813414008E-04  -0.800053094E-04   0.938005815E-05
   0.143860714E-03   0.114933362E-03  -0.112179274E-03   0.127497860E-04
   0.199274844E-03   0.158500377E-03  -0.152353634E-03   0.168052757E-04
   0.269610406E-03   0.213927182E-03  -0.201102361E-03   0.213232870E-04
   0.360001111E-03   0.284543552E-03  -0.260994275E-03   0.267256637E-04
   0.470769824E-03   0.370992173E-03  -0.330364070E-03   0.324426583E-04
   0.604620960E-03   0.474759494E-03  -0.409021392E-03   0.385568019E-04
   0.765552104E-03   0.599237625E-03  -0.498716312E-03   0.449692816E-04
   0.951232389E-03   0.742409611E-03  -0.595682417E-03   0.511259241E-04
   0.116448721E-02   0.905979250E-03  -0.701294455E-03   0.570965858E-04
   0.140415889E-02   0.108886580E-02  -0.815739098E-03   0.629493443E-04
   0.167782407E-02   0.129668124E-02  -0.947874389E-03   0.686810163E-04
   0.200951751E-02   0.154732983E-02  -0.111933402E-02   0.752857959E-04
   0.245937821E-02   0.188587140E-02  -0.137723039E-02   0.856094193E-04
   0.319988886E-02   0.244409940E-02  -0.182858750E-02   0.102349601E-03
   0.465969555E-02   0.355046545E-02  -0.269206869E-02   0.132727320E-03
   0.790263899E-02   0.602329429E-02  -0.440833392E-02   0.187183919E-03
   0.155550018E-01   0.118885925E-01  -0.783302914E-02   0.280718319E-03
   0.341597162E-01   0.262026098E-01  -0.145561881E-01   0.428770552E-03
   0.797148570E-01   0.613448210E-01  -0.271017011E-01   0.631776813E-03
   0.188406020E+00   0.145354450E+00  -0.476636663E-01   0.827495474E-03
   0.420609385E+00   0.325079024E+00  -0.704307854E-01   0.812277431E-03
   0.778029084E+00   0.601950169E+00  -0.648455769E-01   0.373249059E-03
   0.988719046E+00   0.765220165E+00  -0.220654087E-06   0.000000000E+00
