   0.804246665E-04   0.412318017E-02   0.000000000E+00   0.000000000E+00
   0.794860098E-04   0.394470571E-02   0.559817767E-03   0.295653899E-05
   0.768051323E-04   0.347090187E-02   0.978896162E-03   0.103456305E-04
   0.728706873E-04   0.284682564E-02   0.119577069E-02   0.189162729E-04
   0.680552548E-04   0.221621105E-02   0.123350823E-02   0.259521530E-04
   0.625623652E-04   0.166407798E-02   0.115259015E-02   0.301639702E-04
   0.565059381E-04   0.122008787E-02   0.101108896E-02   0.316099322E-04
   0.497731053E-04   0.879518921E-03   0.846385723E-03   0.307919254E-04
   0.425303442E-04   0.625830842E-03   0.682281505E-03   0.282312376E-04
   0.349832808E-04   0.438274117E-03   0.529436220E-03   0.245434821E-04
   0.276182418E-04   0.301291875E-03   0.395791285E-03   0.202681222E-04
   0.207647554E-04   0.201456292E-03   0.282985013E-03   0.158458861E-04
   0.148674517E-04   0.130254877E-03   0.193313463E-03   0.117480049E-04
   0.100139368E-04   0.802937357E-04   0.124452985E-03   0.815691146E-05
   0.622619928E-05   0.460211413E-04   0.736793590E-04   0.515658257E-05
   0.358138391E-05   0.243421218E-04   0.400511890E-04   0.298648615E-05
   0.185060219E-05   0.114183576E-04   0.191663075E-04   0.151589404E-05
   0.809105188E-06   0.442117653E-05   0.734589094E-05   0.606364836E-06
   0.299489557E-06   0.136964434E-05   0.210093822E-05   0.179214794E-06
   0.802861564E-07   0.355101548E-06   0.240666793E-06   0.202150989E-07
   0.180182322E-07   0.290753604E-06   0.450715518E-07   0.491510033E-08
   0.242036986E-07   0.548062815E-06   0.459235252E-06   0.488409029E-07
   0.408864160E-07   0.663344224E-06   0.752924279E-06   0.814429200E-07
   0.490645746E-07   0.674461035E-06   0.855655117E-06   0.949328296E-07
   0.448855850E-07   0.560042338E-06   0.757188161E-06   0.872194832E-07
   0.358406602E-07   0.416951707E-06   0.584138945E-06   0.684109480E-07
   0.223364847E-07   0.255337625E-06   0.364870829E-06   0.456396592E-07
   0.128706974E-07   0.144019026E-06   0.205363946E-06   0.264827538E-07
   0.561511948E-08   0.626220782E-07   0.911320868E-07   0.122086696E-07
   0.276742051E-08   0.324916911E-07   0.469962309E-07   0.726814298E-08
   0.485946505E-09   0.697640878E-08   0.900721631E-08   0.187402338E-08
   0.403450919E-10   0.666730504E-09   0.362240626E-09   0.289138019E-09
   0.979009790E-10   0.470811723E-09   0.408781953E-09   0.109031291E-09
   0.859422089E-09   0.603079364E-08   0.730637595E-08   0.121146138E-08
   0.600072159E-09   0.448521575E-08   0.713121384E-08   0.789326660E-09
   0.494347174E-09   0.295654967E-08   0.361706465E-08   0.482034967E-09
   0.432320901E-09   0.252993759E-08   0.401797884E-08   0.300670738E-09
   0.621910079E-09   0.372369713E-08   0.477627760E-08   0.601366790E-09
   0.521354626E-09   0.303602876E-08   0.417308188E-08   0.447439863E-09
   0.108457232E-08   0.414167234E-08  -0.106989428E-08   0.111643883E-08
   0.100660619E-09   0.441648662E-09   0.709434511E-09   0.268658949E-10
   0.169962155E-09   0.896573815E-09   0.794714794E-09   0.176076112E-09
   0.412584661E-09   0.151453439E-08  -0.603365025E-09   0.434067976E-09
   0.777924322E-10   0.119992544E-09  -0.553528945E-09   0.779021014E-10
   0.245577204E-10   0.626369304E-10  -0.198937949E-09   0.408781377E-10
   0.139809359E-09   0.286086321E-09  -0.109125786E-08   0.203219733E-09
   0.120613233E-10   0.579867473E-10   0.107816242E-09   0.297302981E-11
   0.251638987E-10   0.256013155E-09   0.381325610E-09   0.647907214E-10
   0.478982687E-09   0.103218767E-08  -0.308563664E-08   0.515180953E-09
   0.509227494E-09   0.121844279E-08  -0.249693111E-08   0.465831984E-09
   0.592691229E-09   0.915755416E-09  -0.353604879E-08   0.400417838E-09
   0.957938839E-09   0.142272949E-08  -0.614944806E-08   0.712701009E-09
   0.183730875E-08   0.310351789E-08  -0.120665140E-07   0.158179714E-08
   0.198803307E-08   0.289912450E-08  -0.136966660E-07   0.173965486E-08
   0.273012879E-08   0.441034054E-08  -0.185612414E-07   0.240699527E-08
   0.211915063E-08   0.351219609E-08  -0.136331755E-07   0.171108783E-08
   0.334423222E-08   0.550650725E-08  -0.229645849E-07   0.305551606E-08
   0.128002053E-08   0.191501770E-08  -0.864312177E-08   0.105997344E-08
   0.185757310E-08   0.319759930E-08  -0.132351676E-07   0.188137128E-08
   0.819000701E-09   0.134564548E-08  -0.538279599E-08   0.884454676E-09
   0.448599913E-08   0.675677381E-08  -0.293200966E-07   0.404829770E-08
   0.207571649E-07   0.298197094E-07  -0.133049426E-06   0.179268582E-07
   0.447949553E-07   0.625531555E-07  -0.280288077E-06   0.353105101E-07
   0.103666110E-06   0.141370705E-06  -0.632568003E-06   0.762740555E-07
   0.167792507E-06   0.221382692E-06  -0.990952913E-06   0.117222442E-06
   0.258966566E-06   0.332589366E-06  -0.147540482E-05   0.171037570E-06
   0.377936715E-06   0.471292282E-06  -0.205203514E-05   0.226812062E-06
   0.400813434E-06   0.484011991E-06  -0.202396041E-05   0.218216570E-06
   0.388963144E-06   0.448648052E-06  -0.173058766E-05   0.178632888E-06
   0.301154614E-06   0.320802940E-06  -0.978424396E-06   0.996947094E-07
   0.184419193E-06   0.155726752E-06  -0.181443269E-06   0.288110300E-07
   0.339452470E-06   0.268687472E-06  -0.852701930E-06   0.108789997E-06
   0.119687365E-05   0.107345443E-05  -0.507403729E-05   0.510100847E-06
   0.361721618E-05   0.334273432E-05  -0.167443504E-04   0.151578297E-05
   0.881145297E-05   0.811122027E-05  -0.405328356E-04   0.339126063E-05
   0.180934276E-04   0.163982349E-04  -0.802619470E-04   0.624574932E-05
   0.330670882E-04   0.293636149E-04  -0.139468888E-03   0.100969564E-04
   0.560603257E-04   0.488160476E-04  -0.223075520E-03   0.149798616E-04
   0.888890281E-04   0.761937627E-04  -0.330432842E-03   0.204075277E-04
   0.133911788E-03   0.113429531E-03  -0.460085808E-03   0.260402994E-04
   0.194603243E-03   0.163755089E-03  -0.611426251E-03   0.314268291E-04
   0.274574879E-03   0.230744379E-03  -0.777419191E-03   0.360468839E-04
   0.380285084E-03   0.320615800E-03  -0.955351396E-03   0.396805626E-04
   0.519397669E-03   0.440665346E-03  -0.113664730E-02   0.416512194E-04
   0.701632875E-03   0.599702529E-03  -0.130757887E-02   0.415300892E-04
   0.936097582E-03   0.805390184E-03  -0.144704455E-02   0.387807268E-04
   0.122580607E-02   0.105981866E-02  -0.151136762E-02   0.328021779E-04
   0.155468157E-02   0.134818896E-02  -0.143909233E-02   0.236954020E-04
   0.187811267E-02   0.163122476E-02  -0.116284762E-02   0.128668371E-04
   0.212297402E-02   0.184540695E-02  -0.659534708E-03   0.367469215E-05
   0.221617916E-02   0.192697602E-02  -0.152740764E-08   0.000000000E+00
