   0.812908541E-02   0.109349243E+00  -0.375815837E-10   0.000000000E+00
   0.695220334E-02   0.934447646E-01   0.990300905E-02   0.527628727E-04
   0.455559418E-02   0.611038990E-01   0.126707274E-01   0.134104921E-03
   0.253269472E-02   0.339094773E-01   0.101472009E-01   0.159536896E-03
   0.132061029E-02   0.176886860E-01   0.666114362E-02   0.138187053E-03
   0.698421907E-03   0.938788708E-02   0.409266911E-02   0.105185922E-03
   0.394134142E-03   0.532398000E-02   0.254826481E-02   0.785967932E-04
   0.242956361E-03   0.328585343E-02   0.168110698E-02   0.609359886E-04
   0.162732438E-03   0.218604086E-02   0.118724490E-02   0.498357513E-04
   0.115713330E-03   0.153019326E-02   0.883840665E-03   0.423435558E-04
   0.850236102E-04   0.109862525E-02   0.676323252E-03   0.366586391E-04
   0.631756848E-04   0.793927000E-03   0.520527072E-03   0.312156517E-04
   0.468087128E-04   0.570614589E-03   0.397251162E-03   0.261160039E-04
   0.341853774E-04   0.404119521E-03   0.297181337E-03   0.211363185E-04
   0.244607272E-04   0.280542183E-03   0.216680157E-03   0.165542879E-04
   0.170224703E-04   0.189742466E-03   0.152908658E-03   0.124800763E-04
   0.115052453E-04   0.125019869E-03   0.104472034E-03   0.900946452E-05
   0.746629166E-05   0.791713028E-04   0.681495658E-04   0.622182461E-05
   0.460190404E-05   0.478962575E-04   0.420880278E-04   0.403668173E-05
   0.265401150E-05   0.273204059E-04   0.242291917E-04   0.242435408E-05
   0.143192517E-05   0.146135671E-04   0.129685977E-04   0.135524658E-05
   0.716614068E-06   0.729025760E-05   0.639841801E-05   0.696329892E-06
   0.303858741E-06   0.315806892E-05   0.262857543E-05   0.296392301E-06
   0.113368714E-06   0.121698952E-05   0.919763238E-06   0.106741787E-06
   0.340865220E-07   0.417319683E-06   0.243208518E-06   0.298720551E-07
   0.118482317E-07   0.169006356E-06   0.780403653E-07   0.944179934E-08
   0.151103432E-07   0.173133046E-06   0.136529295E-06   0.177556476E-07
   0.225730918E-07   0.224657526E-06   0.220718150E-06   0.291171940E-07
   0.267705431E-07   0.252668798E-06   0.262698620E-06   0.345123290E-07
   0.256747814E-07   0.235026320E-06   0.254454449E-06   0.354193013E-07
   0.201530348E-07   0.181979829E-06   0.198161771E-06   0.275759255E-07
   0.176780812E-07   0.159386360E-06   0.173042338E-06   0.245536445E-07
   0.106374092E-07   0.959675361E-07   0.103537673E-06   0.150459609E-07
   0.708221348E-08   0.643222506E-07   0.693886051E-07   0.104557296E-07
   0.358139629E-08   0.316065716E-07   0.348741480E-07   0.517462606E-08
   0.175502812E-08   0.156170383E-07   0.171947985E-07   0.263187605E-08
   0.706257108E-09   0.604058670E-08   0.681776990E-08   0.104252074E-08
   0.115257186E-09   0.810964296E-09   0.949125889E-09   0.965312899E-10
   0.234164937E-09   0.321906640E-09  -0.286554641E-09  -0.554490785E-11
   0.197435568E-09   0.179401230E-09  -0.617119245E-09   0.922506099E-10
   0.334857253E-09   0.808869971E-09  -0.321199234E-09   0.366893266E-09
   0.690077939E-09   0.211597917E-08   0.263390310E-09   0.822186819E-09
   0.111842313E-08   0.254873300E-08  -0.121361576E-08   0.115695464E-08
   0.783649812E-09   0.268593392E-08   0.684779108E-10   0.113933551E-08
   0.104481646E-08   0.227326047E-08  -0.225904184E-08   0.121980692E-08
   0.586096227E-09   0.257189736E-08   0.153482227E-09   0.113581577E-08
   0.125246313E-08   0.281475487E-08  -0.194140437E-08   0.137963496E-08
   0.130436795E-08   0.326266925E-08  -0.779935838E-09   0.138543477E-08
   0.184921911E-08   0.225316321E-08  -0.630266062E-08   0.137684131E-08
   0.967304348E-09   0.151525070E-08  -0.216789386E-08   0.793921984E-09
   0.379946130E-09   0.573488534E-09  -0.996973837E-09   0.321117855E-09
   0.135253836E-09   0.306909359E-09   0.129128194E-09   0.797790653E-10
   0.278936790E-09   0.347340628E-09  -0.979722192E-09   0.171624742E-09
   0.154697510E-08   0.160631053E-08  -0.527328758E-08   0.750834173E-09
   0.369253983E-08   0.355584273E-08  -0.122000969E-07   0.167645409E-08
   0.108146576E-07   0.108958700E-07  -0.366419215E-07   0.542038636E-08
   0.247067220E-07   0.247235974E-07  -0.829142266E-07   0.121050734E-07
   0.502810842E-07   0.497146431E-07  -0.166808704E-06   0.242797302E-07
   0.759430421E-07   0.727937035E-07  -0.245958745E-06   0.357747858E-07
   0.117444934E-06   0.112994144E-06  -0.377527556E-06   0.531621360E-07
   0.153101169E-06   0.144511603E-06  -0.481295899E-06   0.665280311E-07
   0.167520497E-06   0.154948353E-06  -0.510913026E-06   0.722066389E-07
   0.196672644E-06   0.180640328E-06  -0.581519998E-06   0.783113236E-07
   0.168748372E-06   0.153233870E-06  -0.464078511E-06   0.627632488E-07
   0.121677900E-06   0.107738678E-06  -0.268856013E-06   0.385403318E-07
   0.127562345E-06   0.106809189E-06  -0.186989936E-06   0.274924528E-07
   0.320376131E-06   0.255484281E-06  -0.540200801E-06   0.664503972E-07
   0.949272135E-06   0.745818511E-06  -0.189591503E-05   0.212990273E-06
   0.253796725E-05   0.197144686E-05  -0.542189946E-05   0.582794939E-06
   0.568071346E-05   0.436409528E-05  -0.122330912E-04   0.125910458E-05
   0.114638242E-04   0.868675488E-05  -0.243173472E-04   0.240246300E-05
   0.212108989E-04   0.158672738E-04  -0.437266172E-04   0.412551071E-05
   0.372030736E-04   0.274844151E-04  -0.739966999E-04   0.665626385E-05
   0.606082431E-04   0.442159944E-04  -0.114871109E-03   0.982591609E-05
   0.949653477E-04   0.685238774E-04  -0.170476342E-03   0.137946681E-04
   0.143208556E-03   0.102358739E-03  -0.241733651E-03   0.184794699E-04
   0.209185542E-03   0.148431602E-03  -0.329821778E-03   0.237754739E-04
   0.297344319E-03   0.209995560E-03  -0.435096706E-03   0.294260426E-04
   0.414750510E-03   0.292296259E-03  -0.560591929E-03   0.355144512E-04
   0.569829892E-03   0.401681114E-03  -0.708391366E-03   0.420403048E-04
   0.778547896E-03   0.550123164E-03  -0.888710667E-03   0.493410662E-04
   0.107039092E-02   0.759308983E-03  -0.112287654E-02   0.578726831E-04
   0.151104154E-02   0.107611483E-02  -0.146331021E-02   0.699777083E-04
   0.224672514E-02   0.160434225E-02  -0.201639347E-02   0.872136879E-04
   0.360535528E-02   0.257539190E-02  -0.298227952E-02   0.112640329E-03
   0.630364940E-02   0.449590804E-02  -0.468336139E-02   0.147852334E-03
   0.117719891E-01   0.837975927E-02  -0.745912921E-02   0.185966579E-03
   0.223506615E-01   0.158924274E-01  -0.111339726E-01   0.204374592E-03
   0.399356298E-01   0.283942744E-01  -0.136782182E-01   0.164662400E-03
   0.606335923E-01   0.431262888E-01  -0.105632031E-01   0.628601847E-04
   0.707772523E-01   0.503497534E-01  -0.319976650E-07   0.000000000E+00
