   0.118854376E-03   0.513328239E-02   0.124962862E-08   0.000000000E+00
   0.116357274E-03   0.490570534E-02   0.662542472E-03   0.353675932E-05
   0.109626570E-03   0.430578971E-02   0.115377316E-02   0.122824631E-04
   0.100403289E-03   0.352207362E-02   0.140110310E-02   0.224090491E-04
   0.903794207E-04   0.273336028E-02   0.143603724E-02   0.305380781E-04
   0.805297605E-04   0.204992457E-02   0.133616640E-02   0.355603588E-04
   0.710686072E-04   0.150210073E-02   0.116954942E-02   0.371780188E-04
   0.617186161E-04   0.108555448E-02   0.980527722E-03   0.362861319E-04
   0.524266325E-04   0.775570981E-03   0.793996558E-03   0.334938231E-04
   0.433574569E-04   0.547887292E-03   0.623529020E-03   0.295305945E-04
   0.345135413E-04   0.380759710E-03   0.472172251E-03   0.247847183E-04
   0.263561433E-04   0.258738553E-03   0.344055763E-03   0.197099416E-04
   0.192291263E-04   0.170772095E-03   0.240234323E-03   0.149769539E-04
   0.133666108E-04   0.108632623E-03   0.160096693E-03   0.107528567E-04
   0.864495451E-05   0.649839785E-04   0.991148845E-04   0.714401313E-05
   0.525142195E-05   0.365376618E-04   0.573711404E-04   0.439935684E-05
   0.288388355E-05   0.184720229E-04   0.295687223E-04   0.239866927E-05
   0.141110581E-05   0.819197248E-05   0.131847410E-04   0.112604630E-05
   0.613086456E-06   0.311443137E-05   0.492594108E-05   0.441545211E-06
   0.193461659E-06   0.847116723E-06   0.102097181E-05   0.967103020E-07
   0.498295130E-07   0.291272130E-06   0.546909362E-07   0.660969190E-08
   0.169834387E-07   0.373447392E-06   0.148731928E-06   0.186746600E-07
   0.297276443E-07   0.565825530E-06   0.516215209E-06   0.565081919E-07
   0.459267575E-07   0.695604626E-06   0.794158268E-06   0.897565400E-07
   0.543396652E-07   0.706862068E-06   0.887977308E-06   0.101960708E-06
   0.491719021E-07   0.593010213E-06   0.785577924E-06   0.951001553E-07
   0.363412873E-07   0.416396972E-06   0.569383189E-06   0.712705983E-07
   0.241769520E-07   0.268688552E-06   0.370180913E-06   0.477387125E-07
   0.130932278E-07   0.144581932E-06   0.201087531E-06   0.271387002E-07
   0.437306724E-08   0.492513550E-07   0.688115449E-07   0.100041229E-07
   0.166742953E-08   0.186651370E-07   0.252413912E-07   0.373871289E-08
   0.391518679E-09   0.476949502E-08   0.587861848E-08   0.989945570E-09
   0.119089516E-09   0.107771481E-08  -0.127447275E-09   0.573584458E-09
   0.742420084E-10   0.283523649E-09   0.555113955E-09   0.202413364E-10
   0.125901989E-08   0.854768611E-08   0.896073971E-08   0.180567439E-08
   0.782872600E-09   0.580430282E-08   0.797432165E-08   0.111216336E-08
   0.685810020E-09   0.358003427E-08   0.531863753E-08   0.359683255E-09
   0.628001817E-09   0.233089326E-08   0.192023930E-08   0.189775196E-09
   0.799550370E-09   0.554057022E-08   0.797426924E-08   0.956631885E-09
   0.360371150E-09   0.237896924E-08   0.409046574E-08   0.442241133E-09
   0.223196323E-09   0.125704658E-08   0.220753238E-08   0.194037980E-09
   0.307984471E-09   0.191503635E-08   0.331789063E-08   0.262881383E-09
   0.173859344E-09   0.120183286E-08   0.152705637E-08   0.238247477E-09
   0.195392494E-09   0.336108391E-09  -0.117923071E-08   0.197856717E-09
   0.230107836E-09   0.919110843E-09  -0.606294126E-09   0.330683869E-09
   0.306890208E-09   0.640932918E-09  -0.214318874E-08   0.375612264E-09
   0.119779436E-09   0.265774985E-09  -0.272498607E-09   0.111951087E-09
   0.207673975E-09   0.717178983E-09  -0.486932994E-09   0.224259264E-09
   0.772574726E-09   0.137099199E-08  -0.458803928E-08   0.642945974E-09
   0.100193187E-08   0.145172407E-08  -0.653483090E-08   0.856566928E-09
   0.428657748E-09   0.487631047E-09  -0.206741624E-08   0.126318331E-09
   0.159927827E-08   0.253298160E-08  -0.102474367E-07   0.136401168E-08
   0.133124500E-08   0.185909921E-08  -0.833677927E-08   0.100639830E-08
   0.237525155E-08   0.339916695E-08  -0.151392197E-07   0.190864835E-08
   0.504308773E-08   0.738387929E-08  -0.329446941E-07   0.441768666E-08
   0.209381534E-08   0.336709394E-08  -0.123102710E-07   0.151370838E-08
   0.786203824E-09   0.100192821E-08  -0.459217420E-08   0.467106964E-09
   0.198485339E-08   0.338197648E-08  -0.132682274E-07   0.193729899E-08
   0.151160875E-09   0.111682996E-08  -0.438827308E-09   0.632790598E-09
   0.338116846E-08   0.524871657E-08  -0.210202789E-07   0.335976558E-08
   0.157506239E-07   0.228088854E-07  -0.961455200E-07   0.131818334E-07
   0.472179842E-07   0.656749393E-07  -0.281439981E-06   0.377965144E-07
   0.836186587E-07   0.112738313E-06  -0.483481529E-06   0.609307946E-07
   0.170128175E-06   0.224466532E-06  -0.960992452E-06   0.119505785E-06
   0.248281196E-06   0.319634836E-06  -0.135361040E-05   0.162223273E-06
   0.370559746E-06   0.461948133E-06  -0.193441770E-05   0.225483944E-06
   0.420089918E-06   0.507714219E-06  -0.205915057E-05   0.232461701E-06
   0.447186579E-06   0.522313087E-06  -0.198864018E-05   0.217103889E-06
   0.350317919E-06   0.384527539E-06  -0.124154519E-05   0.130902976E-06
   0.218251131E-06   0.204934636E-06  -0.351110401E-06   0.435219398E-07
   0.236990857E-06   0.178202257E-06  -0.225806559E-06   0.438353425E-07
   0.787091835E-06   0.676214313E-06  -0.280032054E-05   0.312010428E-06
   0.253227222E-05   0.231725744E-05  -0.108791492E-04   0.106232949E-05
   0.648793684E-05   0.597816370E-05  -0.284491034E-04   0.256906037E-05
   0.138516398E-04   0.126227433E-04  -0.591917487E-04   0.497768997E-05
   0.264948940E-04   0.237464792E-04  -0.108840046E-03   0.854267091E-05
   0.460598749E-04   0.405432911E-04  -0.179800016E-03   0.131409679E-04
   0.747941667E-04   0.647827401E-04  -0.275082013E-03   0.186204306E-04
   0.114555049E-03   0.979557080E-04  -0.392778718E-03   0.244970306E-04
   0.168865736E-03   0.143192563E-03  -0.535031373E-03   0.305970352E-04
   0.241258982E-03   0.203910793E-03  -0.698106771E-03   0.362940373E-04
   0.336517085E-03   0.284857349E-03  -0.876950740E-03   0.411653418E-04
   0.462631957E-03   0.393742899E-03  -0.107015192E-02   0.448588871E-04
   0.629718823E-03   0.540105335E-03  -0.126947707E-02   0.469800034E-04
   0.849761243E-03   0.734710426E-03  -0.146270427E-02   0.469001388E-04
   0.113540015E-02   0.988501008E-03  -0.162431574E-02   0.439085197E-04
   0.149120705E-02   0.130497280E-02  -0.170748995E-02   0.375347336E-04
   0.189743750E-02   0.166544411E-02  -0.163655065E-02   0.271698682E-04
   0.229997165E-02   0.202248851E-02  -0.133106729E-02   0.148503350E-04
   0.260812091E-02   0.229539978E-02  -0.758763752E-03   0.425253893E-05
   0.272483984E-02   0.239886274E-02  -0.173737114E-08   0.000000000E+00
