   0.264240109E-03   0.774815353E-02   0.000000000E+00   0.000000000E+00
   0.250083802E-03   0.727889547E-02   0.893225370E-03   0.466683059E-05
   0.214681058E-03   0.610138522E-02   0.146861759E-02   0.153492583E-04
   0.172024404E-03   0.468027405E-02   0.164442253E-02   0.257728170E-04
   0.133458714E-03   0.339030172E-02   0.154351827E-02   0.322114865E-04
   0.103358958E-03   0.238730456E-02   0.132473616E-02   0.347526584E-04
   0.811662467E-04   0.166309776E-02   0.108641526E-02   0.344029941E-04
   0.646453263E-04   0.115748181E-02   0.869231764E-03   0.322455926E-04
   0.517678673E-04   0.806209748E-03   0.683100079E-03   0.290314547E-04
   0.410519933E-04   0.560420856E-03   0.525650044E-03   0.251599376E-04
   0.319871579E-04   0.386899716E-03   0.395449548E-03   0.211101069E-04
   0.241994840E-04   0.263151247E-03   0.288608542E-03   0.169644281E-04
   0.177057318E-04   0.175421766E-03   0.203856791E-03   0.130377503E-04
   0.123562068E-04   0.113068250E-03   0.137386392E-03   0.949505284E-05
   0.818381613E-05   0.698127915E-04   0.877549610E-04   0.650381162E-05
   0.514124076E-05   0.411220572E-04   0.530527759E-04   0.420212473E-05
   0.298741952E-05   0.224786545E-04   0.294206620E-04   0.248437095E-05
   0.156896851E-05   0.111139752E-04   0.144632122E-04   0.128621446E-05
   0.716429327E-06   0.477009053E-05   0.593598679E-05   0.562788614E-06
   0.279301645E-06   0.175107255E-05   0.189267564E-05   0.192837064E-06
   0.827886950E-07   0.553839186E-06   0.318502430E-06   0.384279666E-07
   0.218184866E-07   0.264885642E-06   0.209569517E-07   0.523902566E-08
   0.128484530E-07   0.322132308E-06   0.163157026E-06   0.188771736E-07
   0.234000463E-07   0.413129186E-06   0.374736999E-06   0.430667022E-07
   0.301086516E-07   0.428355662E-06   0.463140879E-06   0.542080940E-07
   0.349915652E-07   0.438619139E-06   0.517123624E-06   0.618918961E-07
   0.284926216E-07   0.332879438E-06   0.406535236E-06   0.498493442E-07
   0.192621403E-07   0.218262301E-06   0.272876036E-06   0.353711584E-07
   0.119382131E-07   0.130195374E-06   0.164879992E-06   0.214326334E-07
   0.697123648E-08   0.753418874E-07   0.952600558E-07   0.129228521E-07
   0.290641999E-08   0.324996634E-07   0.405882226E-07   0.598480687E-08
   0.123949750E-08   0.137895135E-07   0.155077142E-07   0.260827737E-08
   0.146490750E-09   0.231498420E-08   0.228598540E-08   0.688999802E-09
   0.740004308E-10   0.400069783E-09  -0.405202760E-09   0.243525811E-09
   0.237810105E-09   0.103300712E-08   0.285835411E-09   0.235556852E-09
   0.206530709E-09   0.140747891E-08   0.217961649E-08   0.210526790E-09
   0.409293599E-09   0.258178279E-08   0.330052075E-08   0.361651792E-09
   0.461009814E-09   0.289943269E-08   0.356951846E-08   0.418097806E-09
   0.747923334E-09   0.419114565E-08   0.464763383E-08   0.575380188E-09
   0.326093152E-09   0.251081311E-08   0.311280046E-08   0.458722976E-09
   0.389875132E-09   0.256501775E-08   0.348320572E-08   0.371621039E-09
   0.120244009E-09   0.589452931E-09   0.427644337E-09   0.999417493E-10
   0.241235448E-09   0.931982824E-09   0.383421850E-09   0.147314119E-09
   0.160807520E-09   0.125965227E-08   0.172037729E-08   0.223462707E-09
   0.184163129E-09   0.399837718E-09  -0.108661335E-08   0.231852662E-09
   0.242125597E-09   0.347350287E-09  -0.128272670E-08   0.227663291E-09
   0.250314269E-09   0.317286086E-09  -0.129516309E-08   0.201037895E-09
   0.133745140E-09   0.205923764E-09  -0.786989585E-09   0.127565333E-09
   0.626971586E-09   0.815721157E-09  -0.341065753E-08   0.466913785E-09
   0.364291736E-09   0.433347469E-09  -0.188832905E-08   0.233055297E-09
   0.190982652E-08   0.267152056E-08  -0.101340847E-07   0.138890077E-08
   0.157637237E-08   0.217637641E-08  -0.836003355E-08   0.113335241E-08
   0.269189426E-08   0.359805541E-08  -0.144914782E-07   0.197826622E-08
   0.400018285E-08   0.553610668E-08  -0.218680647E-07   0.310155990E-08
   0.189179028E-08   0.247198506E-08  -0.991555638E-08   0.129129862E-08
   0.174647941E-08   0.205741979E-08  -0.895002117E-08   0.109975407E-08
   0.102454302E-09   0.326180638E-09  -0.131331362E-09   0.713524309E-10
   0.914554821E-10   0.197006356E-09  -0.429838748E-09   0.982604831E-10
   0.151754109E-08   0.210802198E-08  -0.795646571E-08   0.120909993E-08
   0.629847374E-08   0.788832288E-08  -0.316235038E-07   0.462147565E-08
   0.258599453E-07   0.311833084E-07  -0.127634408E-06   0.173877872E-07
   0.547107604E-07   0.640425242E-07  -0.263485077E-06   0.349536755E-07
   0.907870970E-07   0.103873042E-06  -0.425204092E-06   0.545487246E-07
   0.161334412E-06   0.179319301E-06  -0.731832358E-06   0.910547584E-07
   0.219143985E-06   0.236789575E-06  -0.951545758E-06   0.114583635E-06
   0.276652827E-06   0.292705522E-06  -0.113807414E-05   0.130733298E-06
   0.294995232E-06   0.299849177E-06  -0.110362873E-05   0.124396507E-06
   0.292727321E-06   0.284827479E-06  -0.918129558E-06   0.994684939E-07
   0.195705894E-06   0.169250086E-06  -0.340750717E-06   0.399305407E-07
   0.195319046E-06   0.141421935E-06  -0.601100325E-07   0.160897180E-07
   0.487275827E-06   0.366931800E-06  -0.985518000E-06   0.120292782E-06
   0.153116821E-05   0.122970255E-05  -0.467617338E-05   0.484943541E-06
   0.411901283E-05   0.335824711E-05  -0.138165788E-04   0.131717718E-05
   0.899513634E-05   0.727117822E-05  -0.300637439E-04   0.267658993E-05
   0.179412746E-04   0.143286397E-04  -0.586526112E-04   0.488469368E-05
   0.321829684E-04   0.252695299E-04  -0.100827041E-03   0.787178942E-05
   0.538929853E-04   0.416587791E-04  -0.160125754E-03   0.116631763E-04
   0.851800287E-04   0.649535141E-04  -0.237628585E-03   0.160856271E-04
   0.128950531E-03   0.973672577E-04  -0.334439625E-03   0.209231148E-04
   0.189400060E-03   0.142165547E-03  -0.452463661E-03   0.260507768E-04
   0.271251716E-03   0.203299627E-03  -0.589654606E-03   0.309580610E-04
   0.383078761E-03   0.287683331E-03  -0.748518447E-03   0.357334211E-04
   0.537607644E-03   0.405588711E-03  -0.931853545E-03   0.400108511E-04
   0.754601089E-03   0.572416931E-03  -0.114354852E-02   0.435494258E-04
   0.106347108E-02   0.810620317E-03  -0.138492684E-02   0.460179217E-04
   0.150332775E-02   0.114947185E-02  -0.164604222E-02   0.462402277E-04
   0.210952805E-02   0.161517703E-02  -0.187745248E-02   0.426609295E-04
   0.288388110E-02   0.220860424E-02  -0.196442404E-02   0.337927631E-04
   0.373638701E-02   0.286095566E-02  -0.173134345E-02   0.199098013E-04
   0.443996768E-02   0.339894672E-02  -0.104383426E-02   0.600255908E-05
   0.471483776E-02   0.360895926E-02  -0.248834930E-08   0.000000000E+00
