   0.594185814E-01   0.607864559E+00  -0.669993783E-10   0.000000000E+00
   0.489635654E-01   0.500167012E+00   0.452592634E-01   0.258455577E-03
   0.293501243E-01   0.298573822E+00   0.534806103E-01   0.607954571E-03
   0.147090936E-01   0.148737311E+00   0.391795374E-01   0.663996441E-03
   0.693086535E-02   0.696452335E-01   0.236382075E-01   0.528720731E-03
   0.331401103E-02   0.332277007E-01   0.133188898E-01   0.369820948E-03
   0.169638905E-02   0.171152502E-01   0.755028799E-02   0.249841367E-03
   0.959534547E-03   0.985218957E-02   0.452447915E-02   0.175149311E-03
   0.604583125E-03   0.636334531E-02   0.295030116E-02   0.131425433E-03
   0.417476112E-03   0.450323755E-02   0.210117339E-02   0.106854954E-03
   0.306165864E-03   0.336549780E-02   0.159823545E-02   0.912279284E-04
   0.231785860E-03   0.257806387E-02   0.126205862E-02   0.797070024E-04
   0.177507696E-03   0.198486750E-02   0.101029465E-02   0.697197902E-04
   0.135248425E-03   0.151368603E-02   0.802993600E-03   0.600601015E-04
   0.102199650E-03   0.114042219E-02   0.631192641E-03   0.507241457E-04
   0.760329276E-04   0.844270515E-03   0.486529549E-03   0.416528856E-04
   0.556471641E-04   0.613796525E-03   0.367438508E-03   0.333505886E-04
   0.397571639E-04   0.435731752E-03   0.269584591E-03   0.257917090E-04
   0.277827658E-04   0.302216387E-03   0.192504114E-03   0.193994783E-04
   0.188984086E-04   0.204468772E-03   0.133375666E-03   0.140215170E-04
   0.123566888E-04   0.133235430E-03   0.881944143E-04   0.970401470E-05
   0.777080004E-05   0.840027133E-04   0.559355030E-04   0.637411767E-05
   0.468689359E-05   0.508290796E-04   0.337435922E-04   0.399316696E-05
   0.270206533E-05   0.296188773E-04   0.193763426E-04   0.237629047E-05
   0.143338968E-05   0.160522177E-04   0.100629395E-04   0.126888085E-05
   0.719135073E-06   0.831893703E-05   0.487178386E-05   0.631408682E-06
   0.325993312E-06   0.399605233E-05   0.205167271E-05   0.267198629E-06
   0.128501071E-06   0.170649184E-05   0.648126559E-06   0.805052736E-07
   0.593540292E-07   0.798978249E-06   0.233597135E-06   0.240562663E-07
   0.391974453E-07   0.437683866E-06   0.151738462E-06   0.126897115E-07
   0.422247162E-07   0.366411456E-06   0.229825247E-06   0.237880293E-07
   0.486637077E-07   0.369308140E-06   0.312199916E-06   0.358566972E-07
   0.522311723E-07   0.381350077E-06   0.359369523E-06   0.438697754E-07
   0.528446691E-07   0.374189426E-06   0.366652330E-06   0.444846897E-07
   0.418479651E-07   0.292879207E-06   0.302828511E-06   0.383764558E-07
   0.356597454E-07   0.245973666E-06   0.251373109E-06   0.308741583E-07
   0.275054912E-07   0.182251270E-06   0.183589208E-06   0.213010622E-07
   0.212590461E-07   0.127544794E-06   0.117329044E-06   0.127954811E-07
   0.139076954E-07   0.784832039E-07   0.778670213E-07   0.678108192E-08
   0.847288284E-08   0.391219857E-07   0.360651882E-07   0.194618321E-08
   0.676084833E-08   0.341173312E-07   0.294387075E-07   0.266922462E-08
   0.358824193E-08   0.131096964E-07   0.980241488E-08   0.266371758E-09
   0.506790299E-08   0.642283826E-08  -0.822332602E-08   0.322677912E-09
   0.195041161E-08   0.191331195E-08  -0.334826167E-08   0.407112816E-10
   0.876244965E-09   0.709103110E-09  -0.190371185E-08   0.136356912E-09
   0.841287151E-09   0.890018559E-09  -0.215561635E-08   0.450870979E-09
   0.191257246E-09   0.462319544E-09   0.468845462E-09  -0.632524449E-10
   0.870041761E-09   0.175654058E-08   0.847986514E-09  -0.161044927E-09
   0.517217291E-08   0.853028492E-08  -0.775325404E-08   0.718415105E-09
   0.824471247E-08   0.824172197E-08  -0.188598133E-07   0.136137834E-08
   0.177773778E-07   0.192226643E-07  -0.435646861E-07   0.425785007E-08
   0.304657135E-07   0.304212655E-07  -0.770502879E-07   0.781741605E-08
   0.580484034E-07   0.578452273E-07  -0.157883377E-06   0.204717452E-07
   0.102949834E-06   0.992242022E-07  -0.279846404E-06   0.384309224E-07
   0.135791822E-06   0.135830462E-06  -0.372129051E-06   0.515899146E-07
   0.166152063E-06   0.162875153E-06  -0.448828956E-06   0.634064179E-07
   0.223129746E-06   0.218370673E-06  -0.596703387E-06   0.867178827E-07
   0.246373276E-06   0.241873067E-06  -0.641084341E-06   0.913213540E-07
   0.254461668E-06   0.250007730E-06  -0.631614967E-06   0.937970412E-07
   0.244361956E-06   0.237948271E-06  -0.538247264E-06   0.811304730E-07
   0.229876832E-06   0.220493177E-06  -0.376756390E-06   0.556749562E-07
   0.266179313E-06   0.246643765E-06  -0.246134590E-06   0.378753349E-07
   0.459391799E-06   0.413130607E-06  -0.341295220E-06   0.514274809E-07
   0.104490300E-05   0.924085384E-06  -0.109346809E-05   0.145058763E-06
   0.244966213E-05   0.213786461E-05  -0.327357338E-05   0.408520009E-06
   0.524928691E-05   0.455862346E-05  -0.787435238E-05   0.949827097E-06
   0.104035980E-04   0.895721587E-05  -0.164133762E-04   0.191402728E-05
   0.191061899E-04   0.162878532E-04  -0.305536814E-04   0.344782802E-05
   0.331204137E-04   0.279788565E-04  -0.526798103E-04   0.573890748E-05
   0.546374467E-04   0.458464128E-04  -0.854264144E-04   0.892670414E-05
   0.862140878E-04   0.716985014E-04  -0.130791173E-03   0.131610577E-04
   0.130822635E-03   0.108128472E-03  -0.191198211E-03   0.183877273E-04
   0.192829917E-03   0.158409806E-03  -0.269744691E-03   0.247404569E-04
   0.276388484E-03   0.226044242E-03  -0.368125504E-03   0.320960789E-04
   0.386066764E-03   0.314561126E-03  -0.486860838E-03   0.402825863E-04
   0.527540979E-03   0.428940606E-03  -0.627573638E-03   0.490333950E-04
   0.706326507E-03   0.573843077E-03  -0.790042046E-03   0.582590037E-04
   0.928574998E-03   0.754726527E-03  -0.974370574E-03   0.678724537E-04
   0.120474794E-02   0.981119927E-03  -0.118683977E-02   0.779266047E-04
   0.155230484E-02   0.126811012E-02  -0.144156045E-02   0.895750345E-04
   0.200951425E-02   0.164859288E-02  -0.177497265E-02   0.103568709E-03
   0.266673020E-02   0.219773850E-02  -0.227178447E-02   0.124272483E-03
   0.373900193E-02   0.309397373E-02  -0.311286584E-02   0.157730683E-03
   0.574189238E-02   0.476460857E-02  -0.466663344E-02   0.211553910E-03
   0.988504849E-02   0.821520574E-02  -0.762603711E-02   0.298345374E-03
   0.190023035E-01   0.158096831E-01  -0.131969983E-01   0.425772625E-03
   0.393632166E-01   0.327992514E-01  -0.229806975E-01   0.583007582E-03
   0.831374824E-01   0.694169626E-01  -0.374717228E-01   0.700887293E-03
   0.165124282E+00   0.138157040E+00  -0.504174270E-01   0.619250757E-03
   0.274277896E+00   0.229830876E+00  -0.422121659E-01   0.256683939E-03
   0.332229912E+00   0.278553456E+00  -0.109042467E-06   0.000000000E+00
