   0.120013982E+00   0.138988554E+01   0.000000000E+00   0.000000000E+00
   0.908426642E-01   0.105223596E+01   0.580785237E-01   0.327028945E-03
   0.451566987E-01   0.523172379E+00   0.579919703E-01   0.655561860E-03
   0.185748041E-01   0.215070739E+00   0.359912738E-01   0.614608056E-03
   0.733223511E-02   0.845339000E-01   0.189787038E-01   0.436486036E-03
   0.300590252E-02   0.341760665E-01   0.956760999E-02   0.278126507E-03
   0.136345695E-02   0.150228487E-01   0.490011321E-02   0.172741478E-03
   0.727687089E-03   0.762393046E-02   0.267745997E-02   0.110348439E-03
   0.467964564E-03   0.464676460E-02   0.163031148E-02   0.757022426E-04
   0.348278729E-03   0.333193853E-02   0.112779730E-02   0.571150777E-04
   0.280248612E-03   0.263763475E-02   0.868303061E-03   0.465194244E-04
   0.231794591E-03   0.217500259E-02   0.713129353E-03   0.404806451E-04
   0.191658153E-03   0.180665904E-02   0.601723383E-03   0.358849975E-04
   0.156264738E-03   0.148472376E-02   0.507612480E-03   0.318452985E-04
   0.125332619E-03   0.120163767E-02   0.423727877E-03   0.280277327E-04
   0.987976237E-04   0.955884112E-03   0.348111120E-03   0.242592541E-04
   0.761912743E-04   0.744027726E-03   0.279087544E-03   0.204819898E-04
   0.577267565E-04   0.569051073E-03   0.219491354E-03   0.168721053E-04
   0.427307423E-04   0.425878156E-03   0.168077924E-03   0.134730008E-04
   0.311161202E-04   0.312711578E-03   0.125912135E-03   0.105523104E-04
   0.221381742E-04   0.224284289E-03   0.916086501E-04   0.798922338E-05
   0.154420941E-04   0.157865608E-03   0.651193623E-04   0.589620140E-05
   0.105128938E-04   0.108325345E-03   0.448161809E-04   0.418951822E-05
   0.697372980E-05   0.722493351E-04   0.297099796E-04   0.286950808E-05
   0.450590687E-05   0.470819614E-04   0.190793653E-04   0.188774470E-05
   0.284396765E-05   0.298960676E-04   0.118124026E-04   0.119616072E-05
   0.169736109E-05   0.180239658E-04   0.672653596E-05   0.693085781E-06
   0.102788943E-05   0.107855121E-04   0.379845710E-05   0.396099296E-06
   0.577622700E-06   0.608703112E-05   0.190215485E-05   0.198031529E-06
   0.321877650E-06   0.327130715E-05   0.844880049E-06   0.868242509E-07
   0.177484694E-06   0.173694559E-05   0.339714376E-06   0.347201876E-07
   0.107546690E-06   0.902856414E-06   0.123186922E-06   0.103229345E-07
   0.720706126E-07   0.496760663E-06   0.594025202E-07   0.329644623E-08
   0.522359116E-07   0.296343870E-06   0.515406562E-07   0.353441454E-08
   0.428155715E-07   0.205846433E-06   0.676320013E-07   0.662397426E-08
   0.359868295E-07   0.170966729E-06   0.851132143E-07   0.103165370E-07
   0.310243564E-07   0.148696031E-06   0.928208976E-07   0.107687645E-07
   0.223714789E-07   0.117160944E-06   0.797212962E-07   0.973515224E-08
   0.169828187E-07   0.942414147E-07   0.687657149E-07   0.879284201E-08
   0.139720076E-07   0.767367183E-07   0.544576650E-07   0.738609796E-08
   0.105181064E-07   0.633399750E-07   0.472257824E-07   0.690279744E-08
   0.613379303E-08   0.438571277E-07   0.315862998E-07   0.624782670E-08
   0.350612139E-08   0.287970856E-07   0.198742640E-07   0.530943378E-08
   0.179085680E-08   0.188876736E-07   0.942806189E-08   0.476697259E-08
   0.235522335E-08   0.136530245E-07   0.240339570E-08   0.506617726E-08
   0.380582144E-08   0.100261115E-07  -0.599050098E-08   0.503274444E-08
   0.696891034E-08   0.979486892E-08  -0.167743810E-07   0.547896306E-08
   0.122890675E-07   0.133450930E-07  -0.273879408E-07   0.672891121E-08
   0.252271057E-07   0.221710881E-07  -0.497646901E-07   0.977310499E-08
   0.369078350E-07   0.305189829E-07  -0.696812918E-07   0.117940147E-07
   0.439443291E-07   0.339855646E-07  -0.773290978E-07   0.122603421E-07
   0.683109675E-07   0.514185814E-07  -0.116510790E-06   0.167386549E-07
   0.940038873E-07   0.695842459E-07  -0.156917238E-06   0.222969092E-07
   0.102091185E-06   0.744324566E-07  -0.156374767E-06   0.208334665E-07
   0.127739753E-06   0.903424464E-07  -0.180984117E-06   0.242869174E-07
   0.142078520E-06   0.962139239E-07  -0.157617194E-06   0.188697147E-07
   0.169411791E-06   0.112345312E-06  -0.139027151E-06   0.167085101E-07
   0.224111162E-06   0.147455168E-06  -0.940289553E-07   0.915149467E-08
   0.343505548E-06   0.232419424E-06  -0.798161679E-07   0.696759495E-08
   0.617592320E-06   0.436505189E-06  -0.166478131E-06   0.176662205E-07
   0.116829858E-05   0.856909480E-06  -0.473469754E-06   0.569763685E-07
   0.229783950E-05   0.169420002E-05  -0.128663737E-05   0.157415585E-06
   0.416916873E-05   0.309791585E-05  -0.273641399E-05   0.336290697E-06
   0.745763509E-05   0.556541772E-05  -0.549982951E-05   0.667719860E-06
   0.127709682E-04   0.951875973E-05  -0.100475745E-04   0.119963386E-05
   0.208567526E-04   0.154961217E-04  -0.169189389E-04   0.198122348E-05
   0.331052142E-04   0.244987768E-04  -0.272563557E-04   0.311546069E-05
   0.512373954E-04   0.378052537E-04  -0.424017344E-04   0.470675559E-05
   0.764931319E-04   0.561972156E-04  -0.626711990E-04   0.675001274E-05
   0.111223322E-03   0.813723236E-04  -0.894901896E-04   0.932045441E-05
   0.158539158E-03   0.115500792E-03  -0.124640152E-03   0.125072484E-04
   0.220250411E-03   0.159631323E-03  -0.167886697E-03   0.162820816E-04
   0.298799365E-03   0.215710344E-03  -0.219847207E-03   0.204144580E-04
   0.398270466E-03   0.286409369E-03  -0.281960616E-03   0.250074172E-04
   0.520643371E-03   0.372804585E-03  -0.353445037E-03   0.299787862E-04
   0.666033593E-03   0.475163397E-03  -0.432453118E-03   0.348166323E-04
   0.837943866E-03   0.595570717E-03  -0.520203786E-03   0.395697280E-04
   0.103435235E-02   0.732361688E-03  -0.614661723E-03   0.441209049E-04
   0.125584926E-02   0.885632238E-03  -0.717985560E-03   0.483524782E-04
   0.151311106E-02   0.106272404E-02  -0.842534762E-03   0.527584234E-04
   0.183733355E-02   0.128484669E-02  -0.101656967E-02   0.587389259E-04
   0.232640514E-02   0.162003725E-02  -0.130995212E-02   0.687037245E-04
   0.325011532E-02   0.225669518E-02  -0.187567784E-02   0.877030689E-04
   0.532954512E-02   0.369954878E-02  -0.304525788E-02   0.123311940E-03
   0.104636084E-01   0.728129316E-02  -0.550302491E-02   0.188560938E-03
   0.236871745E-01   0.165435057E-01  -0.106193526E-01   0.300886662E-03
   0.583990887E-01   0.409200713E-01  -0.208851025E-01   0.470859843E-03
   0.148563728E+00   0.104340225E+00  -0.394341871E-01   0.663303712E-03
   0.362537324E+00   0.255022168E+00  -0.635465607E-01   0.710878870E-03
   0.733272851E+00   0.516284525E+00  -0.638845339E-01   0.357138953E-03
   0.971817255E+00   0.684429824E+00  -0.259246093E-06   0.000000000E+00
