   0.113257244E-07   0.194396262E-05   0.000000000E+00   0.000000000E+00
   0.122401964E-07   0.194802851E-05   0.886431550E-08   0.737595141E-11
   0.110780718E-07   0.190048968E-05   0.172624919E-07   0.272686700E-10
   0.110799254E-07   0.190183266E-05   0.258739288E-07   0.613172568E-10
   0.107354401E-07   0.184252724E-05   0.333772654E-07   0.104157377E-09
   0.103876339E-07   0.180360166E-05   0.407953884E-07   0.154671470E-09
   0.954575174E-08   0.173484273E-05   0.469436117E-07   0.206452147E-09
   0.902319730E-08   0.166599864E-05   0.524607700E-07   0.260020921E-09
   0.966210134E-08   0.160282809E-05   0.577569779E-07   0.321636190E-09
   0.815782641E-08   0.154416023E-05   0.620580991E-07   0.367680025E-09
   0.855971383E-08   0.145673005E-05   0.650722711E-07   0.416704032E-09
   0.671546996E-08   0.137318852E-05   0.665939268E-07   0.437490794E-09
   0.658755139E-08   0.126530767E-05   0.669376732E-07   0.435926212E-09
   0.557778757E-08   0.118384378E-05   0.669799647E-07   0.441141512E-09
   0.522987964E-08   0.109006442E-05   0.659283188E-07   0.422552632E-09
   0.529279554E-08   0.101865851E-05   0.655432686E-07   0.424303481E-09
   0.527058130E-08   0.905347065E-06   0.621558129E-07   0.348122586E-09
   0.524108668E-08   0.826393830E-06   0.597530629E-07   0.289748253E-09
   0.530799227E-08   0.749270839E-06   0.568087195E-07   0.260579724E-09
   0.523005950E-08   0.665505752E-06   0.524655874E-07   0.158173183E-09
   0.508822096E-08   0.578516108E-06   0.463135237E-07   0.639062900E-10
   0.556161472E-08   0.502633782E-06   0.417280610E-07  -0.452615246E-11
   0.609373974E-08   0.453093293E-06   0.386350330E-07  -0.276970721E-10
   0.650916654E-08   0.397099967E-06   0.346984947E-07  -0.733869979E-10
   0.724128979E-08   0.334625668E-06   0.296957108E-07  -0.144799617E-09
   0.830742319E-08   0.295006316E-06   0.258823345E-07  -0.134471420E-09
   0.905448516E-08   0.237864953E-06   0.203368131E-07  -0.166173117E-09
   0.982819159E-08   0.190277106E-06   0.157765161E-07  -0.177805146E-09
   0.109931362E-07   0.176267946E-06   0.138175418E-07  -0.964089086E-10
   0.121527455E-07   0.134109897E-06   0.912871112E-08  -0.706210160E-10
   0.140781573E-07   0.121580527E-06   0.635491793E-08   0.732100491E-10
   0.136060692E-07   0.855008722E-07   0.381685172E-08   0.609912953E-10
   0.154316986E-07   0.740129025E-07   0.118048482E-08   0.219876936E-09
   0.158843303E-07   0.571353524E-07  -0.927243338E-09   0.315717757E-09
   0.185263378E-07   0.522545349E-07  -0.326525762E-08   0.520018584E-09
   0.180813000E-07   0.348115279E-07  -0.478670525E-08   0.620279605E-09
   0.192901251E-07   0.268713354E-07  -0.641802966E-08   0.788470178E-09
   0.189565821E-07   0.233695854E-07  -0.679121337E-08   0.897380725E-09
   0.198156638E-07   0.202636166E-07  -0.774045006E-08   0.106676046E-08
   0.200672332E-07   0.185014777E-07  -0.823220869E-08   0.121423172E-08
   0.188032239E-07   0.164701852E-07  -0.801418398E-08   0.126714628E-08
   0.185466433E-07   0.161210885E-07  -0.812662204E-08   0.137543454E-08
   0.184483149E-07   0.167641243E-07  -0.810469469E-08   0.148174095E-08
   0.166432716E-07   0.156242379E-07  -0.753058504E-08   0.148849821E-08
   0.169345498E-07   0.176895956E-07  -0.755507212E-08   0.156113256E-08
   0.152129349E-07   0.173742585E-07  -0.688665747E-08   0.152671664E-08
   0.139133345E-07   0.195306562E-07  -0.622409146E-08   0.154300694E-08
   0.127479449E-07   0.214197176E-07  -0.557323609E-08   0.151622603E-08
   0.115154029E-07   0.229287114E-07  -0.487567808E-08   0.145165280E-08
   0.106652074E-07   0.210802451E-07  -0.452807125E-08   0.130173439E-08
   0.102221742E-07   0.246514720E-07  -0.404740330E-08   0.126241928E-08
   0.108237348E-07   0.225116246E-07  -0.404004163E-08   0.108809139E-08
   0.119165025E-07   0.305210541E-07  -0.379301879E-08   0.101931208E-08
   0.124272459E-07   0.330443939E-07  -0.343647821E-08   0.879375017E-09
   0.175157897E-07   0.342737501E-07  -0.442998260E-08   0.720683790E-09
   0.162390261E-07   0.388888637E-07  -0.354613938E-08   0.629750974E-09
   0.243994460E-07   0.414279988E-07  -0.514631715E-08   0.465346206E-09
   0.317778195E-07   0.517330889E-07  -0.646216280E-08   0.396860211E-09
   0.388330506E-07   0.591377898E-07  -0.749257811E-08   0.282335044E-09
   0.501463049E-07   0.639879119E-07  -0.952570378E-08   0.192177538E-09
   0.683481005E-07   0.784971448E-07  -0.129521212E-07   0.160133587E-09
   0.789033905E-07   0.847083044E-07  -0.143603334E-07   0.708212447E-10
   0.105802911E-06   0.106597845E-06  -0.194854124E-07   0.136338690E-09
   0.122410412E-06   0.117885683E-06  -0.217528999E-07   0.850469625E-10
   0.148784792E-06   0.134787840E-06  -0.258323531E-07   0.111859293E-09
   0.173939071E-06   0.150274744E-06  -0.291892732E-07   0.117521631E-09
   0.211902275E-06   0.177299356E-06  -0.350304497E-07   0.237725450E-09
   0.247984076E-06   0.209217944E-06  -0.404524378E-07   0.346371709E-09
   0.286545344E-06   0.236132564E-06  -0.452410838E-07   0.422636454E-09
   0.334409890E-06   0.271690851E-06  -0.513410470E-07   0.550709811E-09
   0.380075988E-06   0.306956679E-06  -0.563290357E-07   0.623677721E-09
   0.434977665E-06   0.339763659E-06  -0.615422664E-07   0.737204020E-09
   0.474655081E-06   0.366137158E-06  -0.639833857E-07   0.764062924E-09
   0.547292245E-06   0.419314773E-06  -0.709833827E-07   0.919051057E-09
   0.603310127E-06   0.465748258E-06  -0.748843476E-07   0.956340562E-09
   0.659783609E-06   0.499431849E-06  -0.768408057E-07   0.976438153E-09
   0.727596841E-06   0.546476656E-06  -0.797028150E-07   0.100290598E-08
   0.768808263E-06   0.577674825E-06  -0.788575463E-07   0.942315115E-09
   0.841029475E-06   0.629500732E-06  -0.803483076E-07   0.932163902E-09
   0.910465474E-06   0.676637399E-06  -0.800565871E-07   0.884294693E-09
   0.959432782E-06   0.712671635E-06  -0.771662059E-07   0.788817067E-09
   0.101635123E-05   0.754165967E-06  -0.740981960E-07   0.701683989E-09
   0.104960031E-05   0.776817728E-06  -0.681491414E-07   0.578825932E-09
   0.111804059E-05   0.827276153E-06  -0.639536069E-07   0.487148100E-09
   0.115654552E-05   0.855748226E-06  -0.570509648E-07   0.380941834E-09
   0.119587196E-05   0.885066356E-06  -0.493407768E-07   0.276821704E-09
   0.121302128E-05   0.891014849E-06  -0.398844087E-07   0.181493112E-09
   0.125027850E-05   0.921257879E-06  -0.310046424E-07   0.106318010E-09
   0.125375357E-05   0.923989091E-06  -0.207876703E-07   0.480554450E-10
   0.128742101E-05   0.947175124E-06  -0.106731539E-07   0.124050102E-10
   0.127639032E-05   0.942204395E-06   0.000000000E+00   0.000000000E+00
