   0.281745940E-06   0.270732089E-04   0.843007196E-12   0.000000000E+00
   0.287944772E-06   0.270499368E-04   0.270737388E-06   0.389816124E-09
   0.285281914E-06   0.267536834E-04   0.535308573E-06   0.151988910E-08
   0.288590883E-06   0.261905443E-04   0.786135047E-06   0.332426509E-08
   0.292237445E-06   0.253584076E-04   0.101478361E-05   0.570450620E-08
   0.294131752E-06   0.245554929E-04   0.122548329E-05   0.855429771E-08
   0.293970857E-06   0.234507097E-04   0.140364523E-05   0.114562626E-07
   0.297773454E-06   0.223370043E-04   0.155696955E-05   0.145649475E-07
   0.304593584E-06   0.210810358E-04   0.167619135E-05   0.177651795E-07
   0.306821420E-06   0.196034071E-04   0.175173420E-05   0.203944701E-07
   0.306905577E-06   0.181945798E-04   0.180187885E-05   0.223691448E-07
   0.313294123E-06   0.166390255E-04   0.181321695E-05   0.239431746E-07
   0.319561593E-06   0.152650482E-04   0.180976485E-05   0.251490455E-07
   0.316964758E-06   0.137213538E-04   0.175735283E-05   0.246775258E-07
   0.323237401E-06   0.121826979E-04   0.168254780E-05   0.239919018E-07
   0.328267049E-06   0.109250786E-04   0.160816228E-05   0.234657485E-07
   0.335351729E-06   0.954273128E-05   0.149987113E-05   0.208669739E-07
   0.339978357E-06   0.830007230E-05   0.138076086E-05   0.182194739E-07
   0.348587349E-06   0.703747082E-05   0.124715712E-05   0.148829038E-07
   0.356636747E-06   0.604708384E-05   0.112280304E-05   0.120493535E-07
   0.366699510E-06   0.508214134E-05   0.996270842E-06   0.922983201E-08
   0.378358379E-06   0.420398555E-05   0.867782035E-06   0.599440719E-08
   0.392010350E-06   0.342351200E-05   0.736927461E-06   0.205576312E-08
   0.404458717E-06   0.276145329E-05   0.619633965E-06  -0.320786175E-09
   0.420015994E-06   0.218905188E-05   0.506422168E-06  -0.292374391E-08
   0.434293639E-06   0.169067653E-05   0.409028644E-06  -0.495120611E-08
   0.452896444E-06   0.135474556E-05   0.324998382E-06  -0.563221514E-08
   0.472441457E-06   0.102132992E-05   0.239352971E-06  -0.652649756E-08
   0.494451911E-06   0.778945605E-06   0.170535984E-06  -0.658408394E-08
   0.509269910E-06   0.597340033E-06   0.117197523E-06  -0.588455595E-08
   0.536509845E-06   0.448540959E-06   0.591277747E-07  -0.499794872E-08
   0.552478184E-06   0.337302282E-06   0.179888211E-07  -0.369454733E-08
   0.578463812E-06   0.292713935E-06  -0.163987952E-07  -0.160671487E-08
   0.597920234E-06   0.255070830E-06  -0.441945858E-07   0.643056608E-09
   0.617026444E-06   0.237126059E-06  -0.664010145E-07   0.287747026E-08
   0.631242074E-06   0.245701756E-06  -0.811158358E-07   0.562036417E-08
   0.656904831E-06   0.270053448E-06  -0.961232516E-07   0.842755821E-08
   0.669191024E-06   0.294250526E-06  -0.104156349E-06   0.110531726E-07
   0.692011213E-06   0.333092544E-06  -0.113329499E-06   0.139194070E-07
   0.691885646E-06   0.358408755E-06  -0.111146996E-06   0.157957505E-07
   0.703474313E-06   0.390908696E-06  -0.113964141E-06   0.180444832E-07
   0.707368372E-06   0.419249375E-06  -0.113369303E-06   0.197564507E-07
   0.714945713E-06   0.449115078E-06  -0.112944619E-06   0.213681179E-07
   0.708857215E-06   0.458806880E-06  -0.110390260E-06   0.221918786E-07
   0.716712577E-06   0.493191351E-06  -0.106678982E-06   0.232725625E-07
   0.695686367E-06   0.492307322E-06  -0.974315881E-07   0.228106405E-07
   0.681329141E-06   0.495436439E-06  -0.905082658E-07   0.225130030E-07
   0.669479562E-06   0.503313686E-06  -0.830221722E-07   0.221348611E-07
   0.641870827E-06   0.486954320E-06  -0.733786436E-07   0.206315676E-07
   0.608908749E-06   0.464704669E-06  -0.632221884E-07   0.188564169E-07
   0.587505724E-06   0.471826411E-06  -0.506677154E-07   0.174439485E-07
   0.544983834E-06   0.443399841E-06  -0.381815681E-07   0.149359991E-07
   0.508056758E-06   0.426524821E-06  -0.249779095E-07   0.124415385E-07
   0.468797680E-06   0.404000502E-06  -0.132094291E-07   0.979542225E-08
   0.429306368E-06   0.393317379E-06  -0.183687288E-09   0.714306037E-08
   0.392624997E-06   0.376498946E-06   0.845225223E-08   0.449519000E-08
   0.361404318E-06   0.351251686E-06   0.132434188E-07   0.173620751E-08
   0.337680319E-06   0.362360311E-06   0.179162409E-07  -0.420485841E-09
   0.331180587E-06   0.358094695E-06   0.118021894E-07  -0.229212316E-08
   0.328941297E-06   0.382564480E-06   0.758741958E-08  -0.400813516E-08
   0.363592392E-06   0.421193704E-06  -0.137728167E-07  -0.463966376E-08
   0.410984853E-06   0.490788921E-06  -0.370306914E-07  -0.511195308E-08
   0.501769591E-06   0.583876329E-06  -0.761041719E-07  -0.448999149E-08
   0.614660848E-06   0.686889109E-06  -0.119934228E-06  -0.341187545E-08
   0.773655358E-06   0.831523550E-06  -0.176804193E-06  -0.167185343E-08
   0.970190740E-06   0.102544959E-05  -0.244672350E-06   0.540119283E-09
   0.126686450E-05   0.125019028E-05  -0.337743643E-06   0.478349138E-08
   0.158778948E-05   0.153876681E-05  -0.435357407E-06   0.843918624E-08
   0.200709019E-05   0.187218700E-05  -0.551967048E-06   0.134610838E-07
   0.241353246E-05   0.221465507E-05  -0.656109137E-06   0.173904997E-07
   0.295840277E-05   0.265187646E-05  -0.787868544E-06   0.223709904E-07
   0.350949040E-05   0.311103327E-05  -0.910642768E-06   0.263098805E-07
   0.412370855E-05   0.358839316E-05  -0.102819683E-05   0.304066425E-07
   0.487452462E-05   0.418284117E-05  -0.116770661E-05   0.344787914E-07
   0.565224991E-05   0.480293465E-05  -0.129404759E-05   0.374666449E-07
   0.646585158E-05   0.544281738E-05  -0.140373618E-05   0.394772499E-07
   0.740725955E-05   0.615276940E-05  -0.151297331E-05   0.417393622E-07
   0.830190038E-05   0.685556415E-05  -0.158766238E-05   0.413820302E-07
   0.912455835E-05   0.751265043E-05  -0.162715617E-05   0.396571451E-07
   0.100887692E-04   0.824941890E-05  -0.165761969E-05   0.378077338E-07
   0.110268211E-04   0.897821428E-05  -0.166020845E-05   0.349505598E-07
   0.119021752E-04   0.965097843E-05  -0.162139179E-05   0.312797894E-07
   0.127074372E-04   0.102674112E-04  -0.154560735E-05   0.269110938E-07
   0.135529890E-04   0.109168013E-04  -0.144747787E-05   0.222485586E-07
   0.142955359E-04   0.114929117E-04  -0.131392108E-05   0.173684729E-07
   0.150391043E-04   0.120529776E-04  -0.115531145E-05   0.128727908E-07
   0.155886682E-04   0.124678945E-04  -0.959683121E-06   0.864486172E-08
   0.160128438E-04   0.128027204E-04  -0.742321674E-06   0.500214803E-08
   0.163685836E-04   0.130664566E-04  -0.505731748E-06   0.229213848E-08
   0.164801550E-04   0.131703009E-04  -0.254955523E-06   0.572911552E-09
   0.166691316E-04   0.133040676E-04  -0.962905211E-12   0.000000000E+00
