   0.212582736E-02   0.349353887E-01  -0.128982363E-10   0.000000000E+00
   0.189725682E-02   0.311781820E-01   0.350461667E-02   0.181976775E-04
   0.138627097E-02   0.227830410E-01   0.498146703E-02   0.514836029E-04
   0.884147885E-03   0.145335030E-01   0.455700187E-02   0.702569523E-04
   0.531057187E-03   0.871154573E-02   0.343693374E-02   0.701158715E-04
   0.319461833E-03   0.519590033E-02   0.240430096E-02   0.611962168E-04
   0.201178569E-03   0.320260576E-02   0.167582382E-02   0.514708336E-04
   0.134877104E-03   0.206723018E-02   0.120333163E-02   0.436516457E-04
   0.956339063E-04   0.139128405E-02   0.893967866E-03   0.374625779E-04
   0.703401383E-04   0.963053608E-03   0.678705459E-03   0.325214896E-04
   0.525227151E-04   0.675412128E-03   0.517708017E-03   0.278542484E-04
   0.392309594E-04   0.474591594E-03   0.392178976E-03   0.232929469E-04
   0.289280288E-04   0.330775627E-03   0.291784498E-03   0.189706407E-04
   0.208199108E-04   0.226441291E-03   0.211044913E-03   0.148053196E-04
   0.146299190E-04   0.152065695E-03   0.148602951E-03   0.112124335E-04
   0.983602149E-05   0.985234074E-04   0.998722389E-04   0.799799272E-05
   0.632198908E-05   0.612815202E-04   0.639752761E-04   0.543858596E-05
   0.386231477E-05   0.364055304E-04   0.388600020E-04   0.347839068E-05
   0.219844833E-05   0.202062001E-04   0.219032736E-04   0.206475829E-05
   0.114618433E-05   0.103176581E-04   0.112539419E-04   0.111283521E-05
   0.523286133E-06   0.462086200E-05   0.500597253E-05   0.518230081E-06
   0.208909029E-06   0.181196970E-05   0.191387994E-05   0.206904005E-06
   0.660073241E-07   0.572130830E-06   0.553875282E-06   0.623622043E-07
   0.172820780E-07   0.172635012E-06   0.128396806E-06   0.163042486E-07
   0.955934709E-08   0.122118934E-06   0.959509450E-07   0.129422570E-07
   0.161024811E-07   0.179249227E-06   0.183283802E-06   0.234781830E-07
   0.220865228E-07   0.227052894E-06   0.249992581E-06   0.314976809E-07
   0.234728681E-07   0.234790249E-06   0.266583243E-06   0.360053960E-07
   0.214388436E-07   0.206868464E-06   0.237664011E-06   0.315299147E-07
   0.156567470E-07   0.150852344E-06   0.173397382E-06   0.240184086E-07
   0.110271694E-07   0.105681657E-06   0.123091937E-06   0.178776371E-07
   0.657231425E-08   0.643611529E-07   0.745399689E-07   0.116326691E-07
   0.389353882E-08   0.372106577E-07   0.430007105E-07   0.646251319E-08
   0.135970046E-08   0.129003057E-07   0.144885277E-07   0.291138225E-08
   0.515020582E-09   0.574630565E-08   0.587829918E-08   0.118261045E-08
   0.818316526E-10   0.943056411E-09   0.869603778E-09   0.277519674E-09
   0.646931050E-10   0.149230808E-09  -0.209080087E-09   0.851901744E-10
   0.130894766E-10   0.965772601E-11  -0.633161319E-11  -0.566151943E-11
   0.118338131E-09   0.104202280E-08   0.117299204E-08   0.183940516E-09
   0.184523508E-09   0.144482770E-08   0.153831448E-08   0.234108483E-09
   0.195240532E-09   0.131867062E-08   0.148409418E-08   0.307164905E-09
   0.473050876E-09   0.284304114E-08   0.334812711E-08   0.611484141E-09
   0.559463698E-09   0.235716469E-08   0.166318526E-08   0.709159231E-09
   0.265486272E-09   0.208333173E-08   0.178106940E-08   0.648809007E-09
   0.342233845E-10   0.749207252E-09   0.257776855E-09   0.320109078E-09
   0.144762549E-09   0.870356953E-09  -0.912150286E-10   0.434356662E-09
   0.861112959E-09   0.136332312E-08  -0.320984439E-08   0.858695837E-09
   0.827949376E-09   0.122196286E-08  -0.323390315E-08   0.784507681E-09
   0.204066097E-08   0.225522756E-08  -0.813425594E-08   0.136838241E-08
   0.103855713E-08   0.119803534E-08  -0.433218528E-08   0.686057655E-09
   0.270458345E-08   0.279709189E-08  -0.105360094E-07   0.162475200E-08
   0.129191946E-08   0.140043599E-08  -0.481402784E-08   0.837416081E-09
   0.812135525E-09   0.902061426E-09  -0.329901395E-08   0.499051578E-09
   0.525495966E-10   0.324442521E-10  -0.105659780E-09  -0.635914151E-11
   0.371284219E-10   0.388543850E-10  -0.121125707E-09   0.177658582E-10
   0.763124786E-09   0.958315094E-09  -0.325560712E-08   0.596979299E-09
   0.433533121E-08   0.472623007E-08  -0.171026464E-07   0.270804490E-08
   0.174686150E-07   0.182222539E-07  -0.671624463E-07   0.980942882E-08
   0.246801246E-07   0.260341686E-07  -0.948208552E-07   0.141552725E-07
   0.530434114E-07   0.533611697E-07  -0.197194211E-06   0.279310512E-07
   0.914840044E-07   0.904119943E-07  -0.334034212E-06   0.457290454E-07
   0.130823977E-06   0.128520199E-06  -0.471071701E-06   0.636768576E-07
   0.173249262E-06   0.166563623E-06  -0.607810421E-06   0.789007828E-07
   0.204178505E-06   0.191469425E-06  -0.693620336E-06   0.897748365E-07
   0.169578854E-06   0.157205676E-06  -0.552802760E-06   0.687149964E-07
   0.134983509E-06   0.122573169E-06  -0.404252091E-06   0.508774392E-07
   0.914811409E-07   0.804778466E-07  -0.220863171E-06   0.295175582E-07
   0.124569539E-06   0.102291771E-06  -0.259622482E-06   0.333494441E-07
   0.466831835E-06   0.372963399E-06  -0.120324125E-05   0.133686228E-06
   0.152303176E-05   0.120958703E-05  -0.415585509E-05   0.436067353E-06
   0.387325917E-05   0.304001810E-05  -0.105302706E-04   0.105210665E-05
   0.847956744E-05   0.654570522E-05  -0.225097447E-04   0.214693796E-05
   0.162675678E-04   0.123169457E-04  -0.415965333E-04   0.378875120E-05
   0.290206644E-04   0.216104581E-04  -0.710920649E-04   0.613290649E-05
   0.486748831E-04   0.356641904E-04  -0.113455826E-03   0.926553548E-05
   0.774921573E-04   0.559499131E-04  -0.170635001E-03   0.131624920E-04
   0.117391210E-03   0.837150001E-04  -0.241974005E-03   0.175373298E-04
   0.173391934E-03   0.122526122E-03  -0.332499301E-03   0.225718159E-04
   0.249305682E-03   0.175132504E-03  -0.440989184E-03   0.278914194E-04
   0.351139373E-03   0.246017822E-03  -0.567454554E-03   0.334139295E-04
   0.491866202E-03   0.344779808E-03  -0.721427263E-03   0.393289847E-04
   0.688923988E-03   0.484253687E-03  -0.910191739E-03   0.457798778E-04
   0.978913740E-03   0.690670917E-03  -0.115862314E-02   0.534198261E-04
   0.143370649E-02   0.101465802E-02  -0.151402841E-02   0.628860871E-04
   0.219462113E-02   0.155489752E-02  -0.205487525E-02   0.749328537E-04
   0.352512067E-02   0.249514892E-02  -0.288029364E-02   0.887331407E-04
   0.585299451E-02   0.413431367E-02  -0.402364181E-02   0.990013650E-04
   0.969293900E-02   0.683445251E-02  -0.523329619E-02   0.957478114E-04
   0.150877787E-01   0.106281508E-01  -0.562660815E-02   0.678119759E-04
   0.205387995E-01   0.144650768E-01  -0.391438091E-02   0.234127674E-04
   0.229531433E-01   0.161649063E-01  -0.114379688E-07   0.000000000E+00
