   0.632488541E-02   0.880585164E-01   0.000000000E+00   0.000000000E+00
   0.544695416E-02   0.757829249E-01   0.814966671E-02   0.430861837E-04
   0.363162113E-02   0.504538715E-01   0.105999717E-01   0.111458794E-03
   0.206204178E-02   0.286204983E-01   0.865901913E-02   0.135385068E-03
   0.109829998E-02   0.152582666E-01   0.579956453E-02   0.119531971E-03
   0.591924530E-03   0.824913755E-02   0.363068096E-02   0.928887894E-04
   0.339818595E-03   0.474451389E-02   0.230139471E-02   0.703734113E-04
   0.212146115E-03   0.295064598E-02   0.154000521E-02   0.556790437E-04
   0.143400219E-03   0.196703849E-02   0.109818217E-02   0.459545663E-04
   0.102382597E-03   0.137254375E-02   0.819965848E-03   0.392801303E-04
   0.753698769E-04   0.980372890E-03   0.627173518E-03   0.337934944E-04
   0.559311411E-04   0.703418395E-03   0.480474642E-03   0.287219464E-04
   0.412921836E-04   0.501386297E-03   0.364057400E-03   0.238402736E-04
   0.300253105E-04   0.352203147E-03   0.270250282E-03   0.191119598E-04
   0.213821022E-04   0.242523762E-03   0.195483080E-03   0.148620311E-04
   0.148254558E-04   0.162965764E-03   0.137099996E-03   0.111344852E-04
   0.986322175E-05   0.105492669E-03   0.918350925E-04   0.789975456E-05
   0.631761350E-05   0.660035803E-04   0.590584896E-04   0.533977936E-05
   0.382604821E-05   0.391665635E-04   0.357372119E-04   0.341078999E-05
   0.218703599E-05   0.220244929E-04   0.203293457E-04   0.202524370E-05
   0.115403930E-05   0.115367757E-04   0.106336356E-04   0.110462770E-05
   0.543223393E-06   0.540387873E-05   0.489790818E-05   0.531292983E-06
   0.221793456E-06   0.224145492E-05   0.192510288E-05   0.216387832E-06
   0.758901706E-07   0.809296012E-06   0.611088751E-06   0.714027735E-07
   0.220557830E-07   0.275187915E-06   0.155735151E-06   0.204221262E-07
   0.111026202E-07   0.146541680E-06   0.881002791E-07   0.108665832E-07
   0.169553989E-07   0.184046954E-06   0.167052306E-06   0.223851320E-07
   0.227376358E-07   0.223222528E-06   0.230332219E-06   0.303537107E-07
   0.244323477E-07   0.230508647E-06   0.245401083E-06   0.318872075E-07
   0.217198934E-07   0.202381656E-06   0.220580489E-06   0.304685202E-07
   0.188847533E-07   0.177128342E-06   0.193273323E-06   0.280626384E-07
   0.132964022E-07   0.122100687E-06   0.134918736E-06   0.196858547E-07
   0.811445489E-08   0.749666853E-07   0.825621456E-07   0.124303865E-07
   0.519061327E-08   0.487523053E-07   0.535817968E-07   0.853121751E-08
   0.238352849E-08   0.231053736E-07   0.245785490E-07   0.409611589E-08
   0.123986377E-08   0.101664854E-07   0.114320793E-07   0.204173833E-08
   0.290617752E-09   0.246812326E-08   0.235091169E-08   0.402031047E-09
   0.234813002E-09   0.552760004E-09   0.144261519E-09   0.131042382E-10
   0.101779717E-09   0.781175791E-09   0.906129227E-09   0.140942133E-09
   0.667473785E-10   0.644135911E-09   0.647177312E-09   0.160011171E-09
   0.324158367E-09   0.119996812E-08   0.439540765E-09   0.433411279E-09
   0.774786346E-09   0.376011400E-08   0.291351188E-08   0.109313669E-08
   0.767593988E-09   0.344384232E-08   0.198791272E-08   0.114244847E-08
   0.114763288E-08   0.230749331E-08  -0.230466046E-08   0.118646304E-08
   0.179138726E-08   0.335648687E-08  -0.353905327E-08   0.169558745E-08
   0.819891210E-09   0.220201435E-08  -0.136557099E-08   0.112096454E-08
   0.212688600E-08   0.303747894E-08  -0.632840358E-08   0.177058668E-08
   0.156690128E-08   0.231292452E-08  -0.651793464E-08   0.142455192E-08
   0.131372935E-08   0.184755466E-08  -0.470605377E-08   0.117726384E-08
   0.188837279E-08   0.203752393E-08  -0.642386899E-08   0.120613697E-08
   0.162467884E-08   0.180871362E-08  -0.518891419E-08   0.105641218E-08
   0.443819065E-09   0.453646593E-09  -0.139112866E-08   0.255440252E-09
   0.204507730E-10   0.351533871E-10   0.281032368E-10   0.130867929E-11
   0.371645659E-09   0.436024411E-09  -0.133398426E-08   0.204516862E-09
   0.132786815E-08   0.138264489E-08  -0.465131755E-08   0.670296596E-09
   0.869071393E-08   0.874536976E-08  -0.301124174E-07   0.464133887E-08
   0.205109050E-07   0.209624407E-07  -0.712508381E-07   0.106198845E-07
   0.373523008E-07   0.371657869E-07  -0.127344421E-06   0.190114644E-07
   0.616480591E-07   0.602443038E-07  -0.206618481E-06   0.300851966E-07
   0.104446656E-06   0.100251256E-06  -0.343697252E-06   0.493279053E-07
   0.132816012E-06   0.125151075E-06  -0.427717566E-06   0.603598522E-07
   0.165004991E-06   0.152600535E-06  -0.517953424E-06   0.717829138E-07
   0.187633987E-06   0.172193026E-06  -0.573296006E-06   0.790900643E-07
   0.175499764E-06   0.158421159E-06  -0.507662890E-06   0.688810644E-07
   0.134747296E-06   0.120025689E-06  -0.342338268E-06   0.459574068E-07
   0.106717614E-06   0.910877063E-07  -0.188604815E-06   0.270331810E-07
   0.194696469E-06   0.154757501E-06  -0.306523532E-06   0.392000779E-07
   0.624815414E-06   0.490822345E-06  -0.126153213E-05   0.143340401E-06
   0.180537938E-05   0.140256179E-05  -0.398566044E-05   0.428442775E-06
   0.431665285E-05   0.331397223E-05  -0.968324184E-05   0.997476263E-06
   0.908218954E-05   0.688538694E-05  -0.201420098E-04   0.198711768E-05
   0.172951241E-04   0.129257860E-04  -0.373026451E-04   0.351622862E-05
   0.307823648E-04   0.226649263E-04  -0.639529389E-04   0.577156516E-05
   0.513603118E-04   0.373000803E-04  -0.101872254E-03   0.874458328E-05
   0.817306136E-04   0.586814895E-04  -0.153750661E-03   0.124692751E-04
   0.124240381E-03   0.882998138E-04  -0.219744674E-03   0.168301594E-04
   0.183390614E-03   0.129330438E-03  -0.303154258E-03   0.217943852E-04
   0.263145077E-03   0.184527613E-03  -0.403712300E-03   0.272421312E-04
   0.370102411E-03   0.258766871E-03  -0.524119299E-03   0.331376905E-04
   0.512072700E-03   0.357924699E-03  -0.665886153E-03   0.393710761E-04
   0.703009486E-03   0.492384366E-03  -0.836452469E-03   0.462034295E-04
   0.971407571E-03   0.682853803E-03  -0.105752016E-02   0.543326278E-04
   0.137439428E-02   0.969929853E-03  -0.137238891E-02   0.649971189E-04
   0.203893101E-02   0.144275546E-02  -0.187278737E-02   0.804118026E-04
   0.324703963E-02   0.229846919E-02  -0.273067830E-02   0.102633276E-03
   0.559492642E-02   0.395408785E-02  -0.420961017E-02   0.132411777E-03
   0.102530206E-01   0.723046763E-02  -0.657434389E-02   0.163640158E-03
   0.190586895E-01   0.134221381E-01  -0.961954799E-02   0.176648900E-03
   0.333101712E-01   0.234499667E-01  -0.115778958E-01   0.139198339E-03
   0.497150533E-01   0.350085869E-01  -0.880053639E-02   0.523880408E-04
   0.576281697E-01   0.405862555E-01  -0.265738862E-07   0.000000000E+00
