   0.388499737E+01   0.430543556E+02   0.000000000E+00   0.000000000E+00
   0.125406945E+01   0.138754902E+02   0.101049888E+01   0.570265995E-02
   0.209345117E+00   0.230337358E+01   0.342006296E+00   0.389756192E-02
   0.427850448E-01   0.465097606E+00   0.107482955E+00   0.187582569E-02
   0.105811376E-01   0.112257257E+00   0.366284437E-01   0.884733279E-03
   0.303372159E-02   0.307707544E-01   0.133485850E-01   0.428655039E-03
   0.106868194E-02   0.102206878E-01   0.522270007E-02   0.220093279E-03
   0.536546053E-03   0.506092375E-02   0.233981875E-02   0.126456900E-03
   0.385807711E-03   0.384600763E-02   0.134075712E-02   0.854403042E-04
   0.328573369E-03   0.349703804E-02   0.100349134E-02   0.676279451E-04
   0.288020790E-03   0.322194910E-02   0.877486600E-03   0.594107478E-04
   0.246528303E-03   0.285942527E-02   0.797421089E-03   0.542904781E-04
   0.204058742E-03   0.243417546E-02   0.714575232E-03   0.495437598E-04
   0.163119272E-03   0.199299492E-02   0.619475206E-03   0.442081728E-04
   0.126419545E-03   0.157723995E-02   0.518384215E-03   0.382916005E-04
   0.953848721E-04   0.121311855E-02   0.420134224E-03   0.322416709E-04
   0.698240983E-04   0.904945773E-03   0.327923335E-03   0.261706864E-04
   0.498018890E-04   0.657680677E-03   0.247958844E-03   0.205620072E-04
   0.347688692E-04   0.466563011E-03   0.182240867E-03   0.157050363E-04
   0.234971994E-04   0.320611958E-03   0.128477346E-03   0.114853592E-04
   0.155659309E-04   0.216322238E-03   0.887153656E-04   0.818357785E-05
   0.994239781E-05   0.140362128E-03   0.581449640E-04   0.554478629E-05
   0.620352694E-05   0.891678355E-04   0.371549504E-04   0.363212712E-05
   0.370365046E-05   0.544974027E-04   0.224934320E-04   0.224660494E-05
   0.210942562E-05   0.317213708E-04   0.126872046E-04   0.129067041E-05
   0.117451441E-05   0.178375667E-04   0.681785605E-05   0.698829979E-06
   0.625941027E-06   0.944478325E-05   0.331796605E-05   0.335959044E-06
   0.313944867E-06   0.469512906E-05   0.141376700E-05   0.139132823E-06
   0.160089598E-06   0.222017729E-05   0.532184004E-06   0.466905590E-07
   0.925675394E-07   0.986002533E-06   0.168832543E-06   0.821901125E-08
   0.545566436E-07   0.423597356E-06   0.533491367E-07   0.155319402E-08
   0.444468533E-07   0.202798873E-06   0.521657242E-07   0.239271070E-08
   0.349621452E-07   0.133185566E-06   0.766543309E-07   0.798254884E-08
   0.326820135E-07   0.109631848E-06   0.953084012E-07   0.105270823E-07
   0.294173379E-07   0.104433084E-06   0.103035731E-06   0.110293170E-07
   0.241765452E-07   0.917408443E-07   0.909528595E-07   0.964338476E-08
   0.162763740E-07   0.676253009E-07   0.700769647E-07   0.731205763E-08
   0.136326674E-07   0.569309080E-07   0.552445272E-07   0.565487701E-08
   0.970726965E-08   0.353344980E-07   0.327086411E-07   0.224012187E-08
   0.711443082E-08   0.267884932E-07   0.236142075E-07   0.180438942E-08
   0.488954432E-08   0.159281512E-07   0.112426539E-07   0.943286116E-09
   0.298285374E-08   0.804562905E-08   0.457169946E-08   0.314327953E-09
   0.194239913E-08   0.378241083E-08   0.932446342E-09   0.362552835E-10
   0.995568294E-09   0.932486643E-09  -0.352254365E-09  -0.149706525E-09
   0.157343771E-08   0.139348555E-08  -0.305606362E-08   0.387550048E-09
   0.182444698E-09   0.122779800E-09  -0.151816046E-09   0.106037835E-10
   0.279006845E-09   0.715560999E-09   0.383889198E-09  -0.360626078E-10
   0.104920883E-08   0.128068223E-08  -0.129309008E-08   0.479111056E-10
   0.333349059E-08   0.310713233E-08  -0.641884501E-08   0.531871047E-09
   0.687038826E-08   0.749793116E-08  -0.136568268E-07   0.149932533E-08
   0.135035743E-07   0.126154287E-07  -0.292543874E-07   0.336144690E-08
   0.212425384E-07   0.190906064E-07  -0.468617500E-07   0.558807089E-08
   0.366271848E-07   0.295969151E-07  -0.835023286E-07   0.110866845E-07
   0.513845286E-07   0.425708784E-07  -0.119377049E-06   0.167116649E-07
   0.716689925E-07   0.601562462E-07  -0.169051845E-06   0.247748435E-07
   0.801620459E-07   0.662555877E-07  -0.185488517E-06   0.285235444E-07
   0.100842577E-06   0.826687554E-07  -0.228915042E-06   0.367889470E-07
   0.100799866E-06   0.817769248E-07  -0.195157497E-06   0.323417808E-07
   0.112304697E-06   0.891019525E-07  -0.154631238E-06   0.299114049E-07
   0.154573797E-06   0.118139504E-06  -0.977153718E-07   0.232650059E-07
   0.284996247E-06   0.214433172E-06  -0.647112088E-07   0.186975662E-07
   0.685218197E-06   0.519317837E-06  -0.259385502E-06   0.390535320E-07
   0.154677673E-05   0.116682918E-05  -0.861815067E-06   0.102649786E-06
   0.325507904E-05   0.244522539E-05  -0.225894769E-05   0.249804032E-06
   0.647791558E-05   0.486501767E-05  -0.514784460E-05   0.547967772E-06
   0.122370948E-04   0.913572512E-05  -0.104627998E-04   0.108520135E-05
   0.220454749E-04   0.163817203E-04  -0.196267174E-04   0.198282009E-05
   0.381519894E-04   0.281733792E-04  -0.345387343E-04   0.339004600E-05
   0.624738241E-04   0.458354443E-04  -0.560829394E-04   0.532048034E-05
   0.984982908E-04   0.718079391E-04  -0.864863687E-04   0.789782825E-05
   0.151143991E-03   0.109440800E-03  -0.128796513E-03   0.112940352E-04
   0.225786076E-03   0.162524564E-03  -0.185483208E-03   0.155325997E-04
   0.326775596E-03   0.233807761E-03  -0.256423635E-03   0.204028820E-04
   0.460844050E-03   0.327683723E-03  -0.343237130E-03   0.258408509E-04
   0.632170355E-03   0.446924125E-03  -0.444025500E-03   0.314031859E-04
   0.845939154E-03   0.594578567E-03  -0.557707564E-03   0.367892535E-04
   0.110188930E-02   0.769838516E-03  -0.678707438E-03   0.415773284E-04
   0.139037799E-02   0.965671148E-03  -0.796808861E-03   0.446882550E-04
   0.169937976E-02   0.117258297E-02  -0.905810972E-03   0.461122654E-04
   0.200015749E-02   0.137004373E-02  -0.998277450E-03   0.452259956E-04
   0.226293248E-02   0.153595104E-02  -0.108667905E-02   0.436111768E-04
   0.247876579E-02   0.166296819E-02  -0.122917444E-02   0.441589837E-04
   0.276128482E-02   0.182881393E-02  -0.160870969E-02   0.543353744E-04
   0.366573292E-02   0.241980143E-02  -0.271942350E-02   0.900117302E-04
   0.729631912E-02   0.490728719E-02  -0.586937740E-02   0.182190779E-03
   0.214166474E-01   0.147363041E-01  -0.146298073E-01   0.398248958E-03
   0.767036453E-01   0.534582138E-01  -0.394286923E-01   0.875936879E-03
   0.314218938E+00   0.220303923E+00  -0.114200227E+00   0.191673590E-02
   0.154293311E+01   0.108482385E+01  -0.359491765E+00   0.403102860E-02
   0.920247173E+01   0.647862816E+01  -0.104990852E+01   0.588750560E-02
   0.282788315E+02   0.199163017E+02  -0.424718155E-05   0.000000000E+00
