   0.140454795E-03   0.501401909E-02   0.000000000E+00   0.000000000E+00
   0.133297377E-03   0.470076362E-02   0.615430647E-03   0.313869646E-05
   0.115259085E-03   0.391289126E-02   0.100600580E-02   0.102348267E-04
   0.937174773E-04   0.297711114E-02   0.112013915E-02   0.171301544E-04
   0.742436096E-04   0.213615270E-02   0.104597188E-02   0.213372386E-04
   0.589266128E-04   0.148890493E-02   0.893713150E-03   0.229024008E-04
   0.473110340E-04   0.102573622E-02   0.728725339E-03   0.224982214E-04
   0.382128019E-04   0.705061422E-03   0.577697647E-03   0.208141882E-04
   0.306924303E-04   0.483470183E-03   0.447251718E-03   0.184608198E-04
   0.241461457E-04   0.329139875E-03   0.336805679E-03   0.156539663E-04
   0.184589535E-04   0.221435606E-03   0.246190582E-03   0.127245239E-04
   0.135715809E-04   0.145815677E-03   0.173316177E-03   0.984057078E-05
   0.946880937E-05   0.927457077E-04   0.115970601E-03   0.715922442E-05
   0.633738591E-05   0.571036435E-04   0.745183424E-04   0.495951144E-05
   0.390997502E-05   0.327646630E-04   0.439642936E-04   0.314513500E-05
   0.223633151E-05   0.175029709E-04   0.238908979E-04   0.182608676E-05
   0.115245950E-05   0.840610301E-05   0.114835830E-04   0.931567797E-06
   0.521424340E-06   0.350898767E-05   0.466185156E-05   0.402212919E-06
   0.191068096E-06   0.118421656E-05   0.137151449E-05   0.127774840E-06
   0.496947514E-07   0.332384502E-06   0.173493930E-06   0.190784561E-07
   0.106020712E-07   0.182960747E-06   0.818385626E-08   0.251674304E-08
   0.109145715E-07   0.269070085E-06   0.178645323E-06   0.175613621E-07
   0.195363690E-07   0.333131879E-06   0.334414210E-06   0.346755122E-07
   0.246494132E-07   0.345564644E-06   0.399798921E-06   0.427618438E-07
   0.222382166E-07   0.283136359E-06   0.345370324E-06   0.384912227E-07
   0.173694445E-07   0.208524582E-06   0.262721443E-06   0.306099004E-07
   0.108259783E-07   0.125321847E-06   0.160189074E-06   0.193394527E-07
   0.545749224E-08   0.629427248E-07   0.814626802E-07   0.104137658E-07
   0.286410962E-08   0.314495878E-07   0.410301624E-07   0.508919840E-08
   0.105226305E-08   0.121533485E-07   0.161018630E-07   0.226005481E-08
   0.926952681E-10   0.139036016E-08   0.150711010E-08   0.358613222E-09
   0.409023544E-10   0.379566933E-09   0.273346484E-09   0.120681798E-09
   0.995213495E-10   0.591769134E-09   0.472750450E-09   0.126558722E-09
   0.326603938E-09   0.268062950E-08   0.389173982E-08   0.451743004E-09
   0.297806141E-09   0.228019315E-08   0.326594929E-08   0.351517565E-09
   0.627731644E-09   0.449640725E-08   0.465382533E-08   0.845680526E-09
   0.344692275E-09   0.192868344E-08   0.206302730E-08   0.266591194E-09
   0.255287430E-09   0.752952645E-09   0.178745241E-09   0.691879193E-10
   0.247900894E-09   0.138175715E-08   0.129192690E-08   0.224221586E-09
   0.255167915E-09   0.153115665E-08   0.161816360E-08   0.250880622E-09
   0.617614085E-10   0.183129262E-09   0.304778314E-09  -0.143770117E-10
   0.493824773E-10   0.157266034E-09   0.235693992E-09   0.680519573E-11
   0.525070647E-10   0.617819892E-10  -0.196325595E-09   0.204603869E-10
   0.146999343E-09   0.230923808E-09  -0.921194898E-09   0.144122672E-09
   0.490195592E-10   0.811743103E-10  -0.275678952E-09   0.537640314E-10
   0.130432019E-10   0.577382170E-10  -0.122350810E-09   0.427484888E-10
   0.124321234E-09   0.438582615E-09  -0.316532189E-09   0.147076948E-09
   0.151465562E-09   0.168665165E-09  -0.717208182E-09   0.923225454E-10
   0.289034421E-10   0.736999906E-10   0.103281043E-09  -0.494416964E-11
   0.172193232E-09   0.187980839E-09  -0.830257307E-09   0.779638090E-10
   0.150890370E-09   0.186188745E-09  -0.641372344E-09   0.546135498E-10
   0.265718447E-09   0.516564291E-09  -0.814637025E-09   0.121071209E-09
   0.144169332E-08   0.190173655E-08  -0.847739834E-08   0.114848719E-08
   0.100080877E-08   0.115408738E-08  -0.552254020E-08   0.666026512E-09
   0.231089148E-08   0.319212390E-08  -0.132831293E-07   0.178095982E-08
   0.195114835E-08   0.238954967E-08  -0.110917773E-07   0.142932299E-08
   0.216404739E-08   0.273189560E-08  -0.124182584E-07   0.163222569E-08
   0.463452943E-09   0.523658228E-09  -0.246030751E-08   0.269145706E-09
   0.289089447E-09   0.366287944E-09  -0.166346192E-08   0.213764895E-09
   0.133523359E-09   0.367408715E-09  -0.844480708E-09   0.233914554E-09
   0.247404985E-08   0.300588288E-08  -0.131578242E-07   0.176469239E-08
   0.102511848E-07   0.119754811E-07  -0.534012159E-07   0.694262292E-08
   0.246417340E-07   0.280167001E-07  -0.125340037E-06   0.154193476E-07
   0.517262144E-07   0.572789922E-07  -0.256362171E-06   0.304709999E-07
   0.992327998E-07   0.106649139E-06  -0.476583068E-06   0.559197311E-07
   0.157572927E-06   0.164682987E-06  -0.727865142E-06   0.822134680E-07
   0.200181503E-06   0.202786623E-06  -0.875458340E-06   0.953774446E-07
   0.250981486E-06   0.245183827E-06  -0.101508022E-05   0.106410738E-06
   0.231674321E-06   0.215152639E-06  -0.801273188E-06   0.808859966E-07
   0.179251913E-06   0.151190676E-06  -0.406768322E-06   0.410817727E-07
   0.142549553E-06   0.981685844E-07  -0.618290770E-07   0.117736461E-07
   0.312708977E-06   0.219432494E-06  -0.589750812E-06   0.714887705E-07
   0.112011833E-05   0.859328395E-06  -0.366317204E-05   0.356310125E-06
   0.311947792E-05   0.242156830E-05  -0.110185456E-04   0.977445325E-06
   0.733562410E-05   0.564285938E-05  -0.258890141E-04   0.212967871E-05
   0.149280668E-04   0.112710204E-04  -0.509200872E-04   0.390650848E-05
   0.275406146E-04   0.203988111E-04  -0.895967241E-04   0.638176152E-05
   0.467496357E-04   0.339670187E-04  -0.143023863E-03   0.944318072E-05
   0.749742176E-04   0.536182597E-04  -0.213700696E-03   0.130128819E-04
   0.114456387E-03   0.808576224E-04  -0.300006097E-03   0.167893704E-04
   0.169793144E-03   0.119055898E-03  -0.405001891E-03   0.206869099E-04
   0.245780218E-03   0.171883919E-03  -0.525570824E-03   0.242678107E-04
   0.352078787E-03   0.246396608E-03  -0.666022941E-03   0.276584651E-04
   0.501392758E-03   0.351925206E-03  -0.824956223E-03   0.303514717E-04
   0.715012138E-03   0.503488467E-03  -0.100406189E-02   0.321863372E-04
   0.102032581E-02   0.719984877E-03  -0.119595206E-02   0.325268156E-04
   0.144561334E-02   0.102064770E-02  -0.136736082E-02   0.301906093E-04
   0.199473463E-02   0.140745647E-02  -0.143620814E-02   0.240001846E-04
   0.260655256E-02   0.183736673E-02  -0.127223181E-02   0.142352646E-04
   0.311376480E-02   0.219346513E-02  -0.769843871E-03   0.432144270E-05
   0.331846834E-02   0.233707367E-02  -0.219786922E-08   0.000000000E+00
