   0.380226236E-03   0.965143554E-02  -0.448589343E-11   0.000000000E+00
   0.353487412E-03   0.894310698E-02   0.108032208E-02   0.552883330E-05
   0.288175477E-03   0.721106818E-02   0.169763947E-02   0.173553253E-04
   0.214355765E-03   0.524630304E-02   0.178375805E-02   0.273196965E-04
   0.153148823E-03   0.360218948E-02   0.156554591E-02   0.320445215E-04
   0.109644781E-03   0.241935859E-02   0.126399146E-02   0.324328430E-04
   0.806321987E-04   0.162705418E-02   0.988510787E-03   0.306811162E-04
   0.610539500E-04   0.110578490E-02   0.764632714E-03   0.279410851E-04
   0.470933446E-04   0.758747221E-03   0.587278337E-03   0.246761192E-04
   0.364055595E-04   0.522417773E-03   0.445519079E-03   0.212014002E-04
   0.278267271E-04   0.358627614E-03   0.331946096E-03   0.176558624E-04
   0.208056244E-04   0.243262897E-03   0.241158923E-03   0.141277051E-04
   0.150112164E-04   0.161433563E-03   0.168972882E-03   0.107925343E-04
   0.103952743E-04   0.103911654E-03   0.113527785E-03   0.785173779E-05
   0.690929392E-05   0.647108609E-04   0.731686814E-04   0.543586293E-05
   0.427731084E-05   0.379175799E-04   0.437082854E-04   0.346272714E-05
   0.248142487E-05   0.208945003E-04   0.243047871E-04   0.205313427E-05
   0.130894466E-05   0.105350409E-04   0.121008461E-04   0.108464997E-05
   0.606589197E-06   0.469342876E-05   0.511253938E-05   0.489107833E-06
   0.246139194E-06   0.185673298E-05   0.176799722E-05   0.182159113E-06
   0.777204860E-07   0.641262147E-06   0.373569122E-06   0.444587904E-07
   0.168356991E-07   0.268262795E-06   0.146053427E-07   0.457247973E-08
   0.994508564E-08   0.252104314E-06   0.103258600E-06   0.130253754E-07
   0.176419679E-07   0.320407111E-06   0.266655519E-06   0.291390059E-07
   0.221051906E-07   0.315397102E-06   0.322351212E-06   0.362252059E-07
   0.236880364E-07   0.301266425E-06   0.336497123E-06   0.398819573E-07
   0.193626732E-07   0.226580553E-06   0.266138670E-06   0.320291846E-07
   0.144580383E-07   0.161194336E-06   0.194503684E-06   0.239876119E-07
   0.994078420E-08   0.109300217E-06   0.133732684E-06   0.174430284E-07
   0.448190951E-08   0.491934138E-07   0.603472330E-07   0.823579871E-08
   0.249170706E-08   0.275048428E-07   0.341101583E-07   0.492723728E-08
   0.518235455E-09   0.666419941E-08   0.768548869E-08   0.142207413E-08
   0.138917308E-09   0.209762852E-08   0.223228436E-08   0.491025387E-09
   0.361110933E-10   0.326339705E-09   0.149271526E-09   0.116539015E-09
   0.908851605E-10   0.403509809E-09   0.296795394E-09   0.634239813E-10
   0.281279805E-09   0.199125250E-08   0.298253822E-08   0.286803276E-09
   0.404126094E-09   0.171162751E-08   0.489320140E-09   0.317307736E-09
   0.399874966E-09   0.254385024E-08   0.341236239E-08   0.307311177E-09
   0.221963559E-09   0.130143241E-08   0.131676525E-08   0.187125468E-09
   0.288696511E-09   0.208040252E-08   0.286246382E-08   0.299913150E-09
   0.226171651E-09   0.130340327E-08   0.195325223E-08   0.124883257E-09
   0.974198916E-10   0.565575253E-09   0.681369239E-09   0.682374990E-10
   0.859468191E-10   0.552487056E-09   0.747571949E-09   0.695840122E-10
   0.830097380E-10   0.420858681E-09   0.591492855E-09   0.694416885E-10
   0.733013303E-10   0.321113774E-09   0.316995007E-10   0.774390621E-10
   0.199870662E-09   0.310410253E-09  -0.812593548E-09   0.183504364E-09
   0.335474842E-09   0.608631812E-09  -0.178196014E-08   0.328223393E-09
   0.198635566E-09   0.238966985E-09  -0.975716952E-09   0.127760164E-09
   0.663473776E-09   0.723109794E-09  -0.320570104E-08   0.416658569E-09
   0.569144010E-09   0.587777271E-09  -0.264413202E-08   0.316638882E-09
   0.118042576E-08   0.139820533E-08  -0.572212544E-08   0.733334227E-09
   0.670008549E-09   0.664482802E-09  -0.299561909E-08   0.321393134E-09
   0.779061315E-09   0.818491719E-09  -0.350119644E-08   0.376887910E-09
   0.284915402E-08   0.348930951E-08  -0.140366776E-07   0.188123495E-08
   0.176380544E-08   0.228926766E-08  -0.861238103E-08   0.116388110E-08
   0.233646147E-08   0.275791590E-08  -0.115095942E-07   0.154097213E-08
   0.139080769E-08   0.185718130E-08  -0.690438151E-08   0.967594449E-09
   0.946274517E-10   0.641195208E-09  -0.134172187E-09   0.262914523E-09
   0.763503039E-09   0.110057807E-08  -0.378698850E-08   0.727737870E-09
   0.469572203E-08   0.554226975E-08  -0.214949765E-07   0.337143402E-08
   0.197907521E-07   0.219014655E-07  -0.894929713E-07   0.124241328E-07
   0.449429649E-07   0.485229030E-07  -0.199101848E-06   0.261346269E-07
   0.839017176E-07   0.885348683E-07  -0.361903659E-06   0.456527900E-07
   0.133023818E-06   0.136013853E-06  -0.553471693E-06   0.673502640E-07
   0.165864478E-06   0.166320447E-06  -0.660959358E-06   0.781582656E-07
   0.229541499E-06   0.223029375E-06  -0.862116394E-06   0.986158923E-07
   0.256185558E-06   0.241030875E-06  -0.872859516E-06   0.964536611E-07
   0.227385442E-06   0.202084351E-06  -0.620376511E-06   0.680429437E-07
   0.184604033E-06   0.146813036E-06  -0.257764952E-06   0.287290618E-07
   0.207427320E-06   0.142782113E-06  -0.100599870E-06   0.179851369E-07
   0.552116774E-06   0.401031173E-06  -0.104185153E-05   0.120102342E-06
   0.160723539E-05   0.121122935E-05  -0.422707626E-05   0.426250892E-06
   0.405842002E-05   0.308466701E-05  -0.116800084E-04   0.109074642E-05
   0.896104029E-05   0.675599858E-05  -0.261190289E-04   0.228462477E-05
   0.175645855E-04   0.130549424E-04  -0.501091017E-04   0.411839255E-05
   0.313721284E-04   0.229477828E-04  -0.858718413E-04   0.662008642E-05
   0.522992195E-04   0.376742864E-04  -0.135672395E-03   0.977122454E-05
   0.828920092E-04   0.589660340E-04  -0.201817937E-03   0.135114287E-04
   0.126070954E-03   0.887976857E-04  -0.285243557E-03   0.177235033E-04
   0.185729470E-03   0.130059081E-03  -0.386419706E-03   0.221422033E-04
   0.268122822E-03   0.187369063E-03  -0.507825462E-03   0.267050109E-04
   0.382130500E-03   0.267366529E-03  -0.651200069E-03   0.312159318E-04
   0.543063914E-03   0.381193066E-03  -0.823515933E-03   0.357673634E-04
   0.776162080E-03   0.546898984E-03  -0.103405968E-02   0.399950368E-04
   0.112319144E-02   0.793607906E-03  -0.129623979E-02   0.439052419E-04
   0.164865272E-02   0.116597302E-02  -0.161665899E-02   0.464122313E-04
   0.242853980E-02   0.171635603E-02  -0.195868732E-02   0.454590190E-04
   0.350786140E-02   0.247562607E-02  -0.218965346E-02   0.382511498E-04
   0.479060784E-02   0.337687391E-02  -0.205170270E-02   0.239216060E-04
   0.591675891E-02   0.416753907E-02  -0.129234977E-02   0.751102243E-05
   0.637766207E-02   0.449150195E-02  -0.319408366E-08   0.000000000E+00
