   0.190067934E-03   0.607579015E-02  -0.138786020E-11   0.000000000E+00
   0.179066759E-03   0.567564229E-02   0.722448749E-03   0.368748215E-05
   0.151998116E-03   0.468699262E-02   0.116859283E-02   0.119062361E-04
   0.120183271E-03   0.352509506E-02   0.128103502E-02   0.195954835E-04
   0.921643659E-04   0.250075408E-02   0.117630989E-02   0.240451554E-04
   0.708715597E-04   0.172616926E-02   0.990050496E-03   0.253797898E-04
   0.554369217E-04   0.118282740E-02   0.798978144E-03   0.246759046E-04
   0.439895339E-04   0.810362108E-03   0.629806134E-03   0.228506487E-04
   0.349237307E-04   0.556091894E-03   0.486774050E-03   0.202513529E-04
   0.273904934E-04   0.380147365E-03   0.368013541E-03   0.172764649E-04
   0.209702175E-04   0.257358479E-03   0.270798977E-03   0.141325418E-04
   0.154934332E-04   0.170952364E-03   0.192335181E-03   0.110379096E-04
   0.110144701E-04   0.110741210E-03   0.131578170E-03   0.822038510E-05
   0.743772944E-05   0.690472443E-04   0.855452236E-04   0.577984110E-05
   0.468818371E-05   0.406577674E-04   0.517827575E-04   0.374372667E-05
   0.274801369E-05   0.223581828E-04   0.289712862E-04   0.224308678E-05
   0.147151218E-05   0.112356956E-04   0.145997155E-04   0.120239906E-05
   0.698483177E-06   0.498991358E-05   0.632816182E-05   0.554186897E-06
   0.285804106E-06   0.190478863E-05   0.221536698E-05   0.208429270E-06
   0.922335275E-07   0.607149616E-06   0.492252411E-06   0.516968548E-07
   0.205208899E-07   0.222422358E-06   0.206599839E-07   0.457340699E-08
   0.906969166E-08   0.220463136E-06   0.878708875E-07   0.904213771E-08
   0.162488636E-07   0.306062731E-06   0.268312817E-06   0.280758172E-07
   0.232628032E-07   0.347756668E-06   0.376802944E-06   0.416076062E-07
   0.234654163E-07   0.307219864E-06   0.359844876E-06   0.406368557E-07
   0.204596020E-07   0.247284873E-06   0.306146973E-06   0.358338923E-07
   0.153237263E-07   0.175936037E-06   0.222580454E-06   0.265813043E-07
   0.893435903E-08   0.100357603E-06   0.129115918E-06   0.160515761E-07
   0.479163909E-08   0.534778728E-07   0.693297721E-07   0.904661501E-08
   0.195562055E-08   0.224059917E-07   0.287688522E-07   0.401409439E-08
   0.704446945E-09   0.816880608E-08   0.955925827E-08   0.148469292E-08
   0.105631427E-09   0.770196684E-09  -0.320952605E-10   0.361996710E-09
   0.190162358E-09   0.143550116E-08   0.154907742E-08   0.304995557E-09
   0.220099952E-09   0.119129284E-08   0.828047741E-09   0.228168331E-09
   0.279087559E-09   0.197937133E-08   0.258304111E-08   0.300526271E-09
   0.385304233E-09   0.273883605E-08   0.324886806E-08   0.448465848E-09
   0.242169063E-09   0.103348363E-08   0.945617251E-09   0.953062976E-10
   0.493048435E-09   0.366447939E-08   0.557408919E-08   0.537728084E-09
   0.410052353E-09   0.220593144E-08   0.138866574E-08   0.432604785E-09
   0.827001592E-10   0.333954586E-09   0.526924171E-09  -0.180942934E-11
   0.103867921E-09   0.485432861E-09   0.827509117E-09   0.241611731E-10
   0.782458265E-10   0.313862547E-09   0.465991523E-09   0.991079614E-11
   0.521711389E-10   0.950449372E-10   0.705743380E-10  -0.964212651E-11
   0.364698723E-10   0.195681124E-09   0.141250220E-09   0.394100551E-10
   0.873246961E-10   0.190186727E-09  -0.147018536E-09   0.746559481E-10
   0.856060223E-10   0.138983672E-09  -0.446146897E-09   0.898622288E-10
   0.150491217E-10   0.281894837E-10  -0.869810612E-10   0.168300322E-10
   0.398214933E-10   0.718586302E-10  -0.215050699E-09   0.405349816E-10
   0.600980155E-09   0.119565968E-08  -0.317962545E-08   0.580469783E-09
   0.276297707E-09   0.447338083E-09  -0.128720212E-08   0.181725870E-09
   0.421931712E-09   0.579492565E-09  -0.222464469E-08   0.291640379E-09
   0.912444398E-09   0.110614851E-08  -0.469676209E-08   0.553397217E-09
   0.116090004E-08   0.141992973E-08  -0.642572484E-08   0.866314631E-09
   0.247601406E-08   0.319235705E-08  -0.136588216E-07   0.182537896E-08
   0.268460765E-08   0.330386629E-08  -0.147590065E-07   0.196494643E-08
   0.196282635E-08   0.234391062E-08  -0.105262776E-07   0.133061795E-08
   0.241399833E-08   0.304811909E-08  -0.131698634E-07   0.173412185E-08
   0.516441834E-09   0.569180592E-09  -0.270625211E-08   0.328782057E-09
   0.159763883E-09   0.246141385E-09  -0.946287271E-09   0.153119684E-09
   0.457454519E-09   0.718965387E-09  -0.262997757E-08   0.492638152E-09
   0.667040734E-08   0.781393972E-08  -0.337451844E-07   0.454588411E-08
   0.201204742E-07   0.226318146E-07  -0.992149154E-07   0.127619719E-07
   0.397350739E-07   0.438894148E-07  -0.191793063E-06   0.239851285E-07
   0.788631951E-07   0.844752464E-07  -0.369519626E-06   0.450538025E-07
   0.121063096E-06   0.127813493E-06  -0.550308243E-06   0.639745465E-07
   0.179189456E-06   0.182505730E-06  -0.777480636E-06   0.885289850E-07
   0.228028540E-06   0.225870394E-06  -0.931912723E-06   0.102187428E-06
   0.242884880E-06   0.231421936E-06  -0.895654068E-06   0.953375547E-07
   0.219476306E-06   0.196775602E-06  -0.646874639E-06   0.674017429E-07
   0.162250203E-06   0.127442917E-06  -0.228326414E-06   0.256767390E-07
   0.191184213E-06   0.130412076E-06  -0.173721787E-06   0.271301470E-07
   0.537739595E-06   0.392293032E-06  -0.126881650E-05   0.139044431E-06
   0.170734018E-05   0.130859962E-05  -0.539924440E-05   0.516272451E-06
   0.449236950E-05   0.345909052E-05  -0.150593314E-04   0.132666776E-05
   0.974764134E-05   0.741045960E-05  -0.322229062E-04   0.264669711E-05
   0.189890125E-04   0.141890123E-04  -0.605902496E-04   0.464505047E-05
   0.337178099E-04   0.247162079E-04  -0.102235615E-03   0.731361570E-05
   0.559523869E-04   0.403254453E-04  -0.159571107E-03   0.105964036E-04
   0.883695029E-04   0.628152920E-04  -0.234795341E-03   0.144041014E-04
   0.133226233E-03   0.937560690E-04  -0.325434259E-03   0.183539123E-04
   0.195749744E-03   0.137001029E-03  -0.434940681E-03   0.224057640E-04
   0.282223074E-03   0.197268178E-03  -0.562995730E-03   0.262980466E-04
   0.402733363E-03   0.281974091E-03  -0.711337780E-03   0.299746771E-04
   0.573973928E-03   0.403268874E-03  -0.883112603E-03   0.330458533E-04
   0.821738155E-03   0.579205807E-03  -0.108338252E-02   0.353724208E-04
   0.118118059E-02   0.834068167E-03  -0.130602741E-02   0.360831000E-04
   0.169047364E-02   0.119390409E-02  -0.151654449E-02   0.339836479E-04
   0.236115349E-02   0.166614028E-02  -0.162060675E-02   0.274450795E-04
   0.311966939E-02   0.219902373E-02  -0.145705021E-02   0.165029833E-04
   0.376143726E-02   0.264973822E-02  -0.891970587E-03   0.506416336E-05
   0.402065087E-02   0.283160293E-02  -0.220287699E-08   0.000000000E+00
