   0.498729534E-01   0.593310475E+00   0.000000000E+00   0.000000000E+00
   0.381659903E-01   0.452881396E+00   0.436974540E-01   0.239591536E-03
   0.194254555E-01   0.228768080E+00   0.438035540E-01   0.478199159E-03
   0.821828935E-02   0.956409499E-01   0.270215217E-01   0.439911790E-03
   0.337087270E-02   0.386940204E-01   0.141026508E-01   0.303694018E-03
   0.146192696E-02   0.166372955E-01   0.711101340E-02   0.190509527E-03
   0.709525135E-03   0.812072866E-02   0.374108902E-02   0.120116507E-03
   0.397574477E-03   0.465936121E-02   0.217173179E-02   0.819581110E-04
   0.254742889E-03   0.308458717E-02   0.142327102E-02   0.621441868E-04
   0.179262337E-03   0.223506871E-02   0.103421416E-02   0.510906284E-04
   0.132428991E-03   0.168505416E-02   0.798875932E-03   0.440168733E-04
   0.995169030E-04   0.128046318E-02   0.631673203E-03   0.383936494E-04
   0.745783036E-04   0.963390223E-03   0.498054083E-03   0.329620962E-04
   0.552004349E-04   0.711979461E-03   0.386427797E-03   0.276184164E-04
   0.401187353E-04   0.515139836E-03   0.293116231E-03   0.223732804E-04
   0.285207279E-04   0.363393745E-03   0.216051048E-03   0.175491623E-04
   0.197444915E-04   0.249713659E-03   0.154356807E-03   0.132358809E-04
   0.132514779E-04   0.166300189E-03   0.106228945E-03   0.958957844E-05
   0.858490785E-05   0.107093321E-03   0.702019533E-04   0.664530717E-05
   0.534862102E-05   0.663772807E-04   0.443325225E-04   0.439287578E-05
   0.314805698E-05   0.392516740E-04   0.263641941E-04   0.271297495E-05
   0.175772891E-05   0.220829515E-04   0.147605997E-04   0.157518866E-05
   0.927562780E-06   0.118199077E-04   0.776243178E-05   0.854202369E-06
   0.429939973E-06   0.570967586E-05   0.352686584E-05   0.397295565E-06
   0.179951712E-06   0.252061454E-05   0.139297379E-05   0.158945099E-06
   0.698288360E-07   0.106279128E-05   0.490374532E-06   0.558244864E-07
   0.243184317E-07   0.403992942E-06   0.128500233E-06   0.154672293E-07
   0.173423125E-07   0.219016400E-06   0.959100745E-07   0.122379467E-07
   0.216410587E-07   0.195887409E-06   0.148257854E-06   0.185763867E-07
   0.236494291E-07   0.194273682E-06   0.180695579E-06   0.233675284E-07
   0.276986505E-07   0.225399603E-06   0.225470956E-06   0.306580645E-07
   0.220120313E-07   0.179813100E-06   0.183606602E-06   0.257482959E-07
   0.193981116E-07   0.158669579E-06   0.160560305E-06   0.223110899E-07
   0.137160621E-07   0.111861532E-06   0.116039750E-06   0.165572303E-07
   0.103608091E-07   0.841863397E-07   0.851284980E-07   0.119805250E-07
   0.579102455E-08   0.431455014E-07   0.427682956E-07   0.543570211E-08
   0.333047123E-08   0.238296938E-07   0.233781581E-07   0.289289526E-08
   0.144574641E-08   0.884989593E-08   0.978631931E-08   0.803133338E-09
   0.781879339E-09   0.352620599E-08   0.376736731E-08   0.975537498E-10
   0.408370449E-09   0.892306062E-09   0.103243103E-08  -0.162557662E-09
   0.489388308E-09   0.689454216E-09  -0.495907149E-09  -0.762560588E-11
   0.985717286E-09   0.971582037E-09  -0.244052112E-08   0.500414099E-09
   0.179711612E-08   0.318268967E-08  -0.126356559E-08   0.122249577E-08
   0.699679703E-09   0.188767868E-08  -0.510574194E-09   0.836914649E-09
   0.122911004E-08   0.237673481E-08  -0.208300333E-08   0.120097998E-08
   0.165307457E-08   0.360868069E-08  -0.111109222E-08   0.151068202E-08
   0.165520309E-08   0.385472765E-08  -0.593584990E-11   0.141692169E-08
   0.125922994E-08   0.261643107E-08  -0.801075817E-09   0.107236131E-08
   0.126372546E-08   0.276894951E-08   0.739640627E-09   0.807780509E-09
   0.270306721E-09   0.609713668E-09   0.312610771E-10   0.199601752E-09
   0.364528241E-09   0.891072938E-09   0.102584674E-08  -0.932249347E-10
   0.142303214E-08   0.159386393E-08  -0.304911252E-08   0.238670306E-09
   0.513101517E-08   0.466792205E-08  -0.140395011E-07   0.164679881E-08
   0.108700542E-07   0.975724745E-08  -0.305506269E-07   0.398345446E-08
   0.209566924E-07   0.191098657E-07  -0.600683947E-07   0.868093419E-08
   0.431251195E-07   0.404350402E-07  -0.124304322E-06   0.176938695E-07
   0.683570320E-07   0.631569250E-07  -0.195393696E-06   0.282271682E-07
   0.994442289E-07   0.907894133E-07  -0.281134930E-06   0.412263965E-07
   0.120893020E-06   0.109255531E-06  -0.336216033E-06   0.490659495E-07
   0.164508620E-06   0.148288976E-06  -0.451004098E-06   0.653848602E-07
   0.168685773E-06   0.150875920E-06  -0.446263158E-06   0.639799609E-07
   0.163154311E-06   0.144596058E-06  -0.400537090E-06   0.575343435E-07
   0.147802794E-06   0.129328782E-06  -0.299725826E-06   0.464295979E-07
   0.147683622E-06   0.123982687E-06  -0.171520995E-06   0.286267401E-07
   0.273684947E-06   0.215121332E-06  -0.228593336E-06   0.321564428E-07
   0.753725089E-06   0.579836922E-06  -0.903700766E-06   0.105839291E-06
   0.187424507E-05   0.142474016E-05  -0.265161384E-05   0.292351586E-06
   0.426822999E-05   0.321942707E-05  -0.654589803E-05   0.695597294E-06
   0.880356947E-05   0.658500403E-05  -0.138860842E-04   0.142096849E-05
   0.167440612E-04   0.123885147E-04  -0.263476049E-04   0.260107936E-05
   0.296178569E-04   0.216912595E-04  -0.456240268E-04   0.432958450E-05
   0.497649125E-04   0.361042476E-04  -0.742146876E-04   0.672043643E-05
   0.799483387E-04   0.574158039E-04  -0.114231530E-03   0.988012289E-05
   0.123563761E-03   0.879715008E-04  -0.167935214E-03   0.137947954E-04
   0.184360368E-03   0.130264234E-03  -0.236637134E-03   0.184141027E-04
   0.266388437E-03   0.187025216E-03  -0.320827035E-03   0.235628904E-04
   0.374449533E-03   0.261599751E-03  -0.421092904E-03   0.290716143E-04
   0.514596875E-03   0.358323596E-03  -0.538920227E-03   0.348707217E-04
   0.690872432E-03   0.480154500E-03  -0.672320137E-03   0.407390216E-04
   0.910882372E-03   0.632821932E-03  -0.824967690E-03   0.469001279E-04
   0.119096867E-02   0.828324060E-03  -0.101187616E-02   0.541683730E-04
   0.156948867E-02   0.109418237E-02  -0.127107860E-02   0.640871658E-04
   0.215223362E-02   0.150492205E-02  -0.170022529E-02   0.802329014E-04
   0.322906626E-02   0.226365542E-02  -0.252633961E-02   0.108239306E-03
   0.558109675E-02   0.391714135E-02  -0.424732268E-02   0.158805793E-03
   0.113296947E-01   0.795253273E-02  -0.790423155E-02   0.244648661E-03
   0.260544494E-01   0.182906743E-01  -0.153593570E-01   0.372980576E-03
   0.636491179E-01   0.447181500E-01  -0.288891345E-01   0.515479594E-03
   0.150470883E+00   0.105832905E+00  -0.460549779E-01   0.537845772E-03
   0.294895113E+00   0.207612619E+00  -0.453451611E-01   0.261881592E-03
   0.384606034E+00   0.270873517E+00  -0.153782850E-06   0.000000000E+00
